6.930334568023681641e-01 6.949312686920166016e-01
7.427366375923156738e-01 6.338833570480346680e-01
8.049846887588500977e-01 5.191062688827514648e-01
4.910390377044677734e-01 7.710331678390502930e-01
7.765330672264099121e-01 5.542854666709899902e-01
5.504740476608276367e-01 6.824574470520019531e-01
5.934981703758239746e-01 5.073830485343933105e-01
6.224154829978942871e-01 6.243542432785034180e-01
8.345888853073120117e-01 6.173800230026245117e-01
5.487354397773742676e-01 3.893266916275024414e-01
5.316537022590637207e-01 4.250834286212921143e-01
7.013615965843200684e-01 4.239648878574371338e-01
6.160070300102233887e-01 5.233826637268066406e-01
7.176084518432617188e-01 5.130835175514221191e-01
6.304084658622741699e-01 5.031366944313049316e-01
5.990962386131286621e-01 8.313278555870056152e-01
6.724383831024169922e-01 5.008865594863891602e-01
5.254687070846557617e-01 5.076044797897338867e-01
4.467649757862091064e-01 6.630944013595581055e-01
4.691708981990814209e-01 5.455009937286376953e-01
4.673573672771453857e-01 5.698250532150268555e-01
6.438266038894653320e-01 6.599716544151306152e-01
5.553750991821289062e-01 6.366209983825683594e-01
5.047456026077270508e-01 4.107242226600646973e-01
4.870966672897338867e-01 6.436336040496826172e-01
3.752418458461761475e-01 5.586323142051696777e-01
7.982079386711120605e-01 6.208833456039428711e-01
5.176438689231872559e-01 5.855029225349426270e-01
6.971738338470458984e-01 7.301478981971740723e-01
6.490595340728759766e-01 5.618371963500976562e-01
6.411303281784057617e-01 7.011899352073669434e-01
6.073443889617919922e-01 5.022893548011779785e-01
6.953229308128356934e-01 5.372349023818969727e-01
5.291069746017456055e-01 4.367341399192810059e-01
3.964354395866394043e-01 6.820467114448547363e-01
5.861266255378723145e-01 4.230224490165710449e-01
7.268973588943481445e-01 4.603070616722106934e-01
5.160126090049743652e-01 7.775213122367858887e-01
7.157089710235595703e-01 4.218337535858154297e-01
5.211819410324096680e-01 7.259697318077087402e-01
5.458272099494934082e-01 4.784705340862274170e-01
4.169473946094512939e-01 6.052442789077758789e-01
4.572137296199798584e-01 6.474428176879882812e-01
7.426140308380126953e-01 6.899254918098449707e-01
4.957331120967864990e-01 6.824632883071899414e-01
7.192779183387756348e-01 6.651967763900756836e-01
6.680804491043090820e-01 4.091970920562744141e-01
5.230773091316223145e-01 7.195721864700317383e-01
7.546053528785705566e-01 6.217494010925292969e-01
3.928309381008148193e-01 5.449851751327514648e-01
5.363293290138244629e-01 7.015727758407592773e-01
6.042423844337463379e-01 6.912110447883605957e-01
6.795933842658996582e-01 7.275491952896118164e-01
5.428864359855651855e-01 7.273690104484558105e-01
4.170332252979278564e-01 5.281118750572204590e-01
5.743558406829833984e-01 5.094107985496520996e-01
6.264452934265136719e-01 6.270318031311035156e-01
6.884569525718688965e-01 7.308003902435302734e-01
6.728688478469848633e-01 4.717099070549011230e-01
6.269342303276062012e-01 7.276283502578735352e-01
5.680756568908691406e-01 4.627333581447601318e-01
6.027032136917114258e-01 5.293457508087158203e-01
6.322595477104187012e-01 8.086348176002502441e-01
5.770739912986755371e-01 7.647405862808227539e-01
5.500766634941101074e-01 3.504403531551361084e-01
4.949764609336853027e-01 4.457542896270751953e-01
6.420177817344665527e-01 6.370317935943603516e-01
4.077610969543457031e-01 5.895069837570190430e-01
4.338539540767669678e-01 4.807805120944976807e-01
5.029607415199279785e-01 4.394562840461730957e-01
7.067719697952270508e-01 5.515958666801452637e-01
6.780191063880920410e-01 7.060869932174682617e-01
8.096603751182556152e-01 5.618852376937866211e-01
5.319256782531738281e-01 7.050007581710815430e-01
5.719355940818786621e-01 4.208991825580596924e-01
5.616704225540161133e-01 6.346511244773864746e-01
5.247442126274108887e-01 4.485220015048980713e-01
5.890063643455505371e-01 4.920947253704071045e-01
6.319912672042846680e-01 6.271146535873413086e-01
6.328198909759521484e-01 3.741347193717956543e-01
4.002820253372192383e-01 5.496481657028198242e-01
5.043168067932128906e-01 5.769408345222473145e-01
7.569518685340881348e-01 6.981570720672607422e-01
4.709106683731079102e-01 5.976349115371704102e-01
7.772033810615539551e-01 5.441318154335021973e-01
6.545694470405578613e-01 5.811809897422790527e-01
8.193385004997253418e-01 6.176591515541076660e-01
6.449074149131774902e-01 5.869410634040832520e-01
6.523134708404541016e-01 7.560896873474121094e-01
5.347840785980224609e-01 6.979330182075500488e-01
7.165672779083251953e-01 6.232860684394836426e-01
4.685323834419250488e-01 6.106879711151123047e-01
7.613310217857360840e-01 5.430294871330261230e-01
6.337535381317138672e-01 6.551542282104492188e-01
6.916947364807128906e-01 5.228780508041381836e-01
7.482901811599731445e-01 6.398487687110900879e-01
7.425285577774047852e-01 5.701954960823059082e-01
5.140345692634582520e-01 3.313443660736083984e-01
5.464141964912414551e-01 5.317032337188720703e-01
6.004477143287658691e-01 4.329760372638702393e-01
4.841581583023071289e-01 6.581452488899230957e-01
4.026052653789520264e-01 4.575679004192352295e-01
6.825499534606933594e-01 4.895130693912506104e-01
4.235605299472808838e-01 5.440808534622192383e-01
5.840106606483459473e-01 6.792170405387878418e-01
5.654599070549011230e-01 4.864074587821960449e-01
6.473661661148071289e-01 6.128602623939514160e-01
6.803824901580810547e-01 4.939830601215362549e-01
5.008410811424255371e-01 4.452134072780609131e-01
7.261052131652832031e-01 6.278935670852661133e-01
5.936275720596313477e-01 7.372936606407165527e-01
4.422528445720672607e-01 5.542041659355163574e-01
8.110691905021667480e-01 6.089679598808288574e-01
6.911359429359436035e-01 4.212369322776794434e-01
6.216951012611389160e-01 3.969793021678924561e-01
6.196359395980834961e-01 6.962525844573974609e-01
4.736632704734802246e-01 6.202573180198669434e-01
4.454532265663146973e-01 4.946939349174499512e-01
6.438348293304443359e-01 5.872132182121276855e-01
5.061130523681640625e-01 4.507869184017181396e-01
6.071513295173645020e-01 7.869367003440856934e-01
6.352056264877319336e-01 6.118120551109313965e-01
6.572590470314025879e-01 5.158522129058837891e-01
5.512335300445556641e-01 5.345137119293212891e-01
5.941497683525085449e-01 5.653080344200134277e-01
7.689030766487121582e-01 4.366145133972167969e-01
4.673303067684173584e-01 7.193514108657836914e-01
5.917463898658752441e-01 3.787181675434112549e-01
5.837476849555969238e-01 6.639637947082519531e-01
6.565296053886413574e-01 4.315989017486572266e-01
7.790311574935913086e-01 4.789388775825500488e-01
5.059622526168823242e-01 5.778080821037292480e-01
6.293697953224182129e-01 3.944015800952911377e-01
6.084675788879394531e-01 7.771554589271545410e-01
4.270674884319305420e-01 5.570094585418701172e-01
4.629924595355987549e-01 5.937540531158447266e-01
6.539155244827270508e-01 3.868713378906250000e-01
5.751706957817077637e-01 5.914294123649597168e-01
4.430468678474426270e-01 5.735543370246887207e-01
4.628195464611053467e-01 4.806805849075317383e-01
5.688083171844482422e-01 7.487837672233581543e-01
3.410092294216156006e-01 5.880591869354248047e-01
7.647497653961181641e-01 4.830700457096099854e-01
4.794428348541259766e-01 4.737391769886016846e-01
6.319554448127746582e-01 6.438521742820739746e-01
5.154519677162170410e-01 5.746819376945495605e-01
5.869530439376831055e-01 7.615811824798583984e-01
4.656023085117340088e-01 7.136318683624267578e-01
5.847910642623901367e-01 6.548746824264526367e-01
4.624617099761962891e-01 5.665894150733947754e-01
3.784564137458801270e-01 5.065158009529113770e-01
6.930383443832397461e-01 6.369251608848571777e-01
4.952901899814605713e-01 6.957938671112060547e-01
5.810780525207519531e-01 5.811930298805236816e-01
4.907965958118438721e-01 5.578459501266479492e-01
4.936919808387756348e-01 5.465627312660217285e-01
5.045472383499145508e-01 6.825941205024719238e-01
5.479634404182434082e-01 7.875434756278991699e-01
6.705133318901062012e-01 7.313753962516784668e-01
7.271474003791809082e-01 5.973703861236572266e-01
4.210005104541778564e-01 5.165412425994873047e-01
4.887715876102447510e-01 6.731840968132019043e-01
5.648779273033142090e-01 5.574710965156555176e-01
6.629244685173034668e-01 4.553153514862060547e-01
5.634967684745788574e-01 8.446662425994873047e-01
6.140589118003845215e-01 3.364435136318206787e-01
4.056988954544067383e-01 6.205233931541442871e-01
4.748341441154479980e-01 7.006339430809020996e-01
6.554688215255737305e-01 4.024935662746429443e-01
6.231207847595214844e-01 3.440419435501098633e-01
3.559765517711639404e-01 5.377451181411743164e-01
5.464856624603271484e-01 6.999322175979614258e-01
4.333598613739013672e-01 4.399977624416351318e-01
5.393176674842834473e-01 8.116075992584228516e-01
7.525140643119812012e-01 4.670345783233642578e-01
5.484353899955749512e-01 3.575951159000396729e-01
5.715767145156860352e-01 4.066283404827117920e-01
5.405225753784179688e-01 6.345044970512390137e-01
6.487040519714355469e-01 3.609071969985961914e-01
6.812863945960998535e-01 6.948812603950500488e-01
6.142053604125976562e-01 6.883807778358459473e-01
6.323354244232177734e-01 6.170018315315246582e-01
6.434997320175170898e-01 3.869338035583496094e-01
3.855676949024200439e-01 6.194416880607604980e-01
5.240953564643859863e-01 5.003871321678161621e-01
4.283591210842132568e-01 5.936416387557983398e-01
7.352329492568969727e-01 5.108404755592346191e-01
5.199736356735229492e-01 7.426956295967102051e-01
5.049643516540527344e-01 4.523065090179443359e-01
4.972227513790130615e-01 7.321129441261291504e-01
4.972912371158599854e-01 7.029182314872741699e-01
4.541949927806854248e-01 7.372576594352722168e-01
5.772221684455871582e-01 7.371523380279541016e-01
6.973183155059814453e-01 6.329010128974914551e-01
5.726056098937988281e-01 7.649103999137878418e-01
5.922385454177856445e-01 6.262536048889160156e-01
7.172675132751464844e-01 6.754654049873352051e-01
5.483852028846740723e-01 5.948022603988647461e-01
6.564223170280456543e-01 5.969238281250000000e-01
4.992938041687011719e-01 5.909931659698486328e-01
3.867049813270568848e-01 6.097341775894165039e-01
7.630686163902282715e-01 4.722246825695037842e-01
7.525171041488647461e-01 6.019391417503356934e-01
4.693244695663452148e-01 6.231499314308166504e-01
6.593180298805236816e-01 6.118248701095581055e-01
5.620743036270141602e-01 8.075156211853027344e-01
5.287616252899169922e-01 7.215262651443481445e-01
4.859849810600280762e-01 4.877201616764068604e-01
6.091673374176025391e-01 6.744279265403747559e-01
8.378004431724548340e-01 6.685241460800170898e-01
7.057631611824035645e-01 7.442839741706848145e-01
6.649485230445861816e-01 5.094759464263916016e-01
6.825589537620544434e-01 4.276632666587829590e-01
5.578273534774780273e-01 7.214639782905578613e-01
7.234309911727905273e-01 5.627224445343017578e-01
7.931177020072937012e-01 6.147039532661437988e-01
6.716309785842895508e-01 7.355438470840454102e-01
4.883701801300048828e-01 6.233603954315185547e-01
4.363781511783599854e-01 4.339423179626464844e-01
4.752101898193359375e-01 6.111770272254943848e-01
4.856295585632324219e-01 6.705563068389892578e-01
7.312413454055786133e-01 5.242432355880737305e-01
5.147128701210021973e-01 4.950839579105377197e-01
6.826059818267822266e-01 6.142696142196655273e-01
5.693596005439758301e-01 4.715708494186401367e-01
4.855264127254486084e-01 5.768370628356933594e-01
4.525516331195831299e-01 5.461937189102172852e-01
7.214549183845520020e-01 4.638438522815704346e-01
4.366604983806610107e-01 5.252525210380554199e-01
6.474022865295410156e-01 6.505669355392456055e-01
4.525237381458282471e-01 4.055881202220916748e-01
6.453198194503784180e-01 7.735849618911743164e-01
5.066838264465332031e-01 7.641413807868957520e-01
7.524996399879455566e-01 5.980443954467773438e-01
4.287692606449127197e-01 6.416113376617431641e-01
5.255913734436035156e-01 6.637824773788452148e-01
7.445661425590515137e-01 5.182235240936279297e-01
5.847267508506774902e-01 7.186217904090881348e-01
6.384646892547607422e-01 6.171168684959411621e-01
4.629313349723815918e-01 4.707102775573730469e-01
7.075859904289245605e-01 4.442698955535888672e-01
6.780158877372741699e-01 5.819860696792602539e-01
3.719721734523773193e-01 6.405864953994750977e-01
7.080624699592590332e-01 7.556855082511901855e-01
7.367402911186218262e-01 4.805006980895996094e-01
6.270966529846191406e-01 4.240335226058959961e-01
5.679172873497009277e-01 6.952978372573852539e-01
3.558600246906280518e-01 6.056854724884033203e-01
7.842131853103637695e-01 6.353600025177001953e-01
4.200243055820465088e-01 5.668379068374633789e-01
6.031836271286010742e-01 6.793196797370910645e-01
5.320007205009460449e-01 3.510015010833740234e-01
7.227473258972167969e-01 6.950951218605041504e-01
6.989820003509521484e-01 4.525042176246643066e-01
6.082953214645385742e-01 4.291380643844604492e-01
3.679259717464447021e-01 6.487374901771545410e-01
5.082725286483764648e-01 4.856964945793151855e-01
3.834079205989837646e-01 5.491282939910888672e-01
5.615814328193664551e-01 7.543886303901672363e-01
5.176276564598083496e-01 7.937658429145812988e-01
6.462268233299255371e-01 6.966666579246520996e-01
4.344743788242340088e-01 6.399518847465515137e-01
4.484360814094543457e-01 7.589066028594970703e-01
3.889646828174591064e-01 6.588932871818542480e-01
6.004928350448608398e-01 5.522863268852233887e-01
7.478253245353698730e-01 4.607849121093750000e-01
6.803962588310241699e-01 5.077385306358337402e-01
5.036201477050781250e-01 6.885191798210144043e-01
5.400685071945190430e-01 6.732801795005798340e-01
6.961653232574462891e-01 6.992683410644531250e-01
5.982559919357299805e-01 7.129017114639282227e-01
5.347727537155151367e-01 8.018872737884521484e-01
6.890292763710021973e-01 5.289438962936401367e-01
6.088048219680786133e-01 7.607424855232238770e-01
6.890323758125305176e-01 6.568693518638610840e-01
3.396229147911071777e-01 5.389233231544494629e-01
7.333278656005859375e-01 4.734808206558227539e-01
4.183838963508605957e-01 5.595949292182922363e-01
4.479434490203857422e-01 6.711927056312561035e-01
6.063603758811950684e-01 7.109749317169189453e-01
4.451625049114227295e-01 6.534826159477233887e-01
5.901272296905517578e-01 4.802512228488922119e-01
8.129941225051879883e-01 6.163924932479858398e-01
3.633485436439514160e-01 6.205492615699768066e-01
6.181815862655639648e-01 4.646961688995361328e-01
7.588672637939453125e-01 5.577891469001770020e-01
6.657930612564086914e-01 7.723407149314880371e-01
4.016622602939605713e-01 6.662283539772033691e-01
6.534425020217895508e-01 7.168592214584350586e-01
5.183398127555847168e-01 5.918577313423156738e-01
7.534355521202087402e-01 4.382406771183013916e-01
7.804421782493591309e-01 6.103057265281677246e-01
7.642194628715515137e-01 6.022377610206604004e-01
5.823265314102172852e-01 3.402862548828125000e-01
6.374742984771728516e-01 6.112782359123229980e-01
3.959181606769561768e-01 5.770114064216613770e-01
6.513743400573730469e-01 7.191205024719238281e-01
6.011708378791809082e-01 3.280923068523406982e-01
4.151739478111267090e-01 6.136670112609863281e-01
5.512303709983825684e-01 5.601789951324462891e-01
7.861682176589965820e-01 6.164287924766540527e-01
6.873532533645629883e-01 7.715471386909484863e-01
6.506110429763793945e-01 7.488965988159179688e-01
6.169316768646240234e-01 3.873502314090728760e-01
6.042736768722534180e-01 6.039131879806518555e-01
5.743302106857299805e-01 3.488242328166961670e-01
6.041403412818908691e-01 5.208806395530700684e-01
7.920943498611450195e-01 5.332387089729309082e-01
5.063322186470031738e-01 6.993782520294189453e-01
6.174654364585876465e-01 4.124867618083953857e-01
5.654121041297912598e-01 4.303238987922668457e-01
6.677494645118713379e-01 4.867266416549682617e-01
5.354446172714233398e-01 5.933051109313964844e-01
4.508816301822662354e-01 7.065681219100952148e-01
6.768780946731567383e-01 5.607937574386596680e-01
5.119456648826599121e-01 4.962584376335144043e-01
6.241223812103271484e-01 7.473374009132385254e-01
8.341280221939086914e-01 6.164433360099792480e-01
5.575667023658752441e-01 7.080258131027221680e-01
5.116531848907470703e-01 6.450280547142028809e-01
5.928262472152709961e-01 8.272517323493957520e-01
5.671094059944152832e-01 4.371654987335205078e-01
6.036351323127746582e-01 6.887078285217285156e-01
5.788756012916564941e-01 6.940228343009948730e-01
7.498664855957031250e-01 6.766322851181030273e-01
5.853884220123291016e-01 7.512680292129516602e-01
6.506861448287963867e-01 5.354828834533691406e-01
4.070971012115478516e-01 6.198554039001464844e-01
5.754854083061218262e-01 7.727487087249755859e-01
5.347114801406860352e-01 5.784493088722229004e-01
4.764789044857025146e-01 4.430978596210479736e-01
6.320270895957946777e-01 7.772876024246215820e-01
5.832837820053100586e-01 7.680640816688537598e-01
3.891737163066864014e-01 5.558046102523803711e-01
4.622531831264495850e-01 4.625353813171386719e-01
6.959828734397888184e-01 5.061516761779785156e-01
4.592720270156860352e-01 6.513292789459228516e-01
4.260296225547790527e-01 5.831845402717590332e-01
5.573156476020812988e-01 7.569168806076049805e-01
7.106843590736389160e-01 4.170329272747039795e-01
6.740058064460754395e-01 5.811211466789245605e-01
5.212306380271911621e-01 6.037446260452270508e-01
7.325688004493713379e-01 6.773216724395751953e-01
6.712633371353149414e-01 4.945035576820373535e-01
6.359577775001525879e-01 5.318456292152404785e-01
7.731773853302001953e-01 4.497790634632110596e-01
7.416968941688537598e-01 6.033924818038940430e-01
4.948346912860870361e-01 5.218965411186218262e-01
5.438930392265319824e-01 4.506146609783172607e-01
5.727366805076599121e-01 3.483602404594421387e-01
5.274348855018615723e-01 4.019625782966613770e-01
6.566014289855957031e-01 5.202215313911437988e-01
5.707631111145019531e-01 4.923857152462005615e-01
7.286266684532165527e-01 7.073473930358886719e-01
5.505993366241455078e-01 8.105453252792358398e-01
6.076041460037231445e-01 7.238203287124633789e-01
5.094570517539978027e-01 7.329068183898925781e-01
4.693996906280517578e-01 5.928213596343994141e-01
6.008532047271728516e-01 7.974589467048645020e-01
7.132120132446289062e-01 5.773123502731323242e-01
7.992156147956848145e-01 5.619947314262390137e-01
6.540293097496032715e-01 6.490433812141418457e-01
3.733095228672027588e-01 6.584842801094055176e-01
7.243236303329467773e-01 5.924891829490661621e-01
6.315451264381408691e-01 5.971003174781799316e-01
5.961028337478637695e-01 6.690960526466369629e-01
5.449548363685607910e-01 4.541933536529541016e-01
5.569190979003906250e-01 7.460219264030456543e-01
6.511880755424499512e-01 5.273703336715698242e-01
4.640464186668395996e-01 7.025045752525329590e-01
4.827333688735961914e-01 5.912581682205200195e-01
6.831549406051635742e-01 4.146652817726135254e-01
4.148910045623779297e-01 5.016308426856994629e-01
7.064220309257507324e-01 7.415040135383605957e-01
5.991832613945007324e-01 8.535712957382202148e-01
4.731953740119934082e-01 7.921779155731201172e-01
3.800251781940460205e-01 6.163440346717834473e-01
5.242293477058410645e-01 3.803405165672302246e-01
6.669037342071533203e-01 7.127447724342346191e-01
5.889849662780761719e-01 4.644765853881835938e-01
6.455202698707580566e-01 7.120066881179809570e-01
6.286852359771728516e-01 7.925531268119812012e-01
4.643372595310211182e-01 4.722702503204345703e-01
5.185929536819458008e-01 7.918248772621154785e-01
3.818180859088897705e-01 5.429676771163940430e-01
5.751497149467468262e-01 3.802603483200073242e-01
7.432466745376586914e-01 6.974313855171203613e-01
5.428218245506286621e-01 6.342293620109558105e-01
6.787220835685729980e-01 7.806437611579895020e-01
4.085046648979187012e-01 6.350377202033996582e-01
7.717583179473876953e-01 6.839989423751831055e-01
6.769529581069946289e-01 6.800184845924377441e-01
5.410494804382324219e-01 7.242464423179626465e-01
7.909640073776245117e-01 5.245278477668762207e-01
7.775000929832458496e-01 4.811083972454071045e-01
5.929206013679504395e-01 5.273428559303283691e-01
4.193771481513977051e-01 6.687127351760864258e-01
5.828366279602050781e-01 6.800941228866577148e-01
7.024133205413818359e-01 7.124851942062377930e-01
4.639087319374084473e-01 4.640419483184814453e-01
5.241519212722778320e-01 4.184315204620361328e-01
7.585316896438598633e-01 6.170131564140319824e-01
5.048180818557739258e-01 6.788286566734313965e-01
4.340763688087463379e-01 6.942942738533020020e-01
4.506725072860717773e-01 6.940045356750488281e-01
6.573812961578369141e-01 6.939271092414855957e-01
5.765867829322814941e-01 7.439812421798706055e-01
4.852952063083648682e-01 6.916092038154602051e-01
4.984845221042633057e-01 5.684593915939331055e-01
6.375951170921325684e-01 7.868010401725769043e-01
7.328625917434692383e-01 7.114554047584533691e-01
8.250393867492675781e-01 6.204864978790283203e-01
5.480420589447021484e-01 6.928699016571044922e-01
7.740560770034790039e-01 5.848242640495300293e-01
5.835092663764953613e-01 6.652593016624450684e-01
7.081517577171325684e-01 4.634326398372650146e-01
4.035239815711975098e-01 4.971409440040588379e-01
6.102650165557861328e-01 6.178222298622131348e-01
4.844729304313659668e-01 5.844263434410095215e-01
4.544024169445037842e-01 5.944337844848632812e-01
4.264667034149169922e-01 7.186426520347595215e-01
5.814421176910400391e-01 6.421751379966735840e-01
6.574631333351135254e-01 6.654551625251770020e-01
7.298565506935119629e-01 6.933394074440002441e-01
5.417282581329345703e-01 7.113461494445800781e-01
6.525018811225891113e-01 6.395422220230102539e-01
5.707970261573791504e-01 6.613352298736572266e-01
5.040027499198913574e-01 5.544621348381042480e-01
4.698969125747680664e-01 6.605942845344543457e-01
6.450504660606384277e-01 6.581090688705444336e-01
6.469228863716125488e-01 7.158871889114379883e-01
5.954413414001464844e-01 6.003397107124328613e-01
5.248839855194091797e-01 4.110407531261444092e-01
7.910127043724060059e-01 5.434731245040893555e-01
5.091003179550170898e-01 4.214289486408233643e-01
4.081408381462097168e-01 5.243317484855651855e-01
7.617115378379821777e-01 5.806217193603515625e-01
5.633324980735778809e-01 7.092176079750061035e-01
7.754862308502197266e-01 6.691073179244995117e-01
4.398384690284729004e-01 5.388566851615905762e-01
5.886619091033935547e-01 6.472249031066894531e-01
5.442329049110412598e-01 4.846794009208679199e-01
7.164227962493896484e-01 4.704875648021697998e-01
5.569738149642944336e-01 4.382279813289642334e-01
5.753780007362365723e-01 7.353615760803222656e-01
6.344278454780578613e-01 5.704199075698852539e-01
6.986665725708007812e-01 4.972700774669647217e-01
7.306610941886901855e-01 6.103683114051818848e-01
6.512619256973266602e-01 4.104188382625579834e-01
5.041238665580749512e-01 5.349149703979492188e-01
6.342522501945495605e-01 6.693667173385620117e-01
7.058015465736389160e-01 5.344560742378234863e-01
7.691698074340820312e-01 6.761312484741210938e-01
7.575008273124694824e-01 5.027717947959899902e-01
6.400001049041748047e-01 7.030457854270935059e-01
5.170773267745971680e-01 4.491982460021972656e-01
5.934652090072631836e-01 5.427592396736145020e-01
5.627485513687133789e-01 6.165699958801269531e-01
7.139339447021484375e-01 5.470923781394958496e-01
6.126790046691894531e-01 6.808212399482727051e-01
6.908925771713256836e-01 7.486975789070129395e-01
4.719814062118530273e-01 4.757318198680877686e-01
5.124539136886596680e-01 3.591534197330474854e-01
5.216460824012756348e-01 4.041447043418884277e-01
7.822665572166442871e-01 5.664999485015869141e-01
7.276841998100280762e-01 4.582638442516326904e-01
4.269154369831085205e-01 5.839053988456726074e-01
5.066396594047546387e-01 4.488215148448944092e-01
5.673397183418273926e-01 5.584417581558227539e-01
5.261883735656738281e-01 6.954408288002014160e-01
4.893204867839813232e-01 5.210977196693420410e-01
5.410061478614807129e-01 4.059040248394012451e-01
5.729441046714782715e-01 3.443429470062255859e-01
6.703863739967346191e-01 7.048103213310241699e-01
4.659673869609832764e-01 4.018038213253021240e-01
7.108860611915588379e-01 6.598069667816162109e-01
4.260179996490478516e-01 6.582586169242858887e-01
5.110731720924377441e-01 6.532663702964782715e-01
6.722490787506103516e-01 7.005623579025268555e-01
4.602936506271362305e-01 4.990521073341369629e-01
6.061700582504272461e-01 3.825896680355072021e-01
7.701977491378784180e-01 5.855548381805419922e-01
4.548219144344329834e-01 5.820850133895874023e-01
5.049463510513305664e-01 5.780786275863647461e-01
6.612746119499206543e-01 5.733632445335388184e-01
5.330946445465087891e-01 3.628508150577545166e-01
7.771792411804199219e-01 5.904722213745117188e-01
4.422693252563476562e-01 5.138196349143981934e-01
4.463734626770019531e-01 5.131752490997314453e-01
6.537848114967346191e-01 6.703217625617980957e-01
5.608963370323181152e-01 6.706179380416870117e-01
6.821100711822509766e-01 6.743761897087097168e-01
3.409290313720703125e-01 6.102444529533386230e-01
5.258011221885681152e-01 6.689710021018981934e-01
5.903789997100830078e-01 3.837779164314270020e-01
5.651563405990600586e-01 3.856614232063293457e-01
6.348844170570373535e-01 8.317561745643615723e-01
5.644318461418151855e-01 6.443728804588317871e-01
5.636025667190551758e-01 3.069580495357513428e-01
6.483305096626281738e-01 5.041261911392211914e-01
6.907882094383239746e-01 4.896122813224792480e-01
7.430787086486816406e-01 5.558874011039733887e-01
4.682415425777435303e-01 6.864542365074157715e-01
6.380271911621093750e-01 4.327443242073059082e-01
7.078742384910583496e-01 5.457499623298645020e-01
6.252070665359497070e-01 4.851696491241455078e-01
4.955140948295593262e-01 6.885671615600585938e-01
7.364050745964050293e-01 7.330775260925292969e-01
6.576360464096069336e-01 4.173615276813507080e-01
4.892433583736419678e-01 5.907846689224243164e-01
4.212124645709991455e-01 5.940718054771423340e-01
8.264970779418945312e-01 5.610204935073852539e-01
6.249154210090637207e-01 8.303196430206298828e-01
6.330478787422180176e-01 4.175467193126678467e-01
5.986348390579223633e-01 4.893222451210021973e-01
5.623576641082763672e-01 5.776574611663818359e-01
6.302713751792907715e-01 7.760861515998840332e-01
4.501715004444122314e-01 4.518577456474304199e-01
4.838582277297973633e-01 6.742309331893920898e-01
8.360835313796997070e-01 5.943875908851623535e-01
5.710142850875854492e-01 3.848637938499450684e-01
4.907930493354797363e-01 4.554554224014282227e-01
6.899975538253784180e-01 6.442082524299621582e-01
7.080197930335998535e-01 6.982825398445129395e-01
6.584123969078063965e-01 7.316389083862304688e-01
4.789241254329681396e-01 5.472445487976074219e-01
6.347163319587707520e-01 7.159222364425659180e-01
6.412686705589294434e-01 4.947848320007324219e-01
4.800282120704650879e-01 6.576759219169616699e-01
6.395522952079772949e-01 5.034196376800537109e-01
5.259668827056884766e-01 3.352061212062835693e-01
4.350303709506988525e-01 6.600033044815063477e-01
4.379333555698394775e-01 6.020234227180480957e-01
5.723845958709716797e-01 5.549970269203186035e-01
4.278128743171691895e-01 7.075187563896179199e-01
4.834935963153839111e-01 4.450080394744873047e-01
5.070421099662780762e-01 4.014740884304046631e-01
5.110006928443908691e-01 7.618690133094787598e-01
5.531324148178100586e-01 3.584889173507690430e-01
4.899559020996093750e-01 4.861341416835784912e-01
4.832961857318878174e-01 5.736180543899536133e-01
5.478461384773254395e-01 7.882722616195678711e-01
5.265638232231140137e-01 4.870705008506774902e-01
7.694104313850402832e-01 6.580733060836791992e-01
4.389343857765197754e-01 7.292082905769348145e-01
5.916321873664855957e-01 6.006362438201904297e-01
4.019644260406494141e-01 5.940937399864196777e-01
5.631526112556457520e-01 5.835980772972106934e-01
7.805020213127136230e-01 5.602834224700927734e-01
6.466045975685119629e-01 4.878065884113311768e-01
7.039027810096740723e-01 4.670399427413940430e-01
6.520383358001708984e-01 4.593313634395599365e-01
4.003676176071166992e-01 5.742472410202026367e-01
5.458868145942687988e-01 5.262001752853393555e-01
5.416272282600402832e-01 5.173458456993103027e-01
8.113267421722412109e-01 6.231830120086669922e-01
5.209419727325439453e-01 7.699198126792907715e-01
3.786789476871490479e-01 6.382876038551330566e-01
7.908684015274047852e-01 5.105324983596801758e-01
5.917041301727294922e-01 3.564405739307403564e-01
6.539597511291503906e-01 8.396724462509155273e-01
6.909589767456054688e-01 5.284885168075561523e-01
5.610898137092590332e-01 4.857918620109558105e-01
4.138647019863128662e-01 6.131151914596557617e-01
6.015682816505432129e-01 3.767527937889099121e-01
6.342978477478027344e-01 7.328119277954101562e-01
6.036674380302429199e-01 4.934473037719726562e-01
4.976800382137298584e-01 4.214566349983215332e-01
6.236339807510375977e-01 5.409088134765625000e-01
6.291267275810241699e-01 5.580516457557678223e-01
5.635769963264465332e-01 5.516530871391296387e-01
6.135936975479125977e-01 7.491603493690490723e-01
5.638479590415954590e-01 6.997987627983093262e-01
6.160157918930053711e-01 7.507365345954895020e-01
4.761161208152770996e-01 6.722056269645690918e-01
7.162677049636840820e-01 7.488361597061157227e-01
6.412029862403869629e-01 7.509633302688598633e-01
5.731526017189025879e-01 6.677561402320861816e-01
6.506162285804748535e-01 7.895111441612243652e-01
7.350560426712036133e-01 5.421993136405944824e-01
7.890860438346862793e-01 5.605753660202026367e-01
5.118752121925354004e-01 6.473142504692077637e-01
5.595301389694213867e-01 6.622362732887268066e-01
4.211715459823608398e-01 7.259765267372131348e-01
6.025194525718688965e-01 8.110336661338806152e-01
4.529346525669097900e-01 6.178543567657470703e-01
7.945814132690429688e-01 6.143838763236999512e-01
5.234884619712829590e-01 6.893754005432128906e-01
6.987371444702148438e-01 6.098415255546569824e-01
4.994949698448181152e-01 3.566800355911254883e-01
7.900425195693969727e-01 6.254376769065856934e-01
7.385736703872680664e-01 6.571128368377685547e-01
4.547241330146789551e-01 6.575158238410949707e-01
6.423771977424621582e-01 4.078193604946136475e-01
5.883997082710266113e-01 3.031652569770812988e-01
5.347497463226318359e-01 4.817122519016265869e-01
5.139107704162597656e-01 4.048614203929901123e-01
7.810195088386535645e-01 4.780030846595764160e-01
5.660597681999206543e-01 7.522109150886535645e-01
4.079815745353698730e-01 6.003600358963012695e-01
5.557019114494323730e-01 7.639114260673522949e-01
4.985347986221313477e-01 4.524517357349395752e-01
4.491402506828308105e-01 6.253566741943359375e-01
7.282825112342834473e-01 4.903756976127624512e-01
3.445209562778472900e-01 5.983211398124694824e-01
4.898865818977355957e-01 7.866886258125305176e-01
6.487978696823120117e-01 4.554505944252014160e-01
6.846287846565246582e-01 5.878992080688476562e-01
4.156104326248168945e-01 7.047899365425109863e-01
6.071409583091735840e-01 5.140511393547058105e-01
5.440520644187927246e-01 4.950545728206634521e-01
4.159540235996246338e-01 6.648905873298645020e-01
5.708284974098205566e-01 6.193311810493469238e-01
5.897991657257080078e-01 6.607931852340698242e-01
5.279346704483032227e-01 4.727681577205657959e-01
7.176442742347717285e-01 7.093861103057861328e-01
6.831960678100585938e-01 3.694241940975189209e-01
5.410439968109130859e-01 5.124783515930175781e-01
5.611801743507385254e-01 4.747390747070312500e-01
5.121301412582397461e-01 3.893960416316986084e-01
6.554681062698364258e-01 8.117192387580871582e-01
6.036155223846435547e-01 7.298226356506347656e-01
7.020673751831054688e-01 8.224440813064575195e-01
6.879490017890930176e-01 6.902800202369689941e-01
5.262651443481445312e-01 5.723090767860412598e-01
6.488649845123291016e-01 5.170550346374511719e-01
3.836813271045684814e-01 6.591192483901977539e-01
7.888127565383911133e-01 5.574552416801452637e-01
6.772792339324951172e-01 7.521864771842956543e-01
5.203391313552856445e-01 4.222923219203948975e-01
6.868999004364013672e-01 5.503429770469665527e-01
7.847399115562438965e-01 5.476744771003723145e-01
6.173027157783508301e-01 6.498848199844360352e-01
7.013902068138122559e-01 6.022082567214965820e-01
7.028652429580688477e-01 5.878692269325256348e-01
7.398980259895324707e-01 5.519282817840576172e-01
6.875331401824951172e-01 7.227542400360107422e-01
6.734764575958251953e-01 4.708904027938842773e-01
7.834190130233764648e-01 5.343587994575500488e-01
7.301461696624755859e-01 4.853097200393676758e-01
3.672758936882019043e-01 5.991196036338806152e-01
3.856425583362579346e-01 6.239643692970275879e-01
5.405588746070861816e-01 4.777026772499084473e-01
5.971102714538574219e-01 4.694737792015075684e-01
6.141173839569091797e-01 6.570482254028320312e-01
7.836307287216186523e-01 5.961982607841491699e-01
7.156150937080383301e-01 6.889409422874450684e-01
6.559167504310607910e-01 6.089344024658203125e-01
7.858678698539733887e-01 6.681599617004394531e-01
7.969850301742553711e-01 6.069975495338439941e-01
6.676396727561950684e-01 5.241041183471679688e-01
4.914332926273345947e-01 7.617589235305786133e-01
7.596216201782226562e-01 6.014518737792968750e-01
5.652422308921813965e-01 3.573454320430755615e-01
6.787102818489074707e-01 6.588328480720520020e-01
7.446440458297729492e-01 6.407837271690368652e-01
6.312932968139648438e-01 8.129836320877075195e-01
5.949109196662902832e-01 5.985115766525268555e-01
8.024680614471435547e-01 6.120905280113220215e-01
5.872933268547058105e-01 4.668776392936706543e-01
5.946261882781982422e-01 5.097216963768005371e-01
5.179896354675292969e-01 7.258759140968322754e-01
5.632563233375549316e-01 4.660399854183197021e-01
7.135511636734008789e-01 6.250686645507812500e-01
7.177147865295410156e-01 5.337628722190856934e-01
4.936772584915161133e-01 6.810770034790039062e-01
6.523995995521545410e-01 5.148124098777770996e-01
5.420572757720947266e-01 5.779972076416015625e-01
5.708416700363159180e-01 3.692482113838195801e-01
6.353790163993835449e-01 7.046667337417602539e-01
4.805561304092407227e-01 7.139990329742431641e-01
5.485944151878356934e-01 6.189523339271545410e-01
7.395043373107910156e-01 6.424297094345092773e-01
5.681028366088867188e-01 4.191572368144989014e-01
6.237804293632507324e-01 7.162824869155883789e-01
6.683576703071594238e-01 6.922464966773986816e-01
8.219308257102966309e-01 5.903178453445434570e-01
6.146242022514343262e-01 4.687081277370452881e-01
4.783766269683837891e-01 7.109392881393432617e-01
7.191324234008789062e-01 5.619071125984191895e-01
7.039985656738281250e-01 4.720276892185211182e-01
6.867178678512573242e-01 5.986313819885253906e-01
4.130919277667999268e-01 5.580365061759948730e-01
5.382525324821472168e-01 6.248915195465087891e-01
5.878112316131591797e-01 3.477584421634674072e-01
6.003728508949279785e-01 8.147457242012023926e-01
7.075527906417846680e-01 4.168211817741394043e-01
6.273204684257507324e-01 4.247119724750518799e-01
7.057126164436340332e-01 4.795924425125122070e-01
3.540942668914794922e-01 5.972667336463928223e-01
4.847024679183959961e-01 6.212819218635559082e-01
7.742102742195129395e-01 4.957543611526489258e-01
7.752863764762878418e-01 5.683627724647521973e-01
5.667079091072082520e-01 8.002011179924011230e-01
5.855399966239929199e-01 8.002310395240783691e-01
4.808712601661682129e-01 6.014975309371948242e-01
6.556937098503112793e-01 6.348162293434143066e-01
3.518691658973693848e-01 6.399751901626586914e-01
5.722106099128723145e-01 4.228028655052185059e-01
8.322126269340515137e-01 6.422821283340454102e-01
6.327620148658752441e-01 6.762790679931640625e-01
6.667789220809936523e-01 6.141454577445983887e-01
5.882946252822875977e-01 4.087617695331573486e-01
6.878460049629211426e-01 5.821688771247863770e-01
7.937166690826416016e-01 6.895071268081665039e-01
7.159507870674133301e-01 7.240962386131286621e-01
6.565014719963073730e-01 5.744901299476623535e-01
3.729946315288543701e-01 6.304513216018676758e-01
6.008550524711608887e-01 8.099311590194702148e-01
7.586212754249572754e-01 6.256030797958374023e-01
4.029214680194854736e-01 5.989578962326049805e-01
5.035778880119323730e-01 6.353539824485778809e-01
6.009057760238647461e-01 8.169813156127929688e-01
4.574269652366638184e-01 4.765250384807586670e-01
6.952340006828308105e-01 5.001810789108276367e-01
5.326564311981201172e-01 5.683809518814086914e-01
3.964401483535766602e-01 6.834849715232849121e-01
4.701281785964965820e-01 4.929580986499786377e-01
6.148050427436828613e-01 7.394315600395202637e-01
4.981395304203033447e-01 4.343419373035430908e-01
6.420651078224182129e-01 4.138924181461334229e-01
7.333863377571105957e-01 6.409271359443664551e-01
5.358123779296875000e-01 7.556328177452087402e-01
7.972017526626586914e-01 5.836448669433593750e-01
7.999727129936218262e-01 5.877649784088134766e-01
5.962274670600891113e-01 6.348478198051452637e-01
5.890392661094665527e-01 7.343214154243469238e-01
6.237733960151672363e-01 7.163711190223693848e-01
6.646354794502258301e-01 4.893753826618194580e-01
4.486980140209197998e-01 6.483449339866638184e-01
6.382365822792053223e-01 6.638704538345336914e-01
5.648626685142517090e-01 7.292981743812561035e-01
4.872912168502807617e-01 7.424400448799133301e-01
4.974240660667419434e-01 6.650683283805847168e-01
3.715997636318206787e-01 5.766703486442565918e-01
5.693342685699462891e-01 6.054829955101013184e-01
4.897647798061370850e-01 4.698833227157592773e-01
4.045133590698242188e-01 6.007128357887268066e-01
6.144863963127136230e-01 7.920891046524047852e-01
3.609696626663208008e-01 5.898419618606567383e-01
7.258548736572265625e-01 5.030136108398437500e-01
6.112764477729797363e-01 5.483242273330688477e-01
6.018790006637573242e-01 6.489139795303344727e-01
3.973466753959655762e-01 5.540786981582641602e-01
5.671189427375793457e-01 6.826093196868896484e-01
6.582980751991271973e-01 4.291936159133911133e-01
8.035922646522521973e-01 6.801781654357910156e-01
7.048906087875366211e-01 4.432143867015838623e-01
4.694330394268035889e-01 6.668242216110229492e-01
7.826018333435058594e-01 5.524725914001464844e-01
7.123610377311706543e-01 4.741987287998199463e-01
5.519070029258728027e-01 3.812112212181091309e-01
4.470579624176025391e-01 4.429537057876586914e-01
7.265306115150451660e-01 7.289547324180603027e-01
6.775563955307006836e-01 6.602030992507934570e-01
4.896914064884185791e-01 6.400428414344787598e-01
5.435191988945007324e-01 8.278871774673461914e-01
7.556251883506774902e-01 6.688234806060791016e-01
5.862485766410827637e-01 4.950025677680969238e-01
5.089232921600341797e-01 7.642320394515991211e-01
4.569682478904724121e-01 7.410035133361816406e-01
7.029645442962646484e-01 5.364530682563781738e-01
6.952701807022094727e-01 4.557323157787322998e-01
6.059017181396484375e-01 8.050785660743713379e-01
7.065622210502624512e-01 5.695838332176208496e-01
3.737909197807312012e-01 5.597409009933471680e-01
4.317902624607086182e-01 7.566714882850646973e-01
4.688094556331634521e-01 6.010407805442810059e-01
7.229406237602233887e-01 7.270497083663940430e-01
5.254017710685729980e-01 6.594136357307434082e-01
6.114751696586608887e-01 8.203563690185546875e-01
5.372952818870544434e-01 7.323729395866394043e-01
6.440677642822265625e-01 6.534169912338256836e-01
6.725628376007080078e-01 5.229522585868835449e-01
7.446128129959106445e-01 7.032101750373840332e-01
3.584261238574981689e-01 6.212853789329528809e-01
6.620488166809082031e-01 4.333979189395904541e-01
5.114604830741882324e-01 5.779905319213867188e-01
5.805840492248535156e-01 3.667207360267639160e-01
8.376790881156921387e-01 6.066694855690002441e-01
4.209567308425903320e-01 6.535761356353759766e-01
4.111922085285186768e-01 5.566054582595825195e-01
8.194128870964050293e-01 6.066504120826721191e-01
5.748804807662963867e-01 7.881901860237121582e-01
6.666217446327209473e-01 8.182847499847412109e-01
6.754232645034790039e-01 7.992817163467407227e-01
5.441817641258239746e-01 5.329937338829040527e-01
3.788150250911712646e-01 5.859729051589965820e-01
4.393755495548248291e-01 5.442177653312683105e-01
4.006406664848327637e-01 6.074374914169311523e-01
7.827883362770080566e-01 6.125699281692504883e-01
4.573273360729217529e-01 4.295784831047058105e-01
6.188842058181762695e-01 3.836236894130706787e-01
4.518926441669464111e-01 6.893638968467712402e-01
5.647312998771667480e-01 8.164945244789123535e-01
4.132574498653411865e-01 6.494677662849426270e-01
4.673945009708404541e-01 5.169818401336669922e-01
6.705392599105834961e-01 7.352300882339477539e-01
7.356329560279846191e-01 5.367124676704406738e-01
7.174025177955627441e-01 7.005937099456787109e-01
7.535930871963500977e-01 5.427056550979614258e-01
6.046661734580993652e-01 6.983894109725952148e-01
5.750319957733154297e-01 6.656877398490905762e-01
4.773696959018707275e-01 4.175496697425842285e-01
7.832635045051574707e-01 6.167175173759460449e-01
4.738543033599853516e-01 7.673213481903076172e-01
5.769670009613037109e-01 4.240742325782775879e-01
7.006329894065856934e-01 5.359586477279663086e-01
7.272621393203735352e-01 6.380528211593627930e-01
5.531977415084838867e-01 7.331663370132446289e-01
4.833367764949798584e-01 6.789679527282714844e-01
6.469467878341674805e-01 6.117544174194335938e-01
5.186023712158203125e-01 5.204753279685974121e-01
5.297127366065979004e-01 7.323021888732910156e-01
5.871227383613586426e-01 5.043369531631469727e-01
5.190019607543945312e-01 3.766787648200988770e-01
7.704580426216125488e-01 5.774474143981933594e-01
7.274098992347717285e-01 5.168343782424926758e-01
3.960665166378021240e-01 6.750908493995666504e-01
7.472241520881652832e-01 6.911007165908813477e-01
3.808617293834686279e-01 5.450956821441650391e-01
6.177396178245544434e-01 4.441809058189392090e-01
6.693817377090454102e-01 5.827924013137817383e-01
7.843750119209289551e-01 6.053247451782226562e-01
7.604996562004089355e-01 5.612202882766723633e-01
5.977138876914978027e-01 5.684097409248352051e-01
8.520980477333068848e-01 5.919517278671264648e-01
5.393671989440917969e-01 6.702771186828613281e-01
6.871746778488159180e-01 7.192774415016174316e-01
6.104113459587097168e-01 7.000367045402526855e-01
5.777919888496398926e-01 3.235956728458404541e-01
6.585705280303955078e-01 7.118764519691467285e-01
8.036722540855407715e-01 4.932003617286682129e-01
6.418563723564147949e-01 3.934505581855773926e-01
5.781849622726440430e-01 8.285637497901916504e-01
7.204241752624511719e-01 6.731502413749694824e-01
8.062255382537841797e-01 5.740249752998352051e-01
6.700581908226013184e-01 5.363965630531311035e-01
7.302646636962890625e-01 5.184691548347473145e-01
5.530809760093688965e-01 7.984282374382019043e-01
5.848973989486694336e-01 5.550364851951599121e-01
5.455598831176757812e-01 6.621162891387939453e-01
7.675243020057678223e-01 5.571584701538085938e-01
7.749037146568298340e-01 4.943037033081054688e-01
6.038452386856079102e-01 7.925050258636474609e-01
4.636477231979370117e-01 7.472923398017883301e-01
4.873653650283813477e-01 6.151552796363830566e-01
5.643441677093505859e-01 6.252753138542175293e-01
6.554778218269348145e-01 6.913280487060546875e-01
4.827152192592620850e-01 7.688109278678894043e-01
7.531557679176330566e-01 5.382211804389953613e-01
8.104853630065917969e-01 6.717531681060791016e-01
7.361488938331604004e-01 5.752547383308410645e-01
4.233123064041137695e-01 6.571505665779113770e-01
6.600174903869628906e-01 4.914653897285461426e-01
6.702268123626708984e-01 7.479166984558105469e-01
6.233035326004028320e-01 5.370140075683593750e-01
5.295550227165222168e-01 5.252211093902587891e-01
4.631490409374237061e-01 7.094706296920776367e-01
7.399476766586303711e-01 6.006414890289306641e-01
6.547260284423828125e-01 5.956866145133972168e-01
6.546280980110168457e-01 6.482733488082885742e-01
7.953493595123291016e-01 6.597592830657958984e-01
7.252002358436584473e-01 4.602381587028503418e-01
7.077977657318115234e-01 6.934048533439636230e-01
7.642948031425476074e-01 6.380448341369628906e-01
7.279481291770935059e-01 6.855192780494689941e-01
4.003561735153198242e-01 5.538412928581237793e-01
4.968856573104858398e-01 6.978837251663208008e-01
5.617727041244506836e-01 6.694704294204711914e-01
7.268969416618347168e-01 5.683140754699707031e-01
4.990136027336120605e-01 6.829564571380615234e-01
6.930809617042541504e-01 6.262333989143371582e-01
4.952797293663024902e-01 4.320909976959228516e-01
6.135780811309814453e-01 7.591534256935119629e-01
4.299851655960083008e-01 6.115469336509704590e-01
7.875711917877197266e-01 6.028879880905151367e-01
5.193263292312622070e-01 5.489522218704223633e-01
8.535116314888000488e-01 6.447459459304809570e-01
7.449741363525390625e-01 6.330338120460510254e-01
5.051226019859313965e-01 7.181071639060974121e-01
7.363177537918090820e-01 5.682651400566101074e-01
5.906139016151428223e-01 7.018027305603027344e-01
6.752693653106689453e-01 7.380940914154052734e-01
4.822829365730285645e-01 6.311851739883422852e-01
7.411741018295288086e-01 4.477777183055877686e-01
5.096353888511657715e-01 6.123356223106384277e-01
5.672183632850646973e-01 6.532137393951416016e-01
5.680126547813415527e-01 6.270874142646789551e-01
4.382245540618896484e-01 4.795611798763275146e-01
6.731476187705993652e-01 5.711447000503540039e-01
6.363548636436462402e-01 4.379645884037017822e-01
3.700733184814453125e-01 6.138207912445068359e-01
3.886462152004241943e-01 6.278836131095886230e-01
4.653818905353546143e-01 6.784057617187500000e-01
5.381202697753906250e-01 6.305902600288391113e-01
4.983737766742706299e-01 5.031241178512573242e-01
6.611275076866149902e-01 5.953727960586547852e-01
7.841956019401550293e-01 6.481111645698547363e-01
7.274295687675476074e-01 6.679276823997497559e-01
4.693009555339813232e-01 5.419179201126098633e-01
5.281919836997985840e-01 6.717196106910705566e-01
6.068106889724731445e-01 5.522077679634094238e-01
6.415119171142578125e-01 7.011048793792724609e-01
4.662234485149383545e-01 5.712172985076904297e-01
6.574786305427551270e-01 7.312760353088378906e-01
4.047196805477142334e-01 6.023950576782226562e-01
5.163223743438720703e-01 5.739833116531372070e-01
6.218859553337097168e-01 4.972896575927734375e-01
6.684882640838623047e-01 7.663294672966003418e-01
6.437343955039978027e-01 7.156889438629150391e-01
4.617532789707183838e-01 4.435540139675140381e-01
6.162919998168945312e-01 4.331436753273010254e-01
7.926276326179504395e-01 6.224420070648193359e-01
7.611958980560302734e-01 5.232114791870117188e-01
4.891891479492187500e-01 5.693380832672119141e-01
6.219186782836914062e-01 7.046346068382263184e-01
4.577783048152923584e-01 6.061843037605285645e-01
7.256525754928588867e-01 4.002891182899475098e-01
5.301622152328491211e-01 7.170726060867309570e-01
8.307040333747863770e-01 5.750980377197265625e-01
6.637280583381652832e-01 3.588788509368896484e-01
4.561223685741424561e-01 6.938720941543579102e-01
6.104878187179565430e-01 8.164182901382446289e-01
7.491253614425659180e-01 6.295133829116821289e-01
7.049975395202636719e-01 6.052889227867126465e-01
5.360105633735656738e-01 4.872671663761138916e-01
5.304775238037109375e-01 4.601858556270599365e-01
7.039216160774230957e-01 7.497506737709045410e-01
6.022354960441589355e-01 4.808665812015533447e-01
6.136682033538818359e-01 6.627717018127441406e-01
6.143913269042968750e-01 8.188438415527343750e-01
5.699108242988586426e-01 7.166162133216857910e-01
6.384296417236328125e-01 5.320849418640136719e-01
5.723245739936828613e-01 5.690158009529113770e-01
4.342024326324462891e-01 6.403465270996093750e-01
7.043210268020629883e-01 5.347245931625366211e-01
5.742194056510925293e-01 4.790147244930267334e-01
4.283953607082366943e-01 5.261453986167907715e-01
4.954980909824371338e-01 6.169420480728149414e-01
6.255177855491638184e-01 3.952667713165283203e-01
6.474711298942565918e-01 6.561568975448608398e-01
6.407836675643920898e-01 7.087793350219726562e-01
6.960933804512023926e-01 4.190769791603088379e-01
5.272713899612426758e-01 5.110443234443664551e-01
3.607952892780303955e-01 6.518001556396484375e-01
5.233573913574218750e-01 6.489380598068237305e-01
7.588872313499450684e-01 6.672279834747314453e-01
7.054603099822998047e-01 6.276730895042419434e-01
4.496750533580780029e-01 6.549836993217468262e-01
7.326702475547790527e-01 7.540767192840576172e-01
7.654403448104858398e-01 5.875143408775329590e-01
5.482416749000549316e-01 6.943262815475463867e-01
6.110973954200744629e-01 4.409683644771575928e-01
7.221299409866333008e-01 7.311694025993347168e-01
4.758090376853942871e-01 6.477687954902648926e-01
6.192579865455627441e-01 7.313371300697326660e-01
6.028390526771545410e-01 6.700741052627563477e-01
5.172607302665710449e-01 7.065895795822143555e-01
7.008602023124694824e-01 7.340419292449951172e-01
6.945046782493591309e-01 6.560737490653991699e-01
6.148144602775573730e-01 8.032788038253784180e-01
5.159114599227905273e-01 4.890200793743133545e-01
5.579526424407958984e-01 5.353228449821472168e-01
5.129349827766418457e-01 3.875533640384674072e-01
5.732488632202148438e-01 3.963264226913452148e-01
6.950770020484924316e-01 4.927880167961120605e-01
6.803023815155029297e-01 6.339156031608581543e-01
5.285889506340026855e-01 7.624213099479675293e-01
5.155992507934570312e-01 6.252031922340393066e-01
5.254855751991271973e-01 5.810053348541259766e-01
5.321981906890869141e-01 7.824367880821228027e-01
7.477585077285766602e-01 6.007659435272216797e-01
4.874888956546783447e-01 6.799792647361755371e-01
6.328677535057067871e-01 7.716105580329895020e-01
6.978968977928161621e-01 4.649472236633300781e-01
5.184912085533142090e-01 5.302257537841796875e-01
6.358414888381958008e-01 3.298554420471191406e-01
6.489873528480529785e-01 4.765760600566864014e-01
6.804078221321105957e-01 7.438988685607910156e-01
7.274304628372192383e-01 6.151806712150573730e-01
5.919193625450134277e-01 7.398840785026550293e-01
8.397346735000610352e-01 5.929113626480102539e-01
6.012308597564697266e-01 7.745515704154968262e-01
5.501023530960083008e-01 6.900019645690917969e-01
8.237605690956115723e-01 6.048944592475891113e-01
7.562050223350524902e-01 4.689648449420928955e-01
6.830872297286987305e-01 6.639947295188903809e-01
5.813132524490356445e-01 6.199082732200622559e-01
5.087485313415527344e-01 6.989861130714416504e-01
7.148792147636413574e-01 7.269300222396850586e-01
4.083130955696105957e-01 5.363494753837585449e-01
