4.905100464820861816e-01 5.949422121047973633e-01
7.145969271659851074e-01 7.081634402275085449e-01
3.700687885284423828e-01 5.965149402618408203e-01
4.264214038848876953e-01 6.233510971069335938e-01
4.604348242282867432e-01 6.345819830894470215e-01
4.008945226669311523e-01 6.769900918006896973e-01
6.220895648002624512e-01 4.746365845203399658e-01
7.473402023315429688e-01 6.572038531303405762e-01
5.103085041046142578e-01 4.398986101150512695e-01
4.089578688144683838e-01 5.011007785797119141e-01
6.730849146842956543e-01 7.497122287750244141e-01
4.302678704261779785e-01 5.166956186294555664e-01
7.773205637931823730e-01 5.184597373008728027e-01
6.715759038925170898e-01 6.660630106925964355e-01
4.215970635414123535e-01 5.370057225227355957e-01
5.939548611640930176e-01 6.757850646972656250e-01
7.780779600143432617e-01 5.167425274848937988e-01
7.068672776222229004e-01 4.206647574901580811e-01
4.399371147155761719e-01 5.472292900085449219e-01
7.841634154319763184e-01 6.094135642051696777e-01
7.084536552429199219e-01 7.295645475387573242e-01
5.424799323081970215e-01 5.160719156265258789e-01
6.799418926239013672e-01 4.648419916629791260e-01
6.783488392829895020e-01 5.670276284217834473e-01
6.986908912658691406e-01 7.686375975608825684e-01
4.419011175632476807e-01 4.889840185642242432e-01
5.299805402755737305e-01 6.857485771179199219e-01
6.188759803771972656e-01 7.919296026229858398e-01
8.399117588996887207e-01 5.349496006965637207e-01
6.626546978950500488e-01 7.359954118728637695e-01
6.004213690757751465e-01 4.142544269561767578e-01
4.718014597892761230e-01 5.650814175605773926e-01
7.386704087257385254e-01 4.951097071170806885e-01
4.429344534873962402e-01 5.497990250587463379e-01
5.598552823066711426e-01 6.461982727050781250e-01
5.354812741279602051e-01 3.449261188507080078e-01
6.836298108100891113e-01 4.800945818424224854e-01
8.038997650146484375e-01 5.820705294609069824e-01
5.825392007827758789e-01 5.197255015373229980e-01
7.443693280220031738e-01 6.382391452789306641e-01
6.428092122077941895e-01 7.911583781242370605e-01
6.202328205108642578e-01 3.502106964588165283e-01
7.030516266822814941e-01 5.715425610542297363e-01
6.478548049926757812e-01 6.369596719741821289e-01
7.854856252670288086e-01 6.667922735214233398e-01
6.313283443450927734e-01 5.020565390586853027e-01
5.745579004287719727e-01 7.657825946807861328e-01
7.050947546958923340e-01 5.224933028221130371e-01
6.469349265098571777e-01 4.041584730148315430e-01
6.293097138404846191e-01 5.584334135055541992e-01
5.896350145339965820e-01 6.667115688323974609e-01
4.954827427864074707e-01 4.130229651927947998e-01
6.377326250076293945e-01 5.431932806968688965e-01
4.304871857166290283e-01 4.386321306228637695e-01
5.946355462074279785e-01 7.185622453689575195e-01
8.116578459739685059e-01 4.934437274932861328e-01
7.025850415229797363e-01 4.359528422355651855e-01
5.952327251434326172e-01 8.089876174926757812e-01
6.061387658119201660e-01 7.421976923942565918e-01
7.574935555458068848e-01 5.401634573936462402e-01
4.596404433250427246e-01 4.600047767162322998e-01
6.838873028755187988e-01 5.021444559097290039e-01
6.677862405776977539e-01 4.329915344715118408e-01
6.264275312423706055e-01 4.253858625888824463e-01
6.420577168464660645e-01 3.559100031852722168e-01
7.901676297187805176e-01 5.945580005645751953e-01
5.752810835838317871e-01 4.802066683769226074e-01
7.318930029869079590e-01 7.080729603767395020e-01
7.600360512733459473e-01 5.407134294509887695e-01
6.149893403053283691e-01 6.017406582832336426e-01
6.353922486305236816e-01 4.307461380958557129e-01
6.030949950218200684e-01 6.810887455940246582e-01
6.995960474014282227e-01 4.154989421367645264e-01
5.758988261222839355e-01 4.303143918514251709e-01
7.523133754730224609e-01 6.078580021858215332e-01
4.541206061840057373e-01 4.864783883094787598e-01
6.765703558921813965e-01 3.902676701545715332e-01
5.716193914413452148e-01 4.569987654685974121e-01
5.254229903221130371e-01 6.734939813613891602e-01
5.840890407562255859e-01 3.243905007839202881e-01
6.035124659538269043e-01 4.778878390789031982e-01
5.349767208099365234e-01 7.670837044715881348e-01
6.396517753601074219e-01 6.677438616752624512e-01
5.252659320831298828e-01 7.187574505805969238e-01
4.252226054668426514e-01 6.479544639587402344e-01
6.913200616836547852e-01 7.386915087699890137e-01
4.213743507862091064e-01 5.406203866004943848e-01
6.412356495857238770e-01 3.464448451995849609e-01
4.714039266109466553e-01 5.890358686447143555e-01
6.587749719619750977e-01 6.875537633895874023e-01
6.246055960655212402e-01 6.025711894035339355e-01
6.475817561149597168e-01 7.506584525108337402e-01
7.511889338493347168e-01 6.870184540748596191e-01
5.229820013046264648e-01 6.633283495903015137e-01
4.981667995452880859e-01 7.033652067184448242e-01
5.740103125572204590e-01 3.981848657131195068e-01
6.633107662200927734e-01 6.817749738693237305e-01
4.224427044391632080e-01 5.511949062347412109e-01
6.062322258949279785e-01 4.434866309165954590e-01
7.106058597564697266e-01 4.142452180385589600e-01
4.589225649833679199e-01 4.495483934879302979e-01
6.825711131095886230e-01 4.537412524223327637e-01
5.921571850776672363e-01 4.136667847633361816e-01
7.339697480201721191e-01 6.452307105064392090e-01
6.045625209808349609e-01 4.569140374660491943e-01
5.945412516593933105e-01 5.081006288528442383e-01
7.009608149528503418e-01 4.623409509658813477e-01
5.894178748130798340e-01 3.548914790153503418e-01
5.009204149246215820e-01 4.847888350486755371e-01
6.619772315025329590e-01 7.616341710090637207e-01
7.594560980796813965e-01 6.330853700637817383e-01
7.674058079719543457e-01 5.929388999938964844e-01
6.371493935585021973e-01 7.414935827255249023e-01
4.630454480648040771e-01 7.179398536682128906e-01
4.975808560848236084e-01 6.254265308380126953e-01
5.270000696182250977e-01 4.937929511070251465e-01
4.954873621463775635e-01 7.771140933036804199e-01
6.322843432426452637e-01 5.944977402687072754e-01
6.144987940788269043e-01 4.039351940155029297e-01
7.160843610763549805e-01 4.892572164535522461e-01
5.922933816909790039e-01 5.110173225402832031e-01
6.428183317184448242e-01 4.162687063217163086e-01
3.748476803302764893e-01 5.760799050331115723e-01
6.420809030532836914e-01 6.257359981536865234e-01
5.579853653907775879e-01 3.822533190250396729e-01
5.589100122451782227e-01 4.432897269725799561e-01
6.129700541496276855e-01 4.115388393402099609e-01
4.040238857269287109e-01 5.779636502265930176e-01
7.758195996284484863e-01 6.655162572860717773e-01
8.108124136924743652e-01 5.788333415985107422e-01
6.135455965995788574e-01 6.241373419761657715e-01
5.202523469924926758e-01 6.663876175880432129e-01
3.995083868503570557e-01 5.305693149566650391e-01
6.319143772125244141e-01 6.954629421234130859e-01
5.223237872123718262e-01 4.754918217658996582e-01
7.330008745193481445e-01 5.949510335922241211e-01
6.120315194129943848e-01 7.683993577957153320e-01
6.926886439323425293e-01 6.324076056480407715e-01
5.927658081054687500e-01 6.733531355857849121e-01
5.683379173278808594e-01 6.292862296104431152e-01
5.739507079124450684e-01 7.228150367736816406e-01
5.927559137344360352e-01 5.157665014266967773e-01
6.456237435340881348e-01 6.937749981880187988e-01
6.005624532699584961e-01 3.638767898082733154e-01
6.060280799865722656e-01 5.878139138221740723e-01
4.081423282623291016e-01 6.167176961898803711e-01
5.821348428726196289e-01 7.216739654541015625e-01
5.855605006217956543e-01 4.553277790546417236e-01
5.284964442253112793e-01 5.177119970321655273e-01
4.201956987380981445e-01 5.919499993324279785e-01
6.457450389862060547e-01 6.731127500534057617e-01
6.051916480064392090e-01 7.003086805343627930e-01
6.279802918434143066e-01 7.051512598991394043e-01
6.600929498672485352e-01 3.867386579513549805e-01
5.749918818473815918e-01 3.407608866691589355e-01
4.490503072738647461e-01 6.158012151718139648e-01
5.189861655235290527e-01 5.929501652717590332e-01
4.177933633327484131e-01 6.616451740264892578e-01
4.129346013069152832e-01 6.091929078102111816e-01
4.435452520847320557e-01 5.930558443069458008e-01
6.272798180580139160e-01 3.902473747730255127e-01
6.998105049133300781e-01 6.832486391067504883e-01
7.926282882690429688e-01 6.316993236541748047e-01
7.054836750030517578e-01 4.343731999397277832e-01
7.740052342414855957e-01 4.904409050941467285e-01
7.522013783454895020e-01 7.166804075241088867e-01
7.849138379096984863e-01 6.200503110885620117e-01
6.140413880348205566e-01 7.109251618385314941e-01
8.200381398200988770e-01 5.510818362236022949e-01
5.364157557487487793e-01 4.377295672893524170e-01
3.779830932617187500e-01 4.702204763889312744e-01
6.883623600006103516e-01 5.573384165763854980e-01
6.516745686531066895e-01 6.386629939079284668e-01
7.062702775001525879e-01 5.548635721206665039e-01
7.266846895217895508e-01 6.533330082893371582e-01
5.331422090530395508e-01 5.221800804138183594e-01
6.058914661407470703e-01 5.525462627410888672e-01
4.030588567256927490e-01 5.379571318626403809e-01
5.734096765518188477e-01 5.063768029212951660e-01
6.228106021881103516e-01 4.908308684825897217e-01
7.212349772453308105e-01 6.201207041740417480e-01
4.019678533077239990e-01 5.022606253623962402e-01
5.825761556625366211e-01 3.640289604663848877e-01
5.714005231857299805e-01 7.469773888587951660e-01
4.062089025974273682e-01 6.396156549453735352e-01
6.134009361267089844e-01 4.054979979991912842e-01
5.695735812187194824e-01 7.463420629501342773e-01
8.419208526611328125e-01 5.978488326072692871e-01
5.286877155303955078e-01 7.332822680473327637e-01
4.825433492660522461e-01 5.044867396354675293e-01
5.423652529716491699e-01 7.978523373603820801e-01
4.867360591888427734e-01 4.571061134338378906e-01
4.048215746879577637e-01 5.507672429084777832e-01
5.940537452697753906e-01 3.484643995761871338e-01
5.077790617942810059e-01 5.016830563545227051e-01
7.404296994209289551e-01 6.757924556732177734e-01
7.282783985137939453e-01 5.760988593101501465e-01
3.846461176872253418e-01 6.418088674545288086e-01
5.781825184822082520e-01 4.591877758502960205e-01
8.053895831108093262e-01 5.288092494010925293e-01
5.901533365249633789e-01 3.998686671257019043e-01
8.120064139366149902e-01 5.997055768966674805e-01
6.339285373687744141e-01 6.405495405197143555e-01
4.398804903030395508e-01 5.954735279083251953e-01
6.427417397499084473e-01 8.105963468551635742e-01
6.395019888877868652e-01 7.971845865249633789e-01
6.461213231086730957e-01 5.722842812538146973e-01
6.857484579086303711e-01 5.576248168945312500e-01
7.115389108657836914e-01 4.953064024448394775e-01
6.655779480934143066e-01 5.713248252868652344e-01
3.967924714088439941e-01 5.672397613525390625e-01
7.800636291503906250e-01 6.088896393775939941e-01
6.646806597709655762e-01 6.740535497665405273e-01
7.205438613891601562e-01 6.394126415252685547e-01
4.873865544795989990e-01 5.899193286895751953e-01
7.006382942199707031e-01 5.088799595832824707e-01
3.653838932514190674e-01 5.942525863647460938e-01
6.431851387023925781e-01 6.420437097549438477e-01
4.766252040863037109e-01 7.196239233016967773e-01
7.982242107391357422e-01 5.370111465454101562e-01
4.636358320713043213e-01 4.523521661758422852e-01
6.696942448616027832e-01 6.767324805259704590e-01
4.978351294994354248e-01 7.189255356788635254e-01
3.945793509483337402e-01 6.188311576843261719e-01
7.276735305786132812e-01 6.934681534767150879e-01
6.905076503753662109e-01 3.668709397315979004e-01
6.620613336563110352e-01 7.434573173522949219e-01
4.907185137271881104e-01 5.494462847709655762e-01
7.546564936637878418e-01 5.974894165992736816e-01
5.054679512977600098e-01 7.242215871810913086e-01
5.575274229049682617e-01 7.578878998756408691e-01
5.698239803314208984e-01 7.572410106658935547e-01
6.177526116371154785e-01 4.452595114707946777e-01
6.507264971733093262e-01 4.918429851531982422e-01
5.789784789085388184e-01 6.177616119384765625e-01
6.203930974006652832e-01 6.642224192619323730e-01
4.134335219860076904e-01 4.968851208686828613e-01
7.465149760246276855e-01 7.087082862854003906e-01
6.646261811256408691e-01 4.989903569221496582e-01
6.146393418312072754e-01 4.260640144348144531e-01
5.054609179496765137e-01 6.144105195999145508e-01
6.458854079246520996e-01 3.798563480377197266e-01
6.536319255828857422e-01 5.024949312210083008e-01
6.589418053627014160e-01 6.064574718475341797e-01
6.780159473419189453e-01 6.354879736900329590e-01
4.736899435520172119e-01 6.601771712303161621e-01
4.316566288471221924e-01 6.294735074043273926e-01
4.820764362812042236e-01 6.245638728141784668e-01
4.747316539287567139e-01 7.473343014717102051e-01
5.413859486579895020e-01 7.668478488922119141e-01
6.985238194465637207e-01 5.524219870567321777e-01
5.658304095268249512e-01 3.807207643985748291e-01
7.241241931915283203e-01 7.190218567848205566e-01
3.962858021259307861e-01 5.380061268806457520e-01
4.351471364498138428e-01 6.809594035148620605e-01
7.329432368278503418e-01 7.079841494560241699e-01
6.734858155250549316e-01 4.650404453277587891e-01
6.572389006614685059e-01 6.000348329544067383e-01
3.670970201492309570e-01 5.433313250541687012e-01
6.148890852928161621e-01 4.255599081516265869e-01
6.300654411315917969e-01 6.755002737045288086e-01
5.982645153999328613e-01 4.274957180023193359e-01
7.977524399757385254e-01 5.907070040702819824e-01
6.532658934593200684e-01 6.148595213890075684e-01
6.096014380455017090e-01 8.137473464012145996e-01
7.050451040267944336e-01 6.069745421409606934e-01
3.985430002212524414e-01 4.916079342365264893e-01
7.086191773414611816e-01 7.834225296974182129e-01
4.262027740478515625e-01 6.428488492965698242e-01
7.391195893287658691e-01 6.387638449668884277e-01
7.285491824150085449e-01 5.867924690246582031e-01
7.039758563041687012e-01 6.166296601295471191e-01
7.263031005859375000e-01 5.371737480163574219e-01
6.436944603919982910e-01 6.769882440567016602e-01
5.386105775833129883e-01 6.937029957771301270e-01
3.893202841281890869e-01 5.256726145744323730e-01
3.720187246799468994e-01 5.767114162445068359e-01
7.396662235260009766e-01 5.302849411964416504e-01
5.871635675430297852e-01 3.417877256870269775e-01
5.519626140594482422e-01 4.477515518665313721e-01
6.618930101394653320e-01 3.695597946643829346e-01
5.134223699569702148e-01 6.048824787139892578e-01
6.982330083847045898e-01 6.401840448379516602e-01
6.683055162429809570e-01 6.995055675506591797e-01
6.058632731437683105e-01 8.021060824394226074e-01
7.748594284057617188e-01 6.214887499809265137e-01
8.014109730720520020e-01 5.239951014518737793e-01
6.683504581451416016e-01 5.041763782501220703e-01
7.986905574798583984e-01 6.187932491302490234e-01
8.250830769538879395e-01 5.662353634834289551e-01
5.485745072364807129e-01 5.227693319320678711e-01
4.635536968708038330e-01 6.794639825820922852e-01
7.901424765586853027e-01 6.358593702316284180e-01
4.553047418594360352e-01 6.978567838668823242e-01
5.511640906333923340e-01 4.217528402805328369e-01
7.147988080978393555e-01 5.867724418640136719e-01
6.015892028808593750e-01 7.895433902740478516e-01
6.350641250610351562e-01 6.549044847488403320e-01
5.131393074989318848e-01 4.847129285335540771e-01
7.051227688789367676e-01 6.779618263244628906e-01
6.318222880363464355e-01 4.087225794792175293e-01
7.262073755264282227e-01 4.543487429618835449e-01
7.796919941902160645e-01 5.873842835426330566e-01
6.640038490295410156e-01 4.041002690792083740e-01
5.651454925537109375e-01 6.034768819808959961e-01
7.140271067619323730e-01 5.343064665794372559e-01
6.131001114845275879e-01 6.489431858062744141e-01
4.907790124416351318e-01 6.043127179145812988e-01
7.107324004173278809e-01 5.907678008079528809e-01
7.367851734161376953e-01 6.804628968238830566e-01
7.813004851341247559e-01 5.040142536163330078e-01
6.698473095893859863e-01 4.850090742111206055e-01
4.445684552192687988e-01 7.107473015785217285e-01
4.709807038307189941e-01 4.408547878265380859e-01
4.299508631229400635e-01 5.744427442550659180e-01
7.510631680488586426e-01 6.859415173530578613e-01
6.602080464363098145e-01 5.914928317070007324e-01
3.922738134860992432e-01 5.393095612525939941e-01
4.049461483955383301e-01 5.938354730606079102e-01
5.159542560577392578e-01 5.956495404243469238e-01
5.387638807296752930e-01 7.789682149887084961e-01
6.566418409347534180e-01 5.214490294456481934e-01
4.390364587306976318e-01 6.331771016120910645e-01
6.746137142181396484e-01 6.133520007133483887e-01
6.409080028533935547e-01 6.647561192512512207e-01
6.075057983398437500e-01 4.995968043804168701e-01
5.449561476707458496e-01 7.044592499732971191e-01
4.219775199890136719e-01 6.371666789054870605e-01
7.161049246788024902e-01 4.293024837970733643e-01
7.580571770668029785e-01 6.564385294914245605e-01
6.204373240470886230e-01 4.181149899959564209e-01
6.556079387664794922e-01 5.245011448860168457e-01
6.696134209632873535e-01 7.062264084815979004e-01
5.174246430397033691e-01 5.292179584503173828e-01
7.814507484436035156e-01 6.615625619888305664e-01
6.079855561256408691e-01 7.276371121406555176e-01
5.195789337158203125e-01 7.180820703506469727e-01
7.318926453590393066e-01 7.354720234870910645e-01
5.716023445129394531e-01 6.557223796844482422e-01
6.667059063911437988e-01 4.543171823024749756e-01
6.561548113822937012e-01 7.033467292785644531e-01
6.689544916152954102e-01 7.495765686035156250e-01
5.846142768859863281e-01 7.525891661643981934e-01
4.887576699256896973e-01 6.062382459640502930e-01
5.277169942855834961e-01 4.714865982532501221e-01
3.925413787364959717e-01 5.695276260375976562e-01
5.474676489830017090e-01 6.801379323005676270e-01
4.522333443164825439e-01 5.398454666137695312e-01
7.788669466972351074e-01 6.206048727035522461e-01
7.984687089920043945e-01 5.263202786445617676e-01
5.370135307312011719e-01 4.295526146888732910e-01
4.294501841068267822e-01 6.103621721267700195e-01
6.458333730697631836e-01 5.198138356208801270e-01
6.445772051811218262e-01 7.165789604187011719e-01
5.030229091644287109e-01 6.592602133750915527e-01
5.985003709793090820e-01 4.480640888214111328e-01
6.417419314384460449e-01 7.433140277862548828e-01
5.924550294876098633e-01 5.644657611846923828e-01
5.787038207054138184e-01 5.456762313842773438e-01
5.659809112548828125e-01 7.622851133346557617e-01
7.458468675613403320e-01 6.230452656745910645e-01
6.074063181877136230e-01 7.557804584503173828e-01
6.271824836730957031e-01 7.329522371292114258e-01
4.265074431896209717e-01 6.394183635711669922e-01
4.466845989227294922e-01 4.924466013908386230e-01
5.623963475227355957e-01 8.115516901016235352e-01
6.286021471023559570e-01 7.468659281730651855e-01
6.427130103111267090e-01 4.449889957904815674e-01
5.730984210968017578e-01 3.657332360744476318e-01
5.161513090133666992e-01 7.610080838203430176e-01
4.781688451766967773e-01 6.641333699226379395e-01
7.476835846900939941e-01 6.481755971908569336e-01
7.747605443000793457e-01 6.889415383338928223e-01
6.004306674003601074e-01 5.328526496887207031e-01
8.068081736564636230e-01 5.179979205131530762e-01
6.118182539939880371e-01 7.227893471717834473e-01
5.744433999061584473e-01 7.444000244140625000e-01
4.562970399856567383e-01 7.191424965858459473e-01
5.322738885879516602e-01 6.802694201469421387e-01
5.483320951461791992e-01 7.109276652336120605e-01
6.302968859672546387e-01 7.481075525283813477e-01
6.046964526176452637e-01 3.821839690208435059e-01
7.735003829002380371e-01 6.043778657913208008e-01
5.438748002052307129e-01 6.233032345771789551e-01
5.563073158264160156e-01 6.856874227523803711e-01
7.405370473861694336e-01 4.887361526489257812e-01
5.899717807769775391e-01 5.436391234397888184e-01
6.218568086624145508e-01 5.920683145523071289e-01
3.760397136211395264e-01 5.135560035705566406e-01
6.180028915405273438e-01 4.265675246715545654e-01
6.364801526069641113e-01 4.832057952880859375e-01
4.396129250526428223e-01 5.257300138473510742e-01
5.511785149574279785e-01 7.832010388374328613e-01
6.083198189735412598e-01 4.423892498016357422e-01
6.459324359893798828e-01 4.552592039108276367e-01
4.369765222072601318e-01 5.397191047668457031e-01
5.311875939369201660e-01 7.047772407531738281e-01
3.916503787040710449e-01 4.931490421295166016e-01
5.367313623428344727e-01 3.884177505970001221e-01
4.267687201499938965e-01 6.380391120910644531e-01
7.482973337173461914e-01 4.672792851924896240e-01
3.981566429138183594e-01 5.826964974403381348e-01
4.486738443374633789e-01 7.239286303520202637e-01
3.450706601142883301e-01 5.663994550704956055e-01
5.431908369064331055e-01 6.168081164360046387e-01
4.516023397445678711e-01 6.804884076118469238e-01
5.324316620826721191e-01 6.532830595970153809e-01
4.242277145385742188e-01 5.021694898605346680e-01
3.543570041656494141e-01 5.563601255416870117e-01
4.212649762630462646e-01 6.499528288841247559e-01
6.190971732139587402e-01 3.688380420207977295e-01
5.919525027275085449e-01 5.382120013236999512e-01
4.151790142059326172e-01 5.009944438934326172e-01
7.382550835609436035e-01 5.522242188453674316e-01
6.144267320632934570e-01 4.266772568225860596e-01
7.607424259185791016e-01 6.343767642974853516e-01
7.358325719833374023e-01 6.594896316528320312e-01
4.781592786312103271e-01 4.971898496150970459e-01
6.698009371757507324e-01 5.254694819450378418e-01
6.651188135147094727e-01 6.151754260063171387e-01
4.289027154445648193e-01 6.007902026176452637e-01
5.708284974098205566e-01 6.334276199340820312e-01
8.247537016868591309e-01 5.415329337120056152e-01
6.199316978454589844e-01 7.049723267555236816e-01
6.376728415489196777e-01 5.210074782371520996e-01
6.466220021247863770e-01 4.206436872482299805e-01
4.323320090770721436e-01 5.672525167465209961e-01
5.946974754333496094e-01 5.496748089790344238e-01
6.090589165687561035e-01 5.595892071723937988e-01
7.038838267326354980e-01 4.368365705013275146e-01
5.564953088760375977e-01 4.951958656311035156e-01
5.657733678817749023e-01 3.393999636173248291e-01
5.721068382263183594e-01 3.986387252807617188e-01
7.678135037422180176e-01 5.134687423706054688e-01
4.526705443859100342e-01 5.805587172508239746e-01
7.551438808441162109e-01 6.943712830543518066e-01
6.785896420478820801e-01 5.508060455322265625e-01
6.013875007629394531e-01 4.984062314033508301e-01
6.779037117958068848e-01 6.696655154228210449e-01
7.108321785926818848e-01 6.887599229812622070e-01
5.671169757843017578e-01 4.292174577713012695e-01
4.486836791038513184e-01 4.940923452377319336e-01
6.121602058410644531e-01 5.777745246887207031e-01
5.162881016731262207e-01 7.259827256202697754e-01
5.525140166282653809e-01 4.956964552402496338e-01
5.308149456977844238e-01 4.420534968376159668e-01
7.410358786582946777e-01 6.215119361877441406e-01
7.204694747924804688e-01 5.068861842155456543e-01
4.479102194309234619e-01 6.217318177223205566e-01
5.672373175621032715e-01 7.604973912239074707e-01
6.010271906852722168e-01 4.607403278350830078e-01
5.875281691551208496e-01 7.622107267379760742e-01
8.567311167716979980e-01 5.994162559509277344e-01
8.066708445549011230e-01 5.907796025276184082e-01
5.815939903259277344e-01 5.707275867462158203e-01
3.989268541336059570e-01 5.229825973510742188e-01
6.548905372619628906e-01 5.730710625648498535e-01
6.042446494102478027e-01 5.544345378875732422e-01
4.965895712375640869e-01 6.348444223403930664e-01
6.071482896804809570e-01 7.128943204879760742e-01
7.144554257392883301e-01 5.335815548896789551e-01
6.074365973472595215e-01 3.673423230648040771e-01
3.577522039413452148e-01 5.161640048027038574e-01
4.862993061542510986e-01 5.461601018905639648e-01
6.348873972892761230e-01 4.302569329738616943e-01
4.499876201152801514e-01 6.619776487350463867e-01
6.209248900413513184e-01 5.387775897979736328e-01
7.697302103042602539e-01 5.092175602912902832e-01
8.169305920600891113e-01 6.108483076095581055e-01
7.267229557037353516e-01 5.729796290397644043e-01
5.174950957298278809e-01 7.513051033020019531e-01
5.944773554801940918e-01 7.898426651954650879e-01
4.257092475891113281e-01 5.309000015258789062e-01
4.758607745170593262e-01 6.564350128173828125e-01
7.538108229637145996e-01 5.125367641448974609e-01
5.328846573829650879e-01 7.602210640907287598e-01
3.901836276054382324e-01 5.878876447677612305e-01
4.338743388652801514e-01 6.071621775627136230e-01
7.316668033599853516e-01 5.231625437736511230e-01
4.987265169620513916e-01 7.085196971893310547e-01
7.273618578910827637e-01 5.493687391281127930e-01
4.465551674365997314e-01 6.899352669715881348e-01
6.724385619163513184e-01 3.962936997413635254e-01
6.794585585594177246e-01 6.881697177886962891e-01
5.158593058586120605e-01 5.779474377632141113e-01
7.393626570701599121e-01 7.008866667747497559e-01
6.908897161483764648e-01 5.556051731109619141e-01
6.465465426445007324e-01 4.601928889751434326e-01
6.177349686622619629e-01 5.987835526466369629e-01
5.113791227340698242e-01 7.723554968833923340e-01
8.153542876243591309e-01 5.310289263725280762e-01
6.887757182121276855e-01 4.956814944744110107e-01
7.675623297691345215e-01 6.924271583557128906e-01
3.768995404243469238e-01 5.536774992942810059e-01
5.875985026359558105e-01 7.205747961997985840e-01
6.910138726234436035e-01 6.159834861755371094e-01
7.013586163520812988e-01 6.465135216712951660e-01
3.862196505069732666e-01 5.427652597427368164e-01
7.067043185234069824e-01 6.342581510543823242e-01
4.932847023010253906e-01 4.507731795310974121e-01
5.828033685684204102e-01 5.896550416946411133e-01
6.986426115036010742e-01 5.021936893463134766e-01
7.747293114662170410e-01 6.144877076148986816e-01
5.414566397666931152e-01 7.430170178413391113e-01
6.338030099868774414e-01 7.457094788551330566e-01
6.060910224914550781e-01 4.846312105655670166e-01
4.970482289791107178e-01 4.635944664478302002e-01
5.078055858612060547e-01 6.919913291931152344e-01
7.406325936317443848e-01 5.872725844383239746e-01
6.917978525161743164e-01 6.876407265663146973e-01
6.353316307067871094e-01 7.151892185211181641e-01
5.793596506118774414e-01 7.668426036834716797e-01
6.666344404220581055e-01 7.417933940887451172e-01
4.473064839839935303e-01 6.572248339653015137e-01
3.885971903800964355e-01 5.998769402503967285e-01
7.946347594261169434e-01 5.450409650802612305e-01
6.555869579315185547e-01 3.739444613456726074e-01
6.991750597953796387e-01 5.788905024528503418e-01
5.587925910949707031e-01 6.079114675521850586e-01
5.735521912574768066e-01 3.827035129070281982e-01
7.104838490486145020e-01 4.029976129531860352e-01
4.993775486946105957e-01 5.622813701629638672e-01
3.651593327522277832e-01 5.387584567070007324e-01
6.012978553771972656e-01 4.495619237422943115e-01
6.057121157646179199e-01 6.299829483032226562e-01
7.331209778785705566e-01 4.973923265933990479e-01
5.932110548019409180e-01 3.362300395965576172e-01
5.249521732330322266e-01 6.353490948677062988e-01
5.398831963539123535e-01 7.371114492416381836e-01
6.697249412536621094e-01 4.455115199089050293e-01
4.525489509105682373e-01 5.007905960083007812e-01
4.185441136360168457e-01 4.736210405826568604e-01
5.668609738349914551e-01 3.902558088302612305e-01
4.216185212135314941e-01 5.524598360061645508e-01
4.903571903705596924e-01 4.737910628318786621e-01
6.216220259666442871e-01 7.574469447135925293e-01
8.289636373519897461e-01 6.238883137702941895e-01
4.584003984928131104e-01 4.917283356189727783e-01
5.745994448661804199e-01 6.585201621055603027e-01
4.095301628112792969e-01 5.170333385467529297e-01
6.112774610519409180e-01 7.464284896850585938e-01
5.063260197639465332e-01 5.635497570037841797e-01
4.415658116340637207e-01 7.208749651908874512e-01
5.815597772598266602e-01 7.979726791381835938e-01
5.709041357040405273e-01 4.517773687839508057e-01
6.689122915267944336e-01 7.633371949195861816e-01
7.230624556541442871e-01 4.307492077350616455e-01
3.836695253849029541e-01 5.556154251098632812e-01
7.387071251869201660e-01 5.663504600524902344e-01
3.905933499336242676e-01 6.480755209922790527e-01
6.733710169792175293e-01 4.249196350574493408e-01
5.574232935905456543e-01 4.664255082607269287e-01
6.353554725646972656e-01 7.535756230354309082e-01
4.731159806251525879e-01 6.260421276092529297e-01
6.889473795890808105e-01 4.815831184387207031e-01
7.885979413986206055e-01 6.347360014915466309e-01
6.301999688148498535e-01 3.679413199424743652e-01
6.156230568885803223e-01 7.095483541488647461e-01
6.509500145912170410e-01 5.290101170539855957e-01
6.039764881134033203e-01 4.980235397815704346e-01
6.369666457176208496e-01 7.173268795013427734e-01
7.818273901939392090e-01 6.167125701904296875e-01
7.160326242446899414e-01 4.826621115207672119e-01
4.297089576721191406e-01 6.168906092643737793e-01
5.703041553497314453e-01 7.595150470733642578e-01
4.492827951908111572e-01 6.106691360473632812e-01
5.722950100898742676e-01 5.190886259078979492e-01
4.479288160800933838e-01 6.507265567779541016e-01
7.067481279373168945e-01 4.433019459247589111e-01
7.406983375549316406e-01 5.285437107086181641e-01
7.267143130302429199e-01 6.024848818778991699e-01
5.578606724739074707e-01 4.868454039096832275e-01
4.209570586681365967e-01 5.766225457191467285e-01
5.686134099960327148e-01 6.177750229835510254e-01
6.188601851463317871e-01 7.485186457633972168e-01
5.072899460792541504e-01 7.527537345886230469e-01
7.028223276138305664e-01 5.785098075866699219e-01
6.722309589385986328e-01 7.302396297454833984e-01
5.320938229560852051e-01 4.830495715141296387e-01
5.843883156776428223e-01 7.012670040130615234e-01
4.216165840625762939e-01 6.928824782371520996e-01
5.043226480484008789e-01 6.013308167457580566e-01
7.046358585357666016e-01 6.903792023658752441e-01
4.950874149799346924e-01 5.858976244926452637e-01
5.047929883003234863e-01 4.390412867069244385e-01
5.868779420852661133e-01 3.964538276195526123e-01
6.879628300666809082e-01 4.225184321403503418e-01
6.460389494895935059e-01 7.338235974311828613e-01
5.566965937614440918e-01 4.823110997676849365e-01
6.411422491073608398e-01 6.835622191429138184e-01
5.708054304122924805e-01 7.700264453887939453e-01
3.716022074222564697e-01 5.858333110809326172e-01
7.009904980659484863e-01 7.249829173088073730e-01
4.614073038101196289e-01 5.863121747970581055e-01
6.652658581733703613e-01 6.127610206604003906e-01
7.302446961402893066e-01 6.563758254051208496e-01
4.825342595577239990e-01 4.221428334712982178e-01
7.783620953559875488e-01 6.344166994094848633e-01
4.557850360870361328e-01 7.098981738090515137e-01
6.994886994361877441e-01 5.028708577156066895e-01
3.921623826026916504e-01 5.685882568359375000e-01
6.023803949356079102e-01 4.848816394805908203e-01
5.569503903388977051e-01 6.424639821052551270e-01
5.359058976173400879e-01 3.886550664901733398e-01
5.458460450172424316e-01 7.183592319488525391e-01
5.476099252700805664e-01 6.475047469139099121e-01
6.225277185440063477e-01 5.777209401130676270e-01
7.062739133834838867e-01 4.663247168064117432e-01
4.485274255275726318e-01 4.402608871459960938e-01
6.814112663269042969e-01 5.396788716316223145e-01
4.378792047500610352e-01 5.075132846832275391e-01
5.814231038093566895e-01 4.011598825454711914e-01
6.247735619544982910e-01 5.459381937980651855e-01
4.708759188652038574e-01 6.889573931694030762e-01
4.293040335178375244e-01 4.885222911834716797e-01
6.945958733558654785e-01 4.222180247306823730e-01
3.906025886535644531e-01 5.135615468025207520e-01
4.582021236419677734e-01 6.146805286407470703e-01
4.007490575313568115e-01 6.324219703674316406e-01
4.722711443901062012e-01 7.110354900360107422e-01
7.273322343826293945e-01 6.392219066619873047e-01
7.121717929840087891e-01 4.877634048461914062e-01
6.239456534385681152e-01 6.741666793823242188e-01
5.520225763320922852e-01 4.616028368473052979e-01
7.156152129173278809e-01 4.577853381633758545e-01
5.900311470031738281e-01 6.386826634407043457e-01
6.775782704353332520e-01 7.695187330245971680e-01
5.964442491531372070e-01 5.174098014831542969e-01
4.629327952861785889e-01 6.478364467620849609e-01
7.895235419273376465e-01 5.935565233230590820e-01
5.691335797309875488e-01 6.744343638420104980e-01
4.626369178295135498e-01 6.381108164787292480e-01
8.032130599021911621e-01 5.420454740524291992e-01
5.809553861618041992e-01 4.205524623394012451e-01
4.655946195125579834e-01 4.948502182960510254e-01
6.483917832374572754e-01 8.036700487136840820e-01
5.568581223487854004e-01 3.677574694156646729e-01
4.666445553302764893e-01 7.219955921173095703e-01
5.170134902000427246e-01 4.768980145454406738e-01
5.478344559669494629e-01 5.312686562538146973e-01
4.571157097816467285e-01 6.183994412422180176e-01
5.780960321426391602e-01 3.723198175430297852e-01
3.838821649551391602e-01 5.702363252639770508e-01
7.936553359031677246e-01 6.073345541954040527e-01
4.609333574771881104e-01 7.054516673088073730e-01
3.763411045074462891e-01 5.594637393951416016e-01
4.927563667297363281e-01 6.596211791038513184e-01
5.860830545425415039e-01 7.643674612045288086e-01
5.726151466369628906e-01 3.756907582283020020e-01
4.119276702404022217e-01 5.128795504570007324e-01
6.392539143562316895e-01 3.665993213653564453e-01
5.393699407577514648e-01 5.501859188079833984e-01
5.095632076263427734e-01 7.418419122695922852e-01
5.214666724205017090e-01 7.293556332588195801e-01
6.586181521415710449e-01 5.140539407730102539e-01
5.965821146965026855e-01 7.470564842224121094e-01
5.032798051834106445e-01 7.034621238708496094e-01
6.062396764755249023e-01 6.578416228294372559e-01
6.723379492759704590e-01 6.476582288742065430e-01
7.259694337844848633e-01 5.422562360763549805e-01
5.801520347595214844e-01 4.491077661514282227e-01
6.369037032127380371e-01 6.151482462882995605e-01
5.312695503234863281e-01 7.395379543304443359e-01
4.590182006359100342e-01 4.620909094810485840e-01
7.268154025077819824e-01 6.265026926994323730e-01
5.976353287696838379e-01 7.739155292510986328e-01
7.132122516632080078e-01 4.671337604522705078e-01
6.945611834526062012e-01 7.366781234741210938e-01
4.379110038280487061e-01 5.235752463340759277e-01
6.390867233276367188e-01 4.111433923244476318e-01
4.546571373939514160e-01 7.195370197296142578e-01
6.356273889541625977e-01 3.900527060031890869e-01
6.273310184478759766e-01 3.637087345123291016e-01
4.229911565780639648e-01 6.011459827423095703e-01
5.384802818298339844e-01 4.220858514308929443e-01
4.026165902614593506e-01 5.764847993850708008e-01
4.194419980049133301e-01 5.423975586891174316e-01
4.466758072376251221e-01 6.018858551979064941e-01
5.821214914321899414e-01 4.274878501892089844e-01
7.482490539550781250e-01 6.552113294601440430e-01
6.757754683494567871e-01 4.704197943210601807e-01
5.048220157623291016e-01 7.147955894470214844e-01
6.781027913093566895e-01 6.707365512847900391e-01
7.281938791275024414e-01 5.302635431289672852e-01
6.193608045578002930e-01 5.319718122482299805e-01
6.484239101409912109e-01 6.208816766738891602e-01
6.361546516418457031e-01 4.233628213405609131e-01
4.605299830436706543e-01 5.867682099342346191e-01
5.610790252685546875e-01 5.518218278884887695e-01
4.878054261207580566e-01 5.991223454475402832e-01
4.579309821128845215e-01 5.128431916236877441e-01
4.996978044509887695e-01 5.027993917465209961e-01
6.621847748756408691e-01 6.258699297904968262e-01
5.777996182441711426e-01 7.730307579040527344e-01
4.587444961071014404e-01 5.256947278976440430e-01
5.459556579589843750e-01 6.762290000915527344e-01
4.307514131069183350e-01 5.560904741287231445e-01
6.505913138389587402e-01 5.543833374977111816e-01
4.291548430919647217e-01 5.706844925880432129e-01
4.787917733192443848e-01 7.318174839019775391e-01
5.394098162651062012e-01 6.539586186408996582e-01
7.392817139625549316e-01 4.561755955219268799e-01
6.118362545967102051e-01 5.925886631011962891e-01
5.556664466857910156e-01 5.926591157913208008e-01
4.118573963642120361e-01 5.046011209487915039e-01
6.630696058273315430e-01 5.430548191070556641e-01
6.791567206382751465e-01 5.321586132049560547e-01
5.626877546310424805e-01 7.343541383743286133e-01
4.146304726600646973e-01 5.722813010215759277e-01
4.975861608982086182e-01 6.331278085708618164e-01
5.948933959007263184e-01 3.744133114814758301e-01
7.205609679222106934e-01 6.398154497146606445e-01
5.274418592453002930e-01 4.356673955917358398e-01
7.852528095245361328e-01 6.981933712959289551e-01
5.903553366661071777e-01 7.672245502471923828e-01
7.097150087356567383e-01 6.294130086898803711e-01
5.642254352569580078e-01 6.713588237762451172e-01
4.617288112640380859e-01 5.351343750953674316e-01
7.925581336021423340e-01 5.960948467254638672e-01
5.338979959487915039e-01 5.018261075019836426e-01
6.277550458908081055e-01 5.498363971710205078e-01
7.791820764541625977e-01 5.940129756927490234e-01
7.911220788955688477e-01 6.504465341567993164e-01
5.283222198486328125e-01 6.837322115898132324e-01
7.787141203880310059e-01 5.593290328979492188e-01
5.841150879859924316e-01 3.975960910320281982e-01
6.568505167961120605e-01 7.417290806770324707e-01
4.389860928058624268e-01 7.321203947067260742e-01
6.982087492942810059e-01 4.007185399532318115e-01
5.211560130119323730e-01 4.059530496597290039e-01
6.724907755851745605e-01 6.519242525100708008e-01
7.874948978424072266e-01 5.564801096916198730e-01
7.446864247322082520e-01 5.116045475006103516e-01
4.220294654369354248e-01 5.483761429786682129e-01
6.937444806098937988e-01 4.556843042373657227e-01
5.613139867782592773e-01 7.411889433860778809e-01
5.935819745063781738e-01 6.791484355926513672e-01
4.838921427726745605e-01 7.393610477447509766e-01
3.743578791618347168e-01 5.850325822830200195e-01
7.059456110000610352e-01 5.101820826530456543e-01
5.723807811737060547e-01 6.320094466209411621e-01
8.069713711738586426e-01 6.064981818199157715e-01
4.058891534805297852e-01 5.473347306251525879e-01
6.603311300277709961e-01 5.370284318923950195e-01
5.089947581291198730e-01 4.298190176486968994e-01
4.372241795063018799e-01 7.106249928474426270e-01
4.939680099487304688e-01 7.177157402038574219e-01
5.574936866760253906e-01 5.448037385940551758e-01
6.985941529273986816e-01 7.205021381378173828e-01
5.439082980155944824e-01 5.167846083641052246e-01
7.017825245857238770e-01 7.154167890548706055e-01
6.451236009597778320e-01 6.703798174858093262e-01
4.156579375267028809e-01 5.743297338485717773e-01
6.548199057579040527e-01 5.125659704208374023e-01
5.139018893241882324e-01 5.878078937530517578e-01
5.018123984336853027e-01 6.707417964935302734e-01
6.837823390960693359e-01 7.428218722343444824e-01
5.767235755920410156e-01 3.521648943424224854e-01
3.866423368453979492e-01 5.712992548942565918e-01
4.239989221096038818e-01 5.834954380989074707e-01
7.552354335784912109e-01 5.259298086166381836e-01
4.682725667953491211e-01 6.692270636558532715e-01
4.689812064170837402e-01 6.519150733947753906e-01
7.701736092567443848e-01 4.744933545589447021e-01
4.254470169544219971e-01 5.083553791046142578e-01
5.723838806152343750e-01 3.900164365768432617e-01
6.212493181228637695e-01 4.145216345787048340e-01
6.104730367660522461e-01 5.459923148155212402e-01
4.393902122974395752e-01 6.471453905105590820e-01
5.105075836181640625e-01 5.237928628921508789e-01
5.297727584838867188e-01 7.735820412635803223e-01
4.715101420879364014e-01 5.113469958305358887e-01
4.503230750560760498e-01 6.882769465446472168e-01
6.428444981575012207e-01 5.619056820869445801e-01
6.538996100425720215e-01 6.173822879791259766e-01
5.734428167343139648e-01 5.565805435180664062e-01
4.600241780281066895e-01 6.215514540672302246e-01
4.191739857196807861e-01 5.235304832458496094e-01
7.568463087081909180e-01 6.158989667892456055e-01
4.223990738391876221e-01 4.865283668041229248e-01
4.610799849033355713e-01 7.135191559791564941e-01
5.520757436752319336e-01 5.098646879196166992e-01
5.730357170104980469e-01 3.400205969810485840e-01
6.633250713348388672e-01 5.155586600303649902e-01
5.502634048461914062e-01 6.299210786819458008e-01
6.400590538978576660e-01 7.892767190933227539e-01
5.424219965934753418e-01 5.809459090232849121e-01
7.664700746536254883e-01 7.050219774246215820e-01
7.870252728462219238e-01 6.558833718299865723e-01
5.859288573265075684e-01 6.559910774230957031e-01
3.884712755680084229e-01 5.556727647781372070e-01
5.189168453216552734e-01 5.760726928710937500e-01
4.755432903766632080e-01 4.211378395557403564e-01
6.645938158035278320e-01 7.209175229072570801e-01
6.808950901031494141e-01 6.182193160057067871e-01
4.270574152469635010e-01 5.325933694839477539e-01
6.602980494499206543e-01 7.117567658424377441e-01
6.471797227859497070e-01 6.446980237960815430e-01
4.908621907234191895e-01 7.300087809562683105e-01
4.579161405563354492e-01 5.435635447502136230e-01
4.646622836589813232e-01 4.657924175262451172e-01
4.247819781303405762e-01 4.309566020965576172e-01
7.552283406257629395e-01 6.002501249313354492e-01
6.881549954414367676e-01 6.477341651916503906e-01
7.386613488197326660e-01 5.089560747146606445e-01
6.948739886283874512e-01 6.431885361671447754e-01
6.064619421958923340e-01 6.892318725585937500e-01
6.400312781333923340e-01 3.508495688438415527e-01
8.394415378570556641e-01 5.767937302589416504e-01
6.569712162017822266e-01 6.152928471565246582e-01
6.695569753646850586e-01 7.476550936698913574e-01
6.266503334045410156e-01 3.872696757316589355e-01
4.973720014095306396e-01 5.764070749282836914e-01
6.251428723335266113e-01 6.836527585983276367e-01
6.893303394317626953e-01 5.040315985679626465e-01
5.656381249427795410e-01 7.400532364845275879e-01
6.361421942710876465e-01 4.298888444900512695e-01
7.811929583549499512e-01 5.704746246337890625e-01
7.388877272605895996e-01 7.108233571052551270e-01
4.542733430862426758e-01 5.435026884078979492e-01
6.570290923118591309e-01 7.271433472633361816e-01
5.493546128273010254e-01 4.833625853061676025e-01
6.760143637657165527e-01 4.989981651306152344e-01
7.829052209854125977e-01 6.583310365676879883e-01
5.306954383850097656e-01 7.921866774559020996e-01
5.545097589492797852e-01 7.745283246040344238e-01
5.036394000053405762e-01 7.185482382774353027e-01
6.011113524436950684e-01 3.903393745422363281e-01
6.548064351081848145e-01 4.390506148338317871e-01
5.397022962570190430e-01 7.281099557876586914e-01
4.958259165287017822e-01 6.403438448905944824e-01
6.739553809165954590e-01 6.627579331398010254e-01
6.882027983665466309e-01 4.701579213142395020e-01
5.422341823577880859e-01 4.458501935005187988e-01
6.138819456100463867e-01 4.101344645023345947e-01
6.337432265281677246e-01 8.186076879501342773e-01
6.370379328727722168e-01 6.723633408546447754e-01
5.991945862770080566e-01 3.985610604286193848e-01
6.758780479431152344e-01 5.007709860801696777e-01
5.490555167198181152e-01 7.400541901588439941e-01
5.676968693733215332e-01 4.619183540344238281e-01
6.154091954231262207e-01 3.756217658519744873e-01
5.704291462898254395e-01 6.506406664848327637e-01
4.011467397212982178e-01 5.698893070220947266e-01
6.463316082954406738e-01 8.074095249176025391e-01
5.896816849708557129e-01 3.707308173179626465e-01
7.754171490669250488e-01 5.039135813713073730e-01
4.326734244823455811e-01 6.142646670341491699e-01
5.943647027015686035e-01 5.270547866821289062e-01
7.472910881042480469e-01 7.016935348510742188e-01
4.675999879837036133e-01 6.079939007759094238e-01
6.808214187622070312e-01 5.522980093955993652e-01
6.864172220230102539e-01 4.807130396366119385e-01
4.086444377899169922e-01 7.030348181724548340e-01
6.034159660339355469e-01 6.229470968246459961e-01
6.661002635955810547e-01 7.711244821548461914e-01
5.844439268112182617e-01 6.964913606643676758e-01
7.121326327323913574e-01 5.998842120170593262e-01
4.057604372501373291e-01 5.105930566787719727e-01
3.858124911785125732e-01 5.721505880355834961e-01
5.822132229804992676e-01 5.040035843849182129e-01
7.970681190490722656e-01 6.250731348991394043e-01
5.002866983413696289e-01 7.365508675575256348e-01
4.106889069080352783e-01 6.767290234565734863e-01
4.412485063076019287e-01 5.210700035095214844e-01
6.833477616310119629e-01 5.028370618820190430e-01
5.562763810157775879e-01 6.779319643974304199e-01
3.974417448043823242e-01 5.260018706321716309e-01
4.336107075214385986e-01 6.434299349784851074e-01
5.286216735839843750e-01 6.150989532470703125e-01
8.311964273452758789e-01 5.966968536376953125e-01
3.954343497753143311e-01 5.794454813003540039e-01
6.587466001510620117e-01 6.216605901718139648e-01
5.485181808471679688e-01 6.499550342559814453e-01
5.751583576202392578e-01 6.926690340042114258e-01
6.636185646057128906e-01 6.868872642517089844e-01
4.579611718654632568e-01 4.262841939926147461e-01
6.324265599250793457e-01 7.731487751007080078e-01
6.149237155914306641e-01 6.266400814056396484e-01
5.699985027313232422e-01 4.127303063869476318e-01
4.782001972198486328e-01 5.678603649139404297e-01
5.124368667602539062e-01 5.608441233634948730e-01
4.712598919868469238e-01 6.866545081138610840e-01
5.324229598045349121e-01 7.065607309341430664e-01
6.734268665313720703e-01 7.202723026275634766e-01
4.618708789348602295e-01 5.332846641540527344e-01
4.758975803852081299e-01 4.818574190139770508e-01
7.941277027130126953e-01 5.500591397285461426e-01
4.663142859935760498e-01 5.499434471130371094e-01
4.937077760696411133e-01 4.703388214111328125e-01
4.547684192657470703e-01 4.873634278774261475e-01
6.318497657775878906e-01 4.815898239612579346e-01
5.182767510414123535e-01 7.622540593147277832e-01
7.287861704826354980e-01 6.991996765136718750e-01
4.433179497718811035e-01 6.028224229812622070e-01
5.024186372756958008e-01 6.996819376945495605e-01
5.742059350013732910e-01 6.040957570075988770e-01
5.351355671882629395e-01 6.056683063507080078e-01
3.906216919422149658e-01 5.127810239791870117e-01
7.652744650840759277e-01 5.118196606636047363e-01
5.266700983047485352e-01 5.963784456253051758e-01
7.091943025588989258e-01 4.991905093193054199e-01
6.202757358551025391e-01 3.779243826866149902e-01
4.718916714191436768e-01 7.272763848304748535e-01
5.911450386047363281e-01 5.085858702659606934e-01
5.871418118476867676e-01 4.433751106262207031e-01
7.204864621162414551e-01 7.521834969520568848e-01
4.061847925186157227e-01 5.518411397933959961e-01
6.268569827079772949e-01 4.006427526473999023e-01
5.137355327606201172e-01 7.575092911720275879e-01
5.335217118263244629e-01 4.170871675014495850e-01
6.024406552314758301e-01 6.808004975318908691e-01
6.119119524955749512e-01 4.131905436515808105e-01
7.248097062110900879e-01 5.106350779533386230e-01
4.408531486988067627e-01 4.688384234905242920e-01
6.594177484512329102e-01 6.535748243331909180e-01
7.639175057411193848e-01 4.755943417549133301e-01
7.461106181144714355e-01 5.181189179420471191e-01
6.051018238067626953e-01 5.381389856338500977e-01
3.738619089126586914e-01 5.700613856315612793e-01
6.132168173789978027e-01 7.103526592254638672e-01
5.877162814140319824e-01 8.198707103729248047e-01
6.142644882202148438e-01 8.091707825660705566e-01
4.809108674526214600e-01 6.422724127769470215e-01
7.679745554924011230e-01 6.207046508789062500e-01
6.448578238487243652e-01 5.666539072990417480e-01
6.977384686470031738e-01 6.785332560539245605e-01
6.298417448997497559e-01 7.541466355323791504e-01
6.516954898834228516e-01 4.586779773235321045e-01
5.060676336288452148e-01 7.492162585258483887e-01
6.145666241645812988e-01 6.505640745162963867e-01
6.816146969795227051e-01 5.737202763557434082e-01
5.004280805587768555e-01 6.596701741218566895e-01
7.619162797927856445e-01 6.488122344017028809e-01
6.277391910552978516e-01 7.581118941307067871e-01
4.893901944160461426e-01 5.773103237152099609e-01
3.922584354877471924e-01 5.878734588623046875e-01
5.734916329383850098e-01 7.834142446517944336e-01
7.880208492279052734e-01 6.333706974983215332e-01
4.792864918708801270e-01 6.550157666206359863e-01
4.678989052772521973e-01 6.140335202217102051e-01
6.298491954803466797e-01 7.527264356613159180e-01
5.490046143531799316e-01 7.153201103210449219e-01
4.318065941333770752e-01 5.876285433769226074e-01
6.145443320274353027e-01 4.130171835422515869e-01
6.171917319297790527e-01 5.744543075561523438e-01
6.714183092117309570e-01 6.477487087249755859e-01
5.527261495590209961e-01 8.007293939590454102e-01
4.573073685169219971e-01 4.665848016738891602e-01
5.552331209182739258e-01 7.124938368797302246e-01
7.832100987434387207e-01 6.915913820266723633e-01
4.350633323192596436e-01 5.795027017593383789e-01
3.851615190505981445e-01 5.327717065811157227e-01
3.893934190273284912e-01 5.205871462821960449e-01
6.089037656784057617e-01 6.019227504730224609e-01
5.042913556098937988e-01 7.583726644515991211e-01
6.256818771362304688e-01 4.465690553188323975e-01
5.891433954238891602e-01 5.670615434646606445e-01
4.972226917743682861e-01 4.659062027931213379e-01
5.528727769851684570e-01 6.123259663581848145e-01
7.046371698379516602e-01 6.565233469009399414e-01
7.607780694961547852e-01 6.803354620933532715e-01
7.146486043930053711e-01 4.942984879016876221e-01
5.423421859741210938e-01 5.437706112861633301e-01
4.047255516052246094e-01 5.631873607635498047e-01
5.248857140541076660e-01 7.293437123298645020e-01
5.251729488372802734e-01 7.284415364265441895e-01
6.999093890190124512e-01 4.423656761646270752e-01
7.145915627479553223e-01 6.049331426620483398e-01
6.930500268936157227e-01 5.164587497711181641e-01
3.591002225875854492e-01 5.263255834579467773e-01
8.481982946395874023e-01 6.155889630317687988e-01
6.273382306098937988e-01 7.818468213081359863e-01
7.516182661056518555e-01 5.247403383255004883e-01
7.243149876594543457e-01 6.027954220771789551e-01
7.829614877700805664e-01 7.033692002296447754e-01
4.085158407688140869e-01 6.562320590019226074e-01
8.101261854171752930e-01 6.617497801780700684e-01
8.114273548126220703e-01 5.538196563720703125e-01
6.658588647842407227e-01 5.785312056541442871e-01
5.304571986198425293e-01 6.417257785797119141e-01
4.206635951995849609e-01 4.967562556266784668e-01
6.804600954055786133e-01 5.263406038284301758e-01
5.824710130691528320e-01 5.196623206138610840e-01
7.735090255737304688e-01 6.139194369316101074e-01
5.020011067390441895e-01 4.870012998580932617e-01
6.589698791503906250e-01 6.047427058219909668e-01
6.040955185890197754e-01 7.035370469093322754e-01
6.971588730812072754e-01 4.655542969703674316e-01
5.458425283432006836e-01 5.469080209732055664e-01
5.700951218605041504e-01 5.198618173599243164e-01
5.260849595069885254e-01 4.695253670215606689e-01
