7.228721976280212402e-01 4.482441246509552002e-01
8.012755513191223145e-01 6.639258265495300293e-01
7.833848595619201660e-01 5.760935544967651367e-01
3.901169598102569580e-01 6.372445821762084961e-01
6.412115693092346191e-01 8.211546540260314941e-01
5.901777148246765137e-01 5.826523303985595703e-01
6.952453851699829102e-01 4.824938774108886719e-01
8.159549832344055176e-01 5.755901932716369629e-01
5.626031756401062012e-01 7.899836301803588867e-01
7.504225373268127441e-01 6.052978634834289551e-01
3.784103393554687500e-01 5.413902401924133301e-01
4.339680969715118408e-01 5.796678662300109863e-01
6.302466392517089844e-01 4.994232952594757080e-01
5.639726519584655762e-01 5.100159645080566406e-01
4.160108566284179688e-01 6.511712670326232910e-01
6.516087651252746582e-01 4.702451229095458984e-01
4.643942117691040039e-01 5.646732449531555176e-01
5.363212823867797852e-01 6.018035411834716797e-01
6.908375620841979980e-01 4.981363713741302490e-01
4.506247043609619141e-01 7.141298055648803711e-01
4.324726462364196777e-01 5.372008681297302246e-01
5.496611595153808594e-01 8.234915733337402344e-01
5.829716324806213379e-01 7.652916312217712402e-01
7.886880040168762207e-01 6.698416471481323242e-01
7.589566111564636230e-01 6.265317201614379883e-01
5.628271102905273438e-01 7.599510550498962402e-01
7.859088778495788574e-01 5.920784473419189453e-01
5.921183824539184570e-01 4.090056717395782471e-01
7.668924927711486816e-01 4.892876148223876953e-01
7.403107285499572754e-01 5.809346437454223633e-01
6.406869292259216309e-01 7.998076081275939941e-01
5.513219237327575684e-01 6.261402368545532227e-01
7.212215662002563477e-01 7.446732521057128906e-01
5.886370539665222168e-01 6.958813667297363281e-01
4.960169494152069092e-01 6.842468976974487305e-01
4.711951613426208496e-01 7.337961196899414062e-01
7.504622936248779297e-01 5.051115155220031738e-01
4.316323399543762207e-01 5.187622904777526855e-01
4.925844967365264893e-01 5.049567222595214844e-01
5.396201610565185547e-01 5.258631110191345215e-01
5.490598082542419434e-01 7.304144501686096191e-01
7.009965181350708008e-01 4.671907126903533936e-01
6.764286160469055176e-01 6.797626614570617676e-01
7.575407624244689941e-01 5.987460613250732422e-01
7.616195678710937500e-01 6.586719155311584473e-01
5.781764388084411621e-01 7.417902946472167969e-01
5.765706300735473633e-01 7.236980795860290527e-01
5.707519054412841797e-01 8.154484033584594727e-01
5.695758461952209473e-01 4.776654541492462158e-01
7.850550413131713867e-01 5.775167346000671387e-01
6.058363318443298340e-01 4.021898806095123291e-01
8.144384622573852539e-01 5.233939290046691895e-01
7.739504575729370117e-01 6.341723799705505371e-01
8.519471287727355957e-01 6.710002422332763672e-01
7.390203475952148438e-01 5.031046867370605469e-01
6.162766814231872559e-01 5.924316644668579102e-01
6.563030481338500977e-01 7.502242922782897949e-01
4.625309407711029053e-01 7.116234898567199707e-01
7.853780984878540039e-01 6.857956051826477051e-01
7.452842593193054199e-01 6.316434144973754883e-01
5.869919061660766602e-01 6.426734924316406250e-01
6.007338762283325195e-01 8.275536298751831055e-01
4.363202452659606934e-01 5.614050030708312988e-01
4.589749574661254883e-01 4.748833477497100830e-01
4.680926203727722168e-01 4.621447026729583740e-01
4.585181772708892822e-01 5.735340714454650879e-01
6.297896504402160645e-01 3.995815515518188477e-01
7.726694345474243164e-01 7.641996145248413086e-01
5.927214026451110840e-01 6.449175477027893066e-01
6.950530409812927246e-01 7.760318517684936523e-01
5.875263214111328125e-01 7.451186180114746094e-01
6.289805173873901367e-01 4.163119196891784668e-01
7.113556265830993652e-01 6.133615970611572266e-01
6.954533457756042480e-01 6.270529031753540039e-01
5.371310114860534668e-01 6.640478968620300293e-01
5.568593144416809082e-01 6.130746603012084961e-01
7.949925065040588379e-01 5.518735647201538086e-01
5.742806196212768555e-01 7.082250118255615234e-01
4.916182458400726318e-01 7.438476085662841797e-01
7.449277639389038086e-01 5.469846129417419434e-01
7.255275249481201172e-01 7.106419205665588379e-01
7.213397026062011719e-01 6.055677533149719238e-01
7.144257426261901855e-01 6.891784071922302246e-01
7.398514151573181152e-01 5.578755736351013184e-01
7.087986469268798828e-01 5.535332560539245605e-01
6.180004477500915527e-01 7.880293726921081543e-01
6.208842396736145020e-01 7.229431867599487305e-01
7.981233596801757812e-01 6.521901488304138184e-01
5.096120238304138184e-01 6.705670952796936035e-01
7.705957293510437012e-01 7.079023718833923340e-01
6.434273123741149902e-01 3.771446049213409424e-01
5.112123489379882812e-01 7.214744091033935547e-01
5.947468876838684082e-01 3.749067187309265137e-01
6.542390584945678711e-01 5.817531347274780273e-01
4.585170149803161621e-01 5.138657689094543457e-01
5.517085194587707520e-01 4.191782772541046143e-01
4.902349412441253662e-01 6.751756668090820312e-01
5.545606613159179688e-01 4.078959524631500244e-01
6.702848672866821289e-01 7.136456370353698730e-01
7.552394866943359375e-01 7.799052596092224121e-01
6.399708390235900879e-01 7.863834500312805176e-01
7.717697620391845703e-01 5.717562437057495117e-01
5.887190103530883789e-01 4.871422052383422852e-01
6.049237847328186035e-01 5.284398198127746582e-01
5.278877615928649902e-01 7.883983850479125977e-01
5.941213965415954590e-01 7.800332903861999512e-01
6.752452850341796875e-01 6.321322321891784668e-01
4.560701251029968262e-01 6.271573305130004883e-01
4.598488807678222656e-01 7.114683389663696289e-01
7.985186576843261719e-01 5.726902484893798828e-01
6.143708229064941406e-01 3.362137079238891602e-01
6.639668345451354980e-01 3.919557631015777588e-01
4.986276924610137939e-01 6.956503391265869141e-01
4.655584990978240967e-01 7.386456727981567383e-01
6.449072957038879395e-01 5.311262011528015137e-01
7.792533636093139648e-01 6.151704788208007812e-01
7.955145239830017090e-01 6.659922599792480469e-01
7.596212029457092285e-01 5.359943509101867676e-01
7.985173463821411133e-01 5.956008434295654297e-01
7.005027532577514648e-01 6.468268632888793945e-01
8.564746379852294922e-01 6.048479080200195312e-01
4.440153241157531738e-01 6.736878752708435059e-01
3.653832376003265381e-01 6.053469181060791016e-01
7.686179280281066895e-01 6.423630118370056152e-01
5.791733860969543457e-01 8.498003482818603516e-01
4.309836328029632568e-01 6.653013825416564941e-01
6.947068572044372559e-01 7.042438387870788574e-01
6.144702434539794922e-01 5.523101687431335449e-01
7.071542739868164062e-01 5.048626065254211426e-01
6.535269021987915039e-01 6.382489800453186035e-01
4.739350974559783936e-01 6.319447159767150879e-01
5.659217238426208496e-01 6.015713214874267578e-01
6.509004831314086914e-01 4.169487357139587402e-01
5.602900981903076172e-01 5.869976878166198730e-01
6.432270407676696777e-01 8.332388997077941895e-01
6.134072542190551758e-01 5.276756286621093750e-01
6.712089180946350098e-01 4.997753202915191650e-01
6.132549643516540527e-01 5.109775066375732422e-01
6.715762615203857422e-01 5.820307731628417969e-01
6.220353841781616211e-01 4.795800447463989258e-01
5.389093756675720215e-01 7.415077686309814453e-01
6.125867366790771484e-01 5.318212509155273438e-01
5.623298883438110352e-01 7.032059431076049805e-01
4.754694402217864990e-01 6.150411963462829590e-01
7.294104695320129395e-01 5.332848429679870605e-01
5.291092395782470703e-01 7.660242319107055664e-01
4.174050092697143555e-01 6.427027583122253418e-01
5.552987456321716309e-01 3.966414332389831543e-01
8.056011199951171875e-01 6.725654006004333496e-01
4.410245120525360107e-01 5.671109557151794434e-01
4.669838249683380127e-01 4.607460498809814453e-01
4.656232595443725586e-01 5.985537171363830566e-01
6.629954576492309570e-01 4.561012685298919678e-01
4.700575470924377441e-01 6.052208542823791504e-01
6.712393164634704590e-01 5.003000497817993164e-01
6.682733893394470215e-01 5.548392534255981445e-01
5.950568914413452148e-01 7.227051258087158203e-01
5.580159425735473633e-01 4.451015293598175049e-01
6.151284575462341309e-01 6.402013897895812988e-01
7.107353210449218750e-01 5.591225028038024902e-01
7.650929093360900879e-01 6.198188662528991699e-01
7.913181781768798828e-01 6.067950129508972168e-01
7.262863516807556152e-01 7.007991671562194824e-01
4.581916630268096924e-01 6.081348657608032227e-01
7.963657379150390625e-01 6.554290056228637695e-01
7.270509004592895508e-01 5.570037961006164551e-01
6.992149949073791504e-01 4.602928161621093750e-01
5.053877830505371094e-01 3.997855782508850098e-01
5.038581490516662598e-01 6.577669382095336914e-01
5.369629859924316406e-01 5.146793127059936523e-01
5.276959538459777832e-01 4.343928992748260498e-01
5.497844219207763672e-01 4.056467115879058838e-01
7.063945531845092773e-01 5.001252293586730957e-01
4.176249802112579346e-01 6.541709303855895996e-01
6.575443744659423828e-01 3.745340704917907715e-01
7.812253236770629883e-01 6.958827972412109375e-01
6.979724764823913574e-01 7.050037384033203125e-01
7.659351229667663574e-01 5.046983957290649414e-01
7.111083865165710449e-01 5.915709733963012695e-01
7.530742287635803223e-01 5.223789811134338379e-01
4.178281724452972412e-01 6.190649867057800293e-01
5.307812690734863281e-01 4.653178155422210693e-01
5.245358943939208984e-01 7.187235951423645020e-01
3.732773065567016602e-01 5.795799493789672852e-01
7.222805023193359375e-01 7.177422642707824707e-01
5.737339258193969727e-01 3.888301849365234375e-01
3.924973011016845703e-01 5.799967646598815918e-01
4.328456521034240723e-01 6.522852182388305664e-01
7.917527556419372559e-01 5.019552707672119141e-01
5.553475618362426758e-01 4.167817831039428711e-01
5.554375648498535156e-01 5.514771938323974609e-01
7.402142286300659180e-01 7.689922451972961426e-01
8.422210812568664551e-01 5.513789057731628418e-01
8.342002034187316895e-01 6.778213977813720703e-01
4.465278387069702148e-01 7.213730812072753906e-01
6.291505098342895508e-01 7.703396081924438477e-01
3.590627014636993408e-01 5.796085596084594727e-01
6.223660111427307129e-01 3.924051225185394287e-01
5.972800254821777344e-01 7.883498072624206543e-01
5.136739015579223633e-01 5.720556974411010742e-01
5.713946819305419922e-01 7.509691715240478516e-01
4.037584364414215088e-01 6.799474358558654785e-01
7.863292098045349121e-01 6.840423345565795898e-01
7.073185443878173828e-01 4.134556055068969727e-01
7.343041896820068359e-01 6.942751407623291016e-01
8.148572444915771484e-01 5.824015736579895020e-01
5.080269575119018555e-01 6.258094310760498047e-01
4.445454180240631104e-01 6.265773773193359375e-01
5.329056382179260254e-01 7.369531989097595215e-01
5.255746841430664062e-01 4.883334934711456299e-01
5.019267201423645020e-01 6.948339343070983887e-01
5.482520461082458496e-01 3.877086639404296875e-01
7.707355022430419922e-01 7.251878976821899414e-01
5.127300024032592773e-01 5.960446000099182129e-01
5.634522438049316406e-01 5.702034235000610352e-01
3.847353160381317139e-01 6.067677736282348633e-01
5.953119993209838867e-01 7.537050843238830566e-01
7.040166258811950684e-01 6.787478327751159668e-01
5.793073773384094238e-01 5.149599909782409668e-01
8.089835047721862793e-01 5.505897402763366699e-01
5.583796501159667969e-01 7.711853981018066406e-01
6.656548380851745605e-01 6.472803950309753418e-01
7.734140753746032715e-01 5.564710497856140137e-01
5.131033062934875488e-01 7.901602387428283691e-01
8.381105065345764160e-01 5.604289770126342773e-01
5.114592909812927246e-01 4.781650602817535400e-01
8.313868045806884766e-01 5.502092838287353516e-01
8.126385211944580078e-01 5.530246496200561523e-01
5.887434482574462891e-01 5.514382123947143555e-01
6.718957424163818359e-01 4.476112425327301025e-01
5.110936164855957031e-01 6.834769248962402344e-01
7.050650715827941895e-01 8.133822679519653320e-01
3.959780037403106689e-01 6.035516262054443359e-01
4.581410586833953857e-01 5.892701148986816406e-01
7.160088419914245605e-01 5.631636977195739746e-01
7.796639800071716309e-01 5.372194647789001465e-01
4.368042647838592529e-01 6.093582510948181152e-01
5.823802947998046875e-01 5.412421822547912598e-01
4.943505525588989258e-01 7.179530858993530273e-01
4.418303072452545166e-01 6.778439283370971680e-01
5.311758518218994141e-01 8.083785176277160645e-01
7.890083789825439453e-01 5.454149842262268066e-01
5.626187324523925781e-01 5.398293137550354004e-01
6.179997324943542480e-01 4.558442533016204834e-01
5.175056457519531250e-01 5.080762505531311035e-01
5.219987630844116211e-01 4.391912817955017090e-01
5.606858730316162109e-01 7.517230510711669922e-01
6.955329179763793945e-01 5.224043726921081543e-01
7.259854078292846680e-01 6.281807422637939453e-01
4.533466398715972900e-01 6.281623840332031250e-01
8.104416131973266602e-01 6.544609665870666504e-01
7.420254349708557129e-01 5.280501246452331543e-01
5.719717741012573242e-01 5.433343648910522461e-01
7.085540294647216797e-01 4.951937496662139893e-01
4.377794265747070312e-01 5.340889096260070801e-01
5.088751912117004395e-01 5.063021183013916016e-01
7.610696554183959961e-01 6.383636593818664551e-01
5.764685869216918945e-01 5.361101627349853516e-01
5.956652164459228516e-01 4.424091279506683350e-01
5.687230229377746582e-01 4.174197614192962646e-01
5.039579272270202637e-01 7.191887497901916504e-01
7.638133168220520020e-01 5.307176709175109863e-01
5.680100917816162109e-01 3.960902094841003418e-01
7.516093850135803223e-01 4.570949077606201172e-01
6.530771851539611816e-01 4.332858920097351074e-01
8.422925472259521484e-01 6.816977262496948242e-01
6.959598064422607422e-01 8.337160944938659668e-01
5.045068264007568359e-01 7.704730033874511719e-01
7.067160606384277344e-01 6.628063321113586426e-01
6.270055174827575684e-01 7.508159279823303223e-01
7.383620738983154297e-01 4.288669228553771973e-01
6.654806137084960938e-01 7.655453085899353027e-01
6.733413934707641602e-01 6.278917789459228516e-01
6.307036280632019043e-01 4.095030426979064941e-01
5.928070545196533203e-01 3.675318956375122070e-01
6.769618988037109375e-01 4.058225750923156738e-01
4.613808691501617432e-01 5.430197715759277344e-01
5.270261764526367188e-01 5.085800290107727051e-01
5.614056587219238281e-01 6.287992000579833984e-01
6.529997587203979492e-01 6.356648206710815430e-01
6.322637200355529785e-01 6.391148567199707031e-01
6.241050958633422852e-01 8.039191365242004395e-01
6.115806698799133301e-01 6.229466199874877930e-01
6.189654469490051270e-01 6.449711918830871582e-01
5.471064448356628418e-01 4.044903814792633057e-01
5.428072214126586914e-01 4.103486835956573486e-01
4.624133408069610596e-01 4.527281820774078369e-01
6.508852243423461914e-01 8.283289670944213867e-01
6.570162177085876465e-01 6.084042787551879883e-01
5.139799714088439941e-01 5.695038437843322754e-01
6.865116357803344727e-01 6.343134641647338867e-01
7.901531457901000977e-01 5.174685120582580566e-01
7.952439188957214355e-01 5.678045749664306641e-01
4.469057619571685791e-01 5.697910785675048828e-01
7.634733319282531738e-01 7.235817909240722656e-01
5.851469039916992188e-01 6.818367242813110352e-01
7.955229282379150391e-01 6.906493902206420898e-01
7.349858880043029785e-01 5.573474168777465820e-01
5.823054313659667969e-01 7.414875030517578125e-01
6.359154582023620605e-01 6.955329179763793945e-01
6.273370385169982910e-01 5.011335611343383789e-01
5.578354001045227051e-01 5.064423680305480957e-01
4.382217228412628174e-01 4.789243042469024658e-01
4.970403015613555908e-01 7.530627250671386719e-01
6.768372654914855957e-01 7.281070351600646973e-01
4.214711785316467285e-01 5.697703957557678223e-01
7.019580602645874023e-01 7.001997828483581543e-01
6.732661128044128418e-01 6.514244079589843750e-01
4.394123256206512451e-01 6.155143380165100098e-01
5.861568450927734375e-01 8.020899295806884766e-01
6.861301064491271973e-01 4.699441194534301758e-01
7.292291522026062012e-01 7.235263586044311523e-01
7.213824987411499023e-01 5.367030501365661621e-01
4.149472713470458984e-01 6.387327313423156738e-01
8.007915616035461426e-01 5.905492901802062988e-01
4.901647865772247314e-01 6.351329684257507324e-01
4.384505748748779297e-01 6.729585528373718262e-01
7.962802052497863770e-01 5.718509554862976074e-01
7.486506700515747070e-01 6.325848102569580078e-01
6.080907583236694336e-01 6.623999476432800293e-01
6.001546382904052734e-01 4.928003251552581787e-01
7.398604154586791992e-01 6.796067357063293457e-01
5.353126525878906250e-01 6.780281662940979004e-01
5.247331261634826660e-01 7.803862690925598145e-01
6.053681969642639160e-01 7.055892944335937500e-01
7.188261151313781738e-01 5.436469316482543945e-01
6.498385667800903320e-01 3.877502381801605225e-01
4.576147198677062988e-01 6.743644475936889648e-01
7.266232371330261230e-01 6.468782424926757812e-01
5.078782439231872559e-01 7.963677644729614258e-01
5.797580480575561523e-01 7.918421626091003418e-01
4.030046463012695312e-01 6.395567655563354492e-01
6.914897561073303223e-01 6.775968670845031738e-01
5.428630709648132324e-01 6.921007633209228516e-01
5.976145863533020020e-01 4.791705906391143799e-01
6.625382900238037109e-01 6.343265771865844727e-01
7.643628120422363281e-01 5.470334887504577637e-01
6.646413803100585938e-01 5.331856012344360352e-01
6.020349264144897461e-01 6.248607635498046875e-01
5.465200543403625488e-01 4.987798631191253662e-01
4.863729774951934814e-01 6.558452844619750977e-01
4.350004196166992188e-01 6.617152690887451172e-01
7.022097110748291016e-01 5.247812271118164062e-01
5.938788652420043945e-01 7.615807056427001953e-01
4.075004458427429199e-01 5.402638912200927734e-01
7.084110975265502930e-01 5.497413277626037598e-01
4.694218039512634277e-01 5.017809271812438965e-01
5.044332146644592285e-01 7.479722499847412109e-01
7.768450975418090820e-01 6.531483530998229980e-01
7.618329524993896484e-01 6.722759008407592773e-01
7.986559271812438965e-01 5.465645194053649902e-01
4.874706268310546875e-01 4.935011267662048340e-01
4.265962541103363037e-01 6.947789192199707031e-01
5.735796689987182617e-01 6.823068857192993164e-01
6.134663820266723633e-01 6.136868000030517578e-01
6.282191276550292969e-01 6.637501120567321777e-01
7.142052054405212402e-01 7.007244229316711426e-01
6.751720309257507324e-01 4.905352890491485596e-01
4.082433581352233887e-01 6.812944412231445312e-01
7.975252270698547363e-01 5.887829065322875977e-01
4.583435356616973877e-01 5.629560351371765137e-01
4.442424774169921875e-01 6.917880177497863770e-01
7.410911321640014648e-01 7.437950968742370605e-01
6.149700880050659180e-01 6.291490793228149414e-01
5.977780222892761230e-01 4.899183213710784912e-01
4.040956199169158936e-01 5.271277427673339844e-01
4.095882177352905273e-01 6.423063874244689941e-01
5.791653394699096680e-01 4.290419816970825195e-01
3.556835949420928955e-01 5.828315019607543945e-01
8.120237588882446289e-01 6.302212476730346680e-01
5.355181097984313965e-01 4.740293323993682861e-01
4.362337589263916016e-01 7.540771961212158203e-01
6.339263916015625000e-01 7.723426818847656250e-01
5.908995866775512695e-01 4.452577829360961914e-01
6.817597746849060059e-01 4.424023628234863281e-01
5.564359426498413086e-01 5.367356538772583008e-01
7.411279678344726562e-01 6.284977197647094727e-01
8.138049840927124023e-01 6.471803784370422363e-01
5.955060124397277832e-01 3.926352858543395996e-01
7.165855169296264648e-01 7.365401983261108398e-01
7.471204996109008789e-01 6.773099899291992188e-01
5.852470397949218750e-01 3.682366907596588135e-01
4.958955347537994385e-01 7.273906469345092773e-01
6.029972434043884277e-01 7.124560475349426270e-01
4.406411647796630859e-01 5.633243918418884277e-01
4.313896000385284424e-01 6.501498222351074219e-01
4.883275330066680908e-01 7.152107357978820801e-01
8.024268150329589844e-01 5.037745237350463867e-01
6.168018579483032227e-01 4.534755945205688477e-01
6.987293362617492676e-01 6.336441636085510254e-01
4.070788025856018066e-01 5.253737568855285645e-01
7.022406458854675293e-01 7.512976527214050293e-01
6.338809728622436523e-01 4.068142473697662354e-01
5.254752039909362793e-01 6.285163760185241699e-01
8.099552989006042480e-01 6.012563705444335938e-01
7.345774769783020020e-01 7.451640963554382324e-01
7.680765390396118164e-01 4.686875939369201660e-01
5.695507526397705078e-01 4.210070967674255371e-01
4.513489902019500732e-01 7.218484878540039062e-01
5.831081867218017578e-01 5.516942739486694336e-01
7.047159075736999512e-01 5.534225702285766602e-01
6.635972857475280762e-01 4.398165345191955566e-01
7.628654241561889648e-01 6.026893258094787598e-01
7.625734210014343262e-01 5.267304778099060059e-01
5.677309036254882812e-01 8.314355611801147461e-01
7.702044844627380371e-01 6.626292467117309570e-01
8.063637018203735352e-01 6.224641799926757812e-01
4.997132122516632080e-01 6.116659045219421387e-01
7.442730665206909180e-01 6.883941888809204102e-01
5.789782404899597168e-01 6.521096229553222656e-01
6.947809457778930664e-01 6.737365126609802246e-01
6.994925737380981445e-01 5.427588820457458496e-01
3.982058167457580566e-01 5.887792110443115234e-01
6.007835268974304199e-01 3.501560688018798828e-01
6.480377912521362305e-01 4.925322830677032471e-01
6.919913887977600098e-01 6.631937623023986816e-01
6.009986996650695801e-01 5.977177619934082031e-01
6.563412547111511230e-01 4.200225472450256348e-01
7.582807540893554688e-01 6.330405473709106445e-01
6.190109848976135254e-01 3.937919437885284424e-01
5.174822211265563965e-01 6.616064310073852539e-01
5.499473810195922852e-01 5.132848620414733887e-01
6.795986294746398926e-01 7.678240537643432617e-01
5.776236057281494141e-01 4.478357136249542236e-01
5.909287929534912109e-01 4.373255074024200439e-01
4.585026502609252930e-01 7.501128315925598145e-01
5.456869006156921387e-01 7.299494147300720215e-01
6.070017218589782715e-01 4.441026747226715088e-01
7.150551080703735352e-01 4.456998705863952637e-01
5.905798077583312988e-01 4.499231576919555664e-01
7.286763191223144531e-01 5.886106491088867188e-01
7.718560695648193359e-01 4.878583252429962158e-01
8.100869655609130859e-01 6.252936720848083496e-01
7.148801088333129883e-01 5.858311653137207031e-01
7.517400979995727539e-01 5.451335906982421875e-01
6.280887126922607422e-01 4.444605112075805664e-01
5.334906578063964844e-01 7.426911592483520508e-01
6.700019836425781250e-01 7.719771862030029297e-01
7.642984390258789062e-01 6.603507399559020996e-01
6.521041393280029297e-01 4.895261228084564209e-01
6.054418683052062988e-01 4.400568306446075439e-01
6.993340849876403809e-01 6.814299821853637695e-01
6.694058179855346680e-01 6.572104096412658691e-01
5.076345801353454590e-01 4.296368360519409180e-01
6.983650922775268555e-01 5.324470400810241699e-01
6.628965139389038086e-01 7.676492333412170410e-01
6.526402235031127930e-01 5.589703917503356934e-01
7.271351218223571777e-01 6.773809194564819336e-01
6.240820288658142090e-01 3.542164862155914307e-01
5.204726457595825195e-01 6.987640261650085449e-01
6.740749478340148926e-01 5.365768671035766602e-01
7.255234122276306152e-01 4.905051290988922119e-01
5.767897963523864746e-01 7.567564845085144043e-01
4.989105165004730225e-01 6.524010896682739258e-01
7.910102009773254395e-01 5.084026455879211426e-01
4.746518135070800781e-01 5.911084413528442383e-01
4.167520403861999512e-01 4.876197576522827148e-01
6.004519462585449219e-01 3.718841969966888428e-01
6.395259499549865723e-01 7.225967049598693848e-01
5.396631360054016113e-01 5.920798182487487793e-01
4.093052744865417480e-01 5.410701036453247070e-01
6.266329288482666016e-01 4.626469910144805908e-01
4.811176955699920654e-01 4.273958504199981689e-01
6.557140946388244629e-01 7.953174710273742676e-01
6.646121740341186523e-01 4.493945837020874023e-01
4.782217741012573242e-01 6.766610145568847656e-01
6.616873741149902344e-01 7.564702033996582031e-01
5.511152744293212891e-01 4.496368169784545898e-01
5.541829466819763184e-01 6.068284511566162109e-01
6.323137283325195312e-01 4.876019060611724854e-01
4.446074068546295166e-01 6.938177347183227539e-01
6.594355702400207520e-01 4.591888487339019775e-01
3.905993700027465820e-01 6.280834078788757324e-01
5.850863456726074219e-01 3.290318250656127930e-01
4.901944398880004883e-01 4.389112293720245361e-01
5.388277173042297363e-01 7.027199268341064453e-01
7.340685129165649414e-01 7.045782804489135742e-01
8.238593339920043945e-01 6.029857993125915527e-01
4.780924320220947266e-01 5.081222653388977051e-01
6.274800300598144531e-01 4.207692146301269531e-01
6.419047713279724121e-01 5.599879622459411621e-01
7.426388859748840332e-01 6.747980713844299316e-01
6.147709488868713379e-01 4.873195588588714600e-01
6.668027043342590332e-01 3.611473143100738525e-01
6.574304103851318359e-01 3.749895393848419189e-01
6.831929683685302734e-01 5.896893143653869629e-01
5.100697278976440430e-01 5.569936037063598633e-01
4.543102383613586426e-01 6.562688946723937988e-01
7.752754688262939453e-01 6.692273020744323730e-01
7.711594104766845703e-01 4.931716024875640869e-01
5.660072565078735352e-01 8.254965543746948242e-01
7.811592221260070801e-01 7.102160453796386719e-01
6.720067262649536133e-01 6.382921934127807617e-01
4.846381545066833496e-01 6.056242585182189941e-01
6.869522333145141602e-01 4.009838402271270752e-01
6.342186331748962402e-01 7.318238019943237305e-01
5.503367781639099121e-01 7.760648131370544434e-01
6.958779096603393555e-01 7.889567017555236816e-01
6.245773434638977051e-01 5.963161587715148926e-01
5.937224626541137695e-01 7.898136973381042480e-01
7.816765904426574707e-01 5.470414161682128906e-01
8.624336719512939453e-01 6.275961995124816895e-01
6.348451375961303711e-01 5.675879716873168945e-01
7.454818487167358398e-01 7.441685199737548828e-01
7.793080806732177734e-01 6.298863887786865234e-01
6.419830322265625000e-01 4.486839175224304199e-01
6.691012978553771973e-01 6.064535975456237793e-01
6.259730458259582520e-01 8.254057765007019043e-01
7.309332489967346191e-01 4.579678177833557129e-01
6.230971813201904297e-01 6.128848195075988770e-01
5.073120594024658203e-01 4.270989298820495605e-01
4.394176900386810303e-01 6.253087520599365234e-01
8.183583021163940430e-01 6.235115528106689453e-01
7.121527194976806641e-01 5.589660406112670898e-01
6.871856451034545898e-01 6.939052939414978027e-01
4.868076741695404053e-01 4.967213571071624756e-01
5.141523480415344238e-01 5.199890732765197754e-01
7.403052449226379395e-01 6.973004341125488281e-01
7.886083722114562988e-01 5.781487226486206055e-01
5.325189232826232910e-01 4.459658861160278320e-01
4.691787660121917725e-01 6.655253171920776367e-01
4.685408771038055420e-01 5.399153828620910645e-01
6.479348540306091309e-01 6.692380309104919434e-01
6.780402660369873047e-01 7.356940507888793945e-01
6.681360602378845215e-01 6.903230547904968262e-01
7.173675298690795898e-01 7.133011221885681152e-01
6.583964228630065918e-01 4.206051826477050781e-01
5.809335112571716309e-01 7.253530025482177734e-01
6.308513879776000977e-01 6.599774360656738281e-01
7.446623444557189941e-01 7.474758028984069824e-01
7.302612066268920898e-01 6.175647377967834473e-01
5.387799143791198730e-01 5.642149448394775391e-01
6.175987124443054199e-01 3.996034860610961914e-01
7.430413961410522461e-01 7.628792524337768555e-01
6.117200851440429688e-01 5.955967307090759277e-01
5.536563992500305176e-01 7.719583511352539062e-01
4.621634781360626221e-01 5.355368852615356445e-01
4.849774539470672607e-01 4.301859140396118164e-01
4.425923228263854980e-01 6.194009184837341309e-01
7.066613435745239258e-01 7.554860711097717285e-01
3.875530660152435303e-01 5.223208665847778320e-01
7.939054369926452637e-01 5.206307172775268555e-01
4.429754912853240967e-01 7.143746614456176758e-01
7.646341323852539062e-01 5.789675712585449219e-01
5.869145393371582031e-01 5.420796871185302734e-01
5.622504353523254395e-01 7.461189031600952148e-01
8.084006309509277344e-01 6.700257062911987305e-01
6.061791181564331055e-01 7.469744086265563965e-01
5.906238555908203125e-01 7.210928201675415039e-01
5.847660303115844727e-01 6.742060780525207520e-01
6.546296477317810059e-01 8.067199587821960449e-01
7.069821357727050781e-01 5.992915630340576172e-01
5.923822522163391113e-01 5.453167557716369629e-01
4.192569851875305176e-01 5.295996069908142090e-01
5.703075528144836426e-01 6.166236996650695801e-01
5.098338127136230469e-01 6.231050491333007812e-01
5.049919486045837402e-01 5.007680058479309082e-01
6.416793465614318848e-01 5.138890147209167480e-01
7.808555364608764648e-01 5.542915463447570801e-01
7.466803789138793945e-01 6.216871142387390137e-01
6.434997320175170898e-01 6.906719207763671875e-01
3.942201733589172363e-01 5.375080108642578125e-01
6.372285485267639160e-01 7.779045104980468750e-01
6.288419961929321289e-01 3.887943327426910400e-01
6.847986578941345215e-01 4.659311473369598389e-01
5.594955086708068848e-01 6.184173822402954102e-01
7.482677698135375977e-01 5.655618906021118164e-01
7.922890782356262207e-01 4.734447002410888672e-01
6.386048197746276855e-01 7.282103300094604492e-01
7.965897321701049805e-01 6.406521797180175781e-01
4.162942767143249512e-01 5.558812022209167480e-01
4.481427669525146484e-01 5.605066418647766113e-01
6.183856725692749023e-01 3.584969043731689453e-01
6.358464956283569336e-01 7.816845774650573730e-01
7.198249697685241699e-01 6.555635929107666016e-01
7.107086181640625000e-01 6.575291752815246582e-01
5.474520921707153320e-01 7.565393447875976562e-01
4.412268698215484619e-01 4.759104847908020020e-01
5.981320738792419434e-01 7.051639556884765625e-01
6.251734495162963867e-01 7.682164311408996582e-01
7.362824082374572754e-01 4.960305392742156982e-01
5.987043976783752441e-01 8.472318053245544434e-01
6.691110730171203613e-01 7.281234860420227051e-01
5.616043806076049805e-01 5.751318931579589844e-01
6.180395483970642090e-01 3.969641327857971191e-01
6.585677266120910645e-01 6.688845157623291016e-01
6.151368021965026855e-01 7.334131002426147461e-01
6.737402081489562988e-01 4.847836196422576904e-01
5.895222425460815430e-01 7.268031835556030273e-01
4.870155751705169678e-01 6.785968542098999023e-01
8.088558316230773926e-01 6.292245984077453613e-01
6.284385323524475098e-01 7.167431116104125977e-01
5.218731760978698730e-01 7.404510974884033203e-01
7.555665969848632812e-01 4.428159296512603760e-01
7.621455788612365723e-01 7.139956951141357422e-01
7.753582000732421875e-01 7.467104196548461914e-01
4.600897729396820068e-01 5.585204958915710449e-01
5.074150562286376953e-01 5.014294981956481934e-01
4.003677070140838623e-01 5.312555432319641113e-01
4.959993958473205566e-01 6.253513693809509277e-01
5.471579432487487793e-01 4.981713593006134033e-01
6.836754679679870605e-01 4.500313401222229004e-01
3.934120237827301025e-01 6.593169569969177246e-01
5.596446990966796875e-01 4.766540229320526123e-01
4.245033860206604004e-01 5.108642578125000000e-01
7.306758761405944824e-01 4.360749125480651855e-01
8.190791010856628418e-01 5.836644172668457031e-01
6.644597649574279785e-01 7.413274645805358887e-01
4.695067405700683594e-01 5.197826623916625977e-01
4.862526655197143555e-01 4.024091958999633789e-01
7.833361029624938965e-01 6.558095216751098633e-01
7.951592803001403809e-01 6.232995390892028809e-01
4.500713348388671875e-01 6.194543838500976562e-01
6.262565255165100098e-01 6.537495851516723633e-01
5.920618772506713867e-01 3.865728080272674561e-01
5.836103558540344238e-01 7.953206896781921387e-01
6.795589923858642578e-01 5.121111273765563965e-01
7.143183350563049316e-01 6.823740601539611816e-01
4.851943552494049072e-01 5.599656701087951660e-01
8.042408823966979980e-01 5.789277553558349609e-01
5.948324203491210938e-01 3.989710211753845215e-01
8.335782289505004883e-01 5.775669813156127930e-01
8.089212179183959961e-01 5.802720189094543457e-01
5.888880491256713867e-01 6.433476209640502930e-01
6.926780939102172852e-01 7.582883834838867188e-01
6.607543826103210449e-01 4.479759037494659424e-01
4.982458353042602539e-01 4.376508891582489014e-01
6.665159463882446289e-01 4.081255495548248291e-01
6.333277821540832520e-01 4.916064739227294922e-01
4.139308929443359375e-01 5.516516566276550293e-01
5.275141596794128418e-01 8.058347105979919434e-01
5.880703330039978027e-01 7.963636517524719238e-01
8.245644569396972656e-01 6.003429293632507324e-01
5.344116687774658203e-01 6.963796019554138184e-01
5.972795486450195312e-01 7.590762972831726074e-01
7.073333859443664551e-01 6.846098303794860840e-01
4.644132554531097412e-01 4.661184549331665039e-01
6.068455576896667480e-01 3.971734344959259033e-01
5.742459297180175781e-01 4.216841161251068115e-01
5.395818352699279785e-01 7.230469584465026855e-01
5.021628737449645996e-01 6.549844145774841309e-01
6.241057515144348145e-01 5.353499650955200195e-01
6.334120035171508789e-01 5.218117237091064453e-01
6.333174705505371094e-01 5.047187805175781250e-01
4.652394056320190430e-01 4.694845080375671387e-01
6.405121088027954102e-01 5.191767811775207520e-01
6.382726430892944336e-01 6.744006872177124023e-01
5.152854919433593750e-01 7.663647532463073730e-01
5.312928557395935059e-01 7.346140742301940918e-01
5.366690158843994141e-01 6.025907993316650391e-01
4.073644578456878662e-01 5.984976887702941895e-01
6.489712595939636230e-01 7.993902564048767090e-01
4.614430069923400879e-01 6.126586794853210449e-01
6.560724377632141113e-01 4.207673966884613037e-01
6.456557512283325195e-01 5.087997317314147949e-01
6.782030463218688965e-01 7.505024075508117676e-01
5.929743647575378418e-01 7.119884490966796875e-01
6.299418807029724121e-01 7.113873958587646484e-01
6.336810588836669922e-01 5.663354396820068359e-01
6.781274676322937012e-01 8.112593293190002441e-01
5.849624872207641602e-01 4.775818884372711182e-01
6.495385169982910156e-01 7.255074977874755859e-01
6.777711510658264160e-01 6.925008893013000488e-01
5.706318616867065430e-01 7.445778846740722656e-01
4.072347283363342285e-01 5.751770138740539551e-01
7.870584130287170410e-01 5.921320915222167969e-01
7.573869228363037109e-01 5.594725608825683594e-01
4.632057249546051025e-01 5.011112689971923828e-01
6.832224130630493164e-01 4.438498616218566895e-01
4.542104899883270264e-01 6.582611799240112305e-01
6.503980159759521484e-01 7.536707520484924316e-01
8.351800441741943359e-01 6.082404255867004395e-01
6.762420535087585449e-01 5.842500925064086914e-01
5.874606966972351074e-01 5.412563681602478027e-01
8.040074110031127930e-01 5.994208455085754395e-01
5.309092998504638672e-01 5.331325531005859375e-01
5.935393571853637695e-01 5.260575413703918457e-01
4.809701740741729736e-01 6.370850801467895508e-01
6.649284362792968750e-01 5.180398821830749512e-01
3.885529637336730957e-01 5.954610705375671387e-01
5.370647907257080078e-01 7.846907377243041992e-01
7.394389510154724121e-01 6.793226599693298340e-01
4.097359776496887207e-01 6.140080690383911133e-01
7.207573056221008301e-01 5.530901551246643066e-01
6.252796649932861328e-01 6.969841718673706055e-01
6.420130729675292969e-01 4.381392002105712891e-01
6.558807492256164551e-01 7.046995162963867188e-01
3.909798562526702881e-01 5.705522894859313965e-01
3.912021219730377197e-01 6.049177646636962891e-01
6.516907215118408203e-01 6.046332716941833496e-01
5.821594595909118652e-01 7.634003758430480957e-01
5.616095662117004395e-01 7.257133722305297852e-01
5.235848426818847656e-01 7.492136359214782715e-01
5.644016861915588379e-01 3.639851510524749756e-01
6.380853056907653809e-01 6.336706876754760742e-01
7.712357640266418457e-01 5.940729975700378418e-01
7.212818861007690430e-01 5.313119292259216309e-01
6.311289668083190918e-01 8.268122673034667969e-01
5.332084298133850098e-01 4.576474726200103760e-01
3.874377608299255371e-01 6.295287609100341797e-01
6.086758971214294434e-01 7.303453683853149414e-01
5.942904949188232422e-01 7.674800157546997070e-01
3.836336731910705566e-01 5.721161961555480957e-01
4.885350763797760010e-01 5.727425813674926758e-01
7.599981427192687988e-01 5.692108273506164551e-01
5.230171084403991699e-01 6.139299273490905762e-01
6.549166440963745117e-01 7.903563976287841797e-01
6.144480705261230469e-01 5.748503208160400391e-01
5.175156593322753906e-01 4.497331380844116211e-01
5.850602388381958008e-01 6.803883910179138184e-01
7.519013285636901855e-01 5.855444669723510742e-01
5.844817757606506348e-01 4.187795221805572510e-01
6.060547232627868652e-01 4.067832231521606445e-01
7.770020365715026855e-01 6.579486727714538574e-01
4.890102446079254150e-01 7.359322309494018555e-01
5.341726541519165039e-01 5.521512627601623535e-01
5.945838093757629395e-01 4.704782962799072266e-01
5.713824033737182617e-01 5.620554685592651367e-01
6.282700300216674805e-01 7.965026497840881348e-01
6.246099472045898438e-01 5.745062232017517090e-01
4.842068850994110107e-01 4.563753008842468262e-01
6.203761100769042969e-01 7.623263597488403320e-01
5.070196986198425293e-01 4.150449633598327637e-01
3.828020393848419189e-01 5.390704274177551270e-01
5.269421935081481934e-01 3.960835933685302734e-01
7.132314443588256836e-01 4.319960176944732666e-01
3.827535510063171387e-01 5.408028364181518555e-01
4.055975377559661865e-01 4.974412322044372559e-01
6.396972537040710449e-01 6.429612040519714355e-01
6.942608952522277832e-01 7.599868774414062500e-01
6.303228139877319336e-01 4.608410894870758057e-01
4.799903035163879395e-01 5.630240440368652344e-01
6.126431822776794434e-01 3.861501514911651611e-01
6.578305363655090332e-01 4.810058474540710449e-01
5.841305851936340332e-01 6.379039287567138672e-01
4.301822483539581299e-01 6.952996850013732910e-01
6.556822657585144043e-01 7.221725583076477051e-01
5.145362615585327148e-01 7.305857539176940918e-01
5.874084234237670898e-01 6.182417869567871094e-01
7.780710458755493164e-01 6.791237592697143555e-01
7.082171440124511719e-01 6.568115949630737305e-01
7.653191089630126953e-01 5.119609832763671875e-01
4.224078059196472168e-01 4.678581953048706055e-01
6.933703422546386719e-01 6.576999425888061523e-01
6.920627951622009277e-01 5.509834885597229004e-01
6.116617321968078613e-01 3.157676756381988525e-01
5.351867675781250000e-01 4.710872471332550049e-01
6.216210722923278809e-01 6.006612777709960938e-01
8.040001988410949707e-01 6.583285927772521973e-01
7.369297742843627930e-01 5.410495996475219727e-01
5.754588842391967773e-01 6.480676531791687012e-01
7.304552197456359863e-01 6.386767029762268066e-01
8.594499230384826660e-01 5.644927620887756348e-01
5.719687938690185547e-01 6.835194230079650879e-01
8.209291696548461914e-01 5.857231616973876953e-01
5.845665931701660156e-01 3.892171382904052734e-01
7.391386628150939941e-01 5.434637665748596191e-01
7.610461711883544922e-01 7.558129429817199707e-01
6.160798668861389160e-01 7.985593080520629883e-01
4.853281080722808838e-01 6.727924942970275879e-01
6.454442739486694336e-01 6.118038892745971680e-01
4.282667338848114014e-01 6.128983497619628906e-01
7.247063517570495605e-01 4.822053611278533936e-01
7.672805190086364746e-01 4.748911261558532715e-01
7.098039388656616211e-01 5.479994416236877441e-01
5.907905101776123047e-01 5.822538137435913086e-01
4.991952180862426758e-01 5.240600109100341797e-01
5.317201018333435059e-01 7.195695638656616211e-01
5.309464931488037109e-01 3.893413245677947998e-01
4.749956429004669189e-01 7.450430989265441895e-01
8.043419718742370605e-01 5.022882223129272461e-01
6.593631505966186523e-01 5.195307731628417969e-01
5.525760054588317871e-01 7.669056653976440430e-01
4.364143610000610352e-01 5.070641040802001953e-01
6.682927608489990234e-01 7.384079098701477051e-01
4.812556505203247070e-01 5.236252546310424805e-01
5.541747212409973145e-01 5.855594277381896973e-01
6.732733845710754395e-01 6.321692466735839844e-01
6.174569129943847656e-01 7.787942886352539062e-01
6.990865468978881836e-01 5.691653490066528320e-01
7.633095383644104004e-01 6.062928438186645508e-01
4.731775522232055664e-01 4.624242782592773438e-01
7.820151448249816895e-01 6.369268298149108887e-01
7.191428542137145996e-01 7.959901690483093262e-01
7.252656221389770508e-01 6.721132993698120117e-01
4.444137215614318848e-01 6.675065755844116211e-01
6.898027062416076660e-01 4.679731726646423340e-01
7.828536033630371094e-01 7.175682187080383301e-01
6.547759771347045898e-01 4.985306560993194580e-01
7.350924611091613770e-01 4.567295014858245850e-01
5.058437585830688477e-01 4.674363434314727783e-01
7.946114540100097656e-01 5.475347638130187988e-01
6.622919440269470215e-01 6.813907027244567871e-01
5.138108134269714355e-01 7.160465121269226074e-01
4.749730825424194336e-01 5.018647909164428711e-01
5.033461451530456543e-01 4.250288009643554688e-01
5.417460799217224121e-01 7.048035860061645508e-01
6.582841873168945312e-01 7.154439687728881836e-01
5.218694806098937988e-01 7.007725834846496582e-01
5.760118365287780762e-01 7.891947627067565918e-01
4.431326985359191895e-01 5.254226326942443848e-01
7.423091530799865723e-01 5.895396471023559570e-01
5.562112331390380859e-01 4.105131924152374268e-01
4.637061655521392822e-01 4.560257196426391602e-01
5.050218105316162109e-01 5.939728021621704102e-01
7.011833190917968750e-01 5.388168096542358398e-01
8.225423693656921387e-01 5.824071168899536133e-01
7.254788279533386230e-01 4.878530800342559814e-01
6.024228930473327637e-01 4.022282361984252930e-01
6.022448539733886719e-01 7.010468840599060059e-01
6.091824769973754883e-01 6.655305624008178711e-01
4.376881718635559082e-01 6.309326291084289551e-01
6.343343853950500488e-01 7.770525813102722168e-01
6.740379929542541504e-01 8.137306571006774902e-01
7.010464072227478027e-01 5.809863209724426270e-01
7.473133206367492676e-01 6.865466237068176270e-01
6.775810718536376953e-01 4.763243794441223145e-01
5.419822335243225098e-01 6.819452643394470215e-01
5.434783697128295898e-01 8.154276013374328613e-01
7.561059594154357910e-01 5.369473099708557129e-01
5.981705188751220703e-01 8.408724069595336914e-01
4.089306294918060303e-01 5.442994236946105957e-01
5.205882787704467773e-01 5.463150739669799805e-01
7.376300096511840820e-01 4.828485250473022461e-01
5.291290283203125000e-01 4.134533107280731201e-01
6.291683316230773926e-01 4.228849709033966064e-01
3.848673701286315918e-01 5.657815933227539062e-01
7.251066565513610840e-01 6.613369584083557129e-01
6.882251501083374023e-01 5.154870748519897461e-01
7.030276060104370117e-01 5.479331612586975098e-01
7.567353248596191406e-01 5.939033627510070801e-01
7.026155591011047363e-01 7.060796022415161133e-01
6.430183649063110352e-01 3.770885467529296875e-01
7.501683235168457031e-01 6.855192780494689941e-01
6.403434872627258301e-01 6.612718105316162109e-01
7.714816927909851074e-01 5.982818603515625000e-01
5.866948366165161133e-01 5.478835105895996094e-01
4.643315672874450684e-01 5.562819242477416992e-01
5.068003535270690918e-01 6.540413498878479004e-01
3.877048194408416748e-01 5.927074551582336426e-01
5.568259358406066895e-01 5.071367621421813965e-01
6.143468618392944336e-01 7.701668739318847656e-01
6.281619071960449219e-01 3.691771924495697021e-01
5.868080854415893555e-01 4.214166104793548584e-01
6.771674752235412598e-01 4.506102204322814941e-01
7.952345013618469238e-01 4.931545257568359375e-01
5.362051129341125488e-01 7.268168926239013672e-01
5.160751342773437500e-01 5.757585167884826660e-01
5.373815298080444336e-01 5.566624999046325684e-01
6.652327179908752441e-01 7.088897228240966797e-01
5.122117400169372559e-01 5.094058513641357422e-01
5.970842838287353516e-01 5.138431787490844727e-01
7.166134715080261230e-01 6.037531495094299316e-01
4.640422761440277100e-01 5.425969362258911133e-01
7.642377018928527832e-01 5.123854279518127441e-01
6.509536504745483398e-01 7.729682326316833496e-01
5.820536613464355469e-01 5.919787883758544922e-01
4.545494914054870605e-01 6.926075816154479980e-01
5.376045107841491699e-01 5.507541894912719727e-01
6.713068485260009766e-01 7.175772190093994141e-01
7.466053366661071777e-01 5.991116762161254883e-01
4.226614236831665039e-01 6.684531569480895996e-01
7.877559661865234375e-01 7.446082830429077148e-01
6.382628083229064941e-01 8.260551095008850098e-01
4.121344089508056641e-01 5.589275956153869629e-01
5.525440573692321777e-01 6.820666193962097168e-01
6.569328904151916504e-01 4.064695835113525391e-01
7.737238407135009766e-01 6.597892642021179199e-01
6.952958703041076660e-01 5.862926840782165527e-01
4.237889051437377930e-01 5.147655010223388672e-01
7.586752772331237793e-01 6.868131756782531738e-01
5.946416258811950684e-01 3.755584061145782471e-01
7.076930403709411621e-01 5.761451125144958496e-01
6.088790297508239746e-01 7.989485859870910645e-01
7.169498205184936523e-01 6.515868306159973145e-01
4.210548400878906250e-01 5.930799841880798340e-01
5.449320673942565918e-01 7.099009752273559570e-01
6.493226289749145508e-01 7.062888145446777344e-01
7.374646663665771484e-01 6.259899735450744629e-01
7.858021855354309082e-01 6.950264573097229004e-01
4.794808030128479004e-01 4.944240450859069824e-01
8.179678320884704590e-01 6.271427273750305176e-01
6.009864211082458496e-01 7.607140541076660156e-01
6.311072111129760742e-01 5.941412448883056641e-01
6.555621027946472168e-01 6.677420139312744141e-01
8.524593710899353027e-01 6.492248177528381348e-01
5.823603272438049316e-01 6.614798307418823242e-01
7.604375481605529785e-01 6.927761435508728027e-01
5.932040214538574219e-01 3.187629878520965576e-01
4.990463256835937500e-01 6.244404315948486328e-01
4.064683616161346436e-01 5.186194181442260742e-01
7.639029026031494141e-01 5.859374403953552246e-01
6.006243824958801270e-01 4.143638312816619873e-01
5.844922065734863281e-01 3.631548285484313965e-01
4.974826872348785400e-01 4.811964929103851318e-01
6.523951292037963867e-01 5.143252015113830566e-01
4.958457648754119873e-01 5.786682367324829102e-01
5.335772633552551270e-01 4.293703734874725342e-01
6.192526221275329590e-01 6.291457414627075195e-01
4.780825972557067871e-01 4.699183106422424316e-01
6.039857864379882812e-01 7.021361589431762695e-01
7.581122517585754395e-01 5.358268618583679199e-01
4.253878295421600342e-01 6.052731275558471680e-01
6.998336911201477051e-01 5.943846702575683594e-01
6.279280781745910645e-01 3.714954853057861328e-01
6.312411427497863770e-01 6.760417222976684570e-01
7.375422120094299316e-01 5.674535036087036133e-01
7.045566439628601074e-01 4.559753239154815674e-01
6.530731320381164551e-01 3.458991348743438721e-01
4.472265541553497314e-01 6.834380030632019043e-01
6.317641735076904297e-01 4.207280278205871582e-01
7.758120894432067871e-01 7.524182796478271484e-01
6.908165216445922852e-01 7.081621885299682617e-01
6.517751216888427734e-01 6.003944873809814453e-01
5.688234567642211914e-01 3.996939361095428467e-01
7.238207459449768066e-01 5.905261039733886719e-01
5.203740596771240234e-01 4.682073891162872314e-01
7.539926171302795410e-01 6.495237946510314941e-01
7.974215149879455566e-01 6.924107670783996582e-01
6.312717795372009277e-01 6.896681189537048340e-01
4.487398266792297363e-01 7.311010956764221191e-01
5.003919005393981934e-01 6.727072000503540039e-01
6.432271599769592285e-01 3.941266536712646484e-01
4.251368343830108643e-01 7.282514572143554688e-01
8.068915605545043945e-01 5.948305130004882812e-01
4.567420482635498047e-01 4.936407506465911865e-01
4.424008429050445557e-01 6.206631064414978027e-01
5.153220295906066895e-01 5.148382186889648438e-01
5.952500104904174805e-01 3.705192208290100098e-01
5.386449098587036133e-01 6.887131333351135254e-01
6.346042752265930176e-01 8.209942579269409180e-01
6.248015165328979492e-01 6.092510819435119629e-01
7.020835280418395996e-01 7.437012791633605957e-01
8.239963054656982422e-01 6.208550930023193359e-01
6.809605956077575684e-01 4.830256998538970947e-01
4.166421592235565186e-01 6.523091197013854980e-01
7.871889472007751465e-01 6.475540399551391602e-01
6.290745139122009277e-01 6.335464715957641602e-01
5.630829930305480957e-01 6.373939514160156250e-01
4.250504076480865479e-01 5.737733840942382812e-01
6.933541297912597656e-01 4.700719118118286133e-01
6.775767803192138672e-01 4.676466584205627441e-01
6.941127181053161621e-01 5.781604647636413574e-01
6.383157968521118164e-01 4.420998096466064453e-01
6.780487298965454102e-01 7.222725152969360352e-01
4.286599755287170410e-01 6.799483299255371094e-01
5.908629298210144043e-01 3.987734019756317139e-01
6.466633081436157227e-01 7.287114262580871582e-01
5.545942187309265137e-01 8.007418513298034668e-01
5.855740308761596680e-01 3.778338134288787842e-01
7.058990001678466797e-01 4.156274497509002686e-01
6.051163077354431152e-01 3.771921396255493164e-01
5.504853725433349609e-01 3.947494626045227051e-01
6.781417727470397949e-01 3.698703944683074951e-01
7.266117334365844727e-01 4.317702949047088623e-01
4.871030449867248535e-01 6.635015606880187988e-01
4.854030609130859375e-01 4.115056693553924561e-01
7.052558064460754395e-01 7.242016196250915527e-01
8.014886379241943359e-01 5.049946308135986328e-01
6.727002859115600586e-01 7.309187650680541992e-01
6.538731455802917480e-01 6.812696456909179688e-01
8.596310615539550781e-01 6.248002648353576660e-01
5.449747443199157715e-01 7.179288864135742188e-01
5.663565397262573242e-01 5.963624715805053711e-01
7.762277722358703613e-01 4.991003572940826416e-01
5.209885239601135254e-01 4.456546902656555176e-01
7.719438076019287109e-01 6.672124266624450684e-01
6.659432649612426758e-01 6.500421762466430664e-01
7.284210920333862305e-01 6.456075906753540039e-01
6.899386644363403320e-01 7.040736675262451172e-01
5.158333778381347656e-01 4.152374565601348877e-01
4.783793687820434570e-01 7.304532527923583984e-01
6.367130875587463379e-01 3.896349370479583740e-01
6.113360524177551270e-01 3.797096312046051025e-01
4.779767990112304688e-01 6.141737699508666992e-01
5.723980665206909180e-01 7.741624712944030762e-01
6.831762194633483887e-01 8.240139484405517578e-01
7.436646223068237305e-01 5.942609906196594238e-01
8.661921620368957520e-01 5.980448722839355469e-01
6.128072142601013184e-01 3.799876570701599121e-01
6.201313734054565430e-01 3.845017552375793457e-01
5.950174331665039062e-01 4.105396568775177002e-01
6.224941015243530273e-01 4.657976925373077393e-01
6.916338205337524414e-01 4.747761189937591553e-01
3.562301397323608398e-01 5.582930445671081543e-01
5.283011794090270996e-01 7.195854783058166504e-01
7.940500378608703613e-01 6.066889762878417969e-01
4.986014664173126221e-01 6.417846083641052246e-01
7.796241641044616699e-01 4.902118146419525146e-01
5.539523959159851074e-01 5.134842991828918457e-01
5.894412398338317871e-01 5.090260505676269531e-01
6.846917867660522461e-01 4.668458104133605957e-01
