-2.568261623382568359e-01 4.989762902259826660e-01
-3.613827228546142578e-01 6.718021631240844727e-02
1.222701072692871094e-01 4.742716550827026367e-01
1.417928338050842285e-01 -8.463978767395019531e-02
3.924438357353210449e-01 -2.701397538185119629e-01
-4.653161764144897461e-02 -1.960909962654113770e-01
1.242696046829223633e-01 1.048204898834228516e-01
4.596971869468688965e-01 2.795207500457763672e-01
-1.352058053016662598e-01 -2.079275846481323242e-01
9.837263822555541992e-02 -1.995018124580383301e-01
2.611339092254638672e-01 4.696461558341979980e-01
-1.980932354927062988e-01 4.830285906791687012e-01
-1.762342453002929688e-01 2.179142236709594727e-01
3.974019885063171387e-01 -3.897504210472106934e-01
-2.178552150726318359e-01 1.072844266891479492e-01
-1.369920372962951660e-01 -3.020192980766296387e-01
-3.321920037269592285e-01 -2.931133508682250977e-01
9.475380182266235352e-02 -6.920778751373291016e-02
6.442165374755859375e-02 -2.606594562530517578e-02
3.192451596260070801e-01 -4.470121264457702637e-01
2.164904475212097168e-01 1.947410702705383301e-01
1.606187820434570312e-01 1.282632946968078613e-01
-1.450073719024658203e-02 -3.019375801086425781e-01
-2.575248479843139648e-01 -1.847280859947204590e-01
3.685077428817749023e-01 1.446454524993896484e-01
-2.823404073715209961e-01 -1.851642131805419922e-01
-1.257163286209106445e-01 -2.479892373085021973e-01
1.387413144111633301e-01 -1.865770220756530762e-01
-4.938395619392395020e-01 -2.648181319236755371e-01
-3.416928648948669434e-01 -4.529989361763000488e-01
4.649007320404052734e-01 -4.581184983253479004e-01
2.812755703926086426e-01 -1.278129816055297852e-01
4.959424138069152832e-01 3.324696421623229980e-01
-6.878590583801269531e-02 -1.769388914108276367e-01
2.768754959106445312e-02 -1.515375375747680664e-01
6.868588924407958984e-02 4.510515928268432617e-01
-2.331122756004333496e-01 1.242556571960449219e-01
1.530694365501403809e-01 -4.454539418220520020e-01
-3.734031915664672852e-01 -4.053995013236999512e-01
3.760957717895507812e-01 3.390623927116394043e-01
-3.243548870086669922e-01 3.941476345062255859e-02
1.226153373718261719e-01 6.300634145736694336e-02
1.904427409172058105e-01 -3.698038458824157715e-01
-1.114529967308044434e-01 3.033964037895202637e-01
1.409411430358886719e-01 2.768098711967468262e-01
-3.634952902793884277e-01 3.460670709609985352e-01
2.450754642486572266e-01 2.384918928146362305e-01
-2.778192162513732910e-01 3.907783031463623047e-01
1.489191651344299316e-01 7.104688882827758789e-02
3.892952203750610352e-01 2.966542243957519531e-01
-4.411345124244689941e-01 2.154194116592407227e-01
-2.690652608871459961e-01 2.235999703407287598e-01
3.067799210548400879e-01 4.785971641540527344e-01
1.307384967803955078e-01 -3.810963630676269531e-01
-9.115958213806152344e-02 7.280617952346801758e-02
3.473309278488159180e-01 1.913545727729797363e-01
-3.318713903427124023e-01 2.014760971069335938e-01
2.935053706169128418e-01 -9.821587800979614258e-02
-4.326744079589843750e-01 9.989279508590698242e-02
2.992987036705017090e-01 2.592455148696899414e-01
4.786295294761657715e-01 -4.423381090164184570e-01
-5.874991416931152344e-03 -1.181461811065673828e-01
-2.087951302528381348e-01 3.698565363883972168e-01
-2.749409675598144531e-01 -4.341883659362792969e-01
-3.471620082855224609e-01 1.614500880241394043e-01
2.487468719482421875e-01 1.687705516815185547e-01
2.102897763252258301e-01 3.936501741409301758e-01
2.525880336761474609e-01 2.680950760841369629e-01
-1.822757720947265625e-02 -2.934665679931640625e-01
-4.557024836540222168e-01 3.279894590377807617e-01
2.042355537414550781e-01 3.543183803558349609e-01
2.142381668090820312e-02 -3.059291243553161621e-01
-2.606081962585449219e-02 -1.142430305480957031e-02
3.233462572097778320e-01 2.911722064018249512e-01
3.980474472045898438e-01 -2.956210970878601074e-01
-7.134509086608886719e-02 2.966111302375793457e-01
4.847001433372497559e-01 1.617506742477416992e-01
-3.913969993591308594e-01 2.378435134887695312e-01
-3.570181727409362793e-01 2.505500316619873047e-01
-2.841331958770751953e-01 -5.498981475830078125e-02
-2.606043815612792969e-01 -2.299100160598754883e-02
-3.084883093833923340e-01 1.931785345077514648e-01
4.092415571212768555e-01 -4.017201662063598633e-01
-1.063526868820190430e-01 -4.978563189506530762e-01
3.341245651245117188e-02 5.314582586288452148e-02
-2.681249976158142090e-01 -4.182832837104797363e-01
-4.761590957641601562e-01 4.354332089424133301e-01
-4.160757064819335938e-01 -1.905500888824462891e-01
1.386051177978515625e-01 6.551760435104370117e-02
3.463577628135681152e-01 1.646777391433715820e-01
-1.891820430755615234e-01 4.893060922622680664e-01
-1.316977739334106445e-01 -4.950647950172424316e-01
-4.394336342811584473e-01 1.971243023872375488e-01
-1.873792409896850586e-01 2.316662073135375977e-01
2.008739709854125977e-01 1.833536028861999512e-01
2.516984939575195312e-01 -3.380982279777526855e-01
3.964225053787231445e-01 1.778036952018737793e-01
-2.767743468284606934e-01 7.679843902587890625e-02
-4.223668575286865234e-01 3.191345930099487305e-01
4.064979553222656250e-01 -4.055307507514953613e-01
-6.534564495086669922e-02 -4.639582037925720215e-01
3.822994232177734375e-02 8.356070518493652344e-02
2.421195507049560547e-01 -3.756440877914428711e-01
-3.784950971603393555e-01 -3.848018646240234375e-01
-3.788836002349853516e-01 -4.241582751274108887e-01
2.319401502609252930e-01 1.115188598632812500e-01
-2.126065492630004883e-01 1.688134670257568359e-01
-4.948770999908447266e-02 -4.894942045211791992e-01
1.153599619865417480e-01 7.166141271591186523e-02
4.438644647598266602e-01 1.383880972862243652e-01
-2.465376257896423340e-01 -1.501492261886596680e-01
-2.215203642845153809e-01 -7.167845964431762695e-02
1.762779355049133301e-01 3.572314381599426270e-01
-3.077855706214904785e-01 -2.864909172058105469e-01
1.218615174293518066e-01 1.139401197433471680e-01
-4.614447951316833496e-01 -3.807070255279541016e-01
1.257449984550476074e-01 4.207699894905090332e-01
-4.925552010536193848e-01 7.906073331832885742e-02
4.179554581642150879e-01 4.810324907302856445e-01
2.757384181022644043e-01 1.934912204742431641e-01
-1.465306282043457031e-01 -4.222162365913391113e-01
3.176846504211425781e-01 3.996742963790893555e-01
-5.252099037170410156e-02 -2.388042211532592773e-01
2.050324082374572754e-01 -2.209464311599731445e-01
-3.974448442459106445e-01 -1.611389517784118652e-01
4.126996397972106934e-01 2.572586536407470703e-01
-4.185993075370788574e-01 -2.184996604919433594e-01
4.904702305793762207e-01 4.620539546012878418e-01
8.105868101119995117e-02 2.098046541213989258e-01
-1.429498195648193359e-02 2.764371037483215332e-01
2.206544280052185059e-01 4.642962217330932617e-01
-4.524101018905639648e-01 4.845388531684875488e-01
-2.859165668487548828e-01 4.184268116950988770e-01
-3.751270174980163574e-01 -4.771716594696044922e-01
-6.614565849304199219e-03 -3.303915262222290039e-01
-4.451443552970886230e-01 -4.284390211105346680e-01
-2.395173311233520508e-01 -3.503262996673583984e-03
4.304423928260803223e-01 3.543967008590698242e-01
3.266050815582275391e-01 -3.109335303306579590e-01
1.671043634414672852e-01 -2.704986929893493652e-01
3.467393517494201660e-01 2.620051503181457520e-01
2.672821283340454102e-01 2.751244902610778809e-01
2.463437914848327637e-01 -1.178001761436462402e-01
2.201110124588012695e-01 2.367949485778808594e-02
2.104842066764831543e-01 -1.147508025169372559e-01
-8.447539806365966797e-02 7.653236389160156250e-02
-6.984043121337890625e-02 4.899073839187622070e-01
2.095592021942138672e-02 1.987819075584411621e-01
-1.262575984001159668e-01 -1.515630483627319336e-01
1.885377764701843262e-01 1.502804160118103027e-01
-4.942655563354492188e-02 4.769499897956848145e-01
3.754795193672180176e-01 -3.941227793693542480e-01
3.222995400428771973e-01 -3.805028200149536133e-01
-2.394213676452636719e-01 8.248794078826904297e-02
4.737111926078796387e-01 9.499073028564453125e-03
3.307384252548217773e-01 3.321943879127502441e-01
1.641976237297058105e-01 -4.308093786239624023e-01
-1.367391347885131836e-01 -9.588539600372314453e-02
-1.277730464935302734e-01 7.446902990341186523e-02
4.476163387298583984e-01 -2.848111987113952637e-01
3.658954501152038574e-01 -2.619392871856689453e-01
-2.600145936012268066e-01 4.805308580398559570e-01
4.264854192733764648e-01 -3.052147030830383301e-01
3.980782032012939453e-01 -3.286998271942138672e-01
-2.062497138977050781e-01 -2.597612738609313965e-01
1.530342102050781250e-01 -4.700856208801269531e-01
3.353899121284484863e-01 1.466552019119262695e-01
-7.773041725158691406e-03 3.067666292190551758e-02
1.319021582603454590e-01 4.988491535186767578e-02
-4.228668212890625000e-01 -2.347310185432434082e-01
1.587475538253784180e-01 -2.949659824371337891e-01
-4.619199037551879883e-02 7.008832693099975586e-02
-4.622324109077453613e-01 5.902177095413208008e-02
-2.870717644691467285e-01 4.902091622352600098e-01
-4.075972437858581543e-01 4.753096699714660645e-01
2.596272230148315430e-01 -4.190856218338012695e-01
3.020990490913391113e-01 -1.360146403312683105e-01
-3.142135739326477051e-01 -3.877980113029479980e-01
4.779059290885925293e-01 -2.896393537521362305e-01
-1.259802579879760742e-01 1.994776725769042969e-01
2.770687341690063477e-01 -2.113749980926513672e-01
2.307286858558654785e-01 -2.988373637199401855e-01
-2.971168756484985352e-01 3.872477412223815918e-01
1.994035243988037109e-01 5.996376276016235352e-02
-2.441136837005615234e-01 -1.687926054000854492e-02
8.338528871536254883e-02 -3.986900448799133301e-01
-4.567133188247680664e-01 1.416553854942321777e-01
-4.870045185089111328e-01 1.090769767761230469e-01
-3.220031857490539551e-01 5.103385448455810547e-02
-1.514702439308166504e-01 5.543303489685058594e-02
8.143633604049682617e-02 2.043199539184570312e-02
2.693724632263183594e-01 -2.098773121833801270e-01
4.486585855484008789e-01 -2.164636254310607910e-01
-4.950344562530517578e-01 -4.146708250045776367e-01
-8.989834785461425781e-02 -1.198828816413879395e-01
-2.694656252861022949e-01 -2.451975941658020020e-01
1.453797817230224609e-01 -3.380064368247985840e-01
-3.251556158065795898e-01 -1.109066605567932129e-01
-1.748279929161071777e-01 -1.224830150604248047e-01
-1.510915160179138184e-01 -3.564379215240478516e-01
-3.151801228523254395e-01 3.231483697891235352e-01
2.821240425109863281e-01 1.944693326950073242e-01
-4.322634339332580566e-01 -4.681740999221801758e-01
-2.568069100379943848e-01 2.266854047775268555e-01
1.144112348556518555e-01 4.566368460655212402e-01
-5.786639451980590820e-02 -9.709662199020385742e-02
-4.149105548858642578e-01 -2.421927452087402344e-01
3.471736311912536621e-01 -3.539443016052246094e-02
4.027535319328308105e-01 1.582266092300415039e-01
1.239037513732910156e-02 1.688930988311767578e-01
2.995785474777221680e-01 -3.206312060356140137e-01
3.565134406089782715e-01 3.380724787712097168e-01
-2.222498059272766113e-01 2.395920157432556152e-01
-4.082043170928955078e-01 -2.629114389419555664e-01
3.065896034240722656e-01 -3.861902356147766113e-01
-3.573302030563354492e-01 -3.589016199111938477e-02
4.488143324851989746e-01 -1.181795597076416016e-01
-2.769694924354553223e-01 3.219211101531982422e-01
-2.444128394126892090e-01 -4.186202287673950195e-01
-2.899702787399291992e-01 3.099710345268249512e-01
-1.798067092895507812e-01 4.686925411224365234e-01
-4.999899864196777344e-02 3.909980058670043945e-01
-1.499156355857849121e-01 -4.786735177040100098e-01
3.681861758232116699e-01 3.300852179527282715e-01
1.012710928916931152e-01 -2.489609718322753906e-01
4.200559854507446289e-02 3.665055036544799805e-01
1.092234253883361816e-01 3.534219264984130859e-01
2.730525732040405273e-01 1.112933158874511719e-01
-3.380454778671264648e-01 -2.473682165145874023e-01
-2.391609549522399902e-01 3.852164745330810547e-02
-6.394541263580322266e-02 3.699203133583068848e-01
2.191349864006042480e-01 3.609269857406616211e-02
-3.468679189682006836e-01 -2.688127756118774414e-02
2.939953804016113281e-01 1.023315787315368652e-01
8.915221691131591797e-02 -4.006870985031127930e-01
-1.611676812171936035e-01 4.501253366470336914e-01
-1.393410563468933105e-01 2.124643921852111816e-01
-1.448682546615600586e-01 1.754149198532104492e-01
7.995438575744628906e-02 1.648704409599304199e-01
-1.526991128921508789e-01 -3.088867664337158203e-02
7.066643238067626953e-02 4.174021482467651367e-01
-2.913942337036132812e-01 -1.566482782363891602e-01
-2.910838127136230469e-01 4.100025296211242676e-01
4.792401194572448730e-01 4.132022857666015625e-01
2.207863330841064453e-01 -4.937330484390258789e-01
-4.964581131935119629e-01 3.074073195457458496e-01
-2.199089527130126953e-02 6.722205877304077148e-02
-4.795086979866027832e-01 -4.100583195686340332e-01
-4.687858819961547852e-01 3.956503868103027344e-01
-2.863377332687377930e-01 7.774877548217773438e-02
2.911183238029479980e-01 -9.694337844848632812e-03
-4.789171218872070312e-01 -7.789528369903564453e-02
-8.116602897644042969e-02 3.819403052330017090e-01
-3.063760995864868164e-01 -2.898848056793212891e-02
-2.948871850967407227e-01 -2.671645283699035645e-01
-3.178817629814147949e-01 -2.952123880386352539e-01
-6.357198953628540039e-02 -3.643339872360229492e-01
1.483749151229858398e-01 1.288268566131591797e-01
1.543066501617431641e-01 -2.638095021247863770e-01
-1.195245385169982910e-01 1.125801801681518555e-01
3.580372333526611328e-01 3.605085611343383789e-02
9.855097532272338867e-02 -3.114350438117980957e-01
-1.825749874114990234e-01 -3.550840020179748535e-01
-4.972547292709350586e-01 -1.600233912467956543e-01
-2.188709974288940430e-01 3.416854143142700195e-02
-3.909856081008911133e-02 -4.180046916007995605e-01
-3.488214015960693359e-01 3.939971923828125000e-01
-7.541537284851074219e-02 4.711635708808898926e-01
-4.795334339141845703e-01 -3.668839335441589355e-01
4.285911917686462402e-01 2.071763873100280762e-01
-4.252696037292480469e-01 -7.766306400299072266e-02
1.604022383689880371e-01 -2.753438353538513184e-01
-4.147688150405883789e-01 4.590771794319152832e-01
2.457358837127685547e-01 -4.819881319999694824e-01
3.913098573684692383e-02 2.701377868652343750e-02
3.135443329811096191e-01 -2.751296758651733398e-01
2.059864401817321777e-01 6.549417972564697266e-02
-4.022562503814697266e-02 4.785360097885131836e-01
-3.943413496017456055e-01 -4.387003779411315918e-01
-1.221393942832946777e-01 -1.620650291442871094e-04
2.847880721092224121e-01 3.666906952857971191e-01
-8.400970697402954102e-02 1.617825031280517578e-02
4.841488599777221680e-02 4.295786023139953613e-01
2.738167047500610352e-01 3.667166829109191895e-01
8.477109670639038086e-02 4.320684671401977539e-01
2.936096191406250000e-01 -9.818035364151000977e-02
3.857575654983520508e-01 2.419953942298889160e-01
4.604113698005676270e-01 -2.547022104263305664e-01
-8.617120981216430664e-02 -3.409962654113769531e-01
-4.395081400871276855e-01 -4.226032495498657227e-01
-4.837993383407592773e-01 3.471725583076477051e-01
-2.107425928115844727e-01 3.318617343902587891e-01
1.032521724700927734e-01 -1.794138550758361816e-01
1.329271197319030762e-01 4.163887500762939453e-01
-2.662737965583801270e-01 -4.883821010589599609e-01
-4.954162240028381348e-01 2.197203040122985840e-01
2.254652976989746094e-02 -1.310458779335021973e-01
2.147619128227233887e-01 -3.855909705162048340e-01
-2.593762874603271484e-01 -3.828549385070800781e-01
3.415956497192382812e-01 2.030897140502929688e-01
4.144009351730346680e-01 2.627395987510681152e-01
2.684695124626159668e-01 8.838665485382080078e-02
1.765977740287780762e-01 -2.824845314025878906e-01
-1.754288077354431152e-01 -3.304711580276489258e-01
-1.621965169906616211e-01 -3.813378810882568359e-01
2.547664046287536621e-01 9.254002571105957031e-02
-4.244156479835510254e-01 -7.600063085556030273e-02
-4.491031169891357422e-01 -2.684606313705444336e-01
2.754888534545898438e-01 3.185243010520935059e-01
3.167071342468261719e-01 3.893997669219970703e-01
2.969542145729064941e-01 -1.302083134651184082e-01
1.661601662635803223e-01 -4.500182867050170898e-01
-5.145835876464843750e-02 1.377738714218139648e-01
-3.789448142051696777e-01 4.214637875556945801e-01
6.655138731002807617e-02 3.836321234703063965e-01
1.059041619300842285e-01 -3.105992078781127930e-02
-2.083523869514465332e-01 1.275043487548828125e-01
2.473334670066833496e-01 -1.309719681739807129e-01
1.028465032577514648e-01 2.460222840309143066e-01
4.391673803329467773e-01 -1.508182287216186523e-02
-2.210780978202819824e-01 4.193421006202697754e-01
7.378476858139038086e-02 -1.139456033706665039e-01
4.711793065071105957e-01 -4.862494468688964844e-01
4.938235878944396973e-01 -1.977286338806152344e-01
-2.078997492790222168e-01 8.092701435089111328e-03
6.035894155502319336e-02 1.646345853805541992e-02
-1.762183904647827148e-01 1.751755475997924805e-01
1.472447514533996582e-01 -3.478044271469116211e-01
-1.310259103775024414e-02 -3.295161724090576172e-01
-3.422605395317077637e-01 1.002132296562194824e-01
-3.990141749382019043e-01 3.158207535743713379e-01
7.856369018554687500e-02 -2.540137171745300293e-01
-4.582369923591613770e-01 1.015633344650268555e-01
1.177899837493896484e-01 7.703524827957153320e-02
2.006971240043640137e-01 -2.692051529884338379e-01
2.349192500114440918e-01 -8.623391389846801758e-02
-4.170576930046081543e-01 4.371875524520874023e-01
-7.367491722106933594e-02 6.973981857299804688e-03
-2.891607880592346191e-01 2.117270827293395996e-01
2.160364389419555664e-01 -3.394699096679687500e-01
-9.516745805740356445e-02 -1.212890744209289551e-01
-5.417829751968383789e-02 -2.453661561012268066e-01
3.316341042518615723e-01 -8.967018127441406250e-02
7.820171117782592773e-02 -2.298204302787780762e-01
2.191253900527954102e-01 4.918263554573059082e-01
-1.049717068672180176e-01 -1.273062825202941895e-01
-2.930034399032592773e-01 7.836461067199707031e-03
2.471461892127990723e-01 2.181479334831237793e-01
-1.771821379661560059e-01 -1.559749841690063477e-01
3.945230841636657715e-01 4.770333170890808105e-01
-4.705785512924194336e-01 3.636221289634704590e-01
1.734313964843750000e-01 4.037418961524963379e-01
-3.062474727630615234e-01 2.209873199462890625e-01
-8.676713705062866211e-02 -3.428148031234741211e-01
-6.605154275894165039e-02 3.003666400909423828e-01
3.434383273124694824e-01 4.907674193382263184e-01
-1.573451161384582520e-01 4.345841407775878906e-01
-3.955489397048950195e-02 1.907430291175842285e-01
4.038730859756469727e-01 1.586391925811767578e-01
4.127025604248046875e-01 -1.758455634117126465e-01
2.973202466964721680e-01 -2.921273112297058105e-01
1.092382073402404785e-01 -3.606321811676025391e-01
3.514200448989868164e-01 -4.352204799652099609e-01
-4.320259094238281250e-01 4.787918925285339355e-01
-9.494549036026000977e-02 -4.590365290641784668e-01
3.418872356414794922e-01 3.792558908462524414e-01
1.831656098365783691e-01 3.975088000297546387e-01
1.906939148902893066e-01 3.361976742744445801e-01
-3.053755164146423340e-01 -4.721784591674804688e-01
2.729075551033020020e-01 -3.890686035156250000e-01
4.650217294692993164e-02 -3.090844154357910156e-01
4.841225147247314453e-01 -3.395356535911560059e-01
-4.414890408515930176e-01 3.300747871398925781e-01
-9.769380092620849609e-02 8.743095397949218750e-02
-3.339552879333496094e-01 -2.260757088661193848e-01
2.457844018936157227e-01 6.590723991394042969e-02
1.055420637130737305e-01 -9.057104587554931641e-02
-3.123499155044555664e-01 6.187242269515991211e-02
3.306816816329956055e-01 4.502328038215637207e-01
1.998592019081115723e-01 -2.155914306640625000e-01
-1.896113157272338867e-02 -4.370526671409606934e-01
3.948071599006652832e-01 -8.452177047729492188e-03
1.275530457496643066e-01 -1.182658672332763672e-01
-4.224233627319335938e-01 1.765639781951904297e-01
-1.281251907348632812e-01 2.310690879821777344e-01
-4.261523485183715820e-02 -2.264540195465087891e-01
-1.332780718803405762e-01 1.398842930793762207e-01
-2.149240970611572266e-01 1.452409625053405762e-01
-4.652101397514343262e-01 2.073622941970825195e-01
-2.185657024383544922e-01 3.195686340332031250e-01
-3.282193541526794434e-01 -2.054727673530578613e-01
-9.055560827255249023e-02 2.433684468269348145e-01
-2.173848748207092285e-01 2.971919178962707520e-01
-4.731439352035522461e-01 -1.517579555511474609e-01
-4.796974062919616699e-01 -4.516392350196838379e-01
3.576315045356750488e-01 3.802699446678161621e-01
7.332050800323486328e-02 1.136454939842224121e-01
1.039825677871704102e-01 5.007219314575195312e-02
4.877631664276123047e-01 4.728259444236755371e-01
-5.162578821182250977e-02 2.868757247924804688e-01
-2.511453628540039062e-01 3.647514581680297852e-01
-4.616284370422363281e-02 -2.209653854370117188e-01
-3.123545646667480469e-02 2.044546604156494141e-02
3.516364693641662598e-01 -2.716805338859558105e-01
2.995087504386901855e-01 3.373600244522094727e-01
-1.222719550132751465e-01 -2.987273335456848145e-01
-1.393361687660217285e-01 1.440774202346801758e-01
-4.353497624397277832e-01 5.058348178863525391e-03
4.997935295104980469e-01 2.946912050247192383e-01
-3.581728935241699219e-01 -3.056704998016357422e-02
1.328249573707580566e-01 -7.807707786560058594e-02
-3.220657706260681152e-01 8.636504411697387695e-02
8.378100395202636719e-02 1.533662080764770508e-01
2.758028507232666016e-01 -9.778267145156860352e-02
-2.002494335174560547e-01 -2.137480974197387695e-01
1.072613596916198730e-01 2.081406116485595703e-01
2.263161540031433105e-01 -2.405112981796264648e-02
-4.082629084587097168e-01 3.387463092803955078e-01
-1.975818872451782227e-01 -1.008794903755187988e-01
-2.669959664344787598e-01 -1.562350988388061523e-02
-4.138432145118713379e-01 6.413149833679199219e-02
-8.997994661331176758e-02 -4.410356879234313965e-01
-4.094868302345275879e-01 -2.507581114768981934e-01
-2.558442354202270508e-01 3.204738497734069824e-01
2.981982827186584473e-01 -3.150594830513000488e-01
-1.819162964820861816e-01 -2.496361732482910156e-01
3.396279215812683105e-01 -3.761172294616699219e-03
-2.544060349464416504e-01 2.268319725990295410e-01
-2.140088081359863281e-01 2.573817968368530273e-01
-1.115481257438659668e-01 -2.565121650695800781e-02
4.625810384750366211e-01 -4.035046100616455078e-01
-2.733790874481201172e-02 -3.977919816970825195e-01
-1.095641851425170898e-01 -4.609489440917968750e-01
-4.319221973419189453e-01 -2.894740104675292969e-01
1.697976589202880859e-01 2.340491414070129395e-01
-4.949113130569458008e-01 4.647163152694702148e-01
1.233510971069335938e-01 3.440004587173461914e-01
-3.345633149147033691e-01 -7.644444704055786133e-02
-3.596689701080322266e-01 -1.281376481056213379e-01
-2.517833113670349121e-01 -3.153865337371826172e-01
3.184300661087036133e-02 4.688065052032470703e-01
1.340641379356384277e-01 3.298795223236083984e-01
2.344695329666137695e-01 1.755641698837280273e-01
1.147874593734741211e-01 1.172945499420166016e-01
2.458813786506652832e-01 3.259044885635375977e-02
-1.360428929328918457e-01 3.418599367141723633e-01
2.330964207649230957e-01 -4.808207750320434570e-01
3.217326402664184570e-01 4.320524334907531738e-01
2.884407639503479004e-01 3.923888802528381348e-01
-1.212447285652160645e-01 2.158140540122985840e-01
-1.146456003189086914e-01 2.310006022453308105e-01
5.710601806640625000e-03 1.414176225662231445e-01
1.965104341506958008e-01 -2.152912616729736328e-01
4.142213463783264160e-01 2.438961863517761230e-01
1.694437265396118164e-01 1.412664651870727539e-01
-1.058442592620849609e-01 -4.272753596305847168e-01
1.519237160682678223e-01 4.993034601211547852e-01
1.677693128585815430e-01 7.389444112777709961e-02
3.947656154632568359e-01 -7.757812738418579102e-02
-1.393535733222961426e-01 2.919213175773620605e-01
3.554556369781494141e-01 1.847664713859558105e-01
6.145536899566650391e-02 -3.866741061210632324e-01
3.976386189460754395e-01 -3.033844828605651855e-01
2.690507769584655762e-01 2.745233178138732910e-01
-1.778294444084167480e-01 -4.617661237716674805e-02
-1.842226982116699219e-01 -3.292747139930725098e-01
-2.653202414512634277e-01 3.278195858001708984e-01
-6.794214248657226562e-03 9.234380722045898438e-02
-3.202242255210876465e-01 4.141195416450500488e-01
2.428188323974609375e-01 1.564617156982421875e-01
-2.596908807754516602e-01 4.668096303939819336e-01
-3.427082896232604980e-01 1.967747807502746582e-01
-2.827463150024414062e-01 -4.611392617225646973e-01
-3.997917771339416504e-01 6.168484687805175781e-02
4.842864274978637695e-01 -4.567526578903198242e-01
6.031632423400878906e-03 -3.135218620300292969e-01
-3.515424132347106934e-01 -4.886968135833740234e-01
-1.226831078529357910e-01 -3.889608979225158691e-01
-3.101734519004821777e-01 -1.572408080101013184e-01
4.939373731613159180e-01 -1.948498487472534180e-01
1.324775218963623047e-01 1.639771461486816406e-02
-4.022470116615295410e-01 -2.197663784027099609e-01
3.602012395858764648e-01 3.524234890937805176e-01
1.535138487815856934e-01 -4.382531046867370605e-01
-1.780954599380493164e-01 -1.716085672378540039e-01
2.309170961380004883e-01 -2.799574732780456543e-01
1.679993867874145508e-01 2.652406692504882812e-02
-3.184072971343994141e-01 -1.178951263427734375e-01
-1.310638189315795898e-01 -1.068554520606994629e-01
1.437801718711853027e-01 -2.608383893966674805e-01
4.108721613883972168e-01 3.451820611953735352e-01
-2.035648822784423828e-01 -4.379948973655700684e-01
3.298814892768859863e-01 -3.370367884635925293e-01
4.477433562278747559e-01 7.470226287841796875e-02
1.134793162345886230e-01 9.171092510223388672e-02
-2.013525366783142090e-01 4.343670606613159180e-01
-4.616718888282775879e-01 -1.077359914779663086e-02
-2.395440936088562012e-01 3.119013309478759766e-01
-7.244563102722167969e-02 -4.006827473640441895e-01
-4.763435721397399902e-01 1.988902091979980469e-01
2.000164985656738281e-01 -3.572776913642883301e-01
6.759858131408691406e-02 -3.450215458869934082e-01
-7.928436994552612305e-02 3.686987161636352539e-01
-3.835365176200866699e-01 1.295557022094726562e-01
-4.615954756736755371e-01 -2.857772111892700195e-01
4.438276886940002441e-01 -1.472824215888977051e-01
1.318383216857910156e-01 -4.965283274650573730e-01
-4.329025745391845703e-02 1.841366887092590332e-01
1.484583616256713867e-01 -3.805354237556457520e-01
-2.747781872749328613e-01 4.336357116699218750e-01
-7.723844051361083984e-02 1.257512569427490234e-01
-1.533263921737670898e-01 -4.266695976257324219e-01
4.826858043670654297e-01 -4.526066780090332031e-01
4.379742145538330078e-01 8.659064769744873047e-03
5.513983964920043945e-02 3.960797786712646484e-01
4.111397266387939453e-01 -1.163073778152465820e-01
-1.416111588478088379e-01 -2.741729021072387695e-01
-1.406400203704833984e-01 -4.329162836074829102e-01
3.718852996826171875e-02 -4.214581251144409180e-01
2.027871012687683105e-01 3.539797067642211914e-01
-3.616329431533813477e-01 2.997609376907348633e-01
-4.305667877197265625e-01 3.302602767944335938e-01
-3.409652709960937500e-01 -4.151751995086669922e-01
7.577663660049438477e-02 -1.892260313034057617e-01
-1.226803064346313477e-01 -2.722328901290893555e-01
3.585400581359863281e-01 1.449684500694274902e-01
-3.304613232612609863e-01 4.573001265525817871e-01
-5.321359634399414062e-02 -3.483599424362182617e-01
-1.105832457542419434e-01 4.115793704986572266e-01
2.020787000656127930e-01 4.275978803634643555e-01
4.131863713264465332e-01 3.732911944389343262e-01
-4.083847403526306152e-01 1.984977126121520996e-01
-2.811922430992126465e-01 4.683260321617126465e-01
-3.973650932312011719e-01 2.787656188011169434e-01
2.894631624221801758e-01 -1.092851161956787109e-03
-1.431173086166381836e-02 4.408122301101684570e-01
1.237748861312866211e-01 -1.901163458824157715e-01
6.112420558929443359e-02 1.308343410491943359e-01
1.834871768951416016e-01 -1.690903902053833008e-01
4.515183568000793457e-01 -3.321914672851562500e-01
-3.447281122207641602e-01 4.275208711624145508e-02
-2.601188421249389648e-01 -2.456651926040649414e-01
-3.222757577896118164e-02 -1.046512126922607422e-01
-3.837235569953918457e-01 -9.921860694885253906e-02
2.173749804496765137e-01 4.130679368972778320e-01
-4.739506840705871582e-01 -4.964051842689514160e-01
1.529454588890075684e-01 -3.916664719581604004e-01
-3.546659350395202637e-01 -5.705541372299194336e-02
-2.692953944206237793e-01 -1.536049842834472656e-01
4.450808167457580566e-01 -3.510454893112182617e-01
4.912871122360229492e-02 4.050981402397155762e-01
1.453543901443481445e-01 -1.945320367813110352e-01
4.879007339477539062e-01 4.226279854774475098e-01
-4.218208789825439453e-02 3.978246450424194336e-01
-2.036407589912414551e-01 -1.440683007240295410e-01
-4.476654529571533203e-01 9.423375129699707031e-03
2.241879105567932129e-01 -3.789238929748535156e-01
3.420516252517700195e-01 1.829963326454162598e-01
2.878189086914062500e-02 1.041889190673828125e-01
-1.951053142547607422e-01 -4.599866867065429688e-01
1.238871216773986816e-01 2.516773343086242676e-01
-1.679482460021972656e-01 -3.848537206649780273e-01
2.147331237792968750e-01 4.823523163795471191e-01
-1.942026615142822266e-02 -2.942161560058593750e-01
8.560878038406372070e-02 4.700618386268615723e-01
-4.423963427543640137e-01 -3.938456773757934570e-01
-4.783186912536621094e-01 -4.454275965690612793e-01
3.707301020622253418e-01 -4.086252450942993164e-01
-1.653640270233154297e-01 4.264765977859497070e-01
-2.626676559448242188e-01 -2.826266884803771973e-01
3.141030073165893555e-01 1.387479901313781738e-01
1.291720867156982422e-01 -7.849150896072387695e-02
4.689718484878540039e-01 -4.102168083190917969e-01
3.447297811508178711e-01 -2.823248505592346191e-01
4.407011866569519043e-01 -3.631799221038818359e-01
-1.584154367446899414e-01 4.499830603599548340e-01
3.699394464492797852e-01 1.603496074676513672e-01
2.198011279106140137e-01 -2.163450717926025391e-01
3.553183674812316895e-01 -1.668223142623901367e-01
-2.279583811759948730e-01 1.507058143615722656e-01
-4.746535420417785645e-01 3.210098147392272949e-01
-4.855961203575134277e-01 3.903974294662475586e-01
2.317079901695251465e-01 -2.736182212829589844e-01
1.373813748359680176e-01 9.245628118515014648e-02
3.629059195518493652e-01 -2.536018490791320801e-01
4.382386207580566406e-01 -4.020580649375915527e-01
-3.191391229629516602e-01 -1.838659644126892090e-01
-6.581658124923706055e-02 -3.306206464767456055e-01
8.894795179367065430e-02 -2.975133061408996582e-01
-1.478046178817749023e-01 -7.480835914611816406e-02
-4.909390211105346680e-01 3.755795955657958984e-02
4.816303253173828125e-01 5.042487382888793945e-02
-4.021465778350830078e-02 -1.893585920333862305e-02
1.381047368049621582e-01 -4.118666052818298340e-01
-2.529780268669128418e-01 -1.051656007766723633e-01
3.536259531974792480e-01 -9.916633367538452148e-02
-2.684355378150939941e-01 -1.851224899291992188e-02
3.133722543716430664e-01 -4.944001436233520508e-01
1.077374815940856934e-01 2.397605776786804199e-01
2.689004540443420410e-01 -3.091721534729003906e-01
2.778372764587402344e-01 3.285610079765319824e-01
2.352863550186157227e-02 2.253526449203491211e-02
4.033367633819580078e-01 -2.090920805931091309e-01
-3.201860785484313965e-01 -4.429925084114074707e-01
-6.410062313079833984e-02 4.124445915222167969e-01
-2.916598320007324219e-01 9.467351436614990234e-02
7.030248641967773438e-02 2.915040254592895508e-01
-2.470581531524658203e-01 1.300688982009887695e-01
4.147042632102966309e-01 -1.987712979316711426e-01
-8.007401227951049805e-02 -4.520217776298522949e-01
-1.228324174880981445e-01 -9.070289134979248047e-02
-1.466058492660522461e-01 -1.438354849815368652e-01
-3.383206129074096680e-01 3.224603533744812012e-01
2.921390533447265625e-02 -3.101149797439575195e-01
4.149870276451110840e-01 4.759889841079711914e-02
-2.255123257637023926e-01 9.921365976333618164e-02
-3.355820178985595703e-01 2.101079821586608887e-01
-1.978792548179626465e-01 4.349561333656311035e-01
2.066194415092468262e-01 1.382278203964233398e-01
8.415997028350830078e-02 -4.692146778106689453e-01
3.176285028457641602e-01 -2.854256033897399902e-01
1.974283456802368164e-01 4.332822561264038086e-02
-4.546505808830261230e-01 7.253831624984741211e-02
-2.138626575469970703e-02 -3.364563584327697754e-01
-3.244057297706604004e-01 -3.194810152053833008e-01
3.434968590736389160e-01 -1.182349324226379395e-01
6.690633296966552734e-02 -2.567191720008850098e-01
5.846160650253295898e-02 3.268423080444335938e-01
4.421948194503784180e-01 -2.558329701423645020e-01
-3.312339186668395996e-01 -2.194201946258544922e-01
2.753539085388183594e-01 4.767933487892150879e-01
-4.208856821060180664e-02 -1.609163284301757812e-01
6.965458393096923828e-03 4.549640417098999023e-02
3.199002146720886230e-01 -4.337654709815979004e-01
-2.391656637191772461e-01 -1.353600621223449707e-01
-5.563777685165405273e-02 -2.886185646057128906e-01
4.116222858428955078e-01 3.531582951545715332e-01
4.716421961784362793e-01 1.526890993118286133e-01
-4.113759994506835938e-01 -3.610060214996337891e-01
1.484818458557128906e-01 -2.834092378616333008e-01
4.878900647163391113e-01 4.702922701835632324e-01
-2.240995764732360840e-01 -9.158504009246826172e-02
1.612958908081054688e-01 -2.010680437088012695e-01
3.900377750396728516e-01 2.842485904693603516e-01
1.667641401290893555e-01 1.140707731246948242e-02
-8.977055549621582031e-03 3.296442031860351562e-01
1.267325878143310547e-02 1.808524131774902344e-02
-4.206010699272155762e-01 -1.529685258865356445e-01
3.384734988212585449e-01 4.847580790519714355e-01
-2.282329797744750977e-01 1.279428601264953613e-01
3.771116137504577637e-01 4.011676907539367676e-01
-2.641712427139282227e-01 4.103114008903503418e-01
-4.657080769538879395e-01 1.579087376594543457e-01
-1.778632402420043945e-02 4.601608514785766602e-01
-1.945124864578247070e-01 4.899709820747375488e-01
9.845936298370361328e-02 3.909463882446289062e-01
-1.645720005035400391e-02 -1.119183897972106934e-01
-1.103350520133972168e-01 -3.920829296112060547e-02
2.965466380119323730e-01 -1.489028930664062500e-01
4.563321471214294434e-01 -2.048268318176269531e-01
3.965020179748535156e-02 -8.701992034912109375e-02
-3.358783125877380371e-01 2.609319686889648438e-01
-3.236930966377258301e-01 -4.512231945991516113e-01
2.582499384880065918e-01 -4.739431142807006836e-01
7.848554849624633789e-02 -4.516278505325317383e-01
3.999890685081481934e-01 2.667675018310546875e-01
6.132054328918457031e-02 -4.959575533866882324e-01
-2.226710319519042969e-02 -6.742596626281738281e-03
-3.124446272850036621e-01 4.618483781814575195e-02
4.841069579124450684e-01 -1.302645802497863770e-01
3.075922131538391113e-01 3.711541295051574707e-01
3.365027904510498047e-01 -2.806851267814636230e-01
3.373788595199584961e-01 1.330977678298950195e-02
2.612218856811523438e-01 2.944377660751342773e-01
-2.229792475700378418e-01 4.888797402381896973e-01
3.836034536361694336e-01 4.200505614280700684e-01
9.095692634582519531e-02 3.740374445915222168e-01
-1.283398270606994629e-01 3.625509738922119141e-01
7.615643739700317383e-02 8.357423543930053711e-02
1.706805825233459473e-01 -3.784978985786437988e-01
-1.880319714546203613e-01 4.576237201690673828e-01
-2.618673443794250488e-01 3.024438023567199707e-01
2.888631224632263184e-01 3.465424776077270508e-01
-1.613275408744812012e-01 -1.149938106536865234e-01
-4.803717732429504395e-01 4.457589387893676758e-01
1.775276064872741699e-01 1.720066070556640625e-01
1.593629121780395508e-01 8.798962831497192383e-02
-2.077993154525756836e-01 2.624869346618652344e-03
4.339315295219421387e-01 -2.076832056045532227e-01
9.689217805862426758e-02 2.685461640357971191e-01
-6.606733798980712891e-02 6.569647789001464844e-02
-3.553572297096252441e-01 -1.911521553993225098e-01
8.410125970840454102e-02 3.768746256828308105e-01
1.502001285552978516e-01 -2.980811595916748047e-01
-7.553255558013916016e-02 4.368704557418823242e-02
1.122222542762756348e-01 -4.042438268661499023e-01
-3.966325521469116211e-01 2.582925558090209961e-01
4.967354536056518555e-01 -3.840466141700744629e-01
2.419748902320861816e-01 3.800316452980041504e-01
-1.400832533836364746e-01 -2.217563986778259277e-01
-2.495053410530090332e-01 3.659912347793579102e-01
-2.350693345069885254e-01 3.560403585433959961e-01
4.124320745468139648e-01 2.275851368904113770e-01
3.967136144638061523e-01 3.076246976852416992e-01
-2.568179368972778320e-01 3.246881961822509766e-01
-4.382951259613037109e-01 -4.198490977287292480e-01
-3.967974185943603516e-01 -2.577111721038818359e-01
-2.118119001388549805e-01 3.123711943626403809e-01
-4.597133398056030273e-01 -2.534971237182617188e-01
-3.529085516929626465e-01 3.158928751945495605e-01
1.914634108543395996e-01 -3.118854165077209473e-01
3.896353840827941895e-01 -3.334147334098815918e-01
3.950707316398620605e-01 2.450178861618041992e-01
4.051589369773864746e-01 -2.064170837402343750e-01
-3.011890649795532227e-01 -1.003935337066650391e-01
-4.468345046043395996e-01 2.909189462661743164e-02
-3.281885981559753418e-01 -2.264351844787597656e-01
-8.966147899627685547e-03 -6.875216960906982422e-02
-1.123039126396179199e-01 -3.166872262954711914e-01
1.211681962013244629e-01 -2.405241727828979492e-01
-3.678094148635864258e-01 2.285149097442626953e-01
2.844905257225036621e-01 3.524363040924072266e-01
-1.755237579345703125e-02 6.461650133132934570e-02
4.819936156272888184e-01 3.154443502426147461e-01
-1.830644607543945312e-01 3.696137070655822754e-01
-1.392102241516113281e-02 -2.412116527557373047e-01
-2.715702056884765625e-01 1.395545005798339844e-01
8.819550275802612305e-02 2.769465446472167969e-01
-1.497066020965576172e-02 -2.440406084060668945e-01
2.787434458732604980e-01 3.990852832794189453e-01
3.941557407379150391e-01 -3.701580166816711426e-01
-4.488101601600646973e-01 -1.022003889083862305e-01
1.019927263259887695e-01 1.466849446296691895e-01
-3.039461374282836914e-02 4.050972461700439453e-01
-4.691671729087829590e-01 -2.638789415359497070e-01
-1.829302906990051270e-01 -8.218610286712646484e-02
-4.505757093429565430e-01 3.320659995079040527e-01
-2.420271039009094238e-01 -4.195422530174255371e-01
-4.866784811019897461e-01 -6.751340627670288086e-02
-2.453798055648803711e-02 -2.196106314659118652e-01
-2.893934249877929688e-01 2.907401919364929199e-01
2.164761424064636230e-01 -8.626139163970947266e-02
1.456621289253234863e-01 -3.726242184638977051e-01
-9.197735786437988281e-02 5.423009395599365234e-02
-4.305273294448852539e-02 1.180100440979003906e-01
4.817962050437927246e-01 2.113938331604003906e-01
-3.267971873283386230e-01 -2.503566145896911621e-01
-3.928561806678771973e-01 2.962206602096557617e-01
2.392656803131103516e-01 1.535429358482360840e-01
3.244030475616455078e-02 4.156525731086730957e-01
-2.050483226776123047e-02 -1.775880455970764160e-01
-2.632539868354797363e-01 6.933999061584472656e-02
-4.040455222129821777e-01 -1.168623566627502441e-01
3.808119297027587891e-01 -1.613162159919738770e-01
-1.498340368270874023e-01 1.885632276535034180e-01
2.173328995704650879e-01 -2.207933068275451660e-01
3.244149684906005859e-02 2.398452758789062500e-01
2.432074546813964844e-01 -4.438221454620361328e-02
-2.595776319503784180e-01 2.213975191116333008e-01
-4.941964745521545410e-01 -2.535034418106079102e-01
-2.598902583122253418e-01 4.943376183509826660e-01
2.320672869682312012e-01 -4.094547629356384277e-01
4.412147998809814453e-01 -3.780575394630432129e-01
1.287478208541870117e-02 -7.660657167434692383e-02
5.530977249145507812e-02 3.993971943855285645e-01
-1.180446743965148926e-01 -4.035178422927856445e-01
-4.908437132835388184e-01 2.461982369422912598e-01
-2.244162559509277344e-02 4.774731397628784180e-01
3.533020615577697754e-01 9.762233495712280273e-02
-2.224848866462707520e-01 -4.739805459976196289e-01
-3.607991337776184082e-01 4.699963331222534180e-01
-4.556274414062500000e-02 3.395411372184753418e-01
9.690934419631958008e-02 4.169009923934936523e-01
-3.787487149238586426e-01 1.468445062637329102e-01
2.480518221855163574e-01 -2.256950139999389648e-01
3.962793350219726562e-01 -4.605094790458679199e-01
-4.905321002006530762e-01 6.441640853881835938e-02
2.426450848579406738e-01 -5.617558956146240234e-03
3.817574977874755859e-01 -2.982285022735595703e-01
4.315632581710815430e-02 4.376462101936340332e-01
-2.514650225639343262e-01 -4.003716707229614258e-01
7.868987321853637695e-02 -2.694715857505798340e-01
-4.607686996459960938e-01 -2.046787142753601074e-01
3.156971335411071777e-01 4.174864292144775391e-01
-4.438263773918151855e-01 -3.946018218994140625e-01
1.269230246543884277e-01 8.401203155517578125e-02
-4.465900063514709473e-01 2.225773930549621582e-01
4.607791900634765625e-01 -1.384337544441223145e-01
1.999400258064270020e-01 4.864499568939208984e-01
1.469284892082214355e-01 -3.478294610977172852e-01
-1.814279556274414062e-01 1.799896359443664551e-01
1.420259475708007812e-01 -2.250603437423706055e-01
-3.651862144470214844e-01 -2.751651406288146973e-01
2.160602807998657227e-01 -4.070366024971008301e-01
-4.296147823333740234e-02 -1.902593970298767090e-01
-2.208787798881530762e-01 -2.561022639274597168e-01
8.745074272155761719e-03 8.360481262207031250e-02
1.119022369384765625e-01 1.531237959861755371e-01
-1.043245792388916016e-01 4.107429981231689453e-01
1.038885116577148438e-02 2.120969891548156738e-01
2.156546115875244141e-01 -4.402661323547363281e-02
2.417839765548706055e-01 -2.043342590332031250e-01
1.949037909507751465e-01 -4.669684171676635742e-01
-4.176082611083984375e-01 -3.643739223480224609e-01
4.936963319778442383e-01 2.370867729187011719e-01
3.267271518707275391e-01 -1.424555182456970215e-01
-2.771989107131958008e-01 -1.317906975746154785e-01
4.363353848457336426e-01 -1.088858842849731445e-01
4.793431162834167480e-01 3.802507519721984863e-01
1.598767042160034180e-01 -4.359689354896545410e-01
1.767109632492065430e-01 -3.312361240386962891e-01
9.114134311676025391e-02 3.600008487701416016e-01
-4.732680320739746094e-01 -4.943587779998779297e-01
2.321981787681579590e-01 3.043976426124572754e-01
-2.203445434570312500e-01 -5.019474029541015625e-02
3.385770320892333984e-02 -2.359521389007568359e-01
1.905398368835449219e-01 2.470631599426269531e-01
1.457206010818481445e-01 1.997956633567810059e-01
-2.088885307312011719e-01 3.388785719871520996e-01
-1.583482027053833008e-01 1.448605656623840332e-01
-8.213436603546142578e-02 4.192304611206054688e-01
1.114866733551025391e-01 2.679692506790161133e-01
-3.777948617935180664e-01 1.593478322029113770e-01
-3.568993210792541504e-01 3.680809736251831055e-01
-4.279561638832092285e-01 -2.221133708953857422e-01
3.592065572738647461e-01 3.108431100845336914e-01
3.267547488212585449e-01 -1.859977245330810547e-01
-3.079186081886291504e-01 -3.591156601905822754e-01
7.175314426422119141e-02 -3.253502249717712402e-01
2.757772803306579590e-01 1.098331212997436523e-01
1.957169175148010254e-01 -4.910062551498413086e-01
-2.576167583465576172e-01 -8.028864860534667969e-03
-3.673235177993774414e-01 -1.158410310745239258e-02
3.268510103225708008e-01 2.922408580780029297e-01
-3.147462606430053711e-01 -1.534563302993774414e-01
-2.268815636634826660e-01 2.294656634330749512e-01
-2.852069139480590820e-01 3.776529431343078613e-01
-3.252521753311157227e-01 1.246641278266906738e-01
4.221495389938354492e-01 5.442452430725097656e-02
3.328298926353454590e-01 -3.219631910324096680e-01
2.351993322372436523e-02 -2.298216223716735840e-01
-3.624037504196166992e-01 3.980106115341186523e-01
4.944884777069091797e-01 1.620901823043823242e-01
-2.322657108306884766e-01 4.167971014976501465e-01
-1.618179082870483398e-01 4.060799479484558105e-01
3.234649896621704102e-01 2.774536609649658203e-03
1.891624927520751953e-02 -2.290130853652954102e-01
2.658557891845703125e-02 -2.544689774513244629e-01
-4.435330629348754883e-02 2.064347863197326660e-01
1.567131280899047852e-01 -4.789634346961975098e-01
4.077180624008178711e-01 1.768941879272460938e-01
-4.296943545341491699e-01 -3.845844864845275879e-01
-2.977210879325866699e-01 1.909536719322204590e-01
9.349924325942993164e-02 4.675565361976623535e-01
-1.066855192184448242e-01 8.473968505859375000e-02
4.449782371520996094e-01 -1.762853264808654785e-01
5.498594045639038086e-02 -2.529816031455993652e-01
-3.197888731956481934e-01 9.903866052627563477e-02
-2.790803909301757812e-01 -3.285034894943237305e-01
1.331120729446411133e-01 2.957661747932434082e-01
4.758623838424682617e-01 5.937695503234863281e-02
3.198907375335693359e-01 -1.222695708274841309e-01
-3.603297472000122070e-01 -2.375168800354003906e-01
1.453127861022949219e-01 1.491640806198120117e-01
1.122789978981018066e-01 7.584637403488159180e-02
-2.746556997299194336e-01 -2.705761790275573730e-01
4.065215587615966797e-03 -3.291668295860290527e-01
-1.000174283981323242e-01 2.150930762290954590e-01
2.146500945091247559e-01 -1.654519438743591309e-01
-1.955818533897399902e-01 3.463488221168518066e-01
3.971527218818664551e-01 -4.451863765716552734e-01
-2.005423903465270996e-01 -2.774327993392944336e-01
4.349308013916015625e-01 -1.211699247360229492e-01
-1.996784806251525879e-01 -1.247362494468688965e-01
-2.199081182479858398e-01 -1.890722513198852539e-01
-1.788617968559265137e-01 3.128391504287719727e-01
-4.190079569816589355e-01 1.583415865898132324e-01
-4.777643680572509766e-01 -3.088055253028869629e-01
4.020166397094726562e-02 3.120389580726623535e-01
-2.190842628479003906e-01 -1.661596298217773438e-01
4.282498359680175781e-02 2.561074495315551758e-02
2.608343362808227539e-01 -3.511888384819030762e-01
-1.156273484230041504e-01 1.312882900238037109e-01
-1.474850177764892578e-01 -2.388641238212585449e-01
-1.297320723533630371e-01 6.481498479843139648e-02
4.985672235488891602e-02 -1.504523754119873047e-01
-1.717801690101623535e-01 -4.457789659500122070e-02
4.253173470497131348e-01 2.247542142868041992e-01
1.082062721252441406e-03 1.279741525650024414e-02
-1.590323448181152344e-01 2.475565671920776367e-01
-1.810654401779174805e-01 -4.676463007926940918e-01
-2.891510725021362305e-01 -6.792402267456054688e-02
8.730751276016235352e-02 3.756165504455566406e-01
4.265021085739135742e-01 -3.458321094512939453e-01
4.931947588920593262e-01 -2.920449972152709961e-01
-3.297120928764343262e-01 -7.122218608856201172e-02
4.954151511192321777e-01 -2.101147770881652832e-01
-4.919796586036682129e-01 4.278712868690490723e-01
-4.243549108505249023e-01 7.640922069549560547e-02
3.006044030189514160e-01 -1.620067358016967773e-01
-1.429811716079711914e-01 -1.404684185981750488e-01
3.585925698280334473e-01 4.188728332519531250e-02
-3.046152591705322266e-01 -2.882916927337646484e-01
-4.348949193954467773e-01 -1.447700858116149902e-01
-1.857458949089050293e-01 -3.904259800910949707e-01
-4.326193928718566895e-01 3.729843497276306152e-01
5.534857511520385742e-02 1.076072454452514648e-02
4.085567593574523926e-01 5.538302659988403320e-02
7.865673303604125977e-02 3.311481475830078125e-01
-2.191998958587646484e-01 4.375396966934204102e-01
3.473305702209472656e-01 -1.004038453102111816e-01
9.620738029479980469e-02 3.304963707923889160e-01
1.232212781906127930e-02 2.947455644607543945e-02
4.122024774551391602e-01 2.772846221923828125e-01
-2.893387675285339355e-01 8.604753017425537109e-02
8.711934089660644531e-03 3.181754946708679199e-01
8.140820264816284180e-02 4.658189415931701660e-01
-3.227712512016296387e-01 -2.736444473266601562e-01
-1.260815262794494629e-01 2.494621276855468750e-02
-2.718589305877685547e-01 -1.890742182731628418e-01
3.617427945137023926e-01 3.430122137069702148e-01
-9.917008876800537109e-02 1.698961257934570312e-01
1.333274841308593750e-01 3.713113665580749512e-01
1.008340120315551758e-01 -4.436008930206298828e-01
4.199777841567993164e-01 2.111137509346008301e-01
3.004907369613647461e-01 1.860702633857727051e-01
-2.509110569953918457e-01 -4.164924621582031250e-01
-2.532891035079956055e-01 -4.574124813079833984e-01
2.498584985733032227e-02 -4.164993762969970703e-03
-4.059453010559082031e-01 -1.357867121696472168e-01
1.374465227127075195e-02 2.690973877906799316e-01
-1.308990716934204102e-01 3.645762205123901367e-01
-3.266303539276123047e-01 -7.370948791503906250e-02
1.032871603965759277e-01 -4.594367742538452148e-01
-4.980771541595458984e-01 -1.715742349624633789e-01
3.322434425354003906e-02 3.726270198822021484e-01
-3.203433156013488770e-01 -2.194696068763732910e-01
1.955992579460144043e-01 -3.612924814224243164e-01
-4.492086768150329590e-01 -1.838468313217163086e-01
2.780821919441223145e-01 1.013284921646118164e-02
3.065356612205505371e-01 2.110080122947692871e-01
-1.469233632087707520e-01 -2.924650907516479492e-01
-4.764661788940429688e-01 -4.017306566238403320e-01
1.180000901222229004e-01 3.583236932754516602e-01
1.034578680992126465e-01 2.764130234718322754e-01
-3.014219403266906738e-01 2.909290790557861328e-02
-2.691976428031921387e-01 3.399106264114379883e-01
2.466807365417480469e-01 2.307760715484619141e-02
-2.720890045166015625e-01 -4.224083423614501953e-01
-1.010538935661315918e-01 4.262630343437194824e-01
4.260741472244262695e-01 -2.559417486190795898e-01
2.252554893493652344e-02 -2.974597811698913574e-01
-2.208873033523559570e-01 3.611743450164794922e-02
-1.399947404861450195e-01 -1.132668256759643555e-01
2.564144134521484375e-01 3.863930702209472656e-01
-1.242365241050720215e-01 -3.519255518913269043e-01
3.271214365959167480e-01 2.408825755119323730e-01
-2.891886234283447266e-01 4.231178164482116699e-01
-2.274662852287292480e-01 1.675875782966613770e-01
4.185870289802551270e-01 -4.012907743453979492e-01
3.295805454254150391e-01 -2.726895213127136230e-01
-4.979401826858520508e-02 1.265112161636352539e-01
-4.161084890365600586e-01 -3.795826435089111328e-01
-3.100591897964477539e-01 -3.009997010231018066e-01
-8.267641067504882812e-02 3.657233715057373047e-01
3.852193951606750488e-01 2.567456364631652832e-01
1.145577430725097656e-01 2.645525932312011719e-01
4.222279191017150879e-01 4.557207822799682617e-01
4.513917565345764160e-01 1.354939937591552734e-01
1.047730445861816406e-01 -4.086065292358398438e-02
-4.053230285644531250e-01 4.205907583236694336e-01
-4.380069971084594727e-01 3.799295425415039062e-01
2.934814691543579102e-01 -5.685943365097045898e-02
-2.244423031806945801e-01 -2.641529440879821777e-01
1.460636854171752930e-01 -2.822249531745910645e-01
2.232724428176879883e-01 -2.937623858451843262e-01
2.092206478118896484e-02 4.772511124610900879e-01
3.961097002029418945e-01 3.486292362213134766e-01
2.556402087211608887e-01 2.916146516799926758e-01
-4.093472361564636230e-01 -4.729327559471130371e-01
-2.162985205650329590e-01 4.123793840408325195e-01
-2.497889995574951172e-01 2.185302376747131348e-01
-6.035780906677246094e-02 -2.678003907203674316e-01
4.721704721450805664e-01 3.352707624435424805e-02
4.656092524528503418e-01 -8.634501695632934570e-02
-1.470648050308227539e-01 2.514543533325195312e-01
-4.660412073135375977e-01 -2.600492238998413086e-01
-3.279675245285034180e-01 3.933990001678466797e-02
2.039211988449096680e-01 4.536553025245666504e-01
-7.355457544326782227e-02 3.872552514076232910e-01
-2.167758941650390625e-01 2.577254176139831543e-01
7.555645704269409180e-02 -1.025241613388061523e-02
