2.042174339294433594e-03 9.942907094955444336e-02
-4.200599193572998047e-01 -4.162718653678894043e-01
4.042574167251586914e-01 -4.264488220214843750e-01
-2.036159038543701172e-01 -1.930010318756103516e-02
4.301152229309082031e-01 -2.206085324287414551e-01
4.612516164779663086e-01 -3.453701734542846680e-02
-3.403043746948242188e-02 -1.660978794097900391e-02
-3.566932082176208496e-01 1.853506565093994141e-01
-1.770676374435424805e-01 1.932950615882873535e-01
2.150587439537048340e-01 -4.034414291381835938e-01
7.377010583877563477e-02 8.640444278717041016e-02
2.532108426094055176e-01 1.915351748466491699e-01
-6.265169382095336914e-02 -7.952743768692016602e-02
2.793930172920227051e-01 1.573723554611206055e-01
-2.214272022247314453e-01 8.817970752716064453e-03
1.260236501693725586e-01 1.086877584457397461e-01
3.081384301185607910e-01 4.662559628486633301e-01
1.106804013252258301e-01 4.346026182174682617e-01
1.399807333946228027e-01 -3.023403286933898926e-01
4.387001395225524902e-01 1.381489038467407227e-01
1.560660004615783691e-01 4.126829504966735840e-01
-5.853587388992309570e-02 3.917033076286315918e-01
3.625506162643432617e-02 -4.073076844215393066e-01
2.320340275764465332e-01 -1.989591121673583984e-01
-4.890351295471191406e-01 1.151549816131591797e-02
-3.389438390731811523e-01 2.081556320190429688e-01
-1.649141907691955566e-01 1.383046507835388184e-01
-3.644348382949829102e-01 2.853328585624694824e-01
-3.645201921463012695e-01 7.543426752090454102e-02
-3.703228831291198730e-01 3.443688750267028809e-01
-1.999953389167785645e-01 -3.893816471099853516e-01
-2.099661827087402344e-01 -2.056460380554199219e-01
-1.748967766761779785e-01 1.083155274391174316e-01
1.808494329452514648e-02 1.828527450561523438e-02
-1.563845276832580566e-01 2.068144679069519043e-01
1.661881208419799805e-01 4.799180626869201660e-01
-9.526288509368896484e-02 -1.911533474922180176e-01
-1.543617248535156250e-01 -3.220276236534118652e-01
1.832498908042907715e-01 -1.555661559104919434e-01
2.298377752304077148e-01 -3.514493703842163086e-01
-3.273671865463256836e-01 -4.363247752189636230e-01
-1.058918833732604980e-01 -3.997782468795776367e-01
3.680026531219482422e-01 1.391816139221191406e-02
-2.687046527862548828e-01 -4.993070960044860840e-01
-4.931694269180297852e-01 2.734685540199279785e-01
3.751456737518310547e-03 4.820865988731384277e-01
1.712642312049865723e-01 1.362051367759704590e-01
-3.041297197341918945e-01 -3.543739318847656250e-01
-4.565716981887817383e-01 8.053696155548095703e-02
-4.562808871269226074e-01 -4.655078053474426270e-01
-6.473737955093383789e-02 -1.664496660232543945e-01
-1.030564308166503906e-02 7.783633470535278320e-02
-4.535470604896545410e-01 -3.936210274696350098e-01
-3.928612470626831055e-01 -6.326436996459960938e-03
-3.213088512420654297e-01 -1.989680528640747070e-02
-1.214787364006042480e-01 2.695457339286804199e-01
-3.169735074043273926e-01 -1.566356420516967773e-02
-3.538381457328796387e-01 -3.342751860618591309e-01
-2.419341206550598145e-01 7.872051000595092773e-02
-9.376245737075805664e-02 -1.715898513793945312e-03
-4.901231527328491211e-01 1.736134886741638184e-01
-2.450597286224365234e-01 -3.821839690208435059e-01
-4.967435598373413086e-01 3.298634290695190430e-01
-4.920721650123596191e-01 1.989379525184631348e-01
1.742507815361022949e-01 1.918761134147644043e-01
-2.640123963356018066e-01 3.765683770179748535e-01
-4.160183668136596680e-01 3.582349419593811035e-01
-8.120471239089965820e-02 -3.390306234359741211e-02
-3.412395119667053223e-01 -5.433756113052368164e-02
4.571734070777893066e-01 8.192437887191772461e-02
4.733178615570068359e-01 -3.889418840408325195e-01
-1.394166350364685059e-01 -2.575433254241943359e-02
-1.638399362564086914e-01 -1.632748246192932129e-01
-4.196469187736511230e-01 3.104907274246215820e-01
4.664325714111328125e-02 3.155930638313293457e-01
2.685574293136596680e-01 -4.745995998382568359e-02
-4.950675368309020996e-01 -4.797847270965576172e-01
8.820515871047973633e-02 2.431104183197021484e-01
4.892911911010742188e-01 4.581974148750305176e-01
3.489586710929870605e-01 4.922667741775512695e-01
-2.979083061218261719e-01 -1.000827550888061523e-02
4.900718331336975098e-01 -2.368410825729370117e-01
-4.606455564498901367e-02 3.457150459289550781e-01
-3.678121566772460938e-01 -7.321852445602416992e-02
4.428480863571166992e-01 2.350003123283386230e-01
-2.113357186317443848e-01 -1.816487908363342285e-01
2.997811436653137207e-01 7.023996114730834961e-02
-2.533680200576782227e-02 3.166918158531188965e-01
-1.276025772094726562e-01 3.484620451927185059e-01
-3.106858730316162109e-01 8.095681667327880859e-03
3.171043992042541504e-01 1.023017764091491699e-01
-2.701098322868347168e-01 -4.210060834884643555e-01
6.234705448150634766e-02 4.644873142242431641e-01
-9.938120841979980469e-03 3.023031353950500488e-01
1.666367650032043457e-01 2.630441784858703613e-01
-4.081842303276062012e-01 1.046156287193298340e-01
-2.789396047592163086e-01 6.961601972579956055e-02
-2.729563713073730469e-01 -2.070763707160949707e-01
-2.010611295700073242e-01 9.960418939590454102e-02
2.781579494476318359e-01 -4.281970858573913574e-01
4.929345250129699707e-01 -3.473343253135681152e-01
-2.848827242851257324e-01 -1.935511827468872070e-01
2.067707180976867676e-01 3.266364336013793945e-02
-4.951771497726440430e-01 1.928651332855224609e-01
-3.396522998809814453e-02 -3.374278545379638672e-02
-2.391650676727294922e-01 7.180649042129516602e-02
-4.806433916091918945e-01 2.562534809112548828e-02
2.596167922019958496e-01 -2.313283681869506836e-01
-3.850799798965454102e-01 1.898977756500244141e-01
-1.261349320411682129e-01 -3.028441667556762695e-01
1.178487539291381836e-01 -2.438752651214599609e-01
3.592020273208618164e-02 4.067105054855346680e-02
1.645787954330444336e-01 4.598900675773620605e-01
4.140846133232116699e-01 1.049280166625976562e-03
-3.800337314605712891e-01 -2.300409674644470215e-01
-2.589383125305175781e-01 1.325473189353942871e-01
-2.203912734985351562e-01 1.391289830207824707e-01
-2.425986528396606445e-02 -9.360516071319580078e-02
-4.473749399185180664e-01 4.699777364730834961e-01
4.504317045211791992e-01 4.150450825691223145e-01
-1.709553003311157227e-01 4.508205056190490723e-01
8.086723089218139648e-02 -4.451171159744262695e-01
7.651567459106445312e-03 -2.416095733642578125e-01
3.490903377532958984e-01 -1.189075112342834473e-01
-1.148580908775329590e-01 3.184543251991271973e-01
-5.418109893798828125e-02 -4.586669206619262695e-01
4.418395161628723145e-01 -4.658768773078918457e-01
4.380950927734375000e-01 4.681793451309204102e-01
6.464380025863647461e-02 -1.429864764213562012e-01
-7.239782810211181641e-02 4.974484443664550781e-02
-6.137156486511230469e-02 -3.079277276992797852e-01
-9.118497371673583984e-02 4.650326967239379883e-01
-3.534092903137207031e-01 4.057257771492004395e-01
-3.542352914810180664e-01 2.141937613487243652e-01
-4.236118197441101074e-01 3.664203286170959473e-01
-1.880556344985961914e-02 -2.677500247955322266e-03
-3.510576486587524414e-02 -8.894449472427368164e-02
-9.608590602874755859e-02 1.288742423057556152e-01
3.890894055366516113e-01 -7.740002870559692383e-02
-3.723120689392089844e-01 -9.300810098648071289e-02
-9.373980760574340820e-02 1.557298302650451660e-01
-2.818004488945007324e-01 -7.083356380462646484e-02
7.873564958572387695e-02 -3.369411826133728027e-01
-2.581880688667297363e-01 2.477129101753234863e-01
-3.089541792869567871e-01 4.736284613609313965e-01
1.737560033798217773e-01 -4.294540286064147949e-01
6.232619285583496094e-02 -1.337928771972656250e-01
-2.757854461669921875e-01 2.644186615943908691e-01
-1.009936332702636719e-01 -9.416800737380981445e-02
2.340446114540100098e-01 -4.901557564735412598e-01
1.776090264320373535e-01 -7.147502899169921875e-02
2.137476205825805664e-01 1.665516495704650879e-01
4.231966137886047363e-01 -2.901045083999633789e-01
1.052647233009338379e-01 -4.002721905708312988e-01
4.488196372985839844e-01 -5.090355873107910156e-03
1.979279518127441406e-01 -2.191558480262756348e-01
3.862160444259643555e-02 -1.994230747222900391e-01
-2.226346731185913086e-02 4.197551012039184570e-01
-3.636290431022644043e-01 -3.735334873199462891e-01
1.527696847915649414e-01 2.850580215454101562e-01
3.475930094718933105e-01 2.777630686759948730e-01
-2.484477758407592773e-01 3.556181192398071289e-01
-2.002686262130737305e-01 3.482888340950012207e-01
3.006526827812194824e-01 2.271028757095336914e-01
-4.057520627975463867e-01 -5.093616247177124023e-02
-8.765143156051635742e-02 3.950251340866088867e-01
-5.368828773498535156e-02 9.002339839935302734e-02
3.204943537712097168e-01 -1.264691352844238281e-02
-2.653192877769470215e-01 1.155930757522583008e-02
-2.417951226234436035e-01 5.079686641693115234e-02
-3.601612448692321777e-01 3.172928690910339355e-01
3.392786383628845215e-01 5.591034889221191406e-02
2.040688395500183105e-01 -6.193488836288452148e-02
1.399911046028137207e-01 4.651274085044860840e-01
-8.052837848663330078e-02 -6.645572185516357422e-02
-5.593913793563842773e-02 4.884113073348999023e-01
-1.761338710784912109e-01 2.308412790298461914e-01
-4.833942055702209473e-01 -8.264034986495971680e-02
-2.891625761985778809e-01 -2.971368432044982910e-01
-2.687258720397949219e-01 -1.857998371124267578e-01
-2.783741354942321777e-01 1.591635942459106445e-01
2.064375877380371094e-01 -1.745581626892089844e-01
-4.022575020790100098e-01 -2.845753431320190430e-01
1.496998667716979980e-01 1.380199790000915527e-01
-1.547336578369140625e-02 3.641932606697082520e-01
-4.454395174980163574e-01 2.947177886962890625e-01
4.915981888771057129e-01 -3.969509601593017578e-01
2.951129078865051270e-01 4.000772237777709961e-01
-3.117244839668273926e-01 2.466199994087219238e-01
2.391980886459350586e-01 -2.813909053802490234e-01
-4.537505507469177246e-01 2.613817453384399414e-01
4.045466184616088867e-01 -2.303455471992492676e-01
-2.274789214134216309e-01 3.215375542640686035e-01
4.001291990280151367e-01 2.640994787216186523e-01
3.993527889251708984e-01 -4.196611642837524414e-01
7.438105344772338867e-02 -1.538524031639099121e-01
5.998063087463378906e-02 -1.017951965332031250e-02
4.468078017234802246e-01 2.248248457908630371e-01
3.357333540916442871e-01 3.513297438621520996e-01
-2.390730381011962891e-02 -2.399467229843139648e-01
-3.822447061538696289e-01 2.791492342948913574e-01
1.934325695037841797e-02 3.507985472679138184e-01
4.899399280548095703e-01 -2.419142723083496094e-01
4.910236597061157227e-01 1.075909137725830078e-01
3.622120022773742676e-01 1.508935689926147461e-01
2.555536627769470215e-01 -4.064635634422302246e-01
4.469761848449707031e-01 -2.370067238807678223e-01
-1.202797889709472656e-01 -4.617163538932800293e-01
-2.042512297630310059e-01 7.704609632492065430e-02
3.520324230194091797e-01 4.309028983116149902e-01
1.594207286834716797e-01 -3.860797882080078125e-01
-2.354679107666015625e-01 2.402628064155578613e-01
3.785439133644104004e-01 -3.991512656211853027e-01
-4.863948225975036621e-01 -3.513923883438110352e-01
-1.541956067085266113e-01 -2.839363813400268555e-01
2.072237133979797363e-01 1.956004500389099121e-01
-3.584153056144714355e-01 4.835577607154846191e-01
-1.799994707107543945e-01 -3.068137168884277344e-01
3.439773321151733398e-01 1.831856966018676758e-01
-1.801182627677917480e-01 -3.773689270019531250e-03
-6.559115648269653320e-02 -5.654352903366088867e-02
2.889577746391296387e-01 -3.529175519943237305e-01
-1.760730147361755371e-01 1.504030227661132812e-01
-4.869756698608398438e-01 1.315188407897949219e-02
3.229904174804687500e-01 -9.626334905624389648e-02
-2.691158056259155273e-01 -2.404595613479614258e-01
-4.308231472969055176e-01 -4.195232391357421875e-01
-2.147538661956787109e-01 -1.761629581451416016e-01
-3.906255960464477539e-02 3.940166831016540527e-01
3.474528193473815918e-01 4.732666611671447754e-01
-3.932990431785583496e-01 -4.090321063995361328e-01
-3.509522676467895508e-01 4.087731838226318359e-01
-2.307607531547546387e-01 -4.919948577880859375e-01
-2.957463264465332031e-02 1.334768533706665039e-01
1.810415387153625488e-01 -2.299928665161132812e-01
3.825880289077758789e-01 2.744323015213012695e-01
9.566575288772583008e-02 -4.867882132530212402e-01
-1.249107718467712402e-01 4.497027397155761719e-01
-2.741223573684692383e-02 -1.382957100868225098e-01
-4.151802659034729004e-01 -1.748043894767761230e-01
-3.407391309738159180e-01 2.692193984985351562e-01
-2.592305541038513184e-01 1.334467530250549316e-01
-2.182946205139160156e-01 -1.663964390754699707e-01
-2.683895826339721680e-01 1.071971654891967773e-01
-3.901098966598510742e-01 -8.218151330947875977e-02
-1.912324428558349609e-01 -3.823104500770568848e-01
4.253810644149780273e-01 -2.456343173980712891e-02
-1.415324807167053223e-01 2.484298944473266602e-01
-4.754347205162048340e-01 -1.234877109527587891e-01
-3.268114328384399414e-01 8.400493860244750977e-02
3.721404671669006348e-01 -3.331358432769775391e-01
2.624357342720031738e-01 4.638645648956298828e-01
4.194045662879943848e-01 3.686162829399108887e-01
3.407949209213256836e-02 1.115740537643432617e-01
-4.365551471710205078e-01 2.127170562744140625e-02
3.040891289710998535e-01 -2.260053157806396484e-02
1.567366123199462891e-01 2.019656300544738770e-01
-4.311946034431457520e-01 3.859860301017761230e-01
-1.857885122299194336e-01 1.083209514617919922e-01
1.949425339698791504e-01 -1.208208799362182617e-01
-5.828630924224853516e-02 9.511572122573852539e-02
-3.226220011711120605e-01 9.703099727630615234e-02
3.941732645034790039e-01 -3.892529606819152832e-01
3.681024909019470215e-01 1.066303849220275879e-01
1.185120344161987305e-01 3.086143732070922852e-01
3.137135505676269531e-02 1.497964262962341309e-01
1.259629726409912109e-01 5.317080020904541016e-02
-9.584486484527587891e-02 -9.719294309616088867e-02
4.286723732948303223e-01 -1.026800274848937988e-01
2.900939583778381348e-01 -2.506451606750488281e-01
3.446868658065795898e-01 4.431266188621520996e-01
-1.203348636627197266e-01 3.267914056777954102e-02
-3.066028952598571777e-01 -3.607724905014038086e-01
-2.391785979270935059e-01 -2.084024548530578613e-01
3.605747818946838379e-01 1.887875795364379883e-01
4.216015338897705078e-03 -2.371264100074768066e-01
2.323806285858154297e-03 3.137992024421691895e-01
4.405367970466613770e-01 -7.494890689849853516e-02
-1.161056756973266602e-02 3.474587202072143555e-02
9.782844781875610352e-02 -3.534457683563232422e-01
6.882917881011962891e-02 -4.781470894813537598e-01
-2.859570980072021484e-01 3.083841204643249512e-01
2.273893356323242188e-01 3.852749466896057129e-01
-4.270123839378356934e-01 -8.359169960021972656e-02
-4.785607457160949707e-01 -2.563649415969848633e-02
4.841140508651733398e-01 -2.226231694221496582e-01
-4.487633705139160156e-04 -6.348389387130737305e-02
-3.348968625068664551e-01 -1.640772223472595215e-01
3.680263161659240723e-01 -8.569145202636718750e-02
-2.604596018791198730e-01 -1.769683957099914551e-01
-4.123798608779907227e-01 3.784691095352172852e-01
3.440122008323669434e-01 3.812044858932495117e-01
-2.803745865821838379e-01 4.537509679794311523e-01
-3.921517729759216309e-01 4.834377765655517578e-01
-4.753285646438598633e-02 -1.496153473854064941e-01
3.166224956512451172e-01 3.323560953140258789e-01
1.712191104888916016e-01 2.420747876167297363e-01
-4.956535696983337402e-01 4.226178526878356934e-01
-3.462256193161010742e-01 -2.227736711502075195e-01
2.569367289543151855e-01 -4.498195052146911621e-01
-2.939931750297546387e-01 -1.023300290107727051e-01
-2.069148421287536621e-01 -3.027889132499694824e-01
-1.227532029151916504e-01 -3.107748031616210938e-01
1.639341711997985840e-01 2.203253507614135742e-01
-2.788876891136169434e-01 -7.571136951446533203e-02
2.896827459335327148e-02 4.002934694290161133e-02
3.810324072837829590e-01 -2.935863733291625977e-01
-1.119753718376159668e-01 -3.340050578117370605e-01
-4.540914297103881836e-01 2.459411025047302246e-01
7.735604047775268555e-02 4.302109479904174805e-01
-8.108091354370117188e-02 2.310216426849365234e-03
-1.060558557510375977e-01 1.062096357345581055e-01
5.476224422454833984e-02 2.595449686050415039e-01
-3.401849269866943359e-01 -2.518461346626281738e-01
-4.279947280883789062e-02 -2.364341616630554199e-01
4.503538608551025391e-01 1.452911496162414551e-01
-1.712350249290466309e-01 -1.463450193405151367e-01
-3.215963840484619141e-01 -3.141998648643493652e-01
-3.248074054718017578e-01 2.278035283088684082e-01
5.067944526672363281e-02 1.860753297805786133e-01
-3.365850448608398438e-02 -1.892610192298889160e-01
1.616963744163513184e-01 1.250150203704833984e-01
-1.435418725013732910e-01 4.832845330238342285e-01
2.027614712715148926e-01 -3.623411059379577637e-01
-2.398140430450439453e-01 2.143996953964233398e-01
-1.699822545051574707e-01 2.239753603935241699e-01
-3.676101565361022949e-01 -3.281736969947814941e-01
-2.732686400413513184e-01 -8.935803174972534180e-02
8.287483453750610352e-02 3.199666738510131836e-01
3.945892453193664551e-01 3.795235157012939453e-01
-4.849088788032531738e-01 4.599884748458862305e-01
-3.859539628028869629e-01 -2.318124175071716309e-01
2.831127047538757324e-01 2.222117185592651367e-01
-8.056747913360595703e-02 -3.749142289161682129e-01
2.672079801559448242e-01 1.381951570510864258e-02
-4.073871374130249023e-01 -1.240612864494323730e-01
-1.056466698646545410e-01 -1.511501669883728027e-01
-3.962643146514892578e-01 -2.921572327613830566e-01
-2.049963474273681641e-01 -3.668614625930786133e-01
-2.762260437011718750e-01 -4.059992432594299316e-01
1.013445854187011719e-02 1.049745082855224609e-01
1.582988500595092773e-01 -1.736394166946411133e-01
-4.615724086761474609e-02 4.114472866058349609e-02
2.835873961448669434e-01 4.245852231979370117e-01
2.898579239845275879e-01 -9.878486394882202148e-02
-4.220105409622192383e-01 2.004109025001525879e-01
-2.194796800613403320e-01 -1.010194420814514160e-01
-3.317005038261413574e-01 -3.321850895881652832e-01
-2.509403824806213379e-01 -4.703217148780822754e-01
-5.888676643371582031e-02 -2.434571981430053711e-01
-3.498145341873168945e-01 3.481239080429077148e-02
-4.405531883239746094e-01 -4.505537152290344238e-01
4.700082540512084961e-01 -3.888964653015136719e-02
2.541708350181579590e-01 4.132300615310668945e-02
-2.323386669158935547e-01 -3.718395829200744629e-01
-7.836085557937622070e-02 -3.558641076087951660e-01
1.994839906692504883e-01 4.321401715278625488e-01
-3.080381155014038086e-01 -2.668216824531555176e-01
-1.234527230262756348e-01 3.134304881095886230e-01
4.881970286369323730e-01 3.780180215835571289e-02
7.140171527862548828e-02 -4.309872388839721680e-01
2.500169277191162109e-01 -4.229987859725952148e-01
7.922822237014770508e-02 2.295055389404296875e-01
-1.530196666717529297e-01 -7.475584745407104492e-02
-2.333784103393554688e-02 -1.342511177062988281e-02
-3.065346479415893555e-01 5.479335784912109375e-02
-1.652406454086303711e-01 1.132404208183288574e-01
-3.853965997695922852e-01 2.427184581756591797e-01
-1.475240588188171387e-01 -3.172582983970642090e-01
2.408659458160400391e-01 -1.833053231239318848e-01
-2.468523383140563965e-01 -1.096093654632568359e-02
1.567298173904418945e-01 2.946305274963378906e-01
-3.363066911697387695e-01 -3.318135142326354980e-01
-4.437293410301208496e-01 3.663146495819091797e-01
-2.048660516738891602e-01 -4.044380784034729004e-01
-1.761819720268249512e-01 9.054505825042724609e-02
1.411101222038269043e-01 -3.631011843681335449e-01
-9.411716461181640625e-02 -1.302021741867065430e-01
-4.127489924430847168e-01 2.727167606353759766e-01
4.228511452674865723e-01 -7.500135898590087891e-02
2.177402973175048828e-01 -1.758556962013244629e-01
1.019997000694274902e-01 -4.599795341491699219e-01
-2.483492493629455566e-01 2.625518441200256348e-01
-8.552670478820800781e-03 2.280569076538085938e-01
-3.523885607719421387e-01 -2.469322681427001953e-01
3.732883334159851074e-01 2.977225184440612793e-01
-3.778718113899230957e-01 2.090896368026733398e-01
-5.018353462219238281e-03 -1.675155162811279297e-01
-2.829138636589050293e-01 1.761567592620849609e-01
-3.951102495193481445e-02 2.492945790290832520e-01
-3.003923296928405762e-01 -4.371029138565063477e-01
2.624498009681701660e-01 -1.295354366302490234e-01
4.583924412727355957e-01 -1.305453777313232422e-01
2.240502834320068359e-02 4.618406891822814941e-01
1.154767274856567383e-01 2.509105801582336426e-01
-3.267450332641601562e-01 -2.172637581825256348e-01
4.964743256568908691e-01 8.816099166870117188e-02
-3.717166781425476074e-01 -4.490406513214111328e-01
-3.177585601806640625e-01 3.246474266052246094e-02
2.427079081535339355e-01 4.213838577270507812e-01
1.842685341835021973e-01 -4.304647445678710938e-04
-3.680408596992492676e-01 3.888984918594360352e-01
1.839345097541809082e-01 4.128069877624511719e-01
2.583309412002563477e-01 -1.950827836990356445e-01
1.376707553863525391e-01 1.631438136100769043e-01
-3.100503087043762207e-01 -3.343348503112792969e-01
6.877928972244262695e-02 4.219918251037597656e-01
-3.559231758117675781e-01 -1.130145192146301270e-01
1.638274192810058594e-01 3.219746351242065430e-01
4.823744893074035645e-01 3.467139005661010742e-01
-3.091298937797546387e-01 -7.377684116363525391e-03
1.545580029487609863e-01 -4.952471852302551270e-01
1.744950413703918457e-01 -3.914754390716552734e-01
-4.428930282592773438e-01 3.072965145111083984e-01
2.571414113044738770e-01 1.196892857551574707e-01
3.734417557716369629e-01 1.418370604515075684e-01
4.833984971046447754e-01 -8.908635377883911133e-02
2.758733034133911133e-01 7.502502202987670898e-02
2.914773821830749512e-01 -8.464348316192626953e-02
3.395897150039672852e-02 -1.015952825546264648e-01
-3.296321630477905273e-01 8.363926410675048828e-02
2.339747548103332520e-01 2.972177863121032715e-01
3.462492823600769043e-01 -4.722886085510253906e-01
2.229661941528320312e-01 -4.811998605728149414e-01
3.487771749496459961e-01 2.200934886932373047e-01
1.661369800567626953e-01 -3.102209568023681641e-01
3.789889216423034668e-01 4.347158670425415039e-01
2.423980832099914551e-01 -6.718802452087402344e-02
-2.400395274162292480e-01 -1.594665050506591797e-01
2.187436223030090332e-01 -1.600223779678344727e-02
-1.304399371147155762e-01 4.051882028579711914e-01
4.463509917259216309e-01 1.581815481185913086e-01
8.521324396133422852e-02 1.459943056106567383e-01
-2.279587984085083008e-01 -3.743813633918762207e-01
2.807583808898925781e-01 -3.624994754791259766e-01
-1.754236221313476562e-01 4.012514352798461914e-01
-7.887494564056396484e-02 1.772260069847106934e-01
2.829557657241821289e-01 3.210371136665344238e-01
-2.398414611816406250e-01 3.381723761558532715e-01
1.957938671112060547e-01 7.668411731719970703e-02
1.779935956001281738e-01 5.806529521942138672e-02
-1.191071271896362305e-01 2.956601977348327637e-01
8.420413732528686523e-02 3.679195046424865723e-01
4.339501261711120605e-01 -3.189892768859863281e-01
3.688041567802429199e-01 3.503937125205993652e-01
-3.561231493949890137e-01 -4.606640934944152832e-01
-2.097398638725280762e-01 2.693358063697814941e-01
-2.444370388984680176e-01 -2.401269674301147461e-01
-6.225323677062988281e-02 -4.178996086120605469e-01
-4.939622879028320312e-01 4.218694567680358887e-01
-2.296873331069946289e-01 -2.398386597633361816e-01
-1.485366821289062500e-01 -5.046308040618896484e-02
3.392606973648071289e-01 -4.368365406990051270e-01
1.350251436233520508e-01 -7.020103931427001953e-02
-3.316370248794555664e-01 2.727524638175964355e-01
-1.520816683769226074e-01 -1.662259697914123535e-01
4.232433438301086426e-01 1.483458280563354492e-02
1.670786142349243164e-01 2.619532346725463867e-01
-3.373986482620239258e-02 -2.498446702957153320e-01
2.296912074089050293e-01 -1.402390003204345703e-01
2.347928881645202637e-01 -4.087651371955871582e-01
-2.860617637634277344e-01 1.099603772163391113e-01
9.275078773498535156e-03 -2.390280961990356445e-01
2.586450576782226562e-01 -3.240627050399780273e-01
-4.038453698158264160e-01 -4.940712451934814453e-02
-2.299957871437072754e-01 3.969291448593139648e-01
-1.558986306190490723e-01 -3.568956255912780762e-01
-3.870185017585754395e-01 4.687377214431762695e-01
9.827321767807006836e-02 2.917050719261169434e-01
1.655042767524719238e-01 3.024191856384277344e-01
-3.775971531867980957e-01 9.181928634643554688e-02
-4.307230114936828613e-01 2.649382352828979492e-01
-1.060537695884704590e-01 -2.987630367279052734e-01
-2.587827444076538086e-01 -2.280457615852355957e-01
-1.042604446411132812e-03 4.230017066001892090e-01
2.194471955299377441e-01 -2.600109577178955078e-02
3.205425739288330078e-01 -1.766979694366455078e-01
-2.315185666084289551e-01 1.231369972229003906e-01
-2.648704648017883301e-01 -3.845182657241821289e-01
-3.155751824378967285e-01 -4.186406731605529785e-01
4.483011960983276367e-01 -3.414923548698425293e-01
4.197211861610412598e-01 -3.022550940513610840e-01
9.608900547027587891e-02 -3.476510047912597656e-01
-4.648464918136596680e-01 -3.365994095802307129e-01
-1.430272459983825684e-01 1.495174765586853027e-01
1.145423650741577148e-01 1.399856805801391602e-01
-5.595493316650390625e-02 3.780282735824584961e-01
3.486810326576232910e-01 -4.699138998985290527e-01
3.951402306556701660e-01 2.795226573944091797e-01
8.281588554382324219e-03 6.196564435958862305e-02
-4.784070849418640137e-01 -1.717139482498168945e-01
3.062321543693542480e-01 1.210861206054687500e-01
-1.729428768157958984e-03 -4.999498724937438965e-01
3.069539666175842285e-01 -1.695027947425842285e-01
-1.065714955329895020e-01 3.394327759742736816e-01
4.026449918746948242e-01 4.682881236076354980e-01
4.938906431198120117e-02 8.720982074737548828e-02
4.692493081092834473e-01 2.763376235961914062e-01
3.758637309074401855e-01 -2.395563721656799316e-01
4.185581207275390625e-01 -4.274926185607910156e-01
2.840685844421386719e-01 -9.610116481781005859e-02
2.769519686698913574e-01 1.795267462730407715e-01
-1.614845991134643555e-01 9.535807371139526367e-02
1.232155561447143555e-01 2.128393054008483887e-01
-1.796371340751647949e-01 6.285846233367919922e-02
-3.293247818946838379e-01 -1.113808751106262207e-01
3.188780546188354492e-01 4.450813531875610352e-01
-1.444527506828308105e-01 -3.962444067001342773e-01
-2.852700948715209961e-01 -2.900913953781127930e-01
-3.867532610893249512e-01 1.548475623130798340e-01
4.047898054122924805e-01 -1.751745343208312988e-01
1.828316450119018555e-01 4.298810362815856934e-01
9.521394968032836914e-02 1.781262159347534180e-01
4.094989895820617676e-01 1.407647728919982910e-01
-2.377676963806152344e-01 -4.480349421501159668e-01
7.944583892822265625e-03 -3.958494067192077637e-01
4.479169845581054688e-02 3.757709264755249023e-02
9.036594629287719727e-02 4.902715086936950684e-01
-3.940518498420715332e-01 -4.094607234001159668e-01
-1.122285723686218262e-01 -4.732531309127807617e-01
-2.135162353515625000e-01 2.914299964904785156e-01
-3.439751267433166504e-01 -2.083058357238769531e-01
-6.367009878158569336e-02 9.644097089767456055e-02
2.426677942276000977e-01 8.993685245513916016e-03
-2.419510483741760254e-01 -4.454142451286315918e-01
-3.814480900764465332e-01 -4.927788376808166504e-01
-3.737854361534118652e-01 -4.324524998664855957e-01
-3.558065295219421387e-01 2.896192669868469238e-01
1.876346468925476074e-01 4.049944877624511719e-01
4.253575801849365234e-01 -1.413363814353942871e-01
8.423131704330444336e-02 -5.051380395889282227e-02
-3.833850622177124023e-01 -2.548617124557495117e-02
-7.653397321701049805e-02 3.310006856918334961e-02
-6.381982564926147461e-02 -3.117060661315917969e-02
-1.256889104843139648e-01 4.758239388465881348e-01
4.528149366378784180e-01 2.811363935470581055e-01
-2.844058275222778320e-01 -4.835354089736938477e-01
3.676528334617614746e-01 7.789081335067749023e-02
-3.903501629829406738e-01 -2.644844055175781250e-01
-2.916963100433349609e-01 3.534467220306396484e-01
3.626299500465393066e-01 -1.775259375572204590e-01
2.848982810974121094e-02 -3.952086567878723145e-01
-4.566653966903686523e-01 -4.978926777839660645e-01
4.087609648704528809e-01 2.116086483001708984e-01
2.412378787994384766e-01 -1.480129361152648926e-01
4.609292745590209961e-02 2.429148554801940918e-01
4.818189740180969238e-01 -4.890657067298889160e-01
-3.916739225387573242e-01 1.065258383750915527e-01
-8.493441343307495117e-02 -4.600370526313781738e-01
8.093678951263427734e-02 1.533483862876892090e-01
-4.170999526977539062e-01 2.858448028564453125e-02
-2.495861053466796875e-02 -1.361943483352661133e-01
-1.420309543609619141e-01 -1.302097439765930176e-01
3.837756514549255371e-01 3.438526391983032227e-01
-1.513980031013488770e-01 -4.488803744316101074e-01
-2.479975223541259766e-01 -2.747091650962829590e-01
-2.874356508255004883e-02 3.359125852584838867e-01
1.952909231185913086e-01 -1.580331921577453613e-01
1.267437934875488281e-01 -3.073970675468444824e-01
4.339579939842224121e-01 4.456970095634460449e-01
5.624294281005859375e-03 4.476413726806640625e-01
3.447562456130981445e-01 -4.120510816574096680e-01
3.220075368881225586e-01 -4.002307653427124023e-01
-4.153212904930114746e-01 -4.571803212165832520e-01
2.579736709594726562e-01 -1.379675865173339844e-01
-4.888916015625000000e-01 3.585386276245117188e-02
-1.879614591598510742e-02 4.950693845748901367e-01
1.297658085823059082e-01 -2.775063514709472656e-01
3.631178736686706543e-01 4.507021307945251465e-01
-3.848733901977539062e-01 -4.533967971801757812e-01
2.153339385986328125e-01 -4.626007676124572754e-01
4.994366168975830078e-01 -4.386710524559020996e-01
4.293936491012573242e-01 -2.584496140480041504e-01
1.315349340438842773e-02 -1.596635580062866211e-01
-1.035779118537902832e-01 2.471224665641784668e-01
-1.337676644325256348e-01 -1.914205551147460938e-01
3.851648569107055664e-01 4.530944824218750000e-01
-2.492110729217529297e-01 -2.228029370307922363e-01
1.270430684089660645e-01 3.756927251815795898e-01
3.130915760993957520e-01 3.124381303787231445e-01
-2.981120944023132324e-01 -1.739322543144226074e-01
-1.509870886802673340e-01 3.516481518745422363e-01
4.975986480712890625e-02 1.945227980613708496e-01
4.550557136535644531e-01 -2.138542532920837402e-01
-5.460733175277709961e-02 -3.774976730346679688e-01
-8.863437175750732422e-02 2.451335191726684570e-01
-3.751614689826965332e-01 3.437507152557373047e-02
4.625810384750366211e-01 3.531399369239807129e-01
2.739556431770324707e-01 -1.273085474967956543e-01
1.939988136291503906e-01 1.916731595993041992e-01
2.539508342742919922e-01 3.998570442199707031e-01
-4.673736095428466797e-01 -3.451601862907409668e-01
3.318027853965759277e-01 2.140959501266479492e-01
1.196557283401489258e-01 3.366302251815795898e-01
3.303106427192687988e-01 2.996560931205749512e-01
1.908907890319824219e-01 2.693598866462707520e-01
-4.194352626800537109e-01 3.034013509750366211e-02
2.394323945045471191e-01 -6.892079114913940430e-02
3.215903043746948242e-02 2.962760925292968750e-01
-2.306147217750549316e-01 -3.298008441925048828e-01
3.675618767738342285e-01 4.382228255271911621e-01
-7.996827363967895508e-02 2.989881038665771484e-01
-3.185951709747314453e-01 -9.107130765914916992e-02
2.838510870933532715e-01 1.979117393493652344e-01
-4.295579791069030762e-01 -3.453528881072998047e-01
2.385046482086181641e-01 3.261091113090515137e-01
4.436582922935485840e-01 -2.283036708831787109e-01
3.163132667541503906e-01 -1.864278912544250488e-01
-1.968328356742858887e-01 2.972113490104675293e-01
-1.308378577232360840e-01 1.436525583267211914e-01
-4.436094760894775391e-01 3.243201971054077148e-01
2.367702126502990723e-01 2.259163260459899902e-01
2.771390080451965332e-01 1.857905983924865723e-01
3.698239326477050781e-01 4.623657464981079102e-02
-6.928873062133789062e-02 7.226163148880004883e-02
4.202501773834228516e-01 -1.986603736877441406e-01
-1.342561841011047363e-01 3.133762478828430176e-01
-1.043000817298889160e-01 1.837376356124877930e-01
-3.915352225303649902e-01 -4.990034103393554688e-01
-2.504425048828125000e-01 -4.385937452316284180e-01
3.168656229972839355e-01 -1.445245742797851562e-02
3.430091142654418945e-01 -2.092740535736083984e-01
-3.452718257904052734e-01 -5.924946069717407227e-02
-7.765775918960571289e-02 -1.653538346290588379e-01
-3.061447143554687500e-01 8.061867952346801758e-02
1.542634367942810059e-01 -1.039598584175109863e-01
4.289096593856811523e-01 -4.497244954109191895e-01
1.364083290100097656e-01 4.272931814193725586e-01
-1.550675034523010254e-01 -1.931173801422119141e-01
4.131231904029846191e-01 7.409268617630004883e-02
1.049405336380004883e-01 3.709179162979125977e-01
4.349225163459777832e-01 3.065251708030700684e-01
8.525115251541137695e-02 4.214543104171752930e-02
3.277321457862854004e-01 4.869333505630493164e-01
3.500096201896667480e-01 2.243817448616027832e-01
-2.667453289031982422e-01 -4.590767025947570801e-01
3.936887979507446289e-01 4.137417078018188477e-01
-4.937313795089721680e-01 6.253528594970703125e-02
-5.589044094085693359e-02 1.143630146980285645e-01
3.271354436874389648e-01 1.022054553031921387e-01
-2.737773656845092773e-01 9.554207324981689453e-03
2.023735642433166504e-01 -1.447941660881042480e-01
1.811844110488891602e-01 -4.614974260330200195e-01
2.207672595977783203e-01 -3.388621807098388672e-01
3.366326093673706055e-01 -8.398163318634033203e-02
4.430215954780578613e-01 -2.555278539657592773e-01
1.651329994201660156e-01 1.447060108184814453e-01
-1.213139295578002930e-01 3.429929614067077637e-01
4.786095023155212402e-01 8.145958185195922852e-02
-7.908546924591064453e-02 -1.509274244308471680e-01
-1.748260259628295898e-01 7.000207901000976562e-03
3.863603472709655762e-01 -4.070848822593688965e-01
5.368709564208984375e-02 -3.376738429069519043e-01
1.930016279220581055e-02 1.350063085556030273e-02
1.512955427169799805e-01 -4.059196710586547852e-01
2.993709444999694824e-01 -2.169112563133239746e-01
-3.927739858627319336e-01 -2.120326757431030273e-01
3.152665495872497559e-01 -4.934544563293457031e-01
1.484618186950683594e-01 2.565597891807556152e-01
2.948632240295410156e-01 5.799400806427001953e-02
5.955255031585693359e-02 -1.353220343589782715e-01
-4.606304168701171875e-01 -4.769837856292724609e-02
2.176422476768493652e-01 -2.034432291984558105e-01
-3.858422636985778809e-01 -2.236163616180419922e-01
6.432461738586425781e-02 -9.557068347930908203e-02
3.504695892333984375e-01 -6.454277038574218750e-02
1.849581003189086914e-01 3.593830466270446777e-01
3.759477138519287109e-01 -1.442953348159790039e-01
3.202032446861267090e-01 1.227396130561828613e-01
-9.056591987609863281e-02 1.779432296752929688e-01
-3.967833518981933594e-02 -3.399799466133117676e-01
2.733740806579589844e-01 -2.926570773124694824e-01
8.468377590179443359e-02 -2.507359385490417480e-01
-4.693868160247802734e-01 1.283119916915893555e-01
2.598044276237487793e-01 4.713861942291259766e-01
-2.884580492973327637e-01 2.495707869529724121e-01
2.127152085304260254e-01 -8.951658010482788086e-02
2.823685407638549805e-01 -1.197765469551086426e-01
3.707742691040039062e-02 -2.692878246307373047e-02
3.492069244384765625e-02 -4.756841659545898438e-01
1.131079792976379395e-01 1.397697925567626953e-01
2.036229968070983887e-01 -4.693984985351562500e-02
6.495791673660278320e-02 -3.337911367416381836e-01
-3.598875403404235840e-01 3.069407343864440918e-01
-1.750184893608093262e-01 -7.728111743927001953e-02
-1.033942103385925293e-01 -2.018752694129943848e-01
-2.503979802131652832e-01 4.405580759048461914e-01
2.095947265625000000e-01 2.038354873657226562e-01
-1.245450377464294434e-01 3.895003199577331543e-01
4.566169381141662598e-01 -4.415659904479980469e-01
-1.369118690490722656e-04 4.876100420951843262e-01
-3.960229754447937012e-01 4.895866513252258301e-01
-4.533315300941467285e-01 -1.782833933830261230e-01
2.623351812362670898e-01 1.911165118217468262e-01
-4.258261322975158691e-01 -3.783043026924133301e-01
2.285450100898742676e-01 -1.675458550453186035e-01
2.041399478912353516e-02 -4.361988902091979980e-01
-2.085985541343688965e-01 -1.239243745803833008e-01
2.717335820198059082e-01 -3.150524497032165527e-01
1.064240336418151855e-01 1.235162019729614258e-01
-3.425036668777465820e-01 1.663321852684020996e-01
3.979067802429199219e-01 2.556020617485046387e-01
2.479647397994995117e-01 -1.841319799423217773e-01
-2.854445576667785645e-01 4.959532618522644043e-01
-4.933408498764038086e-01 -4.094843864440917969e-01
-2.562304139137268066e-01 -4.911420345306396484e-01
-4.420409798622131348e-01 -4.659505486488342285e-01
2.740682363510131836e-01 -3.383007049560546875e-01
-1.834416389465332031e-02 1.033586859703063965e-01
-3.554129600524902344e-02 2.189735174179077148e-01
-4.763166308403015137e-01 -1.775832176208496094e-01
4.569236636161804199e-01 4.568320512771606445e-01
4.592003226280212402e-01 -3.354780673980712891e-01
3.453010320663452148e-01 5.657404661178588867e-02
4.602601528167724609e-01 2.747703194618225098e-01
-4.713702201843261719e-01 -4.890496134757995605e-01
3.839575052261352539e-01 -4.660214185714721680e-01
8.822530508041381836e-02 -4.629290103912353516e-02
4.691761732101440430e-02 -4.040971994400024414e-01
-4.621732831001281738e-01 2.711806297302246094e-01
8.869081735610961914e-02 -2.140271663665771484e-02
-4.886731505393981934e-01 -2.970238327980041504e-01
3.373585939407348633e-01 -9.202003479003906250e-03
-4.798302054405212402e-01 -3.513560295104980469e-01
4.839831590652465820e-01 3.026442527770996094e-01
3.684002161026000977e-01 2.122795581817626953e-01
-1.697567105293273926e-01 3.730130791664123535e-01
1.294545531272888184e-01 -7.693290710449218750e-02
3.482624292373657227e-01 1.085768342018127441e-01
3.242015242576599121e-01 -1.253473758697509766e-02
-1.568251848220825195e-02 5.565971136093139648e-02
-4.521824121475219727e-01 4.428106546401977539e-01
-3.985106348991394043e-01 1.578879356384277344e-02
-3.729592561721801758e-01 -4.908287525177001953e-02
-2.733659744262695312e-01 -4.510204195976257324e-01
-1.715217232704162598e-01 -3.590222001075744629e-01
1.033894419670104980e-01 -2.073641419410705566e-01
-2.503693103790283203e-01 -4.132665991783142090e-01
-4.112899899482727051e-01 3.170877695083618164e-02
1.566894650459289551e-01 5.818396806716918945e-02
-3.975973725318908691e-01 -3.696553111076354980e-01
-2.744211554527282715e-01 -2.110283970832824707e-01
3.982500433921813965e-01 -4.539098143577575684e-01
-3.812938332557678223e-01 6.714916229248046875e-02
-1.728410124778747559e-01 2.370352149009704590e-01
4.068779349327087402e-01 1.599864363670349121e-01
3.918771147727966309e-01 9.380996227264404297e-03
4.001252651214599609e-01 1.158779859542846680e-02
-3.284860253334045410e-01 -4.727535247802734375e-01
3.307099342346191406e-01 7.707798480987548828e-02
1.671590209007263184e-01 1.195271611213684082e-01
5.411952733993530273e-02 -5.554556846618652344e-04
1.744844317436218262e-01 -1.370376348495483398e-02
-3.559529781341552734e-02 3.870095014572143555e-01
1.033260226249694824e-01 5.770134925842285156e-02
-3.081324696540832520e-01 -2.351636290550231934e-01
1.598064303398132324e-01 -5.587750673294067383e-02
-3.525719642639160156e-01 4.658997058868408203e-03
-3.584122657775878906e-01 -3.046628236770629883e-01
-1.412643194198608398e-01 -4.234238266944885254e-01
-4.364916682243347168e-01 -3.239952921867370605e-01
-4.417142868041992188e-01 1.717674732208251953e-02
1.013742685317993164e-01 -4.395260214805603027e-01
3.344194293022155762e-01 5.624288320541381836e-02
5.500793457031250000e-02 -4.518269300460815430e-01
-5.039322376251220703e-02 -1.581383943557739258e-01
-1.306698322296142578e-01 1.758621931076049805e-01
-1.926127672195434570e-01 -2.342426776885986328e-02
-4.949577450752258301e-01 3.521811962127685547e-01
1.711817383766174316e-01 -8.593559265136718750e-02
-4.294309020042419434e-01 -2.781959772109985352e-01
3.719513416290283203e-01 4.569851160049438477e-01
8.595108985900878906e-02 -1.833263635635375977e-01
-6.193053722381591797e-02 4.045073390007019043e-01
-2.856068611145019531e-01 1.364225149154663086e-02
2.723058462142944336e-01 -1.256202459335327148e-01
-3.513190746307373047e-01 -4.736720919609069824e-01
3.679591417312622070e-02 2.208191156387329102e-01
-2.673933506011962891e-01 4.319260120391845703e-01
4.864028096199035645e-01 -3.330256938934326172e-01
-2.291806340217590332e-01 -5.025869607925415039e-02
-2.872772812843322754e-01 6.691098213195800781e-03
-2.587463259696960449e-01 -1.877237558364868164e-01
-3.850549459457397461e-01 -4.452710151672363281e-01
1.085507273674011230e-01 -2.639484405517578125e-02
5.127173662185668945e-02 -3.361538052558898926e-01
-4.515884518623352051e-01 2.742099761962890625e-01
-4.741092920303344727e-01 4.108661413192749023e-02
4.100944399833679199e-01 2.084131836891174316e-01
1.693627238273620605e-01 -2.974590659141540527e-01
1.489058732986450195e-01 2.998059988021850586e-01
4.886727929115295410e-01 -1.026877164840698242e-01
-3.878242373466491699e-01 -2.487490177154541016e-01
-4.401695132255554199e-01 -4.611929059028625488e-01
-2.544066309928894043e-01 -1.605886220932006836e-01
4.075831174850463867e-01 -4.529784917831420898e-01
-3.169885277748107910e-01 4.015001654624938965e-01
-1.768767833709716797e-02 -2.524653077125549316e-01
4.226822257041931152e-01 -2.924401164054870605e-01
5.930125713348388672e-02 4.362040758132934570e-01
3.382623195648193359e-02 -4.009156823158264160e-01
2.961816787719726562e-01 3.523848652839660645e-01
4.145106077194213867e-01 -1.684441566467285156e-01
4.367866516113281250e-01 -2.580717802047729492e-01
-1.320242881774902344e-02 -3.070706129074096680e-02
-8.139145374298095703e-02 -1.697182655334472656e-02
-4.579936861991882324e-01 2.141565084457397461e-02
-1.804491281509399414e-01 4.404894113540649414e-01
-3.960240483283996582e-01 -3.409838080406188965e-01
1.891756057739257812e-01 2.136622667312622070e-01
-3.846371769905090332e-01 2.458844780921936035e-01
1.464055776596069336e-01 8.825349807739257812e-02
3.939845561981201172e-01 4.007279872894287109e-03
-1.359068751335144043e-01 2.468013167381286621e-01
1.982713341712951660e-01 -3.159548640251159668e-01
2.069038748741149902e-01 1.686228513717651367e-01
-3.830236792564392090e-01 -4.352906346321105957e-01
3.841513395309448242e-01 -9.840542078018188477e-02
1.897322535514831543e-01 -7.142096757888793945e-02
4.275172352790832520e-01 8.610033988952636719e-02
1.097081899642944336e-01 -1.304154992103576660e-01
-3.634352684020996094e-01 -2.219146490097045898e-01
3.858326077461242676e-01 2.408349514007568359e-01
4.454207420349121094e-02 -2.808168530464172363e-01
2.993285655975341797e-02 -2.480238676071166992e-02
5.270129442214965820e-02 -1.366423964500427246e-01
-2.478066086769104004e-01 -3.601750731468200684e-01
-1.967599391937255859e-01 5.970656871795654297e-02
1.640090346336364746e-01 -1.296933293342590332e-01
-2.936667799949645996e-01 -1.799804568290710449e-01
4.756470918655395508e-01 1.567300558090209961e-01
-3.020806312561035156e-01 4.508692026138305664e-02
4.040162563323974609e-01 4.011227488517761230e-01
-2.464593052864074707e-01 3.529939651489257812e-01
-6.363439559936523438e-02 -1.678575873374938965e-01
-4.433267116546630859e-01 2.971891760826110840e-01
1.693683266639709473e-01 1.500466465950012207e-01
6.014633178710937500e-02 -1.930191516876220703e-01
4.819812178611755371e-01 -3.607665896415710449e-01
1.559420824050903320e-01 -1.936528682708740234e-01
-1.251304745674133301e-01 1.187432408332824707e-01
3.905241489410400391e-01 -1.486527919769287109e-02
2.831041216850280762e-01 1.676661372184753418e-01
-2.203059196472167969e-01 2.884992957115173340e-01
3.696911931037902832e-01 4.888369441032409668e-01
-2.413291931152343750e-01 1.016802191734313965e-01
-3.767889142036437988e-01 -7.676100730895996094e-02
-1.342660188674926758e-01 -1.548963785171508789e-01
2.600977420806884766e-01 8.246272802352905273e-02
-2.856050729751586914e-01 1.096073389053344727e-01
2.705948948860168457e-01 -1.549186110496520996e-01
1.198118329048156738e-01 -4.420102238655090332e-01
-4.143350720405578613e-01 -2.249813675880432129e-01
-3.607445955276489258e-01 -1.167550086975097656e-01
-1.656701564788818359e-01 6.648641824722290039e-02
-4.994207620620727539e-01 4.864124655723571777e-01
3.235892653465270996e-01 -2.273273468017578125e-01
-3.869455456733703613e-01 -4.426767826080322266e-01
-2.571265101432800293e-01 6.765657663345336914e-02
2.493673563003540039e-02 2.637254595756530762e-01
-3.846043348312377930e-01 1.952015161514282227e-01
-4.620810151100158691e-01 4.181625247001647949e-01
-2.769927382469177246e-01 3.147552013397216797e-01
8.433479070663452148e-02 5.518382787704467773e-02
3.493148684501647949e-01 -1.457118988037109375e-02
-4.508652687072753906e-01 -3.785822987556457520e-01
3.432003259658813477e-01 9.123897552490234375e-02
2.213946580886840820e-01 2.395515441894531250e-01
1.187798976898193359e-01 -2.000855803489685059e-01
-3.389680385589599609e-01 3.058858513832092285e-01
-4.418408274650573730e-01 1.749724745750427246e-01
1.052337884902954102e-01 2.086042165756225586e-01
3.212219476699829102e-02 4.583001732826232910e-01
-1.196170449256896973e-01 3.825838565826416016e-01
-4.378426074981689453e-01 4.538022279739379883e-01
1.834146976470947266e-01 4.872823357582092285e-01
-4.743695259094238281e-03 -2.669848203659057617e-01
-9.264290332794189453e-03 2.728521823883056641e-01
-3.661289811134338379e-01 -4.857898950576782227e-01
-2.062853574752807617e-01 7.092720270156860352e-02
9.230911731719970703e-03 4.540436267852783203e-01
-2.997589707374572754e-01 -1.876537203788757324e-01
3.602111339569091797e-02 -2.745851874351501465e-01
4.337012767791748047e-03 1.191441416740417480e-01
-4.472190141677856445e-02 -7.146674394607543945e-02
-1.554850935935974121e-01 -3.397226333618164062e-02
-4.778505563735961914e-01 -4.773671030998229980e-01
3.761094808578491211e-01 4.704787731170654297e-01
-1.313733458518981934e-01 -2.697529792785644531e-01
-6.783300638198852539e-02 2.430387139320373535e-01
-3.715020418167114258e-01 1.828860044479370117e-01
2.060628533363342285e-01 1.243116259574890137e-01
-2.861839532852172852e-01 -4.646599888801574707e-01
-2.739837765693664551e-01 3.690479397773742676e-01
1.773538589477539062e-01 4.289660453796386719e-01
2.651286721229553223e-01 -3.337863087654113770e-01
-4.744687080383300781e-01 -4.179890155792236328e-01
-1.350939273834228516e-03 -1.947458386421203613e-01
3.296279311180114746e-01 8.320140838623046875e-02
3.024910688400268555e-01 3.337283730506896973e-01
3.753446936607360840e-01 3.388212919235229492e-01
4.853111505508422852e-01 2.788341641426086426e-01
-7.498931884765625000e-02 6.637322902679443359e-02
-1.101755499839782715e-01 3.182989954948425293e-01
-2.625641822814941406e-01 8.752954006195068359e-02
2.260669469833374023e-01 2.291718721389770508e-01
2.148680090904235840e-01 -3.252286314964294434e-01
-4.047949910163879395e-01 -7.083594799041748047e-03
-6.297391653060913086e-02 1.025142073631286621e-01
-4.457965493202209473e-01 -2.715786099433898926e-01
-3.745285868644714355e-01 3.003848791122436523e-01
-4.083568453788757324e-01 -2.883152365684509277e-01
-1.258092522621154785e-01 -3.576104044914245605e-01
-9.106016159057617188e-02 -4.975038766860961914e-02
-5.329936742782592773e-02 -1.944298148155212402e-01
-7.403033971786499023e-02 3.659847974777221680e-01
-3.388315439224243164e-02 -4.780973792076110840e-01
1.750322580337524414e-01 2.359375357627868652e-01
-4.506584405899047852e-01 -3.262107372283935547e-01
-1.276980638504028320e-01 3.497197628021240234e-01
-3.867207765579223633e-01 -2.385915517807006836e-01
-5.058318376541137695e-02 4.319729804992675781e-01
3.732604980468750000e-01 2.341655492782592773e-01
4.798054695129394531e-03 -3.915745019912719727e-01
-2.960433959960937500e-01 2.002218961715698242e-01
4.734945297241210938e-01 2.243441343307495117e-02
2.226045131683349609e-01 4.610779285430908203e-01
3.966267704963684082e-01 -2.916133999824523926e-01
4.970521330833435059e-01 1.630792617797851562e-01
4.024802446365356445e-01 4.482334256172180176e-01
4.227661490440368652e-01 9.521007537841796875e-02
3.168665766716003418e-01 3.999181389808654785e-01
3.149213194847106934e-01 4.755213260650634766e-01
3.032169938087463379e-01 3.978239297866821289e-01
4.579175114631652832e-01 1.428306102752685547e-01
-4.582111239433288574e-01 -1.228583455085754395e-01
8.768314123153686523e-02 -9.530472755432128906e-02
-3.964531421661376953e-01 3.170023560523986816e-01
-1.813946366310119629e-01 -3.573061227798461914e-01
-1.223601102828979492e-01 1.925641894340515137e-01
2.021641731262207031e-01 1.342654228210449219e-01
3.673105835914611816e-01 1.617751717567443848e-01
-2.713050842285156250e-01 -2.424491643905639648e-01
2.272312641143798828e-01 1.441884040832519531e-02
-3.003201484680175781e-01 1.495188474655151367e-01
-3.898160457611083984e-01 1.006096005439758301e-01
-2.574938535690307617e-01 4.927675127983093262e-01
4.372043013572692871e-01 2.230988740921020508e-01
-4.957896471023559570e-02 5.771285295486450195e-02
-2.734366655349731445e-01 -1.953908205032348633e-01
-2.516628503799438477e-01 2.864648699760437012e-01
2.301305532455444336e-02 1.246145367622375488e-01
3.719606995582580566e-01 3.973767161369323730e-01
-4.226726293563842773e-02 -2.692542076110839844e-01
-2.653840184211730957e-01 -4.005653262138366699e-01
-3.770955801010131836e-01 4.879953861236572266e-01
-4.771421551704406738e-01 5.096435546875000000e-03
-4.215818643569946289e-02 -6.765002012252807617e-02
3.561633825302124023e-01 -1.602543592453002930e-01
2.613675594329833984e-01 1.001505851745605469e-01
-2.799916267395019531e-02 -1.391171216964721680e-01
3.422260284423828125e-03 1.278995871543884277e-01
4.536832571029663086e-01 1.972762346267700195e-01
3.766885399818420410e-01 1.385453343391418457e-01
3.145832419395446777e-01 -7.175981998443603516e-02
1.090188622474670410e-01 4.932132363319396973e-01
2.627767324447631836e-01 3.667639493942260742e-01
-2.014178037643432617e-02 2.140125632286071777e-01
1.709449887275695801e-01 -1.506340503692626953e-02
-1.857538819313049316e-01 -2.375560402870178223e-01
-3.083067536354064941e-01 4.850738048553466797e-01
-5.535590648651123047e-02 -3.027814626693725586e-02
2.279470562934875488e-01 -3.930632472038269043e-01
3.783532381057739258e-01 -2.059910297393798828e-01
-1.003953218460083008e-01 -4.413329362869262695e-01
-1.790089011192321777e-01 -4.773400425910949707e-01
-4.677546024322509766e-01 -4.429804682731628418e-01
3.706060051918029785e-01 -3.871583342552185059e-01
1.931914687156677246e-01 -3.171172142028808594e-01
-3.403580188751220703e-02 -4.519702792167663574e-01
9.009915590286254883e-02 -3.379694819450378418e-01
-4.294466972351074219e-01 -1.453253626823425293e-01
2.109725475311279297e-01 2.152463793754577637e-01
-6.049793958663940430e-02 5.211985111236572266e-02
-4.267272353172302246e-01 -1.207672953605651855e-01
-1.875041723251342773e-01 -3.831352591514587402e-01
-2.626510858535766602e-01 1.261630058288574219e-01
1.130813956260681152e-01 1.709656119346618652e-01
-2.802029848098754883e-01 1.882966756820678711e-01
2.828631401062011719e-01 -7.495111227035522461e-02
2.488576769828796387e-01 -1.512275338172912598e-01
1.323519945144653320e-01 -4.070043563842773438e-02
