5.563190579414367676e-01 4.099298715591430664e-01
6.418724060058593750e-01 5.354269146919250488e-01
5.445192456245422363e-01 3.852639496326446533e-01
4.458475708961486816e-01 5.806756019592285156e-01
4.261450171470642090e-01 5.213990807533264160e-01
7.727230787277221680e-01 6.221751570701599121e-01
5.533015727996826172e-01 3.934981822967529297e-01
7.752155661582946777e-01 5.705400109291076660e-01
7.255986332893371582e-01 6.776254177093505859e-01
4.636689424514770508e-01 5.246688127517700195e-01
7.536799907684326172e-01 6.402173042297363281e-01
6.153545379638671875e-01 6.828212738037109375e-01
6.886768341064453125e-01 4.241598546504974365e-01
5.770882368087768555e-01 6.607986092567443848e-01
5.354353189468383789e-01 3.942658305168151855e-01
6.948422193527221680e-01 4.547944664955139160e-01
7.999778389930725098e-01 5.158978104591369629e-01
7.065919041633605957e-01 7.792627215385437012e-01
7.460841536521911621e-01 4.761692285537719727e-01
4.596938490867614746e-01 6.041401028633117676e-01
7.748046517372131348e-01 5.909056067466735840e-01
6.366118192672729492e-01 4.785988926887512207e-01
4.969748854637145996e-01 7.030377388000488281e-01
8.014727830886840820e-01 5.549960732460021973e-01
6.297171115875244141e-01 6.233819723129272461e-01
6.657506823539733887e-01 4.779959619045257568e-01
5.308926105499267578e-01 7.108006477355957031e-01
5.509621500968933105e-01 4.436856508255004883e-01
6.767961382865905762e-01 6.428154706954956055e-01
8.429433703422546387e-01 6.121043562889099121e-01
5.638928413391113281e-01 4.093506634235382080e-01
7.906356453895568848e-01 4.758356213569641113e-01
5.226935148239135742e-01 7.258300185203552246e-01
6.003746986389160156e-01 5.061759352684020996e-01
4.042584300041198730e-01 5.717144012451171875e-01
7.234926819801330566e-01 7.591594457626342773e-01
5.776585936546325684e-01 8.083812594413757324e-01
4.371430873870849609e-01 5.685428977012634277e-01
5.568054914474487305e-01 4.247370958328247070e-01
6.058438420295715332e-01 4.554567933082580566e-01
7.618160843849182129e-01 6.687431931495666504e-01
6.966089606285095215e-01 7.205759882926940918e-01
8.416134119033813477e-01 5.463171601295471191e-01
5.362700819969177246e-01 7.411959767341613770e-01
6.824148297309875488e-01 5.807027220726013184e-01
5.849450230598449707e-01 6.188708543777465820e-01
7.345840930938720703e-01 6.950311064720153809e-01
7.822951078414916992e-01 7.238185405731201172e-01
6.365007162094116211e-01 7.624536156654357910e-01
5.275490880012512207e-01 7.128314971923828125e-01
5.357267856597900391e-01 7.809404730796813965e-01
8.027596473693847656e-01 5.216277837753295898e-01
7.039188742637634277e-01 3.989908993244171143e-01
4.127870500087738037e-01 5.276658535003662109e-01
4.111885130405426025e-01 5.250181555747985840e-01
7.331133484840393066e-01 4.377306103706359863e-01
4.493171572685241699e-01 5.550052523612976074e-01
5.828815698623657227e-01 8.044769167900085449e-01
5.829282402992248535e-01 7.286546230316162109e-01
4.324851036071777344e-01 6.886259317398071289e-01
6.299247741699218750e-01 6.996678113937377930e-01
7.123997211456298828e-01 4.158121943473815918e-01
6.601119041442871094e-01 5.522800087928771973e-01
7.157433032989501953e-01 6.488245129585266113e-01
5.681449174880981445e-01 7.253508567810058594e-01
5.898135304450988770e-01 3.366726040840148926e-01
5.712276697158813477e-01 3.854438066482543945e-01
7.722203135490417480e-01 6.097098588943481445e-01
4.579373598098754883e-01 6.081650853157043457e-01
7.178421020507812500e-01 6.667248606681823730e-01
4.537589550018310547e-01 4.462328553199768066e-01
5.233982801437377930e-01 6.200152039527893066e-01
5.943705439567565918e-01 5.278714895248413086e-01
7.344252467155456543e-01 4.967880249023437500e-01
6.723926663398742676e-01 6.292449235916137695e-01
6.470516324043273926e-01 3.860989511013031006e-01
5.438936352729797363e-01 5.346902608871459961e-01
6.289992928504943848e-01 5.688977837562561035e-01
5.296053886413574219e-01 3.915195465087890625e-01
6.765573620796203613e-01 8.395277857780456543e-01
5.950372219085693359e-01 3.624676764011383057e-01
5.041491985321044922e-01 6.116029024124145508e-01
4.854350984096527100e-01 7.247958779335021973e-01
5.604156255722045898e-01 5.771300792694091797e-01
8.216307163238525391e-01 5.695241689682006836e-01
5.195735096931457520e-01 7.070034146308898926e-01
6.016600131988525391e-01 7.799279689788818359e-01
7.944989800453186035e-01 5.343523621559143066e-01
3.541306257247924805e-01 5.809851884841918945e-01
4.225082993507385254e-01 6.212695240974426270e-01
7.876200675964355469e-01 5.056230425834655762e-01
7.304692864418029785e-01 6.314951777458190918e-01
5.767958760261535645e-01 7.344614863395690918e-01
4.647466242313385010e-01 6.105227470397949219e-01
5.442972183227539062e-01 6.690942049026489258e-01
5.518432259559631348e-01 5.961745381355285645e-01
4.745889604091644287e-01 6.966095566749572754e-01
6.984727978706359863e-01 5.155860185623168945e-01
7.128190994262695312e-01 6.065665483474731445e-01
6.468346714973449707e-01 6.374851465225219727e-01
6.163930892944335938e-01 7.242132425308227539e-01
7.307137846946716309e-01 6.793097257614135742e-01
4.575813114643096924e-01 4.372315704822540283e-01
6.903221607208251953e-01 7.070637941360473633e-01
7.862378954887390137e-01 5.572407245635986328e-01
7.015945911407470703e-01 5.561615824699401855e-01
8.288260102272033691e-01 6.536647677421569824e-01
6.786320805549621582e-01 6.734670400619506836e-01
6.072031855583190918e-01 3.792070448398590088e-01
5.442318916320800781e-01 5.237736701965332031e-01
8.082513213157653809e-01 5.246095061302185059e-01
4.369371831417083740e-01 5.066285133361816406e-01
7.710087299346923828e-01 5.905536413192749023e-01
5.140939354896545410e-01 6.769071221351623535e-01
6.243434548377990723e-01 6.808894276618957520e-01
5.310301780700683594e-01 7.696635723114013672e-01
5.634067058563232422e-01 7.305615544319152832e-01
4.280823171138763428e-01 6.310859918594360352e-01
7.308036684989929199e-01 7.321295142173767090e-01
5.225915312767028809e-01 7.409973740577697754e-01
7.142909765243530273e-01 6.533060669898986816e-01
3.942130804061889648e-01 5.663220882415771484e-01
6.965684890747070312e-01 7.406542301177978516e-01
6.052504777908325195e-01 6.544659733772277832e-01
5.868395566940307617e-01 3.887199163436889648e-01
5.344151854515075684e-01 4.773097932338714600e-01
7.087600231170654297e-01 6.493437886238098145e-01
6.139833927154541016e-01 3.862829208374023438e-01
5.170272588729858398e-01 7.762057185173034668e-01
3.888566792011260986e-01 5.700484514236450195e-01
5.835987925529479980e-01 7.672999501228332520e-01
6.232730150222778320e-01 4.069125652313232422e-01
4.723022282123565674e-01 4.224213957786560059e-01
5.637678503990173340e-01 7.685038447380065918e-01
5.487885475158691406e-01 8.111461997032165527e-01
7.648735046386718750e-01 7.138177752494812012e-01
5.482836365699768066e-01 5.926812887191772461e-01
6.100099086761474609e-01 4.675093293190002441e-01
7.041954994201660156e-01 5.980665087699890137e-01
8.597970604896545410e-01 5.626713037490844727e-01
5.841904282569885254e-01 6.565955281257629395e-01
4.131164848804473877e-01 5.642310976982116699e-01
5.873264074325561523e-01 6.469359397888183594e-01
4.961104691028594971e-01 5.362706184387207031e-01
4.655187726020812988e-01 4.875657558441162109e-01
4.441037178039550781e-01 5.987818837165832520e-01
6.154009103775024414e-01 7.422993779182434082e-01
4.791607856750488281e-01 6.115572452545166016e-01
7.526314258575439453e-01 6.113041639328002930e-01
5.907896757125854492e-01 5.185402631759643555e-01
5.868994593620300293e-01 7.371304035186767578e-01
8.603950738906860352e-01 5.792579650878906250e-01
7.183299660682678223e-01 8.107197880744934082e-01
6.522947549819946289e-01 4.454720914363861084e-01
5.031905174255371094e-01 6.527279615402221680e-01
3.618139922618865967e-01 6.009092926979064941e-01
4.265621602535247803e-01 5.449835658073425293e-01
6.739780902862548828e-01 6.656478643417358398e-01
7.390022277832031250e-01 5.449220538139343262e-01
5.491605997085571289e-01 7.787144184112548828e-01
5.510262846946716309e-01 5.224624276161193848e-01
6.510622501373291016e-01 6.184782385826110840e-01
6.162343621253967285e-01 7.321053743362426758e-01
4.533489346504211426e-01 7.074445486068725586e-01
4.295262098312377930e-01 6.077498793601989746e-01
6.225788593292236328e-01 5.823073387145996094e-01
6.584964990615844727e-01 4.958601593971252441e-01
5.536779761314392090e-01 6.699547767639160156e-01
4.275661706924438477e-01 7.084923982620239258e-01
6.133490204811096191e-01 7.038676142692565918e-01
6.055993437767028809e-01 7.308171391487121582e-01
7.786428928375244141e-01 5.695242881774902344e-01
6.782804131507873535e-01 5.450060963630676270e-01
5.287536978721618652e-01 6.968246698379516602e-01
4.093532264232635498e-01 5.813499093055725098e-01
4.487917721271514893e-01 5.439652800559997559e-01
4.865612387657165527e-01 5.265251994132995605e-01
7.655014991760253906e-01 6.117022037506103516e-01
5.843830108642578125e-01 7.909199595451354980e-01
7.393208146095275879e-01 5.329496860504150391e-01
4.802701175212860107e-01 6.415982842445373535e-01
6.252531409263610840e-01 8.028474450111389160e-01
4.597900807857513428e-01 6.125198602676391602e-01
6.094668507575988770e-01 4.347695708274841309e-01
6.824785470962524414e-01 6.088213920593261719e-01
5.717817544937133789e-01 6.711122989654541016e-01
4.889377057552337646e-01 4.473197460174560547e-01
7.284170985221862793e-01 4.603033363819122314e-01
6.716663241386413574e-01 6.882739663124084473e-01
8.279559016227722168e-01 6.329884529113769531e-01
5.831695795059204102e-01 3.957183957099914551e-01
5.432816147804260254e-01 7.587227821350097656e-01
5.371952056884765625e-01 4.223510921001434326e-01
5.575501322746276855e-01 5.557699203491210938e-01
6.171243786811828613e-01 6.630345582962036133e-01
5.050176382064819336e-01 4.812360405921936035e-01
5.788183212280273438e-01 7.667898535728454590e-01
5.918372273445129395e-01 7.194614410400390625e-01
6.829563975334167480e-01 7.104924917221069336e-01
8.350300788879394531e-01 6.118391752243041992e-01
5.852762460708618164e-01 7.783834934234619141e-01
3.595787584781646729e-01 5.349944829940795898e-01
5.652500391006469727e-01 4.887286126613616943e-01
4.511727392673492432e-01 6.701224446296691895e-01
4.432629048824310303e-01 5.777772068977355957e-01
4.400299489498138428e-01 6.572075486183166504e-01
5.349522829055786133e-01 4.997905790805816650e-01
7.892346382141113281e-01 6.000307202339172363e-01
7.537661194801330566e-01 6.910319924354553223e-01
6.832976937294006348e-01 6.682385206222534180e-01
5.137383937835693359e-01 6.683048605918884277e-01
6.200882196426391602e-01 4.604351222515106201e-01
6.370292305946350098e-01 5.452185869216918945e-01
5.592141151428222656e-01 7.727397680282592773e-01
7.240357995033264160e-01 6.257601976394653320e-01
7.106401324272155762e-01 6.633728146553039551e-01
6.319991946220397949e-01 7.881026864051818848e-01
6.596281528472900391e-01 6.888315081596374512e-01
4.691788852214813232e-01 6.669247150421142578e-01
6.821082234382629395e-01 5.309868454933166504e-01
6.650250554084777832e-01 6.035436391830444336e-01
5.358415246009826660e-01 6.699087619781494141e-01
6.922222375869750977e-01 4.660457670688629150e-01
6.424263119697570801e-01 5.668020248413085938e-01
6.382174491882324219e-01 7.401417493820190430e-01
6.211954355239868164e-01 8.050258159637451172e-01
7.751758098602294922e-01 5.763490796089172363e-01
6.020692586898803711e-01 5.957977771759033203e-01
5.974237322807312012e-01 5.955510139465332031e-01
4.150952398777008057e-01 5.171018242835998535e-01
4.086666107177734375e-01 6.926967501640319824e-01
6.151047348976135254e-01 5.117668509483337402e-01
3.684923052787780762e-01 6.339402794837951660e-01
4.355961680412292480e-01 5.378873944282531738e-01
4.843596816062927246e-01 5.743432641029357910e-01
7.157149910926818848e-01 6.179307103157043457e-01
6.418196558952331543e-01 4.353955984115600586e-01
5.781756639480590820e-01 7.694451808929443359e-01
5.849043130874633789e-01 3.499568104743957520e-01
6.119843721389770508e-01 5.348147153854370117e-01
6.953358650207519531e-01 4.909817278385162354e-01
7.365823984146118164e-01 7.037530541419982910e-01
6.373234391212463379e-01 8.229402899742126465e-01
4.100073277950286865e-01 6.116251349449157715e-01
6.259785890579223633e-01 5.571460723876953125e-01
8.165515661239624023e-01 5.343015193939208984e-01
5.869436860084533691e-01 3.544286489486694336e-01
4.184828400611877441e-01 5.047636032104492188e-01
5.123603940010070801e-01 7.649891376495361328e-01
5.295769572257995605e-01 8.086894750595092773e-01
5.233866572380065918e-01 7.453465461730957031e-01
6.638794541358947754e-01 6.245985627174377441e-01
6.244955658912658691e-01 6.596291661262512207e-01
7.780500650405883789e-01 5.971330404281616211e-01
6.036434173583984375e-01 6.003107428550720215e-01
6.135711669921875000e-01 5.511479973793029785e-01
6.519964337348937988e-01 4.354721009731292725e-01
6.853817105293273926e-01 5.123536586761474609e-01
4.595744609832763672e-01 7.182635664939880371e-01
6.787180900573730469e-01 7.256346940994262695e-01
3.877718746662139893e-01 5.565760135650634766e-01
5.549307465553283691e-01 4.524771571159362793e-01
7.893825173377990723e-01 5.265968441963195801e-01
7.034440040588378906e-01 7.307736873626708984e-01
6.230612397193908691e-01 7.255895137786865234e-01
6.032968163490295410e-01 5.684850215911865234e-01
6.454352736473083496e-01 4.186442196369171143e-01
5.315601825714111328e-01 7.109921574592590332e-01
5.007860660552978516e-01 5.331464409828186035e-01
6.001202464103698730e-01 3.746052086353302002e-01
7.551406025886535645e-01 5.783386826515197754e-01
7.586451768875122070e-01 5.915217399597167969e-01
5.892638564109802246e-01 8.085460066795349121e-01
5.968416929244995117e-01 5.532916188240051270e-01
7.749842405319213867e-01 5.980183482170104980e-01
6.085957288742065430e-01 5.543999671936035156e-01
4.979020059108734131e-01 6.431921124458312988e-01
5.068643689155578613e-01 7.185134887695312500e-01
7.206631302833557129e-01 6.576054692268371582e-01
5.038998723030090332e-01 6.196096539497375488e-01
6.313224434852600098e-01 4.115867018699645996e-01
5.412907004356384277e-01 7.634850144386291504e-01
4.989225864410400391e-01 7.041284441947937012e-01
4.033848047256469727e-01 6.547073125839233398e-01
4.393588304519653320e-01 5.874022841453552246e-01
7.093176245689392090e-01 4.969150424003601074e-01
5.170204043388366699e-01 4.266074001789093018e-01
6.470894813537597656e-01 5.419277548789978027e-01
7.325559258460998535e-01 6.357309818267822266e-01
6.781856417655944824e-01 7.647902965545654297e-01
7.306769490242004395e-01 6.191343069076538086e-01
6.773775219917297363e-01 7.414122819900512695e-01
7.723279595375061035e-01 6.453531980514526367e-01
4.656010568141937256e-01 6.164804697036743164e-01
6.465231180191040039e-01 3.979782760143280029e-01
5.156996846199035645e-01 4.416275322437286377e-01
6.032748818397521973e-01 5.735234022140502930e-01
5.425819158554077148e-01 4.169335067272186279e-01
8.466610908508300781e-01 6.257245540618896484e-01
4.219903051853179932e-01 6.579437255859375000e-01
7.705579996109008789e-01 6.513041853904724121e-01
4.610038995742797852e-01 6.158379912376403809e-01
5.890735983848571777e-01 3.924914300441741943e-01
6.842778921127319336e-01 5.129358172416687012e-01
6.830685734748840332e-01 5.290696620941162109e-01
7.201644182205200195e-01 7.084112167358398438e-01
4.539522230625152588e-01 5.025135278701782227e-01
4.819485247135162354e-01 6.101798415184020996e-01
5.021535754203796387e-01 7.152115702629089355e-01
6.075581908226013184e-01 7.161288261413574219e-01
7.432286739349365234e-01 6.820359826087951660e-01
5.551282763481140137e-01 6.620444059371948242e-01
7.279848456382751465e-01 4.625771045684814453e-01
6.032944917678833008e-01 6.803798079490661621e-01
6.707644462585449219e-01 7.916977405548095703e-01
5.838932991027832031e-01 5.652134418487548828e-01
7.744762897491455078e-01 5.098010301589965820e-01
6.357460618019104004e-01 6.096329689025878906e-01
6.144385933876037598e-01 6.418917179107666016e-01
7.566319108009338379e-01 5.150877833366394043e-01
5.732580423355102539e-01 4.503730535507202148e-01
6.134140491485595703e-01 7.678663730621337891e-01
5.768929719924926758e-01 6.916176676750183105e-01
5.540584921836853027e-01 4.108716845512390137e-01
8.009564876556396484e-01 6.385852098464965820e-01
4.444745182991027832e-01 5.374565720558166504e-01
7.180930972099304199e-01 4.623433053493499756e-01
4.973021745681762695e-01 6.606270074844360352e-01
6.102321743965148926e-01 5.580717325210571289e-01
7.272600531578063965e-01 6.243574619293212891e-01
7.531291842460632324e-01 5.153421759605407715e-01
7.249606251716613770e-01 6.445203423500061035e-01
7.496692538261413574e-01 5.302565097808837891e-01
6.643951535224914551e-01 7.271093130111694336e-01
6.224134564399719238e-01 7.392689585685729980e-01
5.314636230468750000e-01 4.171628355979919434e-01
5.919807553291320801e-01 5.224628448486328125e-01
7.991725206375122070e-01 5.345773100852966309e-01
7.280755043029785156e-01 6.480934619903564453e-01
7.746269702911376953e-01 6.166564226150512695e-01
7.765642404556274414e-01 5.546804070472717285e-01
5.857992172241210938e-01 7.976725101470947266e-01
5.515797138214111328e-01 6.690778732299804688e-01
6.205070614814758301e-01 7.909284830093383789e-01
5.762639045715332031e-01 5.032201409339904785e-01
7.280457019805908203e-01 5.307596325874328613e-01
6.211143732070922852e-01 5.109087824821472168e-01
7.058600783348083496e-01 7.327157258987426758e-01
6.309176087379455566e-01 4.155479967594146729e-01
5.223655700683593750e-01 5.188487768173217773e-01
6.636112332344055176e-01 6.103001236915588379e-01
5.682657957077026367e-01 5.985454916954040527e-01
7.895503640174865723e-01 5.032598972320556641e-01
6.220073699951171875e-01 5.306726098060607910e-01
6.192181706428527832e-01 4.949212968349456787e-01
8.526242375373840332e-01 5.910075902938842773e-01
4.627362489700317383e-01 6.701411008834838867e-01
5.878418684005737305e-01 6.948388814926147461e-01
3.937045335769653320e-01 5.772615075111389160e-01
6.820145249366760254e-01 4.580881893634796143e-01
7.883048653602600098e-01 5.212481617927551270e-01
7.342306971549987793e-01 5.956918597221374512e-01
6.412842273712158203e-01 6.496521234512329102e-01
6.504251360893249512e-01 7.113986611366271973e-01
4.970550239086151123e-01 4.972368180751800537e-01
4.741842746734619141e-01 5.553662180900573730e-01
4.804250597953796387e-01 6.575635671615600586e-01
4.414088428020477295e-01 6.913620233535766602e-01
4.812526106834411621e-01 7.334245443344116211e-01
7.083240747451782227e-01 6.513662338256835938e-01
5.024961829185485840e-01 7.478194236755371094e-01
7.303585410118103027e-01 6.633947491645812988e-01
6.721330285072326660e-01 6.379752755165100098e-01
5.981261730194091797e-01 3.966524600982666016e-01
6.845319867134094238e-01 4.597790539264678955e-01
6.543321013450622559e-01 4.171629846096038818e-01
6.519520282745361328e-01 5.062036514282226562e-01
5.810148715972900391e-01 6.322391033172607422e-01
5.495479106903076172e-01 4.035888016223907471e-01
6.661557555198669434e-01 8.047463893890380859e-01
6.311528682708740234e-01 6.770684719085693359e-01
6.807604432106018066e-01 4.950028955936431885e-01
5.709103941917419434e-01 3.523790538311004639e-01
5.849879384040832520e-01 6.912284493446350098e-01
5.940050482749938965e-01 5.034974813461303711e-01
5.239888429641723633e-01 5.275649428367614746e-01
6.948065161705017090e-01 6.735480427742004395e-01
5.688118934631347656e-01 7.018653154373168945e-01
5.252789855003356934e-01 7.355491518974304199e-01
4.485493302345275879e-01 6.649703383445739746e-01
7.256235480308532715e-01 5.009102821350097656e-01
5.512902736663818359e-01 3.694458603858947754e-01
6.185320019721984863e-01 6.915574073791503906e-01
5.852674841880798340e-01 6.724988222122192383e-01
3.790379166603088379e-01 6.434177160263061523e-01
5.532448291778564453e-01 6.842978596687316895e-01
8.034257888793945312e-01 5.774142742156982422e-01
4.106743335723876953e-01 6.878974437713623047e-01
6.913653612136840820e-01 4.157927632331848145e-01
5.449580550193786621e-01 5.759161710739135742e-01
6.283361315727233887e-01 7.368576526641845703e-01
5.085548162460327148e-01 6.066340804100036621e-01
5.022314786911010742e-01 7.415634989738464355e-01
7.031565904617309570e-01 5.328803658485412598e-01
4.210726320743560791e-01 6.433396339416503906e-01
7.948994636535644531e-01 6.505084633827209473e-01
8.290822505950927734e-01 5.839194655418395996e-01
3.878855705261230469e-01 6.467874646186828613e-01
7.149064540863037109e-01 7.036597132682800293e-01
5.417331457138061523e-01 6.153630018234252930e-01
6.196580529212951660e-01 6.096581816673278809e-01
7.044904232025146484e-01 6.301737427711486816e-01
4.049934446811676025e-01 6.517709493637084961e-01
5.860797762870788574e-01 4.687247872352600098e-01
8.234153985977172852e-01 5.731952190399169922e-01
6.118108630180358887e-01 4.418591558933258057e-01
6.590202450752258301e-01 4.501515924930572510e-01
7.695140838623046875e-01 6.254497170448303223e-01
7.282707691192626953e-01 7.188191413879394531e-01
6.722235679626464844e-01 5.559835433959960938e-01
7.518972754478454590e-01 4.631807804107666016e-01
6.854284405708312988e-01 4.672660231590270996e-01
6.714451313018798828e-01 4.623131752014160156e-01
4.354208111763000488e-01 7.227731943130493164e-01
5.940428972244262695e-01 4.797233939170837402e-01
4.870438277721405029e-01 7.242344617843627930e-01
4.886713027954101562e-01 5.327051877975463867e-01
6.913061141967773438e-01 5.597214698791503906e-01
7.145146727561950684e-01 7.034052014350891113e-01
4.844158291816711426e-01 7.131713628768920898e-01
6.371058225631713867e-01 6.168876886367797852e-01
7.209023237228393555e-01 6.603845357894897461e-01
6.105203628540039062e-01 4.419656097888946533e-01
3.831228911876678467e-01 6.281267404556274414e-01
4.737300276756286621e-01 5.565980672836303711e-01
4.322109818458557129e-01 5.112741589546203613e-01
4.198180735111236572e-01 6.578583717346191406e-01
5.465406775474548340e-01 7.453751564025878906e-01
7.498502135276794434e-01 5.883309841156005859e-01
6.971627473831176758e-01 4.673964083194732666e-01
6.235601902008056641e-01 6.812111735343933105e-01
6.543509364128112793e-01 7.329882383346557617e-01
6.405309438705444336e-01 7.028859257698059082e-01
5.981563925743103027e-01 5.722674131393432617e-01
5.711804032325744629e-01 7.518874406814575195e-01
5.430049896240234375e-01 6.263306736946105957e-01
5.340100526809692383e-01 6.389105319976806641e-01
5.097213387489318848e-01 5.867993831634521484e-01
7.801526188850402832e-01 6.577380299568176270e-01
5.578747987747192383e-01 4.862208962440490723e-01
6.105571389198303223e-01 7.099506855010986328e-01
7.004181146621704102e-01 5.040129423141479492e-01
6.233083009719848633e-01 7.330029010772705078e-01
5.067300796508789062e-01 7.307171225547790527e-01
5.297964811325073242e-01 4.675014615058898926e-01
7.318312525749206543e-01 6.927521228790283203e-01
5.542421936988830566e-01 4.123235940933227539e-01
3.990481495857238770e-01 6.638681888580322266e-01
8.055710196495056152e-01 5.522199869155883789e-01
5.999292135238647461e-01 7.321715354919433594e-01
7.064536213874816895e-01 5.216291546821594238e-01
6.760560870170593262e-01 6.183595061302185059e-01
6.575446724891662598e-01 5.356006622314453125e-01
5.798314809799194336e-01 4.150395095348358154e-01
6.595707535743713379e-01 4.988136887550354004e-01
4.491838514804840088e-01 7.352612614631652832e-01
7.386150956153869629e-01 4.599802494049072266e-01
5.771805644035339355e-01 5.017998814582824707e-01
5.449302196502685547e-01 6.295217871665954590e-01
6.518944501876831055e-01 6.823709011077880859e-01
4.699049592018127441e-01 6.603712439537048340e-01
5.597890615463256836e-01 4.239840209484100342e-01
4.031140804290771484e-01 5.309200882911682129e-01
7.209129929542541504e-01 5.769729614257812500e-01
5.690594911575317383e-01 7.843732237815856934e-01
6.062122583389282227e-01 7.219775915145874023e-01
6.676459908485412598e-01 5.282378196716308594e-01
4.829100668430328369e-01 6.714676022529602051e-01
5.345201492309570312e-01 7.486719489097595215e-01
8.116173744201660156e-01 5.687059164047241211e-01
4.550347328186035156e-01 6.891679167747497559e-01
4.081186652183532715e-01 6.616890430450439453e-01
6.503367424011230469e-01 6.764424443244934082e-01
5.592319369316101074e-01 4.124210774898529053e-01
8.642821311950683594e-01 5.918402671813964844e-01
5.933864116668701172e-01 7.208586335182189941e-01
6.469558477401733398e-01 4.558042585849761963e-01
5.637938380241394043e-01 3.430113494396209717e-01
5.395187735557556152e-01 4.555328786373138428e-01
6.478852033615112305e-01 6.239997744560241699e-01
7.430450320243835449e-01 6.338066458702087402e-01
4.271319806575775146e-01 5.216217041015625000e-01
4.267193078994750977e-01 6.853703856468200684e-01
5.485026240348815918e-01 8.073557019233703613e-01
6.891855001449584961e-01 6.713081598281860352e-01
4.122629165649414062e-01 6.155861616134643555e-01
6.040674448013305664e-01 7.816192507743835449e-01
6.268690824508666992e-01 5.886081457138061523e-01
5.516130328178405762e-01 7.433094978332519531e-01
5.656128525733947754e-01 7.273398637771606445e-01
4.837321937084197998e-01 6.626144051551818848e-01
6.364555954933166504e-01 3.605208098888397217e-01
5.093101859092712402e-01 5.064901113510131836e-01
4.087702631950378418e-01 5.427155494689941406e-01
4.994678199291229248e-01 6.780868172645568848e-01
6.087594032287597656e-01 4.014517366886138916e-01
4.834527969360351562e-01 7.568678855895996094e-01
8.351702690124511719e-01 6.437900662422180176e-01
4.742641746997833252e-01 5.832864642143249512e-01
5.939111113548278809e-01 7.621495723724365234e-01
5.717865228652954102e-01 6.471233963966369629e-01
4.482802748680114746e-01 4.737554788589477539e-01
4.513123631477355957e-01 7.038660645484924316e-01
5.882608890533447266e-01 7.005234360694885254e-01
6.977588534355163574e-01 5.309120416641235352e-01
4.520933926105499268e-01 6.810984611511230469e-01
6.037765741348266602e-01 5.931338071823120117e-01
6.619249582290649414e-01 5.808273553848266602e-01
6.065619587898254395e-01 6.124410629272460938e-01
4.936819970607757568e-01 7.269400954246520996e-01
5.363823175430297852e-01 5.429611206054687500e-01
5.508812069892883301e-01 6.772640347480773926e-01
5.221949219703674316e-01 4.869557619094848633e-01
5.734572410583496094e-01 5.000250339508056641e-01
5.315490961074829102e-01 6.539966464042663574e-01
4.285301566123962402e-01 5.792397856712341309e-01
5.531567931175231934e-01 6.505437493324279785e-01
6.071935296058654785e-01 3.731126189231872559e-01
4.307167232036590576e-01 6.921707391738891602e-01
8.095389008522033691e-01 5.550318360328674316e-01
3.615336418151855469e-01 5.335277915000915527e-01
7.170439362525939941e-01 5.592001080513000488e-01
5.328901410102844238e-01 4.060874283313751221e-01
7.532235980033874512e-01 4.920045733451843262e-01
4.860138595104217529e-01 7.671895027160644531e-01
5.921632647514343262e-01 8.051545619964599609e-01
5.795835852622985840e-01 7.201669812202453613e-01
4.886339902877807617e-01 6.474193334579467773e-01
4.783017039299011230e-01 5.143568515777587891e-01
7.133410573005676270e-01 4.796456098556518555e-01
5.812907814979553223e-01 5.596253275871276855e-01
5.833117365837097168e-01 6.178436875343322754e-01
4.468072354793548584e-01 7.056045532226562500e-01
7.305744290351867676e-01 7.124953866004943848e-01
4.893512129783630371e-01 7.561472654342651367e-01
4.708473384380340576e-01 5.612800717353820801e-01
7.870888710021972656e-01 6.795228123664855957e-01
7.275979518890380859e-01 4.578798413276672363e-01
5.589615702629089355e-01 5.375106334686279297e-01
5.940113067626953125e-01 6.198900938034057617e-01
5.142599344253540039e-01 8.039961457252502441e-01
6.126503348350524902e-01 5.957372188568115234e-01
6.007001399993896484e-01 5.257416963577270508e-01
6.863930225372314453e-01 7.939346432685852051e-01
4.776022434234619141e-01 6.749302744865417480e-01
6.189326643943786621e-01 4.325734972953796387e-01
7.517412900924682617e-01 5.250996947288513184e-01
6.210491061210632324e-01 7.807542681694030762e-01
6.789821386337280273e-01 6.310174465179443359e-01
6.025241017341613770e-01 6.934064626693725586e-01
8.295526504516601562e-01 6.168107390403747559e-01
4.519458413124084473e-01 6.570941805839538574e-01
5.935745239257812500e-01 5.784440636634826660e-01
7.705624103546142578e-01 5.197785496711730957e-01
6.957058906555175781e-01 6.820875406265258789e-01
7.321597337722778320e-01 4.882498085498809814e-01
5.238441824913024902e-01 5.970579981803894043e-01
6.355521082878112793e-01 8.241437673568725586e-01
5.906402468681335449e-01 7.774432897567749023e-01
5.792838931083679199e-01 7.832856178283691406e-01
7.943432331085205078e-01 5.128082633018493652e-01
4.028317332267761230e-01 5.400726199150085449e-01
5.049787759780883789e-01 4.318459033966064453e-01
3.744961321353912354e-01 6.503800749778747559e-01
5.968886017799377441e-01 3.985228240489959717e-01
7.848637104034423828e-01 5.555099248886108398e-01
3.494625687599182129e-01 5.957034230232238770e-01
7.364074587821960449e-01 5.384770035743713379e-01
6.298486590385437012e-01 4.709226489067077637e-01
8.593518137931823730e-01 6.149334907531738281e-01
8.114738464355468750e-01 5.870175957679748535e-01
6.070035099983215332e-01 4.713097214698791504e-01
6.434242725372314453e-01 7.849833369255065918e-01
7.080230712890625000e-01 6.969286203384399414e-01
7.131067514419555664e-01 4.373190701007843018e-01
6.476864218711853027e-01 4.479121863842010498e-01
7.152975201606750488e-01 4.667504429817199707e-01
7.286683917045593262e-01 7.772537469863891602e-01
5.040543675422668457e-01 7.231207489967346191e-01
6.655125021934509277e-01 6.017032265663146973e-01
7.158122658729553223e-01 5.235410332679748535e-01
4.637368917465209961e-01 6.744675040245056152e-01
5.462468266487121582e-01 6.582634449005126953e-01
6.191180348396301270e-01 4.752441942691802979e-01
5.657616853713989258e-01 5.050978660583496094e-01
6.309174299240112305e-01 4.590626955032348633e-01
5.515158176422119141e-01 5.445712208747863770e-01
7.250776886940002441e-01 6.018103957176208496e-01
7.050242424011230469e-01 6.629464626312255859e-01
5.132634639739990234e-01 7.902230024337768555e-01
6.238839030265808105e-01 6.508100628852844238e-01
6.338657140731811523e-01 4.454038739204406738e-01
5.839705467224121094e-01 3.635996580123901367e-01
7.780148386955261230e-01 6.553632020950317383e-01
3.813737332820892334e-01 6.405609846115112305e-01
5.728567242622375488e-01 3.955493271350860596e-01
7.907881140708923340e-01 7.150881290435791016e-01
5.444837808609008789e-01 5.611562728881835938e-01
7.134171724319458008e-01 5.206188559532165527e-01
6.130071282386779785e-01 7.411104440689086914e-01
8.006942272186279297e-01 5.899116992950439453e-01
5.612217783927917480e-01 7.654983401298522949e-01
7.935752868652343750e-01 5.401129722595214844e-01
3.857932984828948975e-01 6.124302744865417480e-01
5.978469252586364746e-01 4.344493448734283447e-01
7.780506610870361328e-01 6.119296550750732422e-01
6.775327920913696289e-01 5.104281902313232422e-01
3.740811645984649658e-01 5.924158692359924316e-01
6.279140710830688477e-01 3.933274745941162109e-01
6.752229928970336914e-01 7.129218578338623047e-01
3.643879294395446777e-01 5.969929099082946777e-01
6.722811460494995117e-01 6.399122476577758789e-01
7.104199528694152832e-01 5.103915333747863770e-01
7.964131236076354980e-01 5.233201980590820312e-01
5.198180079460144043e-01 7.736103534698486328e-01
5.181047320365905762e-01 5.309475064277648926e-01
6.057143807411193848e-01 6.214886307716369629e-01
5.011992454528808594e-01 5.322352647781372070e-01
4.576900005340576172e-01 6.265880465507507324e-01
4.860877394676208496e-01 6.392671465873718262e-01
4.937223196029663086e-01 4.368046522140502930e-01
6.327515840530395508e-01 5.375548005104064941e-01
6.171705722808837891e-01 7.232922911643981934e-01
7.050176858901977539e-01 6.178106069564819336e-01
6.730025410652160645e-01 8.347668051719665527e-01
5.695004463195800781e-01 4.475945830345153809e-01
6.124889254570007324e-01 8.146834373474121094e-01
5.910159945487976074e-01 7.542749047279357910e-01
5.008907914161682129e-01 6.110315918922424316e-01
5.907080173492431641e-01 7.828263044357299805e-01
4.600040018558502197e-01 6.405055522918701172e-01
4.899135828018188477e-01 6.676878929138183594e-01
5.783997774124145508e-01 6.490027904510498047e-01
6.733765602111816406e-01 8.091706037521362305e-01
4.636993706226348877e-01 5.442668795585632324e-01
4.261809289455413818e-01 6.230916380882263184e-01
7.625024914741516113e-01 6.689066290855407715e-01
6.445823907852172852e-01 5.891624689102172852e-01
5.678212642669677734e-01 7.917010188102722168e-01
7.732736468315124512e-01 6.074242591857910156e-01
3.938358128070831299e-01 5.792349576950073242e-01
6.274259686470031738e-01 6.295677423477172852e-01
7.297225594520568848e-01 6.332087516784667969e-01
6.106198430061340332e-01 5.428431034088134766e-01
4.643499851226806641e-01 6.914039254188537598e-01
6.335799098014831543e-01 8.035061955451965332e-01
4.063663780689239502e-01 5.611498951911926270e-01
6.728842854499816895e-01 4.677261710166931152e-01
5.918464064598083496e-01 4.438747465610504150e-01
4.289532899856567383e-01 5.477783083915710449e-01
4.950617849826812744e-01 5.619055628776550293e-01
6.773697733879089355e-01 6.257864236831665039e-01
6.663880944252014160e-01 7.670872807502746582e-01
5.787191987037658691e-01 7.546847462654113770e-01
4.844652116298675537e-01 7.296510934829711914e-01
5.944809913635253906e-01 8.370975255966186523e-01
3.848444819450378418e-01 6.405747532844543457e-01
7.845654487609863281e-01 6.514831185340881348e-01
5.709098577499389648e-01 6.290298700332641602e-01
3.958947062492370605e-01 6.355352997779846191e-01
8.056929707527160645e-01 5.500395298004150391e-01
6.383807659149169922e-01 6.826470494270324707e-01
4.295580685138702393e-01 5.789632201194763184e-01
4.327068030834197998e-01 5.527185201644897461e-01
5.179405212402343750e-01 7.361501455307006836e-01
4.913923740386962891e-01 5.946369171142578125e-01
6.617164611816406250e-01 6.940999627113342285e-01
7.525128722190856934e-01 5.482769012451171875e-01
5.092225670814514160e-01 4.156411886215209961e-01
6.587231755256652832e-01 6.001774668693542480e-01
6.319308280944824219e-01 5.805863738059997559e-01
4.871010780334472656e-01 6.264570951461791992e-01
4.677929580211639404e-01 5.288068056106567383e-01
7.663900256156921387e-01 5.128632187843322754e-01
7.527241110801696777e-01 5.505291223526000977e-01
5.459077954292297363e-01 6.440647244453430176e-01
6.655514836311340332e-01 5.481231808662414551e-01
6.071598529815673828e-01 7.209075689315795898e-01
6.577082872390747070e-01 7.801710367202758789e-01
6.716274023056030273e-01 6.010169386863708496e-01
7.582922577857971191e-01 7.150215506553649902e-01
4.032880067825317383e-01 5.813356041908264160e-01
7.095202207565307617e-01 6.342928409576416016e-01
6.164082288742065430e-01 5.826805233955383301e-01
5.708883404731750488e-01 7.502892017364501953e-01
4.313293397426605225e-01 5.533290505409240723e-01
5.615592002868652344e-01 4.476632177829742432e-01
5.066044330596923828e-01 4.185241758823394775e-01
5.350340008735656738e-01 5.612010955810546875e-01
5.944821834564208984e-01 7.709882855415344238e-01
5.514183044433593750e-01 7.432597875595092773e-01
6.756704449653625488e-01 5.911106467247009277e-01
6.080319285392761230e-01 4.464086294174194336e-01
5.705441236495971680e-01 4.292886257171630859e-01
6.827056407928466797e-01 5.535542964935302734e-01
6.629320383071899414e-01 7.275719642639160156e-01
6.652574539184570312e-01 4.662442207336425781e-01
5.754936337471008301e-01 3.981174230575561523e-01
6.135380864143371582e-01 6.690385341644287109e-01
6.878784894943237305e-01 6.365371942520141602e-01
8.502162098884582520e-01 5.703926682472229004e-01
7.932141423225402832e-01 6.416803002357482910e-01
3.689867258071899414e-01 5.780345797538757324e-01
6.898970603942871094e-01 6.780990958213806152e-01
4.567345380783081055e-01 5.621883273124694824e-01
4.361544549465179443e-01 7.193362712860107422e-01
6.602835059165954590e-01 7.129171490669250488e-01
6.427878141403198242e-01 6.973268985748291016e-01
6.892000436782836914e-01 5.845758318901062012e-01
3.769358396530151367e-01 6.971461176872253418e-01
6.486694216728210449e-01 3.847528398036956787e-01
4.983246326446533203e-01 5.957473516464233398e-01
6.660561561584472656e-01 6.942865252494812012e-01
7.509533762931823730e-01 5.418668389320373535e-01
4.133349061012268066e-01 5.426520109176635742e-01
7.226540446281433105e-01 5.415717959403991699e-01
5.856681466102600098e-01 5.151471495628356934e-01
5.082395672798156738e-01 6.055314540863037109e-01
5.545077919960021973e-01 4.328935146331787109e-01
5.361211299896240234e-01 6.374067068099975586e-01
5.960636734962463379e-01 4.182184040546417236e-01
4.637247920036315918e-01 4.714179933071136475e-01
7.003723978996276855e-01 6.514932513236999512e-01
6.125741600990295410e-01 3.651905357837677002e-01
6.840647459030151367e-01 4.473625719547271729e-01
5.678809285163879395e-01 3.576245903968811035e-01
5.640599727630615234e-01 6.899954080581665039e-01
7.427753806114196777e-01 5.021911263465881348e-01
5.244621634483337402e-01 6.746273636817932129e-01
7.310653328895568848e-01 6.624940037727355957e-01
3.618448674678802490e-01 6.087697744369506836e-01
8.194112181663513184e-01 5.833045244216918945e-01
6.739216446876525879e-01 6.299329996109008789e-01
6.181550621986389160e-01 7.682217955589294434e-01
6.924179792404174805e-01 5.165892243385314941e-01
6.519947648048400879e-01 6.890605688095092773e-01
7.881265282630920410e-01 5.549381375312805176e-01
7.362626194953918457e-01 5.797075629234313965e-01
6.889619231224060059e-01 6.520571708679199219e-01
6.061326861381530762e-01 8.127696514129638672e-01
7.419412732124328613e-01 5.851019620895385742e-01
4.145348370075225830e-01 6.311171054840087891e-01
6.313940882682800293e-01 4.819748401641845703e-01
6.830077767372131348e-01 5.991014242172241211e-01
5.783933401107788086e-01 7.394727468490600586e-01
6.196674704551696777e-01 5.184706449508666992e-01
5.323262810707092285e-01 7.456291913986206055e-01
4.374996125698089600e-01 6.299510002136230469e-01
6.366339325904846191e-01 4.856182932853698730e-01
7.521244287490844727e-01 7.368181943893432617e-01
5.911157131195068359e-01 7.697774171829223633e-01
6.611243486404418945e-01 5.480090379714965820e-01
7.010528445243835449e-01 6.596364974975585938e-01
6.549795269966125488e-01 6.168923974037170410e-01
6.300184130668640137e-01 6.895946860313415527e-01
5.716045498847961426e-01 8.306640982627868652e-01
4.870393276214599609e-01 7.376810908317565918e-01
7.097576260566711426e-01 6.080667972564697266e-01
4.085409045219421387e-01 5.828762650489807129e-01
5.381562113761901855e-01 4.852097928524017334e-01
6.683794856071472168e-01 5.076521635055541992e-01
5.926889777183532715e-01 5.759797692298889160e-01
5.214485526084899902e-01 7.545987963676452637e-01
5.763234496116638184e-01 8.247671127319335938e-01
5.915395021438598633e-01 3.218791484832763672e-01
5.041775703430175781e-01 5.949569344520568848e-01
5.121488571166992188e-01 5.706793665885925293e-01
6.110991239547729492e-01 7.928652167320251465e-01
7.334148287773132324e-01 7.460213303565979004e-01
8.167578577995300293e-01 6.405091881752014160e-01
5.960543751716613770e-01 4.051054716110229492e-01
5.972411036491394043e-01 4.937729537487030029e-01
6.669001579284667969e-01 6.696599125862121582e-01
6.723893284797668457e-01 7.615277171134948730e-01
5.375709533691406250e-01 6.136921644210815430e-01
4.129320979118347168e-01 5.383723974227905273e-01
7.188228368759155273e-01 6.833691596984863281e-01
6.282496452331542969e-01 7.486611604690551758e-01
7.273322343826293945e-01 5.047450065612792969e-01
6.146739125251770020e-01 5.294968485832214355e-01
4.835449159145355225e-01 4.926070272922515869e-01
7.065241336822509766e-01 6.096590161323547363e-01
7.735385894775390625e-01 5.334514379501342773e-01
4.468538463115692139e-01 6.610026955604553223e-01
7.069578170776367188e-01 5.882155895233154297e-01
7.710350751876831055e-01 5.382475256919860840e-01
3.903936445713043213e-01 5.830946564674377441e-01
4.949353337287902832e-01 6.234578490257263184e-01
5.912717580795288086e-01 4.989750087261199951e-01
6.203587651252746582e-01 5.497342944145202637e-01
7.266628742218017578e-01 5.329917669296264648e-01
6.278225183486938477e-01 7.595075964927673340e-01
4.846497476100921631e-01 7.470480799674987793e-01
5.829116106033325195e-01 7.954718470573425293e-01
7.822811603546142578e-01 5.184042453765869141e-01
4.447053074836730957e-01 6.177112460136413574e-01
5.459990501403808594e-01 7.825665473937988281e-01
7.820987701416015625e-01 5.564106702804565430e-01
8.012681007385253906e-01 6.887885928153991699e-01
4.970688521862030029e-01 4.820155203342437744e-01
6.344369649887084961e-01 4.121150076389312744e-01
4.114800691604614258e-01 6.359372735023498535e-01
7.639226317405700684e-01 5.623770356178283691e-01
4.488410949707031250e-01 4.611724615097045898e-01
7.316482067108154297e-01 4.870532155036926270e-01
8.173641562461853027e-01 6.139225959777832031e-01
7.486685514450073242e-01 7.473081946372985840e-01
3.944794237613677979e-01 6.846305131912231445e-01
6.572531461715698242e-01 5.699127316474914551e-01
4.372863769531250000e-01 6.407459974288940430e-01
6.654949188232421875e-01 4.753305613994598389e-01
6.589198112487792969e-01 6.663498878479003906e-01
4.683750271797180176e-01 7.776529788970947266e-01
4.175376892089843750e-01 5.415595769882202148e-01
4.419860839843750000e-01 6.522061824798583984e-01
4.779858887195587158e-01 7.382794022560119629e-01
3.857075572013854980e-01 6.750181913375854492e-01
6.711327433586120605e-01 7.782791256904602051e-01
6.558547019958496094e-01 5.965644121170043945e-01
8.255510330200195312e-01 5.718397498130798340e-01
6.398043036460876465e-01 7.465243935585021973e-01
6.822606921195983887e-01 5.544409155845642090e-01
6.709166169166564941e-01 4.948691427707672119e-01
6.836984753608703613e-01 4.919901192188262939e-01
6.698563694953918457e-01 5.571073889732360840e-01
4.731212556362152100e-01 4.754448831081390381e-01
6.712396144866943359e-01 4.447260797023773193e-01
6.375272870063781738e-01 6.983546018600463867e-01
4.004249870777130127e-01 6.304104328155517578e-01
5.250200629234313965e-01 4.651915431022644043e-01
6.234635114669799805e-01 7.377153038978576660e-01
5.646803975105285645e-01 7.670096158981323242e-01
5.941503643989562988e-01 4.904659092426300049e-01
6.710450649261474609e-01 6.328213810920715332e-01
7.559170722961425781e-01 5.153352618217468262e-01
5.459862351417541504e-01 7.625302672386169434e-01
6.193796992301940918e-01 4.170656502246856689e-01
6.734153628349304199e-01 7.404883503913879395e-01
6.743285059928894043e-01 7.271564006805419922e-01
6.931483149528503418e-01 6.652039289474487305e-01
5.301543474197387695e-01 6.471757292747497559e-01
6.838212013244628906e-01 5.092650055885314941e-01
5.694140195846557617e-01 4.749600589275360107e-01
7.914050221443176270e-01 6.915673613548278809e-01
4.042142033576965332e-01 6.154252886772155762e-01
4.924620389938354492e-01 6.790454387664794922e-01
8.173344135284423828e-01 5.921559929847717285e-01
6.196293234825134277e-01 7.506923079490661621e-01
6.182690262794494629e-01 7.053213119506835938e-01
6.748985648155212402e-01 7.725794911384582520e-01
7.432916164398193359e-01 4.730527102947235107e-01
6.250787377357482910e-01 7.837004065513610840e-01
4.385244846343994141e-01 6.868132948875427246e-01
7.305943965911865234e-01 7.081140279769897461e-01
6.183509230613708496e-01 6.757646203041076660e-01
7.529379725456237793e-01 5.926242470741271973e-01
5.112286210060119629e-01 6.402538418769836426e-01
5.690400004386901855e-01 5.260618329048156738e-01
7.447115778923034668e-01 5.165668725967407227e-01
5.645943284034729004e-01 3.885938525199890137e-01
4.451300501823425293e-01 5.325832366943359375e-01
4.931512475013732910e-01 7.545037865638732910e-01
4.718677103519439697e-01 5.841414332389831543e-01
4.282727539539337158e-01 5.495650172233581543e-01
5.915647745132446289e-01 5.417423248291015625e-01
5.316597223281860352e-01 8.097938299179077148e-01
4.932422041893005371e-01 6.743922829627990723e-01
7.424203753471374512e-01 6.301456689834594727e-01
6.982973217964172363e-01 5.993916988372802734e-01
7.886950969696044922e-01 5.253012180328369141e-01
6.175721883773803711e-01 5.048701763153076172e-01
6.709107756614685059e-01 4.413456618785858154e-01
6.863332986831665039e-01 6.946036815643310547e-01
7.532826066017150879e-01 6.691242456436157227e-01
6.131407618522644043e-01 7.989975214004516602e-01
7.947162389755249023e-01 5.269743204116821289e-01
5.636776685714721680e-01 3.710332512855529785e-01
5.654413104057312012e-01 4.568410217761993408e-01
6.933304071426391602e-01 4.418005347251892090e-01
5.983987450599670410e-01 7.733120322227478027e-01
5.979324579238891602e-01 7.758795022964477539e-01
5.424794554710388184e-01 4.777885973453521729e-01
6.406363844871520996e-01 5.072129964828491211e-01
4.310090541839599609e-01 6.008081436157226562e-01
4.786421358585357666e-01 6.771371364593505859e-01
7.641033530235290527e-01 6.050546169281005859e-01
5.432394742965698242e-01 7.926691770553588867e-01
7.642281651496887207e-01 5.321142077445983887e-01
7.191224694252014160e-01 6.117954254150390625e-01
4.454415738582611084e-01 6.947904229164123535e-01
5.482675433158874512e-01 6.982973217964172363e-01
6.141836643218994141e-01 7.811741232872009277e-01
4.612667262554168701e-01 6.632557511329650879e-01
6.554688215255737305e-01 7.452398538589477539e-01
6.378700733184814453e-01 6.353956460952758789e-01
4.429583847522735596e-01 5.308032035827636719e-01
7.981576323509216309e-01 5.777645111083984375e-01
4.773074090480804443e-01 7.344784140586853027e-01
8.311048746109008789e-01 6.189414262771606445e-01
6.622965931892395020e-01 6.698172092437744141e-01
4.713714122772216797e-01 5.732749104499816895e-01
5.872698426246643066e-01 3.707402348518371582e-01
6.657876968383789062e-01 7.674064636230468750e-01
6.335336565971374512e-01 6.493846178054809570e-01
5.882786512374877930e-01 6.841750144958496094e-01
5.572987198829650879e-01 7.390535473823547363e-01
5.728905200958251953e-01 7.277708053588867188e-01
7.659696340560913086e-01 5.210899710655212402e-01
5.020866990089416504e-01 6.135185956954956055e-01
5.734494924545288086e-01 5.707559585571289062e-01
5.117496848106384277e-01 5.618819594383239746e-01
5.979361534118652344e-01 4.256763160228729248e-01
4.506992101669311523e-01 5.751605629920959473e-01
5.535265207290649414e-01 7.127314805984497070e-01
5.349832773208618164e-01 6.501243710517883301e-01
6.395541429519653320e-01 5.066791176795959473e-01
8.004834651947021484e-01 5.474858880043029785e-01
8.420488834381103516e-01 5.914403200149536133e-01
7.811630964279174805e-01 5.966802239418029785e-01
7.910708189010620117e-01 7.314465641975402832e-01
5.688442587852478027e-01 6.817316412925720215e-01
6.078144907951354980e-01 4.925357699394226074e-01
5.525586009025573730e-01 6.719615459442138672e-01
6.044333577156066895e-01 5.173580646514892578e-01
5.796399712562561035e-01 6.691603064537048340e-01
5.447392463684082031e-01 4.148586094379425049e-01
4.157593250274658203e-01 6.243262290954589844e-01
6.478665471076965332e-01 7.275307178497314453e-01
8.225013017654418945e-01 6.298898458480834961e-01
6.773399710655212402e-01 5.069665312767028809e-01
7.853472828865051270e-01 6.480990648269653320e-01
6.542540192604064941e-01 7.015102505683898926e-01
4.960057139396667480e-01 5.544426441192626953e-01
6.837251186370849609e-01 4.632661342620849609e-01
5.611238479614257812e-01 7.461779713630676270e-01
5.673657059669494629e-01 7.151797413825988770e-01
4.502969384193420410e-01 7.576956748962402344e-01
4.339506924152374268e-01 5.593497157096862793e-01
4.913435578346252441e-01 6.467381119728088379e-01
3.479756116867065430e-01 6.165865659713745117e-01
4.225606322288513184e-01 6.972327828407287598e-01
5.480543375015258789e-01 7.957744002342224121e-01
6.956351995468139648e-01 5.603040456771850586e-01
5.961671471595764160e-01 4.139833152294158936e-01
7.244815230369567871e-01 5.895422697067260742e-01
6.988312602043151855e-01 4.332837462425231934e-01
6.171628832817077637e-01 6.716625690460205078e-01
5.624437928199768066e-01 7.172620296478271484e-01
7.414546012878417969e-01 6.132802963256835938e-01
3.903152942657470703e-01 7.080311775207519531e-01
6.633297801017761230e-01 7.122969031333923340e-01
5.707527995109558105e-01 7.501227259635925293e-01
7.473349571228027344e-01 4.629159271717071533e-01
7.550322413444519043e-01 5.925782918930053711e-01
6.285895705223083496e-01 6.248927712440490723e-01
7.121430039405822754e-01 7.045211195945739746e-01
6.475946307182312012e-01 6.280811429023742676e-01
3.920849263668060303e-01 6.350973248481750488e-01
4.971576929092407227e-01 6.558920741081237793e-01
5.836166143417358398e-01 4.926508963108062744e-01
6.222615242004394531e-01 5.796409249305725098e-01
4.309405684471130371e-01 6.449980139732360840e-01
5.674833655357360840e-01 5.129464268684387207e-01
7.332850694656372070e-01 6.376318335533142090e-01
4.982120394706726074e-01 6.722404956817626953e-01
5.901524424552917480e-01 7.474399209022521973e-01
6.639794707298278809e-01 7.241753339767456055e-01
6.902132034301757812e-01 5.635836720466613770e-01
5.871825218200683594e-01 3.977399468421936035e-01
6.665986180305480957e-01 5.223250985145568848e-01
6.868697404861450195e-01 6.903751492500305176e-01
7.195547223091125488e-01 6.420926451683044434e-01
8.567130565643310547e-01 6.215485334396362305e-01
5.990217924118041992e-01 4.638639092445373535e-01
7.065997123718261719e-01 7.623974680900573730e-01
5.209790468215942383e-01 4.855071902275085449e-01
4.614680111408233643e-01 7.061202526092529297e-01
5.853549242019653320e-01 5.317367911338806152e-01
6.903827786445617676e-01 4.115175902843475342e-01
5.966402292251586914e-01 6.984980702400207520e-01
7.320234775543212891e-01 5.151281952857971191e-01
7.032393217086791992e-01 4.467665851116180420e-01
