3.419979214668273926e-01 -3.950123190879821777e-01
-1.614129543304443359e-02 4.608702063560485840e-01
1.542107462882995605e-01 8.907222747802734375e-02
-4.026039242744445801e-01 -1.296855211257934570e-01
3.532282114028930664e-01 3.896791934967041016e-01
-1.216709613800048828e-01 -2.523491382598876953e-01
-2.269684672355651855e-01 1.924296021461486816e-01
2.779093384742736816e-01 -4.291971921920776367e-01
-4.681861400604248047e-01 -4.464524388313293457e-01
1.168814897537231445e-01 -3.514103889465332031e-01
3.998866081237792969e-01 -4.821591973304748535e-01
-3.988900780677795410e-01 4.998037815093994141e-01
6.969171762466430664e-02 3.268420696258544922e-02
4.578595161437988281e-01 4.501858949661254883e-01
1.099743843078613281e-01 1.574952602386474609e-01
3.631880879402160645e-01 1.729273796081542969e-01
4.702870845794677734e-01 4.882996678352355957e-01
-4.111482501029968262e-01 4.876971244812011719e-03
-1.440338492393493652e-01 -4.398619532585144043e-01
4.621677994728088379e-01 -3.354372978210449219e-01
2.950640320777893066e-01 -1.807524561882019043e-01
-4.474329948425292969e-01 -3.964291214942932129e-01
-2.293374538421630859e-01 4.845994114875793457e-01
3.320229053497314453e-01 1.826035976409912109e-02
-4.890751838684082031e-01 3.313114643096923828e-01
-2.635701298713684082e-01 1.264456510543823242e-01
-4.612057209014892578e-01 2.687947154045104980e-01
2.602660059928894043e-01 -9.674006700515747070e-02
4.127318263053894043e-01 4.488382339477539062e-01
-3.781646490097045898e-01 1.025105714797973633e-01
-2.749130725860595703e-01 -3.757137060165405273e-01
-4.348592162132263184e-01 6.141149997711181641e-02
2.003389000892639160e-01 -1.863285899162292480e-01
-2.643722295761108398e-01 -1.854414939880371094e-01
1.859606504440307617e-01 -1.306307315826416016e-02
-4.004689455032348633e-01 4.600917696952819824e-01
-7.095086574554443359e-02 -3.400511145591735840e-01
4.872263669967651367e-01 -2.155177593231201172e-01
-2.342886328697204590e-01 4.620425105094909668e-01
2.809392213821411133e-01 1.219042539596557617e-01
-1.785829067230224609e-01 4.714301824569702148e-01
-3.017851710319519043e-01 2.103385329246520996e-01
-7.877308130264282227e-02 4.591925740242004395e-01
-2.301700115203857422e-01 -1.373472213745117188e-01
-1.592252254486083984e-01 -7.058221101760864258e-02
-7.676470279693603516e-02 4.746317863464355469e-04
2.909085154533386230e-01 3.880388736724853516e-01
-3.870292305946350098e-01 -2.158437967300415039e-01
-1.889570355415344238e-01 -2.895263433456420898e-01
3.311871886253356934e-01 4.498415589332580566e-01
-1.475388407707214355e-01 1.280717253684997559e-01
6.766319274902343750e-02 1.353256106376647949e-01
3.682069778442382812e-01 -3.840776681900024414e-01
-1.489857435226440430e-01 -4.545289874076843262e-01
2.576590776443481445e-01 3.654560446739196777e-01
1.630375981330871582e-01 2.585768699645996094e-01
-1.289415359497070312e-01 4.069864749908447266e-02
-4.294206500053405762e-01 -4.725104570388793945e-02
3.429567813873291016e-01 3.450697064399719238e-01
-4.687064886093139648e-01 -3.071036934852600098e-01
-3.419677019119262695e-01 1.473459601402282715e-01
4.181079268455505371e-01 1.612796187400817871e-01
2.766442298889160156e-01 3.436738848686218262e-01
8.906650543212890625e-02 1.598148941993713379e-01
1.952484250068664551e-01 2.016426324844360352e-01
1.314916014671325684e-01 -1.619296669960021973e-01
-3.589721322059631348e-01 8.885329961776733398e-02
-2.409428358078002930e-02 -8.821576833724975586e-02
-4.426864981651306152e-01 4.161655902862548828e-02
4.957407712936401367e-01 2.330163121223449707e-01
2.389007210731506348e-01 -4.332457780838012695e-01
2.547040581703186035e-01 1.862504482269287109e-01
-1.772040724754333496e-01 -1.968349218368530273e-01
3.357912898063659668e-01 -7.679206132888793945e-02
4.510625004768371582e-01 -4.676737785339355469e-01
2.314903736114501953e-01 -3.968585133552551270e-01
-3.259187340736389160e-01 4.809765219688415527e-01
-3.184413909912109375e-01 6.020319461822509766e-02
-2.044702768325805664e-01 -5.116480588912963867e-02
-1.818605065345764160e-01 3.496916890144348145e-01
2.438875436782836914e-01 1.719003915786743164e-02
-2.130561470985412598e-01 -3.884347677230834961e-01
-3.340635895729064941e-01 4.602846503257751465e-01
9.723448753356933594e-02 -4.639560580253601074e-01
3.170385360717773438e-01 -1.981112957000732422e-01
-4.893184304237365723e-01 -3.859916329383850098e-01
2.547851204872131348e-01 1.909291148185729980e-01
1.924406290054321289e-01 3.752668499946594238e-01
3.262133002281188965e-01 3.410189151763916016e-01
4.283558726310729980e-01 -3.614865541458129883e-01
-2.822158336639404297e-01 7.753849029541015625e-02
-4.648905992507934570e-01 3.139030337333679199e-01
4.198946356773376465e-01 1.487421989440917969e-02
-5.431979894638061523e-02 4.401252865791320801e-01
2.640247344970703125e-02 1.522898674011230469e-01
-3.389369249343872070e-01 -8.696573972702026367e-02
-4.887247681617736816e-01 3.981772661209106445e-01
-1.049739718437194824e-01 -2.916646599769592285e-01
-1.698370575904846191e-01 -1.223220825195312500e-01
4.367955327033996582e-01 3.689314126968383789e-01
-3.886452913284301758e-01 -1.327614188194274902e-01
-4.538680315017700195e-01 4.579256772994995117e-01
-2.688968181610107422e-01 -3.327528834342956543e-01
5.021989345550537109e-03 3.103803992271423340e-01
-7.062149047851562500e-02 1.177088022232055664e-01
-4.861274957656860352e-01 -4.820914268493652344e-01
-2.150020599365234375e-01 2.909106016159057617e-02
-3.100631833076477051e-01 8.700293302536010742e-02
6.704294681549072266e-02 3.288955688476562500e-01
-2.876339554786682129e-01 -1.045438647270202637e-01
4.654517769813537598e-01 -2.414590120315551758e-01
1.824700236320495605e-01 2.682430148124694824e-01
1.071944832801818848e-01 -4.601740837097167969e-02
2.392859458923339844e-01 -1.307027339935302734e-01
1.367559432983398438e-01 -2.666658163070678711e-01
3.349572420120239258e-02 1.089963912963867188e-01
-4.604979157447814941e-01 -6.056505441665649414e-02
2.308315634727478027e-01 -7.420676946640014648e-02
1.835845112800598145e-01 1.764177083969116211e-01
-1.151383519172668457e-01 -4.561672806739807129e-01
3.912021517753601074e-01 -2.979359030723571777e-01
-3.613438010215759277e-01 4.171808362007141113e-01
-2.166735529899597168e-01 2.300848364830017090e-01
-2.802377343177795410e-01 3.676335215568542480e-01
3.674912452697753906e-01 5.968523025512695312e-02
-2.174645066261291504e-01 1.841948628425598145e-01
2.001866698265075684e-01 1.473791599273681641e-01
1.244003772735595703e-01 -1.196485757827758789e-01
1.514103412628173828e-01 -4.736344218254089355e-01
3.579947948455810547e-01 3.122438192367553711e-01
1.033961772918701172e-01 -4.632186293601989746e-01
-1.118551492691040039e-01 -2.838730812072753906e-03
3.376919031143188477e-01 2.070010900497436523e-01
3.576493263244628906e-01 -1.241927146911621094e-01
3.128427863121032715e-01 2.089895009994506836e-01
-4.821677207946777344e-01 3.137161135673522949e-01
-1.118788719177246094e-01 2.261671423912048340e-01
-3.521373271942138672e-01 4.057918190956115723e-01
2.606619596481323242e-01 2.941254973411560059e-01
4.067355394363403320e-01 2.794403433799743652e-01
4.697775244712829590e-01 -4.337613582611083984e-01
4.837213754653930664e-01 -2.235845923423767090e-01
2.805490493774414062e-01 2.420296669006347656e-01
4.168012142181396484e-01 -1.329561471939086914e-01
-2.600951790809631348e-01 2.706081867218017578e-01
5.770301818847656250e-02 4.918932318687438965e-01
-2.935196757316589355e-01 -2.318924665451049805e-01
3.495178222656250000e-01 1.727163791656494141e-01
-6.999558210372924805e-02 1.985167264938354492e-01
2.886619567871093750e-01 4.011378884315490723e-01
-2.199715971946716309e-01 4.909715056419372559e-01
2.264029979705810547e-01 -4.684293866157531738e-01
-3.166540861129760742e-01 -2.703451514244079590e-01
-5.342644453048706055e-02 1.678109169006347656e-01
4.366022348403930664e-01 -1.521373987197875977e-01
-3.735219240188598633e-01 3.495268225669860840e-01
-8.742702007293701172e-02 2.636723518371582031e-01
-4.454191923141479492e-01 2.470408082008361816e-01
3.451254963874816895e-01 -2.320666313171386719e-01
1.156092286109924316e-01 -2.947735190391540527e-01
3.460171818733215332e-01 1.267318129539489746e-01
2.157631516456604004e-01 -4.815198183059692383e-01
-2.262297868728637695e-01 4.619789123535156250e-01
-1.905675530433654785e-01 -5.582499504089355469e-02
-2.087520956993103027e-01 -1.777269840240478516e-01
1.451075077056884766e-03 -4.267673492431640625e-01
-1.486449837684631348e-01 -1.705333590507507324e-01
-1.713519692420959473e-01 -1.314836740493774414e-02
4.445415139198303223e-01 -3.831941485404968262e-01
-4.590201973915100098e-01 -4.850298166275024414e-01
-3.978276848793029785e-01 2.159033417701721191e-01
-2.500802278518676758e-02 1.691106557846069336e-01
-5.642133951187133789e-02 -1.737179756164550781e-01
1.430625319480895996e-01 -7.787877321243286133e-02
2.036339044570922852e-02 4.815292954444885254e-01
9.890085458755493164e-02 3.814406394958496094e-01
-4.839932918548583984e-02 8.301776647567749023e-02
-7.413905858993530273e-02 -3.165375590324401855e-01
-5.150079727172851562e-02 2.082642912864685059e-01
-7.017511129379272461e-02 3.150457739830017090e-01
2.780359387397766113e-01 -7.959419488906860352e-02
-2.345590591430664062e-01 3.190348744392395020e-01
-3.813878297805786133e-01 -3.196405172348022461e-01
-3.821272253990173340e-01 1.924503445625305176e-01
9.326666593551635742e-02 1.745104789733886719e-02
-1.595541238784790039e-01 2.580873966217041016e-01
-9.889835119247436523e-02 -1.126471757888793945e-01
1.369154453277587891e-02 -4.755241870880126953e-01
-1.832062005996704102e-01 -3.026937246322631836e-01
-3.265140056610107422e-01 -4.486367106437683105e-01
3.034667968750000000e-01 1.699200868606567383e-01
1.067448258399963379e-01 5.104231834411621094e-02
-3.170830011367797852e-02 4.325156807899475098e-01
1.486459970474243164e-01 1.336522698402404785e-01
3.438702821731567383e-01 -4.920363426208496094e-03
-4.322463274002075195e-01 1.656455397605895996e-01
4.437251687049865723e-01 1.794892549514770508e-01
2.176722884178161621e-01 3.882090449333190918e-01
-3.145490288734436035e-01 -4.857224225997924805e-02
-3.429777026176452637e-01 -4.796189665794372559e-01
3.980803489685058594e-01 -7.382190227508544922e-02
-3.036148548126220703e-01 4.466332197189331055e-01
2.865347266197204590e-01 2.560741305351257324e-01
-9.164118766784667969e-02 -2.590221762657165527e-01
3.924369812011718750e-02 -2.085906267166137695e-02
-1.387417316436767578e-01 2.431932091712951660e-01
-1.837886571884155273e-01 -3.361046314239501953e-02
1.712321043014526367e-01 7.402813434600830078e-02
6.243336200714111328e-02 1.612211465835571289e-01
1.223957538604736328e-01 3.994325399398803711e-01
2.908749580383300781e-01 4.905351400375366211e-01
-1.111925840377807617e-01 -3.282505273818969727e-01
-1.347171664237976074e-01 -4.271118640899658203e-01
-4.998942017555236816e-01 -1.719955205917358398e-01
-1.828233003616333008e-01 -6.296187639236450195e-02
-2.940999865531921387e-01 2.097582817077636719e-01
2.288573384284973145e-01 -2.288413047790527344e-01
3.183309435844421387e-01 1.409325003623962402e-01
4.079347848892211914e-02 -4.839229583740234375e-01
8.202755451202392578e-02 1.459650397300720215e-01
4.477445483207702637e-01 2.510472536087036133e-01
-3.559508919715881348e-01 -4.607632160186767578e-01
1.902841925621032715e-01 -9.362012147903442383e-02
-3.483659029006958008e-02 1.837628483772277832e-01
2.092587947845458984e-02 -1.126978397369384766e-01
-1.219516992568969727e-01 -3.400573730468750000e-01
-2.147781848907470703e-02 8.277469873428344727e-02
-1.040561199188232422e-01 -4.427893161773681641e-01
4.322171211242675781e-03 1.713064908981323242e-01
-4.520844221115112305e-01 3.428148627281188965e-01
3.742746710777282715e-01 2.064933776855468750e-01
-4.473364949226379395e-01 -4.478976726531982422e-01
2.127762436866760254e-01 -2.444194555282592773e-01
4.943738579750061035e-01 -4.245545864105224609e-01
2.085552811622619629e-01 -4.008595943450927734e-01
1.805564761161804199e-01 -4.928727746009826660e-01
-4.353805780410766602e-01 4.408056139945983887e-01
4.437713623046875000e-01 1.363694667816162109e-02
-1.033532619476318359e-02 3.108497858047485352e-01
3.264884352684020996e-01 -3.241351246833801270e-01
3.781199455261230469e-02 1.113301515579223633e-01
1.945388317108154297e-01 -1.884323954582214355e-01
-2.747310400009155273e-01 1.867053508758544922e-01
3.288654088973999023e-01 -4.343394637107849121e-01
-3.584839701652526855e-01 1.544352769851684570e-01
-2.335959672927856445e-02 -3.643441796302795410e-01
4.058763384819030762e-01 1.498533487319946289e-01
-3.652937412261962891e-01 4.357964992523193359e-01
-1.715134382247924805e-01 1.720874905586242676e-01
2.328721880912780762e-01 -1.302323937416076660e-01
4.717716574668884277e-01 -4.086654782295227051e-01
-1.571457386016845703e-01 4.041395783424377441e-01
-3.771567344665527344e-01 2.782886624336242676e-01
2.274359464645385742e-01 -3.732252717018127441e-01
-2.356706261634826660e-01 -4.506503939628601074e-01
5.960005521774291992e-02 -4.107080101966857910e-01
4.075630307197570801e-01 -2.135800719261169434e-01
-2.800355553627014160e-01 2.861984372138977051e-01
-4.139985442161560059e-01 -4.437018036842346191e-01
1.620703935623168945e-01 1.717787981033325195e-02
-1.261591911315917969e-01 2.576547861099243164e-01
-3.779873251914978027e-01 -2.588034272193908691e-01
3.926038742065429688e-01 -3.813600540161132812e-02
-4.231951832771301270e-01 -4.779268503189086914e-01
9.167790412902832031e-02 -4.601675271987915039e-01
-1.334187388420104980e-01 4.625320434570312500e-02
-3.934526443481445312e-01 -4.736256599426269531e-01
-3.243496417999267578e-01 4.353356361389160156e-01
-8.617007732391357422e-02 1.973182559013366699e-01
-8.236950635910034180e-02 -3.089904785156250000e-01
3.659457564353942871e-01 -7.146656513214111328e-03
1.209456920623779297e-01 3.005869984626770020e-01
1.452699899673461914e-01 -2.278530597686767578e-01
3.016419410705566406e-01 -3.368443846702575684e-01
3.484682440757751465e-01 -4.522100687026977539e-01
-1.963746547698974609e-02 -1.599281430244445801e-01
2.523186802864074707e-01 2.368416786193847656e-01
3.594053983688354492e-01 4.393150806427001953e-01
-4.052252173423767090e-01 5.297684669494628906e-02
1.394820809364318848e-01 4.344252943992614746e-01
3.047033548355102539e-01 3.527590036392211914e-01
4.460290670394897461e-01 2.117162942886352539e-02
-4.401913285255432129e-01 1.832187771797180176e-01
2.233115434646606445e-01 -1.158682703971862793e-01
8.143109083175659180e-02 -1.440424919128417969e-01
3.585690259933471680e-01 -1.084758043289184570e-01
-2.151864171028137207e-01 -1.770405173301696777e-01
-2.927576899528503418e-01 2.195075750350952148e-01
-1.787117123603820801e-01 3.807370066642761230e-01
-2.499853372573852539e-01 -2.427047491073608398e-02
2.550836801528930664e-01 9.240525960922241211e-02
3.505216836929321289e-01 2.089112997055053711e-01
-3.040629625320434570e-02 1.649971008300781250e-01
1.701391935348510742e-01 2.271267771720886230e-01
-4.611402750015258789e-01 2.459943294525146484e-02
3.047248125076293945e-01 9.812098741531372070e-02
-3.004056811332702637e-01 4.700303077697753906e-02
2.163723111152648926e-01 -2.126066684722900391e-01
3.900374770164489746e-01 -2.061279416084289551e-01
7.849669456481933594e-02 2.028822302818298340e-01
2.174785137176513672e-01 5.801212787628173828e-02
1.938646435737609863e-01 -1.392192244529724121e-01
4.773378372192382812e-03 3.760898709297180176e-01
1.112698912620544434e-01 2.641946077346801758e-02
3.118443489074707031e-01 -2.555590271949768066e-01
-4.097911715507507324e-01 -4.130511879920959473e-01
1.077762842178344727e-01 7.227480411529541016e-02
4.666414260864257812e-01 1.958057880401611328e-01
3.710148334503173828e-01 -9.080380201339721680e-02
-3.502681851387023926e-01 -4.254449605941772461e-01
1.710398793220520020e-01 7.298171520233154297e-02
3.699741959571838379e-01 -1.188082098960876465e-01
-4.738365411758422852e-01 -2.352331876754760742e-01
1.331555843353271484e-02 -4.974382519721984863e-01
-3.626169562339782715e-01 4.080007076263427734e-01
-3.971889615058898926e-01 3.350130915641784668e-01
-3.032995462417602539e-01 4.010494947433471680e-01
-3.935900926589965820e-01 -1.394146680831909180e-01
-4.899755716323852539e-01 9.274673461914062500e-02
-1.052296757698059082e-01 -2.619386911392211914e-01
-3.112425208091735840e-01 -2.172706127166748047e-01
-5.320191383361816406e-03 4.803567528724670410e-01
1.898393630981445312e-01 6.131327152252197266e-02
-2.441933155059814453e-01 1.624732017517089844e-01
-2.645467519760131836e-01 3.530209064483642578e-01
-2.874714732170104980e-01 -4.032573103904724121e-01
7.296222448348999023e-02 -3.255935907363891602e-01
2.296853065490722656e-02 -3.644287586212158203e-01
-2.584110498428344727e-01 -2.786431312561035156e-01
-4.335303902626037598e-01 -2.084389328956604004e-01
3.351495265960693359e-01 3.809844851493835449e-01
7.277572154998779297e-02 2.967739105224609375e-02
4.804654121398925781e-01 2.098904252052307129e-01
-2.128267288208007812e-02 -1.492922306060791016e-01
-1.926674246788024902e-01 -1.783949136734008789e-02
-3.439962863922119141e-03 3.799490928649902344e-01
2.030292153358459473e-01 2.511445879936218262e-01
-3.246826529502868652e-01 2.031921744346618652e-01
3.896275162696838379e-01 -2.782837152481079102e-01
3.349173069000244141e-01 -1.073819398880004883e-01
4.624388217926025391e-01 3.807512521743774414e-01
-6.354713439941406250e-02 -2.615532875061035156e-01
2.723330259323120117e-02 3.886789679527282715e-01
1.192963719367980957e-01 -5.041241645812988281e-03
3.158149123191833496e-01 -1.148188710212707520e-01
-2.733317613601684570e-01 -3.217910528182983398e-01
-1.971927881240844727e-01 3.105201721191406250e-01
-2.719163298606872559e-01 -1.272513270378112793e-01
1.672168374061584473e-01 -6.612026691436767578e-02
1.151010990142822266e-01 3.371483087539672852e-01
2.190001606941223145e-01 -2.797473669052124023e-01
-6.596958637237548828e-02 -1.727328896522521973e-01
4.605013728141784668e-01 2.626796960830688477e-01
1.212853193283081055e-02 -2.349162697792053223e-01
-3.478519916534423828e-01 1.251124739646911621e-01
-1.774972677230834961e-01 1.906368732452392578e-01
-2.927613258361816406e-02 -1.464028358459472656e-01
4.791582822799682617e-01 3.199738860130310059e-01
-4.190378189086914062e-01 3.734654784202575684e-01
1.536611318588256836e-01 8.191090822219848633e-02
-1.331604123115539551e-01 1.677716374397277832e-01
3.656040430068969727e-01 2.374131679534912109e-01
-2.739495038986206055e-02 -2.699373364448547363e-01
1.647144556045532227e-02 1.795021295547485352e-01
4.620384573936462402e-01 1.654138565063476562e-01
4.177743792533874512e-01 2.474209666252136230e-01
3.657146096229553223e-01 2.372068762779235840e-01
2.298015356063842773e-01 -3.211629390716552734e-01
5.730128288269042969e-02 1.234154105186462402e-01
-3.586071133613586426e-01 2.794795036315917969e-01
-4.334312677383422852e-02 -1.056808233261108398e-01
4.747080206871032715e-01 -4.690681099891662598e-01
-3.383504152297973633e-01 1.903563737869262695e-02
3.543752431869506836e-01 -3.806173801422119141e-02
-4.094914197921752930e-01 1.029270887374877930e-01
3.192775249481201172e-01 2.680925726890563965e-01
-6.564188003540039062e-02 3.347655534744262695e-01
8.103334903717041016e-02 -2.106686830520629883e-01
-4.091212749481201172e-01 2.650042772293090820e-01
4.259243607521057129e-01 3.778594732284545898e-02
-1.797454953193664551e-01 4.392839670181274414e-01
2.338409423828125000e-03 3.348070383071899414e-02
2.850214242935180664e-01 5.650728940963745117e-02
-2.629307508468627930e-01 2.638943195343017578e-01
-2.384368181228637695e-01 2.016830444335937500e-02
-4.815057516098022461e-01 -4.952988624572753906e-01
-1.558550000190734863e-01 -2.919715642929077148e-01
-4.591577053070068359e-01 -4.010991454124450684e-01
4.032173752784729004e-01 3.718143701553344727e-01
2.667255997657775879e-01 4.454898834228515625e-02
4.860900044441223145e-01 2.776968479156494141e-02
-3.843098878860473633e-01 -1.681530475616455078e-02
-1.421093344688415527e-01 -9.904682636260986328e-03
4.866678714752197266e-01 7.156550884246826172e-03
3.327503204345703125e-01 4.616272449493408203e-02
-4.219900369644165039e-01 -2.884564995765686035e-01
-9.732818603515625000e-02 2.934724688529968262e-01
-4.146754741668701172e-03 2.496519088745117188e-01
3.396514654159545898e-01 2.347936034202575684e-01
2.987660765647888184e-01 7.076770067214965820e-02
2.849655151367187500e-01 1.096301674842834473e-01
-1.592732071876525879e-01 2.179374694824218750e-01
2.217596769332885742e-01 3.637964725494384766e-01
-1.849938035011291504e-01 -4.681735634803771973e-01
-1.016416549682617188e-01 3.975926041603088379e-01
-1.482862234115600586e-01 -1.870726346969604492e-01
-2.599092125892639160e-01 -2.811967134475708008e-01
4.971756935119628906e-01 -3.153111934661865234e-01
1.862142086029052734e-01 -4.684779047966003418e-01
-2.634728550910949707e-01 1.079648137092590332e-01
4.658358097076416016e-01 -2.686170935630798340e-01
-1.337049603462219238e-01 4.305577278137207031e-02
3.706915378570556641e-01 -1.639205813407897949e-01
8.048188686370849609e-02 -7.058686017990112305e-02
-4.553816318511962891e-01 -3.051002025604248047e-01
1.522865891456604004e-01 -2.029376626014709473e-01
-4.822121262550354004e-01 -4.327170252799987793e-01
2.831129431724548340e-01 1.478238701820373535e-01
2.711303234100341797e-01 3.649232983589172363e-01
3.900825977325439453e-01 2.935327887535095215e-01
-3.095018863677978516e-01 2.424938082695007324e-01
-3.028046488761901855e-01 -1.724359989166259766e-01
-2.814460992813110352e-01 2.839087247848510742e-01
-3.755716085433959961e-01 -2.921048402786254883e-01
1.318030357360839844e-01 1.051080226898193359e-01
1.445710659027099609e-02 2.775652408599853516e-01
-4.224849343299865723e-01 -1.563725471496582031e-01
3.233427405357360840e-01 -5.357962846755981445e-02
-2.443606853485107422e-01 -3.679491281509399414e-01
3.221358656883239746e-01 -4.128115177154541016e-01
-3.092160224914550781e-01 1.997225880622863770e-01
7.003200054168701172e-02 2.819334268569946289e-01
-7.213896512985229492e-02 -3.394450545310974121e-01
6.680464744567871094e-02 -1.045263409614562988e-01
-7.722032070159912109e-02 3.005523681640625000e-01
-1.867214441299438477e-01 -2.851679325103759766e-01
-1.630560159683227539e-01 1.592697501182556152e-01
-2.597814202308654785e-01 3.875045180320739746e-01
3.723392486572265625e-01 2.867661714553833008e-01
2.107715606689453125e-02 3.976445794105529785e-01
-1.077477931976318359e-01 -1.951038837432861328e-02
3.351035118103027344e-01 1.991720199584960938e-01
-4.646201133728027344e-01 4.535387754440307617e-01
-3.838850855827331543e-01 3.820132017135620117e-01
-4.657369256019592285e-01 -1.009057164192199707e-01
-2.034282684326171875e-01 -2.812385559082031250e-02
2.870928049087524414e-01 -5.770319700241088867e-02
4.147672653198242188e-02 -1.998005509376525879e-01
2.778714895248413086e-01 1.652868390083312988e-01
-1.008737683296203613e-01 2.721130847930908203e-03
-3.715242147445678711e-01 1.739423274993896484e-01
-2.498015761375427246e-01 -4.597872495651245117e-02
-7.516258955001831055e-02 3.709861040115356445e-01
-3.153827786445617676e-01 -2.790668606758117676e-01
-2.684155106544494629e-01 4.839983582496643066e-01
1.426256895065307617e-01 3.481691479682922363e-01
4.955382943153381348e-01 -3.616278171539306641e-01
-1.798360943794250488e-01 -1.002579927444458008e-02
-3.002601861953735352e-02 1.448985934257507324e-01
1.643741130828857422e-02 -4.906695485115051270e-01
3.537175059318542480e-01 1.710476875305175781e-01
2.877227663993835449e-01 3.946534991264343262e-01
3.795042037963867188e-01 2.354531884193420410e-01
-8.120673894882202148e-02 2.979137897491455078e-01
1.335902810096740723e-01 2.576053738594055176e-01
-3.824771642684936523e-01 2.059933543205261230e-01
-3.103111982345581055e-01 -3.370163440704345703e-01
8.516210317611694336e-02 -1.152365803718566895e-01
1.037228703498840332e-01 -4.730224013328552246e-01
-1.867808699607849121e-01 -3.555040359497070312e-01
-4.987327456474304199e-01 -2.478224039077758789e-01
-4.006905555725097656e-01 2.817369103431701660e-01
-4.975290298461914062e-01 4.186431169509887695e-01
-4.480029344558715820e-01 -2.076820731163024902e-01
-4.220892786979675293e-01 -1.560707688331604004e-01
-2.385227680206298828e-01 -2.443271875381469727e-02
4.661117792129516602e-01 -4.541593790054321289e-02
3.943777084350585938e-01 -3.023440837860107422e-01
-4.872202873229980469e-03 -4.080884456634521484e-01
4.135969877243041992e-01 -2.811903357505798340e-01
-3.373323678970336914e-01 2.475054264068603516e-01
-1.480937004089355469e-01 4.839963912963867188e-01
-2.338843941688537598e-01 -3.955817222595214844e-02
3.005912899971008301e-01 3.354940414428710938e-01
5.037349462509155273e-02 4.522930383682250977e-01
1.385554075241088867e-01 3.536325097084045410e-01
8.225661516189575195e-02 -8.547759056091308594e-02
4.926783442497253418e-01 -1.606547832489013672e-01
3.027639985084533691e-01 3.823023438453674316e-01
4.766165018081665039e-01 2.785465121269226074e-01
-1.386408209800720215e-01 -2.621837854385375977e-01
9.743422269821166992e-02 -2.216553688049316406e-01
-2.611432075500488281e-01 3.785054683685302734e-01
-3.259636163711547852e-01 -1.616522073745727539e-01
3.982389569282531738e-01 8.634591102600097656e-02
-2.878671884536743164e-01 -3.860269188880920410e-01
-3.370220661163330078e-01 -1.935185790061950684e-01
4.661750197410583496e-01 2.356895208358764648e-01
-4.803924560546875000e-01 -1.237259507179260254e-01
9.014451503753662109e-02 -3.819943666458129883e-01
4.261896610260009766e-01 4.978234767913818359e-01
-1.728415489196777344e-01 -4.152421355247497559e-01
1.859283447265625000e-02 -1.989366412162780762e-01
-7.412815093994140625e-02 2.032693028450012207e-01
-4.984676241874694824e-01 -1.929534077644348145e-01
-3.572440147399902344e-01 -3.635501861572265625e-01
-7.469880580902099609e-02 -4.335582852363586426e-01
6.839907169342041016e-02 -1.751229166984558105e-01
-3.786457777023315430e-01 2.730519175529479980e-01
1.417092680931091309e-01 -1.702433228492736816e-01
-3.995666503906250000e-01 -1.168644428253173828e-01
3.801048994064331055e-01 4.463249444961547852e-01
-7.343739271163940430e-02 -4.487414956092834473e-01
-2.564047574996948242e-01 1.956066489219665527e-01
-2.956378459930419922e-01 -2.755135297775268555e-02
2.361279726028442383e-02 4.753673076629638672e-02
1.950520277023315430e-01 8.868235349655151367e-02
-9.299576282501220703e-03 3.980095386505126953e-01
-4.122377634048461914e-01 4.001294374465942383e-01
-3.575311899185180664e-01 -2.290114164352416992e-01
-8.812004327774047852e-02 1.431814432144165039e-01
-3.501923084259033203e-01 4.220965504646301270e-01
3.259713053703308105e-01 1.487218737602233887e-01
3.036452531814575195e-01 4.920618534088134766e-01
-1.432957649230957031e-01 2.008885145187377930e-01
-9.249138832092285156e-02 1.283271312713623047e-01
-4.172065258026123047e-01 -2.200412750244140625e-01
-1.229184865951538086e-01 -3.405989408493041992e-01
4.959443211555480957e-01 3.725574612617492676e-01
-2.867820262908935547e-01 -3.133183717727661133e-02
4.626914262771606445e-01 4.419246912002563477e-01
3.808377385139465332e-01 3.696443438529968262e-01
3.369033932685852051e-01 1.051654815673828125e-01
2.827020287513732910e-01 -1.506214141845703125e-01
-3.837409615516662598e-01 4.149389266967773438e-01
8.225500583648681641e-02 3.021943569183349609e-02
4.645329713821411133e-02 -3.205238580703735352e-01
4.243879318237304688e-01 2.942209243774414062e-01
-2.851281166076660156e-01 -2.132924795150756836e-01
-2.056449055671691895e-01 4.349774718284606934e-01
-1.713740229606628418e-01 3.016238212585449219e-01
4.710288047790527344e-01 4.292519688606262207e-01
-4.090126752853393555e-01 -3.746234178543090820e-01
4.821518659591674805e-01 5.053013563156127930e-02
9.726756811141967773e-02 -3.759893178939819336e-01
3.115992546081542969e-01 4.319908022880554199e-01
-2.871322631835937500e-02 1.977875232696533203e-01
3.000489473342895508e-01 -7.174432277679443359e-03
-1.317167878150939941e-01 9.271824359893798828e-02
-3.196037411689758301e-01 -5.347895622253417969e-02
-3.444241285324096680e-01 4.648657441139221191e-01
-3.335972428321838379e-01 2.210232019424438477e-01
-4.947401881217956543e-01 4.494211077690124512e-01
2.134779691696166992e-01 -8.821219205856323242e-02
4.795678257942199707e-01 -7.564830780029296875e-02
1.667140722274780273e-01 -2.187275290489196777e-01
3.441506624221801758e-01 1.138180494308471680e-01
-1.717777848243713379e-01 -3.278180360794067383e-01
2.618209719657897949e-01 4.362862110137939453e-01
-2.272788286209106445e-01 3.535683155059814453e-01
2.811371088027954102e-01 -2.533408999443054199e-01
-1.013777256011962891e-01 -8.843916654586791992e-02
4.878540635108947754e-01 2.306852340698242188e-01
3.873673677444458008e-01 4.381643533706665039e-01
4.016453027725219727e-01 3.575409054756164551e-01
-4.567451477050781250e-01 3.365103602409362793e-01
-4.210745096206665039e-01 -7.652157545089721680e-02
-4.635862708091735840e-01 -1.670408844947814941e-01
-9.904116392135620117e-02 1.312653422355651855e-01
2.078413963317871094e-01 1.176393032073974609e-02
-1.392985582351684570e-01 -8.008867502212524414e-02
-4.907298088073730469e-02 7.797688245773315430e-02
-2.578188180923461914e-01 1.967874169349670410e-01
4.222675561904907227e-01 2.126042842864990234e-01
-3.076912760734558105e-01 3.097271919250488281e-01
-7.925087213516235352e-02 -4.354298710823059082e-01
-2.406358718872070312e-02 -2.455319166183471680e-01
2.272487282752990723e-01 -4.369576573371887207e-01
2.337776422500610352e-01 5.249071121215820312e-02
-4.763736724853515625e-01 -2.228415608406066895e-01
-1.497322320938110352e-02 4.087805747985839844e-02
-2.759472727775573730e-01 2.329143285751342773e-01
-5.995744466781616211e-02 -6.610000133514404297e-02
-3.433557748794555664e-01 -3.522979021072387695e-01
1.687759160995483398e-01 1.938523054122924805e-01
2.588133811950683594e-01 2.215035557746887207e-01
3.299710154533386230e-01 -3.325366973876953125e-01
-2.069325447082519531e-01 -2.284932136535644531e-01
-2.568119168281555176e-01 1.161086559295654297e-02
1.619353890419006348e-01 6.225287914276123047e-03
4.841392636299133301e-01 4.023617506027221680e-01
-2.493075132369995117e-01 2.864089012145996094e-01
-4.721769690513610840e-01 4.001644849777221680e-01
1.875438094139099121e-01 4.244508743286132812e-01
-2.616388797760009766e-01 1.813042759895324707e-01
-4.921165108680725098e-01 -2.912213802337646484e-01
4.398464560508728027e-01 -2.953669428825378418e-01
2.088074088096618652e-01 3.742087483406066895e-01
-2.292193770408630371e-01 1.540341973304748535e-01
-1.158909797668457031e-01 -9.758436679840087891e-02
-1.322638392448425293e-01 2.553746700286865234e-01
1.923899054527282715e-01 -1.994901895523071289e-02
2.443534135818481445e-02 1.491831541061401367e-01
-3.554555773735046387e-01 4.179438352584838867e-01
3.767886161804199219e-01 3.287537097930908203e-01
1.364357471466064453e-01 -4.913779497146606445e-01
-3.531628847122192383e-01 1.985982060432434082e-01
-4.725269675254821777e-01 3.455570936203002930e-01
-1.467333436012268066e-01 3.222495317459106445e-01
1.559688448905944824e-01 -1.141306757926940918e-01
-1.187776327133178711e-01 3.715867400169372559e-01
6.039011478424072266e-02 -1.606029272079467773e-01
1.629153490066528320e-01 -1.630985140800476074e-01
2.624873518943786621e-01 3.369172811508178711e-01
3.366811275482177734e-01 1.052684783935546875e-01
-1.382662653923034668e-01 -2.486007809638977051e-01
-1.394902467727661133e-01 4.230200052261352539e-01
-2.751911282539367676e-01 1.470494866371154785e-01
-3.824709653854370117e-01 -1.103160381317138672e-01
1.897362470626831055e-01 -2.368640899658203125e-02
-3.306903839111328125e-01 -4.728761911392211914e-01
-4.949933886528015137e-01 -1.558266282081604004e-01
-6.760567426681518555e-02 3.560716509819030762e-01
1.288322806358337402e-01 -2.722982168197631836e-01
-1.086235046386718750e-01 -4.265053272247314453e-01
-1.307257413864135742e-01 -2.009519338607788086e-01
-4.241126179695129395e-01 -2.124204039573669434e-01
-4.740796089172363281e-01 -4.903672337532043457e-01
-1.065705418586730957e-01 -1.712702512741088867e-01
3.339432477951049805e-01 -4.164521098136901855e-01
2.351857423782348633e-01 -4.754606485366821289e-01
1.232308745384216309e-01 -7.999300956726074219e-02
3.384058475494384766e-01 -4.063400626182556152e-01
4.189367890357971191e-01 4.313994050025939941e-01
1.087778806686401367e-02 3.691811561584472656e-01
1.927959918975830078e-02 1.717900037765502930e-01
1.045746207237243652e-01 1.845342516899108887e-01
-2.094802856445312500e-01 -1.380438208580017090e-01
-3.662475347518920898e-01 3.725064396858215332e-01
3.321413993835449219e-01 4.760937690734863281e-01
-4.742165803909301758e-01 -1.815411448478698730e-01
3.358410596847534180e-01 -3.581905961036682129e-01
-3.947253823280334473e-01 4.749114513397216797e-01
-2.147403359413146973e-01 4.219316244125366211e-01
8.781862258911132812e-02 7.374584674835205078e-02
3.253847360610961914e-02 -2.980505228042602539e-01
2.916539311408996582e-01 -1.186132431030273438e-02
1.172849535942077637e-01 -2.648308873176574707e-01
-4.162082672119140625e-01 4.428085684776306152e-01
3.718475699424743652e-01 4.690502285957336426e-01
3.091267943382263184e-01 4.294400811195373535e-01
-1.373446583747863770e-01 2.941488027572631836e-01
2.806150913238525391e-02 1.497805118560791016e-03
-4.346962571144104004e-01 -2.070981264114379883e-01
3.216978311538696289e-01 -2.430373430252075195e-02
1.453477740287780762e-01 -1.075666546821594238e-01
-2.348176836967468262e-01 3.923429250717163086e-01
-1.139994263648986816e-01 4.638365507125854492e-01
-3.842080831527709961e-01 3.416382074356079102e-01
-2.907801866531372070e-01 2.913755774497985840e-01
-3.121651411056518555e-01 2.869965434074401855e-01
-2.719857096672058105e-01 -4.399939775466918945e-01
1.150910258293151855e-01 2.124615907669067383e-01
-5.797952413558959961e-02 -3.793745040893554688e-01
-1.023150682449340820e-01 3.664115667343139648e-01
-3.567794561386108398e-01 -3.025870919227600098e-01
3.716502189636230469e-01 1.278565526008605957e-01
1.529110074043273926e-01 1.601944565773010254e-01
9.559905529022216797e-02 -9.413534402847290039e-02
-2.587432861328125000e-01 -2.702123522758483887e-01
-4.078432917594909668e-01 1.873652338981628418e-01
-4.236308932304382324e-01 2.517440915107727051e-01
2.690097689628601074e-01 -6.805872917175292969e-02
9.915345907211303711e-02 -1.673663854598999023e-01
-2.117596864700317383e-01 2.469483017921447754e-01
-1.408650875091552734e-01 1.521199345588684082e-01
3.872458338737487793e-01 8.569216728210449219e-02
2.044785022735595703e-01 -1.977964043617248535e-01
-3.873149752616882324e-01 1.214591860771179199e-01
4.225122332572937012e-01 -3.532225489616394043e-01
-4.513527154922485352e-01 2.405470609664916992e-01
1.441165208816528320e-01 3.133693337440490723e-01
3.871315717697143555e-01 1.693814992904663086e-01
1.359537243843078613e-01 1.911772489547729492e-01
-2.588056921958923340e-01 -2.713367342948913574e-01
-2.618772387504577637e-01 7.589143514633178711e-02
2.266077399253845215e-01 -3.991410136222839355e-01
-4.000620841979980469e-01 -2.942565083503723145e-01
-4.125367403030395508e-01 4.078090786933898926e-01
1.079094409942626953e-02 -2.138506174087524414e-01
-3.903951644897460938e-01 1.480430364608764648e-01
-9.325742721557617188e-03 3.609900474548339844e-01
-2.855032086372375488e-01 2.809549570083618164e-01
-1.042521595954895020e-01 -7.033318281173706055e-02
-1.652668714523315430e-01 4.977498650550842285e-01
-2.811738848686218262e-01 -4.949526786804199219e-01
-2.795346975326538086e-01 1.869493126869201660e-01
3.170960545539855957e-01 -7.506227493286132812e-02
4.683220386505126953e-01 2.465986609458923340e-01
-3.894585371017456055e-02 -2.238488197326660156e-02
2.543014287948608398e-02 -2.429759502410888672e-01
1.492509841918945312e-01 4.895228147506713867e-02
2.398185133934020996e-01 3.336564898490905762e-01
-1.980697512626647949e-01 3.357066512107849121e-01
2.406385540962219238e-01 3.740828037261962891e-01
4.279636740684509277e-01 -1.553282737731933594e-01
-4.665049314498901367e-01 -5.117243528366088867e-02
2.728990912437438965e-01 2.296900153160095215e-01
3.756974935531616211e-01 3.445636630058288574e-01
4.097054600715637207e-01 -2.015452384948730469e-01
-2.276360392570495605e-01 3.630530834197998047e-01
7.627964019775390625e-02 -1.342287063598632812e-01
-2.014078497886657715e-01 -4.256516098976135254e-01
1.886685490608215332e-01 4.801316261291503906e-01
-1.275107264518737793e-01 4.279843568801879883e-01
-1.287483572959899902e-01 -2.564410567283630371e-01
-1.415594816207885742e-01 -1.003911495208740234e-01
4.406042695045471191e-01 -1.089929938316345215e-01
2.414832711219787598e-01 1.205313205718994141e-01
-3.991959691047668457e-01 -2.461750507354736328e-01
-3.696001768112182617e-01 -2.940967679023742676e-01
3.980280160903930664e-01 1.721512675285339355e-01
-1.276689171791076660e-01 2.100430727005004883e-01
4.850302934646606445e-01 -4.218530058860778809e-01
3.019596934318542480e-01 -2.609479427337646484e-02
-4.158377647399902344e-01 -6.722193956375122070e-02
1.718287467956542969e-01 7.913738489151000977e-02
-3.702393174171447754e-01 -3.275779485702514648e-01
-2.187540531158447266e-01 4.547596573829650879e-01
-9.895282983779907227e-02 -6.501919031143188477e-02
-3.475122451782226562e-01 2.292307019233703613e-01
3.641707897186279297e-01 -5.390477180480957031e-02
-2.133319973945617676e-01 -2.052663564682006836e-01
-3.650225400924682617e-01 -2.897425293922424316e-01
-4.896572232246398926e-01 5.543071031570434570e-02
4.007567167282104492e-01 1.746916770935058594e-02
4.407432079315185547e-01 -4.978833198547363281e-01
-2.308980822563171387e-01 -4.830141067504882812e-01
2.300803065299987793e-01 1.126168966293334961e-01
1.776827573776245117e-01 -1.671179533004760742e-01
3.197974562644958496e-01 -3.805782794952392578e-01
1.976652145385742188e-01 3.333401679992675781e-01
-6.125622987747192383e-02 -4.539592862129211426e-01
1.325775384902954102e-01 6.550943851470947266e-02
-1.108897328376770020e-01 9.798341989517211914e-02
9.510898590087890625e-02 1.291059851646423340e-01
-1.384713053703308105e-01 1.201381683349609375e-01
-4.390621185302734375e-01 4.422804117202758789e-01
-2.229596972465515137e-01 -4.535990357398986816e-01
-2.988675832748413086e-01 1.566482186317443848e-01
4.207907915115356445e-01 -2.116132378578186035e-01
-5.410867929458618164e-02 -1.466519832611083984e-01
-2.746885418891906738e-01 -1.081066131591796875e-01
1.912732720375061035e-01 -5.365025997161865234e-02
1.944826245307922363e-01 -2.969366312026977539e-02
3.200161457061767578e-02 4.152113795280456543e-01
1.389843225479125977e-01 -1.817228794097900391e-01
-1.042944192886352539e-01 -1.538432240486145020e-01
-3.922163844108581543e-01 -4.164648056030273438e-01
-1.734161972999572754e-01 -1.802634596824645996e-01
-3.159331679344177246e-01 -1.879886388778686523e-01
-3.259734511375427246e-01 -1.350423693656921387e-01
2.348734736442565918e-01 3.195675015449523926e-01
2.462747693061828613e-01 -1.966948509216308594e-01
2.898256182670593262e-01 -4.497298002243041992e-01
2.311367392539978027e-01 -3.834494352340698242e-01
-4.247745871543884277e-01 -1.233310699462890625e-01
-5.455517768859863281e-02 1.029619574546813965e-01
-1.325286626815795898e-01 -1.579161882400512695e-01
4.677023291587829590e-01 2.389840483665466309e-01
-8.215510845184326172e-02 3.480889201164245605e-01
1.704806685447692871e-01 -1.135497093200683594e-01
2.486401796340942383e-02 -2.571938037872314453e-01
2.994815707206726074e-01 -1.275897026062011719e-01
-1.525270938873291016e-01 -3.555238246917724609e-03
-4.720871448516845703e-01 1.744167208671569824e-01
-1.273859739303588867e-01 4.831592440605163574e-01
-6.694763898849487305e-02 4.120211005210876465e-01
-3.676930665969848633e-01 2.416229844093322754e-01
-3.971717953681945801e-01 -4.751827120780944824e-01
-2.553124427795410156e-01 1.468026638031005859e-01
-1.043779850006103516e-01 2.976462244987487793e-01
-1.521776318550109863e-01 3.417662382125854492e-01
3.723390698432922363e-01 4.030005931854248047e-01
4.053584337234497070e-01 9.719729423522949219e-02
1.934962272644042969e-01 -4.126010537147521973e-01
1.639310717582702637e-01 3.762199878692626953e-01
-1.607547998428344727e-01 4.052394628524780273e-02
-1.986189484596252441e-01 1.870667934417724609e-02
1.246768236160278320e-01 -3.203039169311523438e-01
3.052654862403869629e-01 1.416549682617187500e-01
2.964217662811279297e-01 -1.728932261466979980e-01
-2.787086963653564453e-01 -2.400795221328735352e-01
1.518048644065856934e-01 4.685713052749633789e-01
9.826368093490600586e-02 -3.490388393402099609e-02
2.520383596420288086e-01 4.215183854103088379e-01
3.427642583847045898e-01 1.111391782760620117e-01
2.251213192939758301e-01 4.922076463699340820e-01
-1.349753141403198242e-02 5.199420452117919922e-02
-1.297047138214111328e-01 -2.556399106979370117e-01
-4.472033977508544922e-01 -2.406579256057739258e-02
-4.049683213233947754e-01 2.930384874343872070e-01
-2.311140298843383789e-01 -4.269145727157592773e-01
4.261715412139892578e-01 2.343934178352355957e-01
2.306252717971801758e-01 1.766842603683471680e-01
-7.154941558837890625e-04 -4.625144004821777344e-01
1.206996440887451172e-01 3.759669065475463867e-01
2.703920006752014160e-01 8.828479051589965820e-02
1.379374861717224121e-01 -2.338478565216064453e-01
-4.293661713600158691e-01 1.724621653556823730e-01
2.099846005439758301e-01 -2.318713068962097168e-01
-2.593398094177246094e-01 -3.636957406997680664e-01
-4.945400357246398926e-01 1.383904814720153809e-01
4.082959294319152832e-01 -1.810472011566162109e-01
3.502158522605895996e-01 -2.312399148941040039e-01
4.651234745979309082e-01 -4.035460948944091797e-01
-4.096960425376892090e-01 -3.879128098487854004e-01
3.993982672691345215e-01 8.490163087844848633e-02
4.960054755210876465e-01 -4.384827613830566406e-02
-1.301795244216918945e-02 -2.316315174102783203e-01
1.218602657318115234e-01 -4.582214355468750000e-01
-1.458839774131774902e-01 -4.929815530776977539e-01
4.477359652519226074e-01 1.437506079673767090e-01
-4.779287576675415039e-01 -3.953145146369934082e-01
1.183996796607971191e-01 -1.628643274307250977e-01
-2.807378768920898438e-02 -3.915587067604064941e-01
2.466982007026672363e-01 2.541761398315429688e-01
-1.728870272636413574e-01 3.567083477973937988e-01
1.348431706428527832e-01 2.072935700416564941e-01
-3.057271242141723633e-02 -2.583152055740356445e-02
2.232161760330200195e-01 1.270241737365722656e-01
-9.016531705856323242e-02 -1.078386902809143066e-01
1.656355857849121094e-01 -4.508868455886840820e-01
2.913614511489868164e-01 -3.323585987091064453e-01
3.247541189193725586e-02 4.429581761360168457e-01
3.533387184143066406e-01 7.526707649230957031e-02
-7.338118553161621094e-02 6.951493024826049805e-02
3.609237074851989746e-01 4.274792075157165527e-01
4.008644223213195801e-01 -1.500782966613769531e-01
3.504986763000488281e-01 -6.262069940567016602e-02
-5.135232210159301758e-02 -2.203288674354553223e-01
-3.203445672988891602e-02 1.044915318489074707e-01
-2.201679944992065430e-01 -2.703264355659484863e-01
-4.477578401565551758e-01 -2.199237942695617676e-01
-1.797511577606201172e-01 3.628966808319091797e-01
-3.338572978973388672e-01 1.136224865913391113e-01
1.576836109161376953e-01 1.296609640121459961e-01
5.595350265502929688e-02 6.503343582153320312e-03
3.753862380981445312e-01 3.146663904190063477e-01
-4.872848987579345703e-01 -1.304485797882080078e-01
2.158197760581970215e-01 -4.164242744445800781e-02
-3.862209916114807129e-01 -9.708702564239501953e-03
-1.907390952110290527e-01 3.945966958999633789e-01
2.979135513305664062e-02 4.837815761566162109e-01
-2.645647525787353516e-01 -4.947749972343444824e-01
3.775659203529357910e-01 2.349246740341186523e-01
-4.899726510047912598e-01 4.278291463851928711e-01
-4.950706958770751953e-01 -3.140970468521118164e-01
2.760339379310607910e-01 2.953448295593261719e-01
-3.313643336296081543e-01 -1.635777950286865234e-02
-2.839259505271911621e-01 3.059251308441162109e-01
-2.268117666244506836e-01 -8.760577440261840820e-02
2.582878470420837402e-01 8.569395542144775391e-02
-1.285592913627624512e-01 -1.295512318611145020e-01
-2.854672670364379883e-01 -1.758021712303161621e-01
-5.613046884536743164e-02 1.575539708137512207e-01
-8.923476934432983398e-02 3.335178494453430176e-01
-1.296381950378417969e-01 7.589823007583618164e-02
4.136488437652587891e-01 -8.109283447265625000e-02
1.933317780494689941e-01 5.748569965362548828e-03
1.881810426712036133e-01 4.866832494735717773e-02
3.538318872451782227e-01 4.834905862808227539e-01
3.846153616905212402e-01 1.260430812835693359e-01
1.619188189506530762e-01 3.527877330780029297e-01
9.852468967437744141e-02 -3.130897283554077148e-01
3.090739250183105469e-02 -2.626903653144836426e-01
-3.354549407958984375e-04 4.000678062438964844e-01
-1.774547100067138672e-01 -1.089958548545837402e-01
2.974715828895568848e-01 9.588420391082763672e-02
-1.427282094955444336e-01 -2.671983242034912109e-01
-3.469720482826232910e-01 4.780604839324951172e-01
1.251986622810363770e-01 -3.035092353820800781e-01
3.020247220993041992e-01 -5.110502243041992188e-02
2.704498767852783203e-01 -4.581439495086669922e-02
2.893163561820983887e-01 8.970594406127929688e-02
5.439954996109008789e-02 1.722621917724609375e-01
-1.444429755210876465e-01 2.819301486015319824e-01
2.686426043510437012e-01 4.674086570739746094e-01
-1.884016990661621094e-01 2.993718981742858887e-01
-2.065656781196594238e-01 -4.614597558975219727e-02
-6.954979896545410156e-02 -1.159369945526123047e-01
3.340921401977539062e-01 -3.300083875656127930e-01
1.561846733093261719e-01 -4.155606031417846680e-01
2.467337250709533691e-01 -3.631767034530639648e-01
-2.220589518547058105e-01 -2.895053029060363770e-01
-4.185441136360168457e-01 1.817309856414794922e-02
-4.852479696273803711e-01 1.843732595443725586e-02
2.649713754653930664e-01 -2.886754870414733887e-01
-1.374178528785705566e-01 -9.494435787200927734e-02
-4.469236731529235840e-01 -3.605692982673645020e-01
-2.811021208763122559e-01 -7.644814252853393555e-02
2.369376420974731445e-01 3.412027359008789062e-01
2.030292153358459473e-01 2.895433306694030762e-01
3.989112973213195801e-01 -2.615927457809448242e-01
-4.766631126403808594e-02 -3.359953761100769043e-01
7.863271236419677734e-02 1.455446481704711914e-01
-4.067748785018920898e-01 -3.464910984039306641e-01
4.293144941329956055e-01 2.850491404533386230e-01
3.672448992729187012e-01 -3.336289525032043457e-01
-4.215227365493774414e-01 4.805288910865783691e-01
-3.922601938247680664e-01 -8.767873048782348633e-02
1.267641186714172363e-01 -1.611411571502685547e-03
2.145074009895324707e-01 -1.659423708915710449e-01
2.836123704910278320e-01 -5.682826042175292969e-03
-2.077707052230834961e-01 -3.554325103759765625e-01
-3.384104967117309570e-01 -2.560967206954956055e-01
-2.633174061775207520e-01 -1.805031299591064453e-01
1.253733634948730469e-01 -2.729628086090087891e-01
-1.226928234100341797e-01 -3.287457227706909180e-01
9.664916992187500000e-02 -2.151320576667785645e-01
-8.837693929672241211e-02 -3.737486600875854492e-01
-4.398202896118164062e-02 4.680444598197937012e-01
3.574318289756774902e-01 3.833780288696289062e-01
-2.440032958984375000e-01 -3.638483881950378418e-01
-1.825263500213623047e-01 3.169069290161132812e-01
-6.815630197525024414e-02 -4.108703136444091797e-02
-4.071270227432250977e-01 -1.682604551315307617e-01
-4.052037000656127930e-01 2.999144792556762695e-01
1.764717102050781250e-01 4.287554025650024414e-01
-2.901121377944946289e-01 4.928553104400634766e-02
3.675971627235412598e-01 -1.023715734481811523e-02
4.984760284423828125e-01 -1.421558856964111328e-01
-2.158786058425903320e-01 1.643829941749572754e-01
1.257653236389160156e-01 4.877215623855590820e-02
1.748557090759277344e-01 -3.648794293403625488e-01
1.014252305030822754e-01 -1.449683308601379395e-01
3.378086686134338379e-01 6.152921915054321289e-02
-3.746953010559082031e-01 -3.345683813095092773e-01
4.487833380699157715e-01 1.056237220764160156e-01
-4.924619793891906738e-01 -3.051983714103698730e-01
-4.500637054443359375e-01 -4.335691928863525391e-01
1.234188079833984375e-01 3.721740245819091797e-01
3.275920748710632324e-01 -3.738953471183776855e-01
8.411324024200439453e-02 5.005627870559692383e-02
4.488422870635986328e-01 9.850370883941650391e-02
-2.701828479766845703e-01 -3.332713246345520020e-01
-6.181102991104125977e-02 -2.087723016738891602e-01
-4.957861304283142090e-01 -4.547870159149169922e-01
2.282078266143798828e-01 -1.261477470397949219e-01
2.191576361656188965e-01 2.717486023902893066e-01
4.425533413887023926e-01 -8.340799808502197266e-02
6.314361095428466797e-02 -3.104285597801208496e-01
-2.498946189880371094e-01 -2.800704836845397949e-01
-3.256934881210327148e-02 -3.863815665245056152e-01
3.857992291450500488e-01 -4.572539925575256348e-01
-4.021126031875610352e-02 6.170272827148437500e-02
3.469345569610595703e-01 1.312381029129028320e-01
2.356351613998413086e-01 1.223509907722473145e-01
-4.372612237930297852e-01 2.355052232742309570e-01
3.518751263618469238e-01 -4.229307174682617188e-03
-2.431486845016479492e-01 -4.125236272811889648e-01
1.310539841651916504e-01 1.101443171501159668e-01
-1.337568163871765137e-01 2.299084067344665527e-01
-4.447417259216308594e-01 -4.878904223442077637e-01
1.268249750137329102e-01 3.148062825202941895e-01
1.732999086380004883e-01 -2.232491970062255859e-03
4.171493649482727051e-01 -1.702011823654174805e-01
-1.992763280868530273e-01 -5.416429042816162109e-02
-1.546350121498107910e-01 4.245376586914062500e-02
1.124452352523803711e-01 -2.323916554450988770e-01
-4.336410164833068848e-01 -1.320738792419433594e-01
1.654080152511596680e-01 1.948025822639465332e-01
1.835700273513793945e-01 1.007140874862670898e-01
4.802460670471191406e-01 1.963001489639282227e-01
1.395839452743530273e-02 -4.702300429344177246e-01
-3.136054277420043945e-01 -1.422641873359680176e-01
-4.637846350669860840e-01 -8.114147186279296875e-02
-4.834253191947937012e-01 4.578975439071655273e-01
4.278548359870910645e-01 2.065840363502502441e-01
-6.625139713287353516e-02 1.836033463478088379e-01
-2.837494611740112305e-01 7.798272371292114258e-02
-3.176855444908142090e-01 4.281800389289855957e-01
4.646433591842651367e-01 1.609547138214111328e-01
6.282860040664672852e-02 -2.174984812736511230e-01
2.800424098968505859e-01 3.930824995040893555e-01
1.529631018638610840e-01 4.598692655563354492e-01
2.157094478607177734e-01 3.314171433448791504e-01
5.841529369354248047e-02 -1.042046546936035156e-01
-1.705316305160522461e-01 4.930394887924194336e-02
2.918435931205749512e-01 4.711686372756958008e-01
-2.966281771659851074e-01 -2.750217318534851074e-01
-4.591463208198547363e-01 -2.323711514472961426e-01
