4.836142063140869141e-01 4.535984396934509277e-01
4.073715507984161377e-01 5.497176647186279297e-01
6.160871386528015137e-01 3.961747586727142334e-01
5.110090970993041992e-01 7.614034414291381836e-01
6.753725409507751465e-01 7.651329636573791504e-01
6.693652272224426270e-01 8.074733018875122070e-01
6.399095058441162109e-01 8.073971867561340332e-01
5.242744088172912598e-01 4.062705039978027344e-01
5.941250324249267578e-01 6.122078895568847656e-01
4.391061067581176758e-01 6.352976560592651367e-01
5.642095208168029785e-01 7.498847246170043945e-01
5.546259284019470215e-01 5.622253417968750000e-01
8.227051496505737305e-01 6.440572142601013184e-01
5.745258331298828125e-01 3.502113819122314453e-01
5.964068174362182617e-01 7.682481408119201660e-01
7.342069745063781738e-01 7.549403309822082520e-01
7.451685070991516113e-01 7.073556780815124512e-01
3.501069247722625732e-01 5.884647965431213379e-01
6.178790330886840820e-01 3.918812274932861328e-01
5.288103222846984863e-01 7.184213399887084961e-01
5.780909061431884766e-01 7.910912036895751953e-01
4.902757704257965088e-01 5.766314268112182617e-01
6.888040900230407715e-01 5.675088763236999512e-01
5.218039155006408691e-01 5.749396681785583496e-01
6.328822970390319824e-01 4.324563443660736084e-01
6.280787587165832520e-01 7.275165915489196777e-01
5.198411941528320312e-01 5.977737307548522949e-01
7.216981649398803711e-01 7.154291272163391113e-01
6.502559781074523926e-01 7.811398506164550781e-01
5.250048041343688965e-01 7.187025547027587891e-01
6.093162298202514648e-01 6.243334412574768066e-01
4.048063457012176514e-01 6.384679079055786133e-01
6.032959818840026855e-01 4.533334672451019287e-01
8.492623567581176758e-01 6.120998263359069824e-01
4.884150922298431396e-01 6.291520595550537109e-01
6.199192404747009277e-01 4.112027287483215332e-01
6.727980971336364746e-01 6.066243052482604980e-01
7.786427140235900879e-01 6.388766765594482422e-01
7.877086400985717773e-01 6.896167993545532227e-01
4.086618721485137939e-01 5.244151353836059570e-01
7.368331551551818848e-01 6.419509649276733398e-01
6.922225952148437500e-01 7.456710934638977051e-01
4.433353543281555176e-01 5.989733338356018066e-01
4.958271682262420654e-01 7.756013274192810059e-01
3.807358443737030029e-01 5.527529716491699219e-01
3.918083310127258301e-01 6.653243303298950195e-01
5.037540197372436523e-01 7.592270970344543457e-01
3.834056854248046875e-01 5.895761251449584961e-01
4.415587484836578369e-01 7.006880044937133789e-01
7.366532087326049805e-01 5.041279196739196777e-01
4.810763895511627197e-01 5.272486805915832520e-01
5.769484043121337891e-01 6.468968391418457031e-01
5.110112428665161133e-01 7.225618958473205566e-01
4.621630012989044189e-01 6.434193253517150879e-01
7.157303094863891602e-01 4.809641242027282715e-01
7.447523474693298340e-01 7.542376518249511719e-01
4.521791636943817139e-01 7.625954151153564453e-01
6.593918800354003906e-01 7.737165689468383789e-01
6.813297271728515625e-01 5.167187452316284180e-01
7.678526639938354492e-01 5.426688790321350098e-01
6.728303432464599609e-01 4.121660888195037842e-01
6.142840385437011719e-01 4.993444085121154785e-01
3.928518295288085938e-01 6.841732263565063477e-01
3.615001738071441650e-01 6.045911312103271484e-01
5.754511952400207520e-01 7.690516114234924316e-01
5.784161686897277832e-01 7.731537818908691406e-01
5.432196855545043945e-01 5.769560337066650391e-01
6.370274424552917480e-01 4.740526974201202393e-01
6.866851449012756348e-01 5.629858970642089844e-01
5.480573773384094238e-01 8.049792051315307617e-01
6.889155507087707520e-01 7.025172114372253418e-01
7.175986766815185547e-01 7.101581692695617676e-01
5.250573158264160156e-01 5.879754424095153809e-01
4.841293096542358398e-01 7.109510302543640137e-01
5.959136486053466797e-01 6.148049831390380859e-01
6.129176616668701172e-01 4.423111677169799805e-01
6.440188884735107422e-01 5.471023321151733398e-01
7.670021057128906250e-01 5.968739390373229980e-01
6.259881258010864258e-01 3.981141746044158936e-01
4.320521950721740723e-01 4.911389052867889404e-01
4.532331526279449463e-01 6.469666361808776855e-01
7.611825466156005859e-01 6.937052607536315918e-01
5.079300403594970703e-01 4.582425057888031006e-01
6.877709627151489258e-01 4.371283650398254395e-01
5.744346976280212402e-01 5.672753453254699707e-01
5.094909667968750000e-01 5.272843241691589355e-01
3.786858916282653809e-01 6.476130485534667969e-01
5.387976169586181641e-01 7.365339398384094238e-01
6.561564207077026367e-01 4.290111362934112549e-01
4.730481505393981934e-01 6.692370772361755371e-01
5.442859530448913574e-01 6.465595960617065430e-01
3.515604436397552490e-01 5.658957958221435547e-01
4.392186403274536133e-01 5.744912028312683105e-01
5.878419280052185059e-01 6.236844062805175781e-01
6.728344559669494629e-01 4.827356338500976562e-01
7.217186689376831055e-01 6.976149678230285645e-01
4.532865285873413086e-01 4.860629439353942871e-01
7.370868325233459473e-01 6.336486935615539551e-01
5.846106410026550293e-01 4.399613142013549805e-01
6.038236021995544434e-01 5.432176589965820312e-01
6.571959257125854492e-01 7.668367624282836914e-01
8.065842986106872559e-01 6.695973873138427734e-01
6.747668981552124023e-01 7.755115628242492676e-01
5.650246143341064453e-01 4.798330068588256836e-01
5.608681440353393555e-01 4.035160839557647705e-01
4.441047012805938721e-01 6.379859447479248047e-01
4.864056408405303955e-01 4.681904315948486328e-01
5.099352002143859863e-01 6.912254691123962402e-01
5.251892209053039551e-01 4.728556275367736816e-01
4.010622203350067139e-01 5.851912498474121094e-01
7.125414609909057617e-01 6.407402157783508301e-01
4.029507935047149658e-01 6.789302229881286621e-01
7.645031809806823730e-01 5.061367154121398926e-01
6.213509440422058105e-01 7.588189244270324707e-01
5.732526183128356934e-01 4.447710216045379639e-01
7.518023252487182617e-01 5.572956204414367676e-01
4.870880842208862305e-01 6.264954209327697754e-01
4.403358995914459229e-01 6.810977458953857422e-01
7.879018187522888184e-01 5.663968324661254883e-01
6.689904928207397461e-01 6.551541090011596680e-01
7.479762434959411621e-01 6.679465770721435547e-01
6.266089677810668945e-01 3.874924182891845703e-01
7.250590324401855469e-01 7.602495551109313965e-01
5.628330111503601074e-01 4.114240109920501709e-01
7.631177306175231934e-01 6.079775094985961914e-01
7.466107606887817383e-01 6.105682849884033203e-01
4.409226179122924805e-01 7.288451194763183594e-01
5.824470520019531250e-01 7.260081171989440918e-01
4.233236014842987061e-01 5.584821105003356934e-01
7.085153460502624512e-01 4.731492698192596436e-01
5.770928859710693359e-01 7.401297688484191895e-01
5.373176336288452148e-01 6.506271362304687500e-01
4.032973647117614746e-01 6.121217012405395508e-01
5.449683666229248047e-01 7.647320628166198730e-01
6.861990094184875488e-01 5.771508216857910156e-01
7.794523239135742188e-01 6.275833845138549805e-01
3.793039917945861816e-01 6.254432201385498047e-01
7.025195360183715820e-01 7.118527293205261230e-01
5.429487824440002441e-01 7.833346724510192871e-01
5.298925638198852539e-01 4.082322418689727783e-01
5.242129564285278320e-01 7.088787555694580078e-01
4.418947100639343262e-01 6.442891955375671387e-01
7.358151078224182129e-01 5.393936038017272949e-01
5.533682107925415039e-01 7.835950255393981934e-01
6.451237201690673828e-01 7.973125576972961426e-01
8.476361036300659180e-01 5.935978889465332031e-01
5.187266469001770020e-01 3.862412273883819580e-01
6.855294704437255859e-01 7.736470699310302734e-01
6.215123534202575684e-01 7.231475710868835449e-01
7.691629528999328613e-01 6.456080079078674316e-01
8.061368465423583984e-01 5.549046397209167480e-01
7.494044303894042969e-01 6.467670202255249023e-01
4.557207226753234863e-01 7.478675246238708496e-01
7.974513173103332520e-01 6.544324159622192383e-01
6.585614085197448730e-01 6.114211678504943848e-01
7.157800793647766113e-01 7.658708095550537109e-01
7.719057202339172363e-01 5.516273379325866699e-01
6.293244361877441406e-01 3.539158403873443604e-01
7.862900495529174805e-01 6.741024851799011230e-01
3.560867309570312500e-01 6.098464131355285645e-01
7.717701792716979980e-01 5.708454847335815430e-01
4.493824243545532227e-01 5.799421072006225586e-01
7.590537071228027344e-01 5.362725853919982910e-01
5.736035108566284180e-01 4.170971810817718506e-01
5.300947427749633789e-01 4.323623776435852051e-01
6.259993910789489746e-01 5.329485535621643066e-01
5.532672405242919922e-01 5.706217885017395020e-01
5.237397551536560059e-01 6.375833153724670410e-01
3.947066068649291992e-01 5.532773137092590332e-01
4.429875612258911133e-01 5.955575108528137207e-01
6.147013902664184570e-01 6.896906495094299316e-01
7.858785390853881836e-01 5.895506143569946289e-01
7.292631268501281738e-01 6.656823754310607910e-01
5.536536574363708496e-01 6.919520497322082520e-01
6.118333935737609863e-01 6.829899549484252930e-01
5.731408596038818359e-01 7.465879321098327637e-01
3.852982521057128906e-01 5.820791721343994141e-01
6.113498806953430176e-01 8.277090191841125488e-01
8.182860016822814941e-01 5.994552969932556152e-01
7.476419210433959961e-01 5.598783493041992188e-01
5.247301459312438965e-01 5.705431699752807617e-01
5.889205932617187500e-01 5.949200391769409180e-01
3.912361860275268555e-01 5.469144582748413086e-01
7.662168741226196289e-01 7.091571092605590820e-01
7.788674235343933105e-01 7.070493698120117188e-01
6.720257997512817383e-01 7.104715108871459961e-01
6.912323236465454102e-01 6.716513037681579590e-01
3.893166780471801758e-01 5.906867384910583496e-01
7.953972220420837402e-01 5.990417003631591797e-01
6.250717043876647949e-01 4.116194546222686768e-01
5.579844117164611816e-01 5.566145181655883789e-01
5.753124356269836426e-01 3.733155429363250732e-01
5.755031704902648926e-01 3.568088412284851074e-01
6.799486279487609863e-01 4.123282730579376221e-01
4.799759984016418457e-01 7.431470155715942383e-01
8.127666115760803223e-01 6.527628302574157715e-01
3.835639357566833496e-01 5.787682533264160156e-01
7.115447521209716797e-01 7.371114492416381836e-01
7.873564958572387695e-01 6.239571571350097656e-01
8.357521891593933105e-01 6.224228143692016602e-01
6.032062172889709473e-01 8.180127143859863281e-01
5.940141677856445312e-01 4.988325834274291992e-01
5.532557368278503418e-01 6.005085706710815430e-01
6.575953364372253418e-01 6.674998998641967773e-01
5.070503950119018555e-01 4.716441035270690918e-01
5.660384297370910645e-01 7.899789810180664062e-01
5.499604940414428711e-01 5.552659630775451660e-01
5.328022241592407227e-01 5.087452530860900879e-01
6.994354128837585449e-01 5.146707296371459961e-01
7.167664170265197754e-01 7.342304587364196777e-01
6.285374164581298828e-01 6.771826148033142090e-01
4.700628519058227539e-01 6.718168258666992188e-01
5.876918435096740723e-01 3.794368505477905273e-01
5.276149511337280273e-01 7.277267575263977051e-01
3.641436398029327393e-01 6.523896455764770508e-01
5.374478697776794434e-01 4.523747861385345459e-01
6.190807819366455078e-01 6.454913020133972168e-01
4.574013054370880127e-01 6.543778777122497559e-01
6.507598757743835449e-01 7.895279526710510254e-01
5.535618662834167480e-01 8.026517033576965332e-01
7.008998990058898926e-01 7.366953492164611816e-01
7.756758332252502441e-01 6.211035847663879395e-01
5.914016962051391602e-01 6.903187036514282227e-01
4.344376921653747559e-01 5.465091466903686523e-01
7.302142381668090820e-01 7.598896622657775879e-01
6.093602776527404785e-01 4.645096659660339355e-01
7.630054950714111328e-01 5.075964331626892090e-01
7.410933971405029297e-01 7.603062987327575684e-01
7.554035186767578125e-01 7.445941567420959473e-01
7.429610490798950195e-01 6.853708028793334961e-01
5.726308822631835938e-01 6.983894109725952148e-01
7.822628021240234375e-01 6.671156883239746094e-01
4.171394705772399902e-01 4.824029207229614258e-01
6.783611774444580078e-01 8.098899722099304199e-01
5.999844670295715332e-01 6.366737484931945801e-01
6.637542247772216797e-01 4.873732030391693115e-01
7.865821719169616699e-01 6.630000472068786621e-01
4.692192077636718750e-01 7.312088608741760254e-01
5.102242231369018555e-01 4.315880239009857178e-01
4.984548091888427734e-01 7.312421202659606934e-01
6.570770740509033203e-01 7.398021817207336426e-01
4.076367020606994629e-01 5.052252411842346191e-01
7.019582390785217285e-01 7.651742696762084961e-01
4.920479059219360352e-01 4.758399426937103271e-01
6.005985140800476074e-01 7.145547866821289062e-01
4.902814924716949463e-01 5.264896154403686523e-01
7.346625328063964844e-01 6.893227696418762207e-01
5.444768667221069336e-01 7.745264768600463867e-01
6.823182702064514160e-01 5.993970036506652832e-01
8.304024934768676758e-01 6.449756622314453125e-01
6.561625599861145020e-01 5.534635782241821289e-01
5.777621865272521973e-01 7.650928497314453125e-01
6.744715571403503418e-01 7.005571126937866211e-01
5.847645401954650879e-01 6.909521818161010742e-01
4.868551194667816162e-01 4.543431997299194336e-01
7.358998060226440430e-01 6.190823912620544434e-01
6.402184963226318359e-01 3.802889287471771240e-01
6.781079173088073730e-01 4.645555317401885986e-01
6.986312866210937500e-01 4.906836152076721191e-01
6.074643731117248535e-01 7.363640666007995605e-01
5.250631570816040039e-01 4.430164396762847900e-01
7.577757835388183594e-01 6.247773170471191406e-01
3.694114089012145996e-01 6.003532409667968750e-01
5.484502911567687988e-01 4.237296283245086670e-01
6.297638416290283203e-01 6.595765948295593262e-01
7.694728374481201172e-01 7.173885703086853027e-01
4.652432501316070557e-01 5.885215401649475098e-01
8.372547626495361328e-01 6.196951270103454590e-01
4.914156496524810791e-01 7.545950412750244141e-01
6.571153402328491211e-01 5.950516462326049805e-01
5.793243646621704102e-01 6.062134504318237305e-01
5.889562964439392090e-01 4.884670078754425049e-01
8.180676698684692383e-01 5.858771204948425293e-01
6.424316167831420898e-01 5.610545277595520020e-01
4.387968182563781738e-01 5.613464713096618652e-01
5.490551590919494629e-01 7.817575931549072266e-01
5.767731070518493652e-01 7.405214905738830566e-01
6.721756458282470703e-01 7.184175848960876465e-01
6.558045744895935059e-01 7.545825242996215820e-01
6.599813699722290039e-01 7.973951697349548340e-01
5.924607515335083008e-01 6.945732235908508301e-01
6.741528511047363281e-01 7.270254492759704590e-01
6.342670917510986328e-01 4.431494474411010742e-01
7.715664505958557129e-01 7.543722391128540039e-01
5.884180068969726562e-01 4.399379491806030273e-01
7.996006011962890625e-01 6.312308311462402344e-01
5.658130645751953125e-01 5.556371212005615234e-01
4.792810380458831787e-01 6.754264235496520996e-01
4.371448457241058350e-01 5.276498794555664062e-01
6.114942431449890137e-01 5.220873951911926270e-01
6.050671935081481934e-01 7.790035605430603027e-01
6.215576529502868652e-01 5.462380647659301758e-01
6.649210453033447266e-01 5.396897792816162109e-01
7.570404410362243652e-01 6.844516992568969727e-01
5.902473330497741699e-01 4.121813476085662842e-01
5.301846265792846680e-01 5.340328216552734375e-01
6.659524440765380859e-01 7.956998944282531738e-01
4.516144692897796631e-01 5.270622372627258301e-01
7.137277126312255859e-01 7.916808128356933594e-01
5.046859979629516602e-01 7.673019766807556152e-01
5.181092023849487305e-01 7.629874348640441895e-01
5.304398536682128906e-01 6.406176686286926270e-01
4.690498709678649902e-01 6.508171558380126953e-01
7.285941839218139648e-01 4.744243621826171875e-01
5.379412770271301270e-01 4.938222467899322510e-01
6.437555551528930664e-01 7.753611207008361816e-01
6.078035235404968262e-01 6.271319389343261719e-01
7.245272994041442871e-01 4.910629987716674805e-01
5.731099247932434082e-01 4.547095894813537598e-01
7.206026315689086914e-01 5.568084120750427246e-01
3.622757196426391602e-01 5.615863204002380371e-01
7.706316113471984863e-01 5.752093195915222168e-01
7.013052105903625488e-01 7.700891494750976562e-01
7.007990479469299316e-01 4.081432521343231201e-01
4.622959792613983154e-01 6.397330760955810547e-01
4.993072152137756348e-01 7.496358156204223633e-01
5.998281836509704590e-01 7.856854796409606934e-01
6.808833479881286621e-01 3.894734680652618408e-01
5.100862383842468262e-01 4.417288601398468018e-01
5.874134898185729980e-01 4.133305847644805908e-01
4.978218376636505127e-01 7.290863394737243652e-01
5.990132093429565430e-01 5.014619827270507812e-01
6.167795658111572266e-01 7.940891385078430176e-01
3.854819238185882568e-01 5.662084221839904785e-01
6.304440498352050781e-01 4.705619812011718750e-01
5.003233551979064941e-01 4.336739182472229004e-01
5.081564188003540039e-01 6.840870976448059082e-01
5.779139399528503418e-01 5.325546860694885254e-01
8.063709139823913574e-01 5.510628223419189453e-01
5.821971893310546875e-01 7.347956299781799316e-01
6.939888000488281250e-01 5.753780603408813477e-01
6.074865460395812988e-01 6.512879133224487305e-01
3.795914351940155029e-01 6.084141731262207031e-01
5.658294558525085449e-01 7.606629729270935059e-01
6.587892770767211914e-01 6.401301026344299316e-01
7.676101326942443848e-01 5.537459850311279297e-01
7.618626952171325684e-01 5.720304250717163086e-01
4.290839135646820068e-01 6.943977475166320801e-01
7.379761934280395508e-01 7.025136351585388184e-01
5.673745274543762207e-01 5.167301297187805176e-01
7.494494318962097168e-01 6.086835861206054688e-01
6.473968625068664551e-01 7.555681467056274414e-01
7.264319658279418945e-01 5.472148656845092773e-01
7.073972821235656738e-01 6.437960267066955566e-01
5.198954939842224121e-01 6.168884038925170898e-01
6.738410592079162598e-01 6.699432730674743652e-01
7.200547456741333008e-01 7.223160266876220703e-01
7.374652028083801270e-01 6.431134939193725586e-01
5.299906730651855469e-01 6.799702048301696777e-01
4.642057716846466064e-01 6.358095407485961914e-01
7.574758529663085938e-01 5.991519093513488770e-01
7.885888814926147461e-01 5.844398736953735352e-01
8.629663586616516113e-01 6.051406860351562500e-01
6.454057097434997559e-01 5.164774060249328613e-01
7.249996662139892578e-01 7.063915729522705078e-01
7.147336006164550781e-01 6.061905026435852051e-01
5.872986912727355957e-01 7.946153879165649414e-01
7.943640947341918945e-01 5.098662972450256348e-01
6.191782951354980469e-01 3.780430853366851807e-01
6.013826727867126465e-01 3.418024480342864990e-01
6.924177408218383789e-01 6.312854886054992676e-01
5.367434620857238770e-01 7.317830920219421387e-01
5.183572769165039062e-01 6.819039583206176758e-01
7.771419286727905273e-01 6.464731693267822266e-01
7.377710342407226562e-01 6.174324750900268555e-01
4.209383726119995117e-01 5.967420339584350586e-01
5.820195078849792480e-01 6.533352136611938477e-01
3.754840493202209473e-01 6.097295880317687988e-01
8.161047101020812988e-01 5.618619322776794434e-01
5.363835692405700684e-01 5.927445292472839355e-01
5.066275000572204590e-01 5.441949367523193359e-01
4.536176919937133789e-01 7.514468431472778320e-01
8.129259347915649414e-01 6.012806296348571777e-01
3.806097507476806641e-01 5.964402556419372559e-01
5.676605105400085449e-01 6.734446287155151367e-01
6.565837264060974121e-01 5.313302278518676758e-01
3.939070403575897217e-01 5.265424847602844238e-01
5.964678525924682617e-01 6.033000349998474121e-01
8.420702815055847168e-01 6.435717344284057617e-01
7.581173777580261230e-01 5.102636814117431641e-01
6.762764453887939453e-01 7.634769082069396973e-01
4.309302270412445068e-01 6.395196914672851562e-01
5.102017521858215332e-01 5.493653416633605957e-01
7.568383216857910156e-01 7.113384008407592773e-01
4.542357027530670166e-01 5.419115424156188965e-01
5.121151804924011230e-01 4.471307396888732910e-01
6.776195764541625977e-01 4.947499930858612061e-01
6.103430986404418945e-01 4.268201887607574463e-01
7.192680835723876953e-01 4.714078009128570557e-01
5.236207842826843262e-01 7.140783071517944336e-01
4.289369285106658936e-01 6.332609653472900391e-01
7.144406437873840332e-01 7.152206301689147949e-01
4.508428871631622314e-01 6.230946183204650879e-01
5.959822535514831543e-01 7.604086399078369141e-01
5.321587324142456055e-01 6.761679053306579590e-01
6.004327535629272461e-01 7.353214621543884277e-01
6.573829054832458496e-01 7.771981954574584961e-01
6.478446125984191895e-01 4.303616583347320557e-01
6.060323715209960938e-01 3.910873532295227051e-01
6.828685998916625977e-01 4.233348071575164795e-01
7.200242280960083008e-01 7.282902598381042480e-01
4.110030531883239746e-01 5.904118418693542480e-01
5.610036849975585938e-01 3.560174405574798584e-01
4.132150113582611084e-01 5.042836070060729980e-01
4.865091145038604736e-01 5.221208333969116211e-01
5.584223270416259766e-01 8.269995450973510742e-01
4.169855713844299316e-01 6.319625973701477051e-01
5.836323499679565430e-01 8.001986742019653320e-01
5.783590078353881836e-01 6.664904952049255371e-01
5.959721207618713379e-01 7.247692942619323730e-01
6.098918914794921875e-01 7.155783176422119141e-01
8.481089472770690918e-01 6.039617657661437988e-01
4.657833874225616455e-01 5.655478239059448242e-01
4.608450531959533691e-01 4.994664788246154785e-01
5.973846912384033203e-01 7.218964099884033203e-01
6.095341444015502930e-01 7.073442935943603516e-01
4.063728749752044678e-01 5.649051666259765625e-01
5.355034470558166504e-01 6.597154140472412109e-01
7.254058718681335449e-01 4.978603720664978027e-01
7.385898828506469727e-01 6.062237024307250977e-01
5.018362402915954590e-01 5.555696487426757812e-01
7.229768037796020508e-01 5.585613846778869629e-01
7.791364192962646484e-01 5.448673367500305176e-01
6.644272804260253906e-01 7.682819366455078125e-01
6.397837996482849121e-01 4.381586909294128418e-01
6.580774784088134766e-01 5.909446477890014648e-01
6.819005012512207031e-01 5.520622730255126953e-01
7.119162082672119141e-01 7.317888140678405762e-01
3.780003488063812256e-01 5.631198287010192871e-01
5.047778487205505371e-01 4.571968615055084229e-01
5.961236953735351562e-01 4.419465363025665283e-01
4.834008514881134033e-01 4.456201791763305664e-01
5.681393742561340332e-01 7.816039323806762695e-01
7.304903864860534668e-01 5.978567004203796387e-01
4.124534130096435547e-01 5.890344381332397461e-01
6.729528307914733887e-01 6.451752781867980957e-01
4.696861505508422852e-01 7.212337255477905273e-01
5.148642659187316895e-01 4.734440743923187256e-01
5.243184566497802734e-01 4.805395305156707764e-01
7.581977844238281250e-01 6.541312336921691895e-01
4.293583929538726807e-01 5.597852468490600586e-01
5.640308260917663574e-01 5.643802285194396973e-01
6.784123778343200684e-01 4.303916990756988525e-01
8.402911424636840820e-01 6.415042877197265625e-01
7.120602130889892578e-01 4.669941663742065430e-01
7.242888212203979492e-01 6.530979871749877930e-01
4.516430795192718506e-01 4.741655290126800537e-01
4.941823780536651611e-01 7.381729483604431152e-01
6.326571106910705566e-01 7.533431649208068848e-01
7.272433042526245117e-01 4.443740248680114746e-01
4.825121462345123291e-01 4.891837835311889648e-01
6.877775192260742188e-01 7.526024580001831055e-01
6.747679710388183594e-01 5.759767889976501465e-01
5.594943761825561523e-01 3.797929883003234863e-01
5.541374087333679199e-01 3.975384533405303955e-01
4.490422308444976807e-01 5.379164814949035645e-01
6.040948629379272461e-01 4.697563350200653076e-01
5.727360248565673828e-01 7.746529579162597656e-01
5.122218728065490723e-01 5.086802244186401367e-01
6.306395530700683594e-01 4.653890728950500488e-01
3.905872702598571777e-01 5.657702684402465820e-01
6.340642571449279785e-01 8.006311655044555664e-01
5.985116958618164062e-01 6.565447449684143066e-01
7.847923040390014648e-01 5.843054056167602539e-01
4.605170488357543945e-01 6.674396395683288574e-01
6.159109473228454590e-01 6.832224726676940918e-01
6.328144073486328125e-01 5.670339465141296387e-01
5.320404171943664551e-01 4.612061381340026855e-01
7.328832149505615234e-01 5.924961566925048828e-01
5.361089110374450684e-01 5.735878944396972656e-01
7.896312475204467773e-01 5.638597607612609863e-01
7.628971338272094727e-01 7.199783921241760254e-01
6.334741115570068359e-01 3.721410334110260010e-01
7.227490544319152832e-01 4.860359132289886475e-01
6.006743907928466797e-01 3.883217275142669678e-01
4.573727846145629883e-01 7.242932319641113281e-01
6.807435154914855957e-01 4.648227393627166748e-01
8.155900835990905762e-01 6.296043992042541504e-01
6.834400892257690430e-01 4.112752974033355713e-01
6.809783577919006348e-01 7.141481637954711914e-01
7.363141179084777832e-01 5.190685987472534180e-01
3.813650906085968018e-01 5.667603015899658203e-01
5.319160819053649902e-01 4.774297177791595459e-01
7.080092430114746094e-01 5.240094661712646484e-01
5.224257111549377441e-01 6.839541792869567871e-01
8.174375891685485840e-01 5.937462449073791504e-01
5.109481811523437500e-01 5.902892351150512695e-01
7.902387380599975586e-01 7.066220045089721680e-01
6.653971076011657715e-01 3.798880279064178467e-01
4.768742620944976807e-01 6.666215658187866211e-01
5.123519301414489746e-01 5.096994042396545410e-01
4.336594939231872559e-01 5.277302861213684082e-01
5.608176589012145996e-01 5.090852975845336914e-01
6.740359663963317871e-01 6.403654217720031738e-01
6.006176471710205078e-01 3.694401085376739502e-01
7.927731275558471680e-01 5.816341042518615723e-01
6.973348855972290039e-01 4.289542436599731445e-01
5.144361257553100586e-01 4.215290248394012451e-01
7.061499953269958496e-01 6.831372380256652832e-01
5.725736021995544434e-01 4.167483448982238770e-01
4.940148293972015381e-01 6.666934490203857422e-01
6.961218714714050293e-01 4.210521578788757324e-01
5.800098776817321777e-01 6.266869306564331055e-01
4.694373011589050293e-01 6.437438130378723145e-01
7.552211284637451172e-01 7.401556372642517090e-01
5.130470395088195801e-01 4.518131017684936523e-01
3.847759962081909180e-01 5.557799339294433594e-01
5.908310413360595703e-01 3.981037735939025879e-01
5.740271210670471191e-01 4.032641947269439697e-01
5.414740443229675293e-01 4.879263639450073242e-01
6.864511966705322266e-01 5.777986645698547363e-01
5.990278124809265137e-01 5.103311538696289062e-01
8.278441429138183594e-01 5.866038203239440918e-01
5.281012654304504395e-01 7.818032503128051758e-01
4.363313615322113037e-01 6.152333021163940430e-01
7.445226311683654785e-01 4.689444899559020996e-01
4.545072317123413086e-01 6.190865635871887207e-01
5.218008756637573242e-01 6.735190153121948242e-01
7.489858269691467285e-01 5.044344067573547363e-01
8.165714740753173828e-01 5.434782505035400391e-01
6.461672782897949219e-01 5.049250721931457520e-01
6.371362209320068359e-01 4.587543606758117676e-01
6.565312743186950684e-01 5.347572565078735352e-01
8.049367070198059082e-01 5.952891111373901367e-01
8.211177587509155273e-01 5.701318383216857910e-01
5.504468083381652832e-01 4.638718664646148682e-01
6.907242536544799805e-01 5.101882219314575195e-01
5.573103427886962891e-01 7.643952369689941406e-01
7.982913255691528320e-01 6.056366562843322754e-01
7.494148015975952148e-01 5.971446633338928223e-01
6.970975399017333984e-01 7.040761113166809082e-01
6.802551150321960449e-01 7.769646048545837402e-01
4.949836730957031250e-01 6.568496227264404297e-01
6.877619028091430664e-01 5.830104351043701172e-01
7.693374156951904297e-01 5.237006545066833496e-01
8.377387523651123047e-01 6.122805476188659668e-01
7.787645459175109863e-01 5.879588723182678223e-01
7.213479280471801758e-01 6.631103754043579102e-01
6.921589374542236328e-01 5.149669647216796875e-01
7.056604623794555664e-01 4.868643879890441895e-01
7.889840602874755859e-01 5.879193544387817383e-01
8.280965685844421387e-01 5.955075025558471680e-01
7.563794255256652832e-01 7.267158031463623047e-01
6.650651693344116211e-01 7.802594304084777832e-01
5.454534292221069336e-01 7.618638277053833008e-01
5.244464278221130371e-01 4.537289440631866455e-01
5.396022796630859375e-01 7.549555897712707520e-01
6.384840011596679688e-01 6.104537844657897949e-01
5.738472342491149902e-01 6.534260511398315430e-01
7.245392203330993652e-01 4.711117446422576904e-01
6.888605356216430664e-01 6.414101123809814453e-01
7.156953215599060059e-01 6.438092589378356934e-01
3.667710125446319580e-01 5.540520548820495605e-01
5.718525648117065430e-01 5.836195349693298340e-01
7.112052440643310547e-01 5.647734403610229492e-01
5.630209445953369141e-01 5.214027166366577148e-01
8.244780302047729492e-01 6.121599078178405762e-01
4.449704289436340332e-01 7.198187112808227539e-01
5.315328240394592285e-01 4.318692386150360107e-01
6.365258693695068359e-01 3.789319097995758057e-01
4.862607419490814209e-01 5.166788101196289062e-01
7.189256548881530762e-01 6.694759130477905273e-01
6.337500214576721191e-01 4.366088807582855225e-01
6.578994393348693848e-01 5.612245798110961914e-01
7.013934254646301270e-01 5.581771135330200195e-01
7.976010441780090332e-01 6.968078017234802246e-01
6.950206160545349121e-01 4.550415277481079102e-01
5.007996559143066406e-01 7.250487804412841797e-01
7.512515783309936523e-01 4.530995190143585205e-01
5.237668156623840332e-01 7.218480110168457031e-01
6.892188191413879395e-01 5.022810101509094238e-01
6.582386493682861328e-01 5.268530249595642090e-01
7.479858994483947754e-01 6.349216103553771973e-01
7.234809398651123047e-01 6.484486460685729980e-01
4.600912928581237793e-01 5.769472718238830566e-01
5.830575823783874512e-01 7.590285539627075195e-01
5.145578384399414062e-01 7.792279720306396484e-01
6.388893127441406250e-01 4.054663777351379395e-01
8.545861244201660156e-01 6.379165053367614746e-01
7.811983227729797363e-01 5.235239863395690918e-01
5.922249555587768555e-01 3.736106455326080322e-01
7.567191720008850098e-01 5.277662277221679688e-01
5.173725485801696777e-01 5.627847909927368164e-01
7.470299601554870605e-01 5.490901470184326172e-01
5.665123462677001953e-01 6.212690472602844238e-01
8.130506873130798340e-01 6.788805723190307617e-01
6.133666038513183594e-01 7.132792472839355469e-01
4.541617929935455322e-01 5.887296199798583984e-01
8.371357917785644531e-01 5.977761149406433105e-01
6.918568611145019531e-01 7.326271533966064453e-01
5.968025922775268555e-01 6.657880544662475586e-01
5.834897160530090332e-01 3.544604778289794922e-01
6.291442513465881348e-01 3.909560143947601318e-01
5.443953275680541992e-01 4.361792206764221191e-01
6.522236466407775879e-01 4.082631766796112061e-01
5.836673378944396973e-01 3.765087425708770752e-01
6.470359563827514648e-01 7.701624035835266113e-01
8.325071930885314941e-01 5.849139094352722168e-01
6.796764135360717773e-01 6.068012118339538574e-01
4.944591224193572998e-01 7.161374688148498535e-01
7.040207386016845703e-01 6.102407574653625488e-01
6.756250858306884766e-01 5.137674808502197266e-01
4.647037982940673828e-01 4.493633806705474854e-01
5.680883526802062988e-01 7.803170680999755859e-01
5.827515125274658203e-01 4.586194157600402832e-01
5.958787202835083008e-01 6.438468694686889648e-01
5.159162878990173340e-01 6.888223886489868164e-01
6.059861183166503906e-01 7.363240718841552734e-01
4.205183684825897217e-01 6.321434974670410156e-01
5.785905122756958008e-01 5.359042286872863770e-01
6.874657869338989258e-01 5.549223423004150391e-01
3.847342729568481445e-01 6.496136188507080078e-01
6.927861571311950684e-01 5.517640113830566406e-01
4.574888050556182861e-01 5.768509507179260254e-01
5.080158114433288574e-01 6.468877196311950684e-01
7.707509398460388184e-01 5.458808541297912598e-01
4.068465828895568848e-01 5.244556665420532227e-01
7.675560116767883301e-01 5.697333216667175293e-01
6.861061453819274902e-01 4.803599715232849121e-01
4.585863947868347168e-01 5.512295961380004883e-01
5.373476147651672363e-01 6.895065903663635254e-01
4.660675823688507080e-01 7.432030439376831055e-01
6.808047890663146973e-01 5.522729754447937012e-01
4.740432798862457275e-01 6.125482916831970215e-01
5.535977482795715332e-01 7.997820973396301270e-01
6.882408261299133301e-01 6.405842304229736328e-01
7.759013772010803223e-01 5.534955263137817383e-01
5.085831880569458008e-01 5.186585187911987305e-01
7.603660225868225098e-01 7.315061688423156738e-01
6.301602125167846680e-01 6.535120010375976562e-01
5.913758873939514160e-01 7.659398913383483887e-01
4.806352257728576660e-01 6.051299571990966797e-01
3.991510272026062012e-01 6.028629541397094727e-01
5.239989161491394043e-01 4.006155133247375488e-01
7.895911335945129395e-01 5.822628140449523926e-01
5.370311737060546875e-01 6.064067482948303223e-01
5.090624690055847168e-01 6.509767770767211914e-01
7.928665280342102051e-01 5.828002095222473145e-01
4.386630356311798096e-01 6.374335289001464844e-01
5.713052749633789062e-01 4.203182160854339600e-01
5.279249548912048340e-01 5.629583001136779785e-01
5.348732471466064453e-01 7.776850461959838867e-01
5.986028313636779785e-01 4.243508875370025635e-01
6.823741197586059570e-01 7.417740225791931152e-01
8.226969838142395020e-01 6.057052016258239746e-01
3.618125319480895996e-01 5.839009284973144531e-01
6.181656718254089355e-01 4.752212166786193848e-01
6.294023990631103516e-01 8.120453357696533203e-01
4.653982222080230713e-01 6.647816300392150879e-01
4.176624119281768799e-01 5.525127053260803223e-01
5.950335264205932617e-01 7.058476209640502930e-01
6.241348385810852051e-01 5.503768920898437500e-01
6.547618508338928223e-01 6.250931024551391602e-01
6.278491020202636719e-01 4.700042307376861572e-01
7.985642552375793457e-01 6.187744736671447754e-01
3.787064254283905029e-01 6.388463377952575684e-01
7.475281357765197754e-01 7.603057622909545898e-01
4.305800199508666992e-01 5.285094976425170898e-01
4.095966517925262451e-01 5.388846993446350098e-01
8.270296454429626465e-01 6.155734062194824219e-01
6.941194534301757812e-01 7.431951165199279785e-01
7.498134374618530273e-01 7.603457570075988770e-01
6.734547615051269531e-01 6.778751015663146973e-01
4.297093152999877930e-01 5.419384837150573730e-01
5.354791879653930664e-01 4.853964149951934814e-01
6.685652136802673340e-01 5.849526524543762207e-01
5.063080787658691406e-01 4.261510372161865234e-01
7.413173913955688477e-01 6.652608513832092285e-01
5.776705741882324219e-01 5.297475457191467285e-01
8.213717937469482422e-01 5.277044773101806641e-01
5.498238205909729004e-01 6.320074200630187988e-01
6.973311305046081543e-01 4.089988470077514648e-01
5.946179628372192383e-01 7.369368076324462891e-01
4.108895063400268555e-01 6.255942583084106445e-01
5.344297885894775391e-01 5.743899941444396973e-01
4.562930464744567871e-01 7.356523871421813965e-01
6.751585602760314941e-01 6.727164983749389648e-01
6.298802495002746582e-01 3.726606965065002441e-01
7.730554342269897461e-01 6.422052979469299316e-01
7.313190102577209473e-01 7.018780708312988281e-01
6.918460130691528320e-01 4.014110565185546875e-01
5.130341649055480957e-01 7.209185957908630371e-01
6.878634691238403320e-01 6.872656941413879395e-01
6.737596392631530762e-01 4.051945507526397705e-01
6.514835953712463379e-01 4.117969870567321777e-01
5.761146545410156250e-01 6.089219450950622559e-01
6.732043623924255371e-01 5.261294841766357422e-01
5.736479759216308594e-01 7.429220080375671387e-01
5.701733231544494629e-01 3.601438403129577637e-01
6.818970441818237305e-01 7.039637565612792969e-01
4.387924075126647949e-01 7.043060064315795898e-01
7.077453732490539551e-01 5.182200670242309570e-01
6.004171967506408691e-01 4.279304444789886475e-01
7.228344678878784180e-01 5.097852945327758789e-01
6.638352274894714355e-01 7.300212979316711426e-01
4.111844599246978760e-01 5.361203551292419434e-01
5.418228507041931152e-01 6.031325459480285645e-01
7.100681066513061523e-01 7.397612333297729492e-01
6.636269688606262207e-01 4.377917945384979248e-01
5.625305175781250000e-01 6.851101517677307129e-01
6.142119765281677246e-01 6.105327010154724121e-01
6.744605302810668945e-01 6.758112311363220215e-01
4.379027485847473145e-01 5.685757994651794434e-01
6.124886274337768555e-01 6.597386598587036133e-01
7.374719381332397461e-01 7.569862604141235352e-01
7.629874944686889648e-01 4.618900418281555176e-01
6.544879078865051270e-01 4.338847696781158447e-01
4.205536246299743652e-01 5.027456879615783691e-01
7.882089614868164062e-01 6.121956110000610352e-01
7.053972482681274414e-01 6.414970755577087402e-01
6.374367475509643555e-01 6.449306011199951172e-01
5.830622911453247070e-01 4.245298802852630615e-01
7.869531512260437012e-01 6.176752448081970215e-01
4.160040915012359619e-01 6.897665262222290039e-01
5.577989220619201660e-01 6.313269138336181641e-01
8.562376499176025391e-01 6.200191378593444824e-01
5.575447082519531250e-01 3.907419741153717041e-01
7.383906841278076172e-01 4.834075868129730225e-01
4.228476583957672119e-01 6.858042478561401367e-01
4.307067394256591797e-01 6.804130077362060547e-01
6.177402734756469727e-01 3.936325609683990479e-01
6.855577230453491211e-01 7.760483622550964355e-01
8.141349554061889648e-01 5.395320057868957520e-01
6.318930983543395996e-01 4.609303474426269531e-01
8.113869428634643555e-01 6.041416525840759277e-01
5.823130011558532715e-01 5.337782502174377441e-01
5.594795942306518555e-01 7.436567544937133789e-01
4.437744021415710449e-01 5.172308087348937988e-01
4.963508844375610352e-01 5.810858011245727539e-01
5.577199459075927734e-01 4.986605644226074219e-01
4.888454675674438477e-01 5.799659490585327148e-01
5.765106081962585449e-01 7.128337025642395020e-01
7.368963956832885742e-01 5.570820569992065430e-01
5.741983056068420410e-01 8.197866678237915039e-01
4.136282205581665039e-01 5.851774811744689941e-01
4.766220152378082275e-01 7.233986258506774902e-01
5.577666163444519043e-01 7.046494483947753906e-01
4.191275835037231445e-01 5.274876952171325684e-01
5.154521465301513672e-01 6.433647274971008301e-01
4.859751462936401367e-01 7.339603900909423828e-01
6.310677528381347656e-01 6.034917831420898438e-01
6.969310045242309570e-01 8.147635459899902344e-01
3.833786249160766602e-01 5.844911336898803711e-01
5.688962936401367188e-01 7.889981865882873535e-01
4.316755831241607666e-01 6.506680250167846680e-01
6.968016028404235840e-01 4.382668733596801758e-01
7.030987143516540527e-01 5.960801839828491211e-01
8.136767148971557617e-01 6.137742400169372559e-01
5.062118172645568848e-01 6.924946308135986328e-01
6.888806223869323730e-01 6.693986058235168457e-01
8.184049725532531738e-01 5.520987510681152344e-01
7.038238048553466797e-01 7.090093493461608887e-01
6.898926496505737305e-01 7.883425951004028320e-01
6.717800498008728027e-01 4.308044910430908203e-01
5.816521048545837402e-01 3.906080424785614014e-01
6.466435194015502930e-01 5.476099848747253418e-01
5.884922742843627930e-01 6.267254352569580078e-01
8.031302094459533691e-01 5.924721360206604004e-01
6.476678252220153809e-01 7.934373617172241211e-01
5.171732306480407715e-01 6.119095683097839355e-01
4.822054505348205566e-01 7.562972903251647949e-01
5.102299451828002930e-01 8.050457835197448730e-01
5.837507247924804688e-01 7.606857419013977051e-01
4.697028100490570068e-01 5.758633613586425781e-01
3.687437474727630615e-01 5.919637680053710938e-01
6.883443593978881836e-01 4.627127349376678467e-01
5.140296816825866699e-01 7.577237486839294434e-01
7.942887544631958008e-01 5.917773246765136719e-01
7.124271988868713379e-01 4.365150332450866699e-01
5.097607374191284180e-01 4.989363253116607666e-01
7.786473631858825684e-01 6.202073693275451660e-01
7.375498414039611816e-01 4.795472919940948486e-01
7.370632886886596680e-01 4.409960508346557617e-01
5.553121566772460938e-01 4.497956037521362305e-01
5.414294004440307617e-01 6.518377661705017090e-01
7.299258708953857422e-01 6.619361042976379395e-01
6.131501197814941406e-01 7.996398806571960449e-01
6.954331398010253906e-01 4.516376256942749023e-01
6.762806177139282227e-01 4.713794887065887451e-01
4.341908395290374756e-01 6.753035783767700195e-01
6.868902444839477539e-01 7.613993287086486816e-01
7.141081690788269043e-01 4.807025194168090820e-01
7.566432356834411621e-01 7.276965975761413574e-01
6.713634729385375977e-01 5.974247455596923828e-01
5.802171826362609863e-01 3.776256442070007324e-01
5.857174396514892578e-01 4.093863368034362793e-01
6.472553610801696777e-01 4.720336794853210449e-01
7.686873078346252441e-01 6.923161149024963379e-01
7.599404454231262207e-01 6.328489184379577637e-01
5.449659228324890137e-01 5.223255157470703125e-01
7.992562651634216309e-01 6.644032001495361328e-01
5.564443469047546387e-01 7.378908991813659668e-01
7.000868320465087891e-01 4.338691830635070801e-01
5.757387280464172363e-01 7.813710570335388184e-01
7.615147233009338379e-01 4.784301221370697021e-01
6.282311677932739258e-01 5.044950246810913086e-01
7.281818985939025879e-01 7.072100639343261719e-01
4.885111451148986816e-01 6.535089612007141113e-01
3.948444426059722900e-01 5.457182526588439941e-01
5.935443043708801270e-01 7.670414447784423828e-01
7.314139604568481445e-01 7.518169879913330078e-01
5.156138539314270020e-01 7.635966539382934570e-01
6.969476938247680664e-01 7.137946486473083496e-01
5.426649451255798340e-01 6.570335030555725098e-01
6.321181058883666992e-01 4.201743900775909424e-01
4.490239024162292480e-01 6.213275790214538574e-01
4.299516379833221436e-01 6.733645796775817871e-01
6.963158845901489258e-01 6.626585721969604492e-01
6.673339009284973145e-01 7.020135521888732910e-01
6.522617340087890625e-01 7.250392436981201172e-01
5.003826022148132324e-01 7.211940288543701172e-01
5.140635967254638672e-01 7.442560791969299316e-01
7.730609774589538574e-01 5.285099744796752930e-01
6.869718432426452637e-01 5.562974810600280762e-01
6.304091811180114746e-01 6.961217522621154785e-01
6.453006863594055176e-01 7.435547113418579102e-01
6.174724102020263672e-01 7.122037410736083984e-01
5.024170279502868652e-01 5.112448930740356445e-01
8.222795724868774414e-01 5.403134822845458984e-01
5.950770378112792969e-01 3.580137193202972412e-01
5.275859832763671875e-01 7.134082317352294922e-01
8.357132673263549805e-01 6.258092522621154785e-01
4.096902310848236084e-01 5.790896415710449219e-01
8.038772940635681152e-01 5.908140540122985840e-01
5.967770218849182129e-01 8.036420345306396484e-01
6.618625521659851074e-01 7.028290033340454102e-01
6.004255414009094238e-01 8.221607208251953125e-01
6.485769152641296387e-01 6.024507284164428711e-01
4.193172752857208252e-01 5.174223184585571289e-01
7.766005396842956543e-01 7.068877220153808594e-01
5.979956984519958496e-01 8.186435699462890625e-01
4.565884470939636230e-01 7.553323507308959961e-01
5.603247880935668945e-01 6.234804987907409668e-01
5.515832901000976562e-01 6.015405654907226562e-01
4.110725224018096924e-01 5.556928515434265137e-01
6.778241395950317383e-01 6.849719882011413574e-01
5.375905632972717285e-01 7.664809226989746094e-01
6.160635948181152344e-01 3.676842749118804932e-01
5.896066427230834961e-01 5.863653421401977539e-01
5.709072351455688477e-01 3.786846995353698730e-01
6.249802708625793457e-01 5.859823226928710938e-01
6.380863189697265625e-01 7.123541831970214844e-01
6.394433975219726562e-01 3.919551372528076172e-01
5.449025630950927734e-01 6.498016715049743652e-01
5.249875783920288086e-01 4.555060565471649170e-01
6.608877182006835938e-01 6.068310141563415527e-01
4.256439208984375000e-01 5.890570878982543945e-01
8.062288165092468262e-01 6.096479892730712891e-01
6.346718072891235352e-01 7.407698631286621094e-01
7.022426128387451172e-01 7.691369652748107910e-01
6.886704564094543457e-01 4.494268000125885010e-01
5.173895359039306641e-01 4.298972785472869873e-01
7.427570223808288574e-01 6.864771842956542969e-01
7.618620991706848145e-01 5.195647478103637695e-01
6.012240648269653320e-01 5.976976156234741211e-01
7.099509835243225098e-01 5.043143033981323242e-01
6.363204717636108398e-01 7.620397210121154785e-01
6.325428485870361328e-01 6.556139588356018066e-01
5.617285370826721191e-01 4.654214084148406982e-01
8.493285179138183594e-01 6.248193383216857910e-01
4.884164929389953613e-01 6.640466451644897461e-01
5.857557058334350586e-01 7.537485957145690918e-01
7.618567347526550293e-01 5.502284169197082520e-01
6.024180054664611816e-01 5.966016054153442383e-01
4.045308530330657959e-01 5.200815796852111816e-01
7.107356786727905273e-01 5.059226155281066895e-01
8.140302300453186035e-01 5.371904969215393066e-01
4.513040184974670410e-01 5.784015655517578125e-01
5.801671147346496582e-01 7.373211383819580078e-01
6.121883988380432129e-01 7.145254015922546387e-01
6.009159684181213379e-01 8.072667717933654785e-01
5.734610557556152344e-01 6.551409363746643066e-01
7.347115874290466309e-01 7.225931882858276367e-01
6.470366120338439941e-01 5.018302202224731445e-01
7.610953450202941895e-01 7.338689565658569336e-01
7.661434412002563477e-01 5.237582921981811523e-01
4.824272394180297852e-01 6.355268955230712891e-01
4.344726204872131348e-01 7.082641124725341797e-01
5.927504897117614746e-01 6.885723471641540527e-01
6.227714419364929199e-01 7.625861763954162598e-01
7.218371629714965820e-01 4.823735654354095459e-01
5.175355672836303711e-01 4.845702648162841797e-01
7.272018194198608398e-01 6.228000521659851074e-01
5.972383618354797363e-01 6.641309857368469238e-01
7.270014882087707520e-01 4.609272480010986328e-01
5.176402926445007324e-01 3.865719437599182129e-01
6.543324589729309082e-01 4.004896283149719238e-01
5.102741718292236328e-01 6.805409789085388184e-01
4.033536314964294434e-01 6.328602433204650879e-01
6.463769674301147461e-01 5.451902151107788086e-01
4.074722230434417725e-01 6.375174522399902344e-01
7.689565420150756836e-01 6.148118376731872559e-01
7.568653225898742676e-01 4.479371607303619385e-01
4.364994168281555176e-01 5.433456301689147949e-01
6.029112935066223145e-01 4.159809052944183350e-01
5.161746740341186523e-01 6.073747277259826660e-01
7.249218821525573730e-01 6.705424189567565918e-01
5.530748963356018066e-01 4.101485908031463623e-01
7.471951246261596680e-01 5.418659448623657227e-01
8.584617376327514648e-01 5.871130824089050293e-01
7.675038576126098633e-01 5.054951906204223633e-01
6.334896683692932129e-01 6.383696198463439941e-01
7.582618594169616699e-01 6.127638816833496094e-01
3.856368958950042725e-01 5.964016318321228027e-01
4.415820837020874023e-01 5.008408427238464355e-01
7.534017562866210938e-01 4.843084514141082764e-01
4.977374672889709473e-01 5.749010443687438965e-01
5.561684966087341309e-01 5.290840864181518555e-01
7.146318554878234863e-01 6.778550148010253906e-01
7.742022275924682617e-01 6.605858206748962402e-01
5.734495520591735840e-01 6.100597381591796875e-01
5.303785800933837891e-01 4.772502779960632324e-01
7.187028527259826660e-01 4.355733394622802734e-01
7.238223552703857422e-01 6.415727138519287109e-01
6.241822838783264160e-01 5.867649912834167480e-01
7.064703106880187988e-01 5.921198129653930664e-01
5.299834609031677246e-01 5.157341361045837402e-01
5.203234553337097168e-01 6.747826337814331055e-01
7.787758111953735352e-01 5.681212544441223145e-01
5.721530318260192871e-01 6.592817902565002441e-01
6.905117630958557129e-01 7.883754372596740723e-01
4.251630008220672607e-01 5.942808985710144043e-01
7.062767744064331055e-01 7.911844253540039062e-01
7.742760777473449707e-01 4.956218898296356201e-01
6.316525340080261230e-01 6.442583203315734863e-01
6.602397561073303223e-01 4.108778238296508789e-01
7.393683791160583496e-01 7.431899309158325195e-01
4.857987761497497559e-01 6.472151279449462891e-01
7.789414525032043457e-01 5.810786485671997070e-01
6.190571188926696777e-01 7.861764430999755859e-01
6.526482701301574707e-01 5.206961631774902344e-01
5.450942516326904297e-01 7.533537149429321289e-01
5.994616746902465820e-01 8.034574389457702637e-01
8.046264648437500000e-01 5.974569320678710938e-01
4.536221027374267578e-01 7.202965617179870605e-01
6.145197153091430664e-01 4.158919751644134521e-01
4.975998103618621826e-01 6.077259182929992676e-01
7.861737608909606934e-01 6.006193161010742188e-01
5.038248300552368164e-01 7.599704861640930176e-01
6.070792078971862793e-01 8.292550444602966309e-01
6.620641350746154785e-01 7.670812010765075684e-01
5.203685760498046875e-01 7.510284781455993652e-01
5.413514971733093262e-01 6.056385636329650879e-01
5.260705351829528809e-01 7.597484588623046875e-01
7.706070542335510254e-01 6.179676055908203125e-01
4.932471811771392822e-01 5.956191420555114746e-01
6.814486384391784668e-01 5.259533524513244629e-01
5.786837339401245117e-01 6.427824497222900391e-01
6.586219072341918945e-01 5.377951264381408691e-01
6.363871693611145020e-01 7.819467186927795410e-01
7.086262106895446777e-01 5.641629695892333984e-01
6.613537669181823730e-01 8.209135532379150391e-01
6.490198969841003418e-01 5.896527171134948730e-01
4.350638985633850098e-01 4.638547599315643311e-01
5.933905839920043945e-01 5.686547756195068359e-01
6.484668254852294922e-01 5.599720478057861328e-01
5.378313064575195312e-01 4.444364905357360840e-01
4.347319900989532471e-01 5.991047620773315430e-01
8.033978343009948730e-01 5.214180350303649902e-01
4.813552796840667725e-01 5.713172554969787598e-01
6.613659858703613281e-01 4.386057555675506592e-01
6.743575334548950195e-01 5.136353373527526855e-01
6.330778002738952637e-01 4.290524423122406006e-01
7.822548151016235352e-01 4.884401559829711914e-01
7.261471152305603027e-01 5.956845283508300781e-01
6.866125464439392090e-01 4.269575774669647217e-01
6.160374879837036133e-01 7.938081026077270508e-01
6.250029802322387695e-01 5.496856570243835449e-01
4.606028795242309570e-01 5.223709940910339355e-01
6.077339649200439453e-01 7.890573740005493164e-01
7.085783481597900391e-01 5.076351165771484375e-01
7.200954556465148926e-01 6.733444333076477051e-01
5.920452475547790527e-01 4.990831613540649414e-01
6.117611527442932129e-01 5.623361468315124512e-01
7.941719293594360352e-01 6.544443368911743164e-01
3.897836208343505859e-01 6.055532097816467285e-01
6.355482935905456543e-01 4.246209561824798584e-01
5.356350541114807129e-01 7.478955388069152832e-01
7.060884833335876465e-01 5.446908473968505859e-01
4.771748185157775879e-01 5.848415493965148926e-01
7.414831519126892090e-01 6.334047913551330566e-01
8.072958588600158691e-01 5.705664753913879395e-01
5.362272262573242188e-01 7.296666502952575684e-01
8.462891578674316406e-01 6.090335249900817871e-01
4.924325346946716309e-01 6.837626695632934570e-01
4.417208135128021240e-01 4.955282211303710938e-01
6.674533486366271973e-01 3.621985018253326416e-01
6.660821437835693359e-01 6.349881291389465332e-01
6.780171394348144531e-01 6.904648542404174805e-01
7.088255286216735840e-01 5.988994836807250977e-01
4.977903068065643311e-01 4.518648684024810791e-01
6.908723711967468262e-01 7.607192397117614746e-01
