-5.632096529006958008e-02 -1.799957752227783203e-01
2.288885712623596191e-01 6.347548961639404297e-02
-2.971035242080688477e-01 -3.029867410659790039e-01
6.521260738372802734e-02 2.196377515792846680e-02
-1.029390692710876465e-01 -2.539417147636413574e-01
2.243254780769348145e-01 -1.667785644531250000e-01
1.462221145629882812e-02 1.278333663940429688e-01
-7.406592369079589844e-02 1.424216032028198242e-01
1.630187034606933594e-02 -1.339663267135620117e-01
-3.018801808357238770e-01 -4.570831060409545898e-01
-4.586890339851379395e-01 2.625433206558227539e-01
3.416863679885864258e-01 3.345563411712646484e-01
5.914211273193359375e-02 1.566986441612243652e-01
-7.486540079116821289e-02 4.923025369644165039e-01
1.361126303672790527e-01 -2.139443159103393555e-01
-3.144147396087646484e-01 -5.700492858886718750e-02
-4.300153255462646484e-01 -2.090150713920593262e-01
-4.560751914978027344e-01 -4.967718124389648438e-01
2.884430289268493652e-01 3.332233428955078125e-02
-3.029352426528930664e-02 3.171942830085754395e-01
-3.153204917907714844e-02 -3.739777803421020508e-01
-2.938699722290039062e-01 1.208716630935668945e-01
4.210168123245239258e-01 1.740580797195434570e-02
-2.491793036460876465e-01 -3.089761734008789062e-01
-9.178304672241210938e-02 -4.895911216735839844e-01
3.242119550704956055e-01 -5.747932195663452148e-02
2.533366680145263672e-01 2.950048446655273438e-02
4.953032732009887695e-01 -8.205491304397583008e-02
-1.003344655036926270e-01 -1.443367600440979004e-01
-2.538138628005981445e-02 3.776212930679321289e-01
-2.129965424537658691e-01 -1.532047390937805176e-01
-3.153852224349975586e-01 1.979266405105590820e-01
-3.265844583511352539e-01 8.085364103317260742e-02
-1.345337629318237305e-01 -1.894442439079284668e-01
-2.823133468627929688e-01 -3.528491854667663574e-01
-2.787854671478271484e-01 2.049906253814697266e-01
3.034325242042541504e-01 1.244431138038635254e-01
-1.938475966453552246e-01 1.608108878135681152e-01
9.074711799621582031e-02 4.098043441772460938e-01
2.089962363243103027e-01 -3.300004005432128906e-01
-2.309559583663940430e-01 -4.463843107223510742e-01
3.048506975173950195e-01 -1.182972192764282227e-01
1.249408721923828125e-01 1.304070353507995605e-01
-3.945860862731933594e-01 6.507039070129394531e-02
3.412712216377258301e-01 -2.458137869834899902e-01
7.960599660873413086e-02 -4.224056005477905273e-02
4.888867735862731934e-01 4.474205970764160156e-01
1.041513085365295410e-01 -4.199088215827941895e-01
-3.916358947753906250e-02 1.807317137718200684e-01
-2.420234680175781250e-02 1.860785484313964844e-02
2.493574619293212891e-01 2.755780220031738281e-01
-3.249825835227966309e-01 -1.687180995941162109e-02
-3.125958442687988281e-01 -4.371393322944641113e-01
3.241067528724670410e-01 1.435521245002746582e-01
-1.534727215766906738e-01 3.017705678939819336e-02
-4.640432596206665039e-01 -8.645462989807128906e-02
3.840224146842956543e-01 4.099332094192504883e-01
-2.605891227722167969e-02 4.736700057983398438e-01
2.377133965492248535e-01 -2.256965637207031250e-01
-2.987092137336730957e-01 -2.349524497985839844e-01
8.793789148330688477e-02 -4.033834338188171387e-01
1.325860023498535156e-01 -3.211399316787719727e-01
3.059962391853332520e-01 -4.199149608612060547e-01
-3.298541307449340820e-01 2.869214415550231934e-01
2.277228832244873047e-01 6.573957204818725586e-02
2.127380371093750000e-01 6.130611896514892578e-02
2.053819894790649414e-01 -1.589595079421997070e-01
-3.750526905059814453e-01 -4.665957689285278320e-01
-8.699953556060791016e-02 4.104828834533691406e-01
-3.723458051681518555e-01 -8.059394359588623047e-02
-2.271009087562561035e-01 -1.080000996589660645e-01
-1.301472783088684082e-01 3.848075270652770996e-01
-2.709098458290100098e-01 -9.841227531433105469e-02
-6.872659921646118164e-02 4.217036366462707520e-01
1.143461465835571289e-02 5.175453424453735352e-02
4.051368236541748047e-01 2.419072389602661133e-01
1.536029577255249023e-01 -3.880543708801269531e-01
3.989225625991821289e-01 -3.637838959693908691e-01
-1.043773293495178223e-01 1.823165416717529297e-01
-3.105077147483825684e-01 -1.373886466026306152e-01
4.469989538192749023e-01 4.367976784706115723e-01
3.203642964363098145e-01 4.234602451324462891e-01
-3.780027031898498535e-01 -4.248308539390563965e-01
-4.379806518554687500e-01 -2.291731238365173340e-01
-2.612612843513488770e-01 4.920246601104736328e-01
5.103552341461181641e-02 2.612081170082092285e-01
2.120660543441772461e-01 9.673172235488891602e-02
-3.656796216964721680e-01 4.110902547836303711e-02
4.225191473960876465e-01 -4.568735957145690918e-01
-2.496489286422729492e-01 -1.371140480041503906e-01
1.781685352325439453e-01 3.849907517433166504e-01
-1.921900510787963867e-01 -7.187247276306152344e-02
2.191897630691528320e-01 -5.369442701339721680e-02
2.085096836090087891e-01 -5.581587553024291992e-02
-2.966701984405517578e-01 -2.861278057098388672e-01
-4.096114635467529297e-01 9.928369522094726562e-02
1.903762221336364746e-01 -4.340598583221435547e-01
1.344647407531738281e-01 -2.498917579650878906e-01
1.535426974296569824e-01 -1.101032495498657227e-01
-4.045729041099548340e-01 1.133115887641906738e-01
-3.901796936988830566e-01 -1.144770979881286621e-01
-2.113074064254760742e-02 -3.264912962913513184e-01
-3.530531525611877441e-01 -2.562909722328186035e-01
1.735309958457946777e-01 -9.650057554244995117e-02
-9.351736307144165039e-02 -3.564498424530029297e-01
3.654210567474365234e-01 4.941705465316772461e-01
3.022506833076477051e-01 3.722985982894897461e-01
4.007377028465270996e-01 -4.388924241065979004e-01
7.006710767745971680e-02 2.403066754341125488e-01
-2.101683616638183594e-01 -3.637249469757080078e-01
-2.697710990905761719e-01 4.591440558433532715e-01
-5.340099334716796875e-02 -1.389581561088562012e-01
-4.393103718757629395e-01 -1.465736627578735352e-01
-1.847213506698608398e-02 -1.484262347221374512e-01
4.965181350708007812e-01 -1.354140043258666992e-01
-9.956002235412597656e-02 2.667486667633056641e-01
-9.668415784835815430e-02 -2.875996232032775879e-01
-4.186425209045410156e-01 1.442621946334838867e-01
1.521675586700439453e-01 2.956981658935546875e-01
3.942958712577819824e-01 -2.047342061996459961e-01
4.024426341056823730e-01 6.865757703781127930e-02
1.952233314514160156e-01 1.888504028320312500e-01
-2.847855091094970703e-01 -3.967737555503845215e-01
1.980949044227600098e-01 4.142766594886779785e-01
8.065783977508544922e-02 -1.447781324386596680e-01
4.551259279251098633e-01 -2.247263789176940918e-01
2.384370565414428711e-01 1.552433371543884277e-01
1.015266180038452148e-01 9.289509057998657227e-02
4.195308685302734375e-01 3.225375413894653320e-01
-4.573464393615722656e-01 -4.959610104560852051e-01
-6.146132946014404297e-02 7.262915372848510742e-02
2.726744413375854492e-01 2.333678007125854492e-01
-4.530647397041320801e-01 3.212352991104125977e-01
-4.615656733512878418e-01 1.286482810974121094e-01
4.624416828155517578e-01 9.841614961624145508e-02
3.338112831115722656e-01 3.730552196502685547e-01
-1.867786049842834473e-01 1.384618282318115234e-01
-3.405963182449340820e-01 6.483691930770874023e-02
-1.757128834724426270e-01 -3.390563130378723145e-01
-2.061229944229125977e-02 2.262232303619384766e-01
-4.630333185195922852e-02 6.871742010116577148e-02
5.149298906326293945e-02 3.971013426780700684e-01
-3.920078277587890625e-03 3.345405459403991699e-01
1.777085065841674805e-01 2.924031019210815430e-02
1.357703804969787598e-01 1.972150802612304688e-02
-5.585342645645141602e-02 -2.183020114898681641e-03
1.393443346023559570e-01 4.212357997894287109e-01
1.053411960601806641e-01 -4.912416338920593262e-01
-1.556814908981323242e-01 -4.310488700866699219e-02
-3.944420814514160156e-01 1.583021283149719238e-01
-2.082090377807617188e-01 -4.876286983489990234e-01
-2.847355604171752930e-02 4.772515892982482910e-01
-2.208227515220642090e-01 -6.068724393844604492e-02
4.608181118965148926e-01 -1.414436101913452148e-01
-1.684229969978332520e-01 4.732570648193359375e-01
3.030182123184204102e-01 4.111399054527282715e-01
-4.442952275276184082e-01 -2.735928297042846680e-01
4.286069869995117188e-01 1.996008753776550293e-01
-1.591538190841674805e-01 -3.459893465042114258e-01
7.001745700836181641e-02 -2.238838076591491699e-01
-4.176447987556457520e-01 6.931620836257934570e-02
-1.012073159217834473e-01 2.294031977653503418e-01
-2.436348795890808105e-01 3.529437184333801270e-01
2.511690258979797363e-01 3.512288331985473633e-01
3.817560672760009766e-01 1.675032377243041992e-01
-3.874031305313110352e-01 -3.131651878356933594e-02
-9.527558088302612305e-02 -3.449991345405578613e-01
-1.267241835594177246e-01 1.223174929618835449e-01
2.584148645401000977e-01 4.050872325897216797e-01
-4.850922226905822754e-01 4.050494432449340820e-01
2.216349244117736816e-01 6.447237730026245117e-02
-2.052845358848571777e-01 2.253168225288391113e-01
-3.621440529823303223e-01 5.578559637069702148e-02
2.209712862968444824e-01 -4.573569893836975098e-01
-4.860331416130065918e-01 -1.312450766563415527e-01
-2.068294286727905273e-01 -1.918206810951232910e-01
-1.553438305854797363e-01 -3.321528434753417969e-03
-3.534661531448364258e-01 1.955853104591369629e-01
7.373416423797607422e-02 2.521241307258605957e-01
-3.841255307197570801e-01 2.865470647811889648e-01
2.283889651298522949e-01 3.409135937690734863e-01
8.073657751083374023e-02 -1.210479736328125000e-01
-3.164749741554260254e-01 9.532201290130615234e-02
2.663980722427368164e-01 -2.855747342109680176e-01
2.342074513435363770e-01 3.559557795524597168e-01
-2.038919329643249512e-01 -6.070625782012939453e-02
4.501596093177795410e-01 -3.371214866638183594e-01
-1.608716845512390137e-01 -3.787021040916442871e-01
-1.651199460029602051e-01 4.118394851684570312e-01
3.632770180702209473e-01 3.006039261817932129e-01
-4.659096598625183105e-01 -9.073680639266967773e-02
-4.133981466293334961e-01 -1.196140646934509277e-01
-2.703009247779846191e-01 -3.158627152442932129e-01
1.274879574775695801e-01 2.538195252418518066e-01
-1.190898418426513672e-01 -1.832640767097473145e-01
2.607913017272949219e-01 -1.488366127014160156e-01
-4.869083762168884277e-01 5.112719535827636719e-02
4.592968821525573730e-01 2.961717844009399414e-01
-1.455016732215881348e-01 4.290969371795654297e-01
-7.270258665084838867e-02 -3.974810838699340820e-01
-2.929079532623291016e-02 -1.435486674308776855e-01
-2.502095699310302734e-02 -1.673220992088317871e-01
-3.374102115631103516e-01 -3.943132758140563965e-01
4.192810058593750000e-01 3.077214956283569336e-01
1.103144884109497070e-01 3.580850362777709961e-02
3.520281910896301270e-01 4.778218269348144531e-01
2.747871279716491699e-01 4.586914777755737305e-01
4.505678415298461914e-01 2.435845732688903809e-01
-4.629017710685729980e-01 1.448751688003540039e-01
1.721217632293701172e-01 1.123310327529907227e-01
-3.005272746086120605e-01 3.409513235092163086e-01
-4.712208509445190430e-01 1.817444562911987305e-01
4.188232421875000000e-01 2.268884778022766113e-01
-4.830036759376525879e-01 -3.334881663322448730e-01
-4.961859583854675293e-01 -4.723017215728759766e-01
2.956787347793579102e-01 8.160454034805297852e-02
3.139774799346923828e-01 3.704182505607604980e-01
3.281381130218505859e-01 1.259910464286804199e-01
3.983894586563110352e-01 -2.754195928573608398e-01
9.027945995330810547e-02 4.490546584129333496e-01
3.454359769821166992e-01 2.487031817436218262e-01
2.887718677520751953e-01 4.702288508415222168e-01
5.218982696533203125e-03 2.202923893928527832e-01
4.812807440757751465e-01 -3.476139307022094727e-01
-2.315073013305664062e-01 -4.187650680541992188e-01
-2.795436382293701172e-01 -4.722613692283630371e-01
-3.366730809211730957e-01 2.006864547729492188e-01
2.425931692123413086e-01 3.602961301803588867e-01
-1.762935519218444824e-01 -4.987399578094482422e-01
9.818190336227416992e-02 4.196406602859497070e-01
-1.425196528434753418e-01 -4.587608575820922852e-01
-2.462331652641296387e-01 4.362930655479431152e-01
-3.532685041427612305e-01 4.914699196815490723e-01
4.037103652954101562e-01 4.583176374435424805e-01
1.756781935691833496e-01 -4.741235971450805664e-01
3.202875852584838867e-01 -2.236939668655395508e-01
3.519937396049499512e-01 3.912928104400634766e-01
-4.013147950172424316e-01 3.546268343925476074e-01
-9.783023595809936523e-02 1.361441016197204590e-01
-4.593637585639953613e-01 2.118557095527648926e-01
2.341692447662353516e-01 1.413874626159667969e-01
-4.242731332778930664e-01 -1.373687386512756348e-01
4.966253042221069336e-02 4.255989789962768555e-01
1.929256916046142578e-01 4.260081052780151367e-02
-3.870799541473388672e-01 -2.164652943611145020e-01
3.416614532470703125e-01 1.269694566726684570e-01
2.820348739624023438e-01 -2.572679519653320312e-01
4.049991369247436523e-01 8.127033710479736328e-03
-4.995105862617492676e-01 -2.154135704040527344e-02
-8.043277263641357422e-02 7.718420028686523438e-02
4.043797850608825684e-01 -2.508200407028198242e-01
9.132564067840576172e-03 1.211553812026977539e-01
1.978585720062255859e-01 4.918063282966613770e-01
3.142232894897460938e-01 -9.760928153991699219e-02
-1.872898340225219727e-01 -8.181560039520263672e-02
-1.257514953613281250e-01 -3.960567712783813477e-01
-1.819409728050231934e-01 -7.135587930679321289e-02
-2.315382361412048340e-01 -2.695364952087402344e-01
4.506677389144897461e-01 3.164954781532287598e-01
-1.276038885116577148e-01 3.709425330162048340e-01
2.038014531135559082e-01 4.671354293823242188e-01
4.794420599937438965e-01 -1.862981319427490234e-01
-1.705159544944763184e-01 3.813268542289733887e-01
-3.816494941711425781e-01 -3.824681639671325684e-01
7.596158981323242188e-02 3.654035329818725586e-01
8.229291439056396484e-02 -4.345756173133850098e-01
4.532412886619567871e-01 2.383012175559997559e-01
-2.113559246063232422e-01 -2.805483937263488770e-01
2.980547547340393066e-01 4.686038494110107422e-01
-4.347413778305053711e-02 -4.547079801559448242e-01
1.529346704483032227e-01 4.048227667808532715e-01
-2.053781747817993164e-01 1.854639053344726562e-01
-3.086300492286682129e-01 1.737095713615417480e-01
-1.637380719184875488e-01 3.174507617950439453e-01
-7.047694921493530273e-02 -3.787278532981872559e-01
1.586374044418334961e-01 1.879394054412841797e-03
-2.527917027473449707e-01 5.910235643386840820e-02
2.083032131195068359e-01 -2.662863731384277344e-01
4.182038903236389160e-01 5.510377883911132812e-02
-1.700249314308166504e-01 7.696080207824707031e-02
-2.958771586418151855e-01 1.397906541824340820e-01
-3.559598922729492188e-01 -2.817711234092712402e-01
-4.246385097503662109e-01 7.736760377883911133e-02
-1.457891464233398438e-01 4.623956680297851562e-01
2.445832490921020508e-01 1.218925714492797852e-01
-5.966657400131225586e-02 1.403505206108093262e-01
-9.658443927764892578e-02 -4.542998671531677246e-01
4.003655910491943359e-02 1.150719523429870605e-01
1.333996653556823730e-01 1.136539578437805176e-01
-3.432003259658813477e-01 -3.880406022071838379e-01
3.422169685363769531e-01 1.032274961471557617e-02
1.558502316474914551e-01 -9.744644165039062500e-03
4.305284023284912109e-01 -4.970121383666992188e-02
8.325380086898803711e-02 3.721252679824829102e-01
2.185833454132080078e-02 -4.247862100601196289e-02
-2.691606283187866211e-01 -2.223808765411376953e-01
-7.664209604263305664e-02 3.664496541023254395e-01
-9.176075458526611328e-03 -4.585692882537841797e-01
-4.362798333168029785e-01 1.275614500045776367e-01
-4.483407735824584961e-01 -3.670507073402404785e-01
-1.215063333511352539e-01 3.729417324066162109e-01
3.783190846443176270e-01 -3.839887976646423340e-01
-3.989338874816894531e-03 -1.675525307655334473e-01
4.192321300506591797e-01 9.947890043258666992e-02
4.091016650199890137e-01 -4.147322177886962891e-01
-4.993626475334167480e-01 -5.418062210083007812e-04
-3.755862712860107422e-01 4.177153706550598145e-01
1.284115910530090332e-01 2.647485136985778809e-01
1.937061548233032227e-01 4.836388826370239258e-01
4.352501630783081055e-01 1.770046949386596680e-01
-2.568373084068298340e-01 1.258732080459594727e-01
3.254567980766296387e-01 3.454147577285766602e-01
4.330818057060241699e-01 -1.048173308372497559e-01
4.355533719062805176e-01 -2.164668440818786621e-01
-4.913526177406311035e-01 3.270618319511413574e-01
-1.163101196289062500e-01 4.815942645072937012e-01
5.327939987182617188e-02 4.600713253021240234e-01
-1.370500326156616211e-01 3.225061893463134766e-01
-1.077505946159362793e-01 2.035058736801147461e-01
1.826280951499938965e-01 -1.224867701530456543e-01
-4.990593194961547852e-01 2.801017165184020996e-01
-6.036192178726196289e-02 -8.396244049072265625e-02
-2.874517440795898438e-02 -4.549441933631896973e-01
1.850543618202209473e-01 2.800506353378295898e-01
4.771776199340820312e-01 4.946247935295104980e-01
-2.894892096519470215e-01 -4.919990897178649902e-01
2.505779266357421875e-02 -2.695432901382446289e-01
2.734440565109252930e-01 -6.642717123031616211e-02
3.641101717948913574e-01 -7.851129770278930664e-02
-4.327676296234130859e-01 4.605592489242553711e-01
4.647261500358581543e-01 -4.796686768531799316e-01
2.740822434425354004e-01 -4.130597710609436035e-01
4.370367527008056641e-01 -8.735221624374389648e-02
4.948871731758117676e-01 4.919210076332092285e-01
2.097487449645996094e-03 9.697145223617553711e-02
-8.800339698791503906e-02 -2.888662815093994141e-01
-4.827969670295715332e-01 -2.782418131828308105e-01
-1.300323009490966797e-01 -2.229352593421936035e-01
-2.053487300872802734e-02 -2.563216090202331543e-01
1.061623692512512207e-01 -1.227800250053405762e-01
1.228715181350708008e-01 -2.908557653427124023e-02
3.773322701454162598e-01 -6.832677125930786133e-02
-3.407551050186157227e-01 1.494780778884887695e-01
2.710964679718017578e-01 3.857265710830688477e-01
4.347820878028869629e-01 -4.796343445777893066e-01
1.675825119018554688e-01 5.025458335876464844e-02
1.681303381919860840e-01 -2.207130193710327148e-02
-2.192246913909912109e-02 -4.738804101943969727e-01
1.427400112152099609e-02 -4.144485592842102051e-01
-4.202847480773925781e-01 4.200605154037475586e-01
-3.766971230506896973e-01 1.593276262283325195e-01
4.333424568176269531e-02 -2.751525640487670898e-01
-3.330152034759521484e-01 -2.817950248718261719e-01
-3.514648079872131348e-01 -1.505081653594970703e-01
3.629922866821289062e-04 7.829546928405761719e-02
1.838183403015136719e-02 -4.898214936256408691e-01
2.191576957702636719e-01 -4.611296653747558594e-01
1.771244406700134277e-01 -2.627952098846435547e-01
-3.464957475662231445e-01 -2.590785026550292969e-01
4.190757870674133301e-01 3.578929305076599121e-01
-1.082540750503540039e-01 1.689679622650146484e-01
1.388788819313049316e-01 -3.440157771110534668e-01
4.423529505729675293e-01 3.025264739990234375e-01
-1.641460657119750977e-01 -4.786369204521179199e-01
1.275756955146789551e-01 3.111091256141662598e-01
4.376688003540039062e-01 4.891313314437866211e-01
1.974900364875793457e-01 -1.077196598052978516e-01
-2.243005037307739258e-01 -3.346085548400878906e-01
-1.102118492126464844e-01 -1.248732805252075195e-01
-4.980764985084533691e-01 -4.900748729705810547e-01
4.527963399887084961e-01 1.809728145599365234e-01
-1.245165467262268066e-01 -3.803365826606750488e-01
-2.635713815689086914e-01 3.532769680023193359e-01
4.551208615303039551e-01 -1.322361230850219727e-01
-2.151146531105041504e-01 4.797138571739196777e-01
-4.318487644195556641e-02 1.630934476852416992e-01
-2.488870620727539062e-01 -2.692139744758605957e-01
-2.482560873031616211e-01 3.548092842102050781e-01
7.564860582351684570e-02 -2.808641791343688965e-01
1.028952598571777344e-01 -2.200831770896911621e-01
-4.804253578186035156e-03 -2.030204534530639648e-01
1.288384199142456055e-02 3.649731278419494629e-01
-1.308418512344360352e-01 4.006242752075195312e-01
1.478431224822998047e-01 1.297418475151062012e-01
5.105465650558471680e-02 -4.952337145805358887e-01
4.707658886909484863e-01 -5.568426847457885742e-02
1.514774560928344727e-02 1.065319776535034180e-01
-3.613862395286560059e-01 4.568039178848266602e-01
-1.748735308647155762e-01 -5.996036529541015625e-02
4.522718191146850586e-01 -8.939874172210693359e-02
-4.540901184082031250e-01 -3.514802455902099609e-02
-4.214586019515991211e-01 -8.716565370559692383e-02
-1.313713788986206055e-01 2.059687376022338867e-01
1.224414110183715820e-01 4.809886217117309570e-02
-7.507085800170898438e-02 -1.797503829002380371e-01
3.824717998504638672e-01 -3.073956966400146484e-01
-2.509779930114746094e-01 -1.782212257385253906e-01
-3.445869684219360352e-02 1.598267555236816406e-01
2.633359432220458984e-01 -3.382226824760437012e-01
-3.619704246520996094e-01 3.841724991798400879e-01
-5.277705192565917969e-02 1.325827836990356445e-02
-1.105824112892150879e-01 -1.094418168067932129e-01
1.381471157073974609e-01 -8.873444795608520508e-02
-4.534214735031127930e-01 1.735934615135192871e-01
-2.244441509246826172e-01 -4.804667234420776367e-01
-2.929357290267944336e-01 -3.573277592658996582e-01
-3.224138021469116211e-01 -1.583668589591979980e-01
-4.747509956359863281e-03 -1.935015320777893066e-01
-4.383659958839416504e-01 -3.974868059158325195e-01
3.386502861976623535e-01 -1.171378493309020996e-01
-5.963009595870971680e-02 4.019496440887451172e-01
3.958454728126525879e-01 -2.940630912780761719e-01
-3.396126627922058105e-01 -1.947358846664428711e-01
4.122784137725830078e-01 4.981648325920104980e-01
-3.861595988273620605e-01 3.808127045631408691e-01
1.906026005744934082e-01 -1.505923271179199219e-01
-1.637458801269531250e-03 -4.301022291183471680e-01
-3.832448720932006836e-01 8.069205284118652344e-02
1.027907133102416992e-01 1.209156513214111328e-01
3.758862614631652832e-01 2.734984159469604492e-01
-3.327105045318603516e-01 2.954386472702026367e-01
-2.044685482978820801e-01 2.419400811195373535e-01
1.555194854736328125e-01 -4.242043495178222656e-01
1.355557441711425781e-01 3.707944154739379883e-01
4.775858521461486816e-01 2.389204502105712891e-02
4.130869507789611816e-01 -1.552885770797729492e-01
2.267276048660278320e-01 4.244964122772216797e-01
-2.693071365356445312e-01 -2.633904814720153809e-01
-9.202384948730468750e-02 -2.749541401863098145e-01
2.092161178588867188e-01 -4.538749456405639648e-01
-1.483160257339477539e-01 4.023293256759643555e-01
-5.684739351272583008e-02 -3.576588630676269531e-02
3.662900924682617188e-01 -2.936830520629882812e-01
-2.232985496520996094e-01 3.434945940971374512e-01
-3.433108925819396973e-01 1.930963993072509766e-01
1.872410774230957031e-01 4.090293049812316895e-01
1.384065747261047363e-01 4.692603349685668945e-01
-2.272017598152160645e-01 3.013718724250793457e-01
-5.010747909545898438e-02 7.084429264068603516e-03
3.319239020347595215e-01 1.221597194671630859e-03
-3.096594810485839844e-01 -3.128859996795654297e-01
-2.433803081512451172e-01 -2.042306065559387207e-01
-4.294037818908691406e-02 2.422997355461120605e-01
3.986786603927612305e-01 -4.521157741546630859e-01
-2.054505944252014160e-01 2.320070266723632812e-01
3.895566463470458984e-01 3.109806776046752930e-01
3.794885873794555664e-01 3.785675168037414551e-01
6.904923915863037109e-02 -3.603750467300415039e-02
2.211942076683044434e-01 3.114080429077148438e-01
1.940739154815673828e-02 2.609057426452636719e-01
4.736842513084411621e-01 -4.467118978500366211e-01
-4.020168185234069824e-01 -4.958118796348571777e-01
-1.635910868644714355e-01 -3.916684389114379883e-01
-1.300524473190307617e-01 5.012863874435424805e-02
1.940720677375793457e-01 1.072376370429992676e-01
-3.834262490272521973e-01 -1.472316384315490723e-01
4.432567358016967773e-01 4.654383659362792969e-01
3.666548132896423340e-01 1.857924461364746094e-01
-2.784295678138732910e-01 -9.968167543411254883e-02
1.506958603858947754e-01 3.375017046928405762e-01
2.023708820343017578e-01 3.326992988586425781e-01
2.156831622123718262e-01 -1.654553413391113281e-02
1.067875623703002930e-01 1.003378629684448242e-01
4.274221658706665039e-01 -3.713555932044982910e-01
3.801550269126892090e-01 -7.982885837554931641e-02
1.221388578414916992e-02 1.871753334999084473e-01
-1.654779911041259766e-01 2.919617295265197754e-01
-3.453254103660583496e-01 -1.358808279037475586e-01
-1.360468268394470215e-01 -4.974695444107055664e-01
-4.721091985702514648e-01 3.038795590400695801e-01
-2.219703793525695801e-01 3.015607595443725586e-01
-2.083121538162231445e-01 -3.363500833511352539e-01
1.174388527870178223e-01 5.927950143814086914e-02
-4.086701273918151855e-01 -1.774040460586547852e-01
-4.893317818641662598e-01 -4.885302186012268066e-01
2.790743112564086914e-02 -1.448507308959960938e-01
4.416829347610473633e-02 -3.267648816108703613e-01
-4.337713122367858887e-01 -2.362559437751770020e-01
-2.292430400848388672e-01 4.285858273506164551e-01
1.302092075347900391e-01 -2.810748815536499023e-01
4.484564065933227539e-02 -1.589778065681457520e-01
4.486191272735595703e-02 1.487085223197937012e-01
-3.515706062316894531e-01 -4.032550454139709473e-01
1.997572183609008789e-02 2.295730113983154297e-01
-3.794758915901184082e-01 -3.571748733520507812e-01
-6.792724132537841797e-03 -4.420899152755737305e-01
-1.970817446708679199e-01 4.160673022270202637e-01
3.823286890983581543e-01 -3.650370240211486816e-01
2.082187533378601074e-01 3.620076775550842285e-01
2.463541626930236816e-01 -1.972653865814208984e-01
1.385417580604553223e-01 4.335040450096130371e-01
-1.786546707153320312e-01 3.628110885620117188e-01
-2.577046751976013184e-01 3.314921855926513672e-01
-1.359546184539794922e-01 4.509522318840026855e-01
-4.196593761444091797e-01 -2.037508487701416016e-01
1.625990867614746094e-01 -6.169736385345458984e-03
-3.800654411315917969e-02 3.363442420959472656e-01
-4.647003412246704102e-01 4.068821668624877930e-01
-4.285380840301513672e-01 3.583294153213500977e-01
4.130419492721557617e-01 -4.490224719047546387e-01
1.449156403541564941e-01 4.231913089752197266e-01
-4.992528557777404785e-01 3.013813495635986328e-01
-1.492584347724914551e-01 -1.848160624504089355e-01
3.698753118515014648e-01 1.930038928985595703e-01
1.439454555511474609e-01 3.263141512870788574e-01
3.717221617698669434e-01 3.204708695411682129e-01
-2.020250558853149414e-01 2.049722075462341309e-01
8.220040798187255859e-02 -2.093396186828613281e-01
2.889605760574340820e-01 3.621214628219604492e-02
-4.574894309043884277e-01 -1.995740532875061035e-01
1.329817175865173340e-01 3.354508280754089355e-01
-9.564155340194702148e-02 -3.180639743804931641e-01
3.436870574951171875e-01 -2.122845053672790527e-01
3.815485835075378418e-01 -1.091095805168151855e-01
-1.236792206764221191e-01 4.303860664367675781e-02
2.087950706481933594e-03 4.125342369079589844e-01
-4.497841000556945801e-01 -2.147268652915954590e-01
8.281832933425903320e-02 -2.755337953567504883e-01
2.924670577049255371e-01 -4.453204274177551270e-01
-2.863171696662902832e-01 3.375907540321350098e-01
1.296939849853515625e-01 4.850135445594787598e-01
-4.358870387077331543e-01 3.953190445899963379e-01
-3.419065475463867188e-02 3.132407665252685547e-01
2.133297920227050781e-02 -4.557669162750244141e-03
-2.136921882629394531e-02 4.944558739662170410e-01
-8.938300609588623047e-02 -4.130734801292419434e-01
1.756600737571716309e-01 -4.903234243392944336e-01
3.311391472816467285e-01 8.805513381958007812e-03
-3.853805661201477051e-01 3.782989978790283203e-01
-4.113110303878784180e-01 -3.606996536254882812e-01
-1.460510492324829102e-02 -1.067059636116027832e-01
4.355916976928710938e-01 2.136919498443603516e-01
2.583589553833007812e-01 4.789887070655822754e-01
2.044870853424072266e-01 -4.507416486740112305e-01
-2.533414959907531738e-01 1.638485193252563477e-01
5.537903308868408203e-02 1.008763909339904785e-01
5.560767650604248047e-02 -1.202440857887268066e-01
1.128038167953491211e-01 1.945613026618957520e-01
4.852640628814697266e-01 1.460900306701660156e-01
-9.159940481185913086e-02 4.864382743835449219e-01
1.755064725875854492e-02 2.030417919158935547e-01
-4.562287330627441406e-01 -3.942126035690307617e-01
-3.091939091682434082e-01 1.434046030044555664e-01
-1.035007238388061523e-01 -1.910363435745239258e-01
3.248877525329589844e-01 1.862617731094360352e-01
2.899414896965026855e-01 4.154995679855346680e-01
3.534908294677734375e-01 -3.606141209602355957e-01
9.203684329986572266e-02 6.788885593414306641e-02
-2.320637702941894531e-01 3.448361754417419434e-01
2.203071713447570801e-01 -3.007755279541015625e-01
-4.783745408058166504e-01 -1.303513646125793457e-01
-2.245408296585083008e-02 6.019043922424316406e-02
2.628737688064575195e-02 -1.094735860824584961e-01
4.019164443016052246e-01 3.667179942131042480e-01
-8.653354644775390625e-02 2.088924646377563477e-01
8.491969108581542969e-02 -2.494388818740844727e-01
-1.691020727157592773e-01 -4.923586249351501465e-01
-3.478707075119018555e-01 -5.070996284484863281e-02
3.678016066551208496e-01 -3.143722414970397949e-01
-4.166932106018066406e-01 4.889869093894958496e-01
3.992432951927185059e-01 -3.740518689155578613e-01
-3.309838175773620605e-01 4.725812077522277832e-01
2.675570249557495117e-01 -3.734104037284851074e-01
-1.403330564498901367e-01 -1.338190436363220215e-01
-3.314151763916015625e-01 -4.390996098518371582e-01
-2.810438275337219238e-01 2.017262578010559082e-01
-7.240676879882812500e-02 5.174881219863891602e-02
4.262511134147644043e-01 4.796552062034606934e-01
6.256866455078125000e-02 -4.761815071105957031e-04
-2.585369348526000977e-02 1.541181802749633789e-01
-6.566131114959716797e-02 2.647155523300170898e-02
1.488999128341674805e-01 1.438634991645812988e-01
4.368731975555419922e-01 3.559440374374389648e-01
2.199972271919250488e-01 -4.132369160652160645e-01
-2.189450263977050781e-01 2.512407302856445312e-01
-2.972006797790527344e-03 -2.653040289878845215e-01
-3.924557566642761230e-01 2.122038602828979492e-01
-2.511441707611083984e-03 4.984761476516723633e-01
-4.179326295852661133e-01 -4.044290781021118164e-01
-4.109608530998229980e-01 2.057954072952270508e-01
4.962220191955566406e-01 3.190329670906066895e-01
-3.667654991149902344e-01 4.527838230133056641e-01
-3.437238335609436035e-01 -2.641887068748474121e-01
9.975004196166992188e-02 4.168754220008850098e-01
1.065631508827209473e-01 -8.121079206466674805e-02
-6.010180711746215820e-02 -4.881334900856018066e-01
-2.352029681205749512e-01 3.511641621589660645e-01
1.863905191421508789e-01 -1.904074549674987793e-01
2.979731559753417969e-01 -4.600119590759277344e-02
2.355468273162841797e-02 3.308472037315368652e-01
-2.703769803047180176e-01 3.112521171569824219e-01
-1.286995410919189453e-01 -2.267341017723083496e-01
-3.794365525245666504e-01 -8.422893285751342773e-02
3.805750608444213867e-01 -2.713558077812194824e-01
-7.343828678131103516e-03 -3.505999445915222168e-01
-2.003874182701110840e-01 -3.270328044891357422e-02
-3.163611292839050293e-01 2.055312991142272949e-01
-4.658392667770385742e-01 -2.214399576187133789e-01
-4.686958789825439453e-01 -4.267448186874389648e-02
4.814249277114868164e-01 -1.850553154945373535e-01
2.069723010063171387e-01 -2.718997001647949219e-01
-2.927368879318237305e-01 2.273016571998596191e-01
1.537150740623474121e-01 -1.980382204055786133e-02
2.223439812660217285e-01 2.743359804153442383e-01
-6.555241346359252930e-02 4.897519350051879883e-01
-3.756743669509887695e-02 -3.372144699096679688e-01
3.660716414451599121e-01 2.184854149818420410e-01
2.529124617576599121e-01 -2.727780938148498535e-01
2.045847177505493164e-01 2.243996262550354004e-01
1.676214933395385742e-01 -1.501864194869995117e-02
9.536296129226684570e-02 4.968410730361938477e-02
7.795244455337524414e-02 -1.764340996742248535e-01
2.671962976455688477e-02 -7.955521345138549805e-02
-1.027303338050842285e-01 -2.517057061195373535e-01
-1.776999831199645996e-01 1.901757121086120605e-01
-2.077374458312988281e-01 1.815744638442993164e-01
7.194298505783081055e-02 1.306517720222473145e-01
-4.873074889183044434e-01 -2.771000862121582031e-01
-3.764247894287109375e-01 4.548853635787963867e-01
-2.622752189636230469e-01 1.981073617935180664e-02
-1.266003847122192383e-01 -2.411245703697204590e-01
-1.884680986404418945e-02 -2.354415655136108398e-01
-9.809273481369018555e-02 1.946570277214050293e-01
4.814293980598449707e-01 4.820346236228942871e-01
-2.938250899314880371e-01 -4.519693255424499512e-01
-2.589614391326904297e-01 3.988074064254760742e-01
3.203138709068298340e-01 -3.693390488624572754e-01
2.820743322372436523e-01 -4.717236757278442383e-01
-3.626601099967956543e-01 3.426566123962402344e-01
2.231823801994323730e-01 -1.544988155364990234e-02
2.183459401130676270e-01 5.077564716339111328e-02
5.033063888549804688e-02 -1.541068553924560547e-01
7.641470432281494141e-02 -4.073204994201660156e-01
5.386918783187866211e-02 -1.522660255432128906e-03
4.305863976478576660e-01 -3.894662857055664062e-01
-4.841251969337463379e-01 1.574668288230895996e-01
6.328290700912475586e-02 -3.451011180877685547e-01
2.537073493003845215e-01 5.357885360717773438e-02
6.131392717361450195e-02 -3.862675428390502930e-01
4.300129413604736328e-02 2.468729019165039062e-01
2.636553645133972168e-01 4.532846808433532715e-01
4.861671328544616699e-01 -3.129566311836242676e-01
8.145320415496826172e-02 9.510260820388793945e-02
1.568111777305603027e-01 6.016945838928222656e-02
1.818995475769042969e-01 -3.866844177246093750e-01
-3.339380621910095215e-01 -3.297621607780456543e-01
-3.686764240264892578e-01 -2.465498447418212891e-02
4.138454198837280273e-01 -3.145891427993774414e-01
7.238984107971191406e-02 -4.691259860992431641e-01
2.780170440673828125e-01 1.614891886711120605e-01
-4.750162363052368164e-02 1.283531188964843750e-01
1.895202994346618652e-01 4.807008504867553711e-01
3.490390777587890625e-01 -2.813774347305297852e-02
-4.510861635208129883e-01 1.706889271736145020e-01
-3.427987098693847656e-01 -3.265634775161743164e-01
6.801569461822509766e-02 3.591997623443603516e-01
4.363483786582946777e-01 4.233619570732116699e-01
-2.854086756706237793e-01 -4.992146492004394531e-01
4.279767870903015137e-01 -1.115542650222778320e-01
3.259364962577819824e-01 -2.603896856307983398e-01
4.755135178565979004e-01 4.457802176475524902e-01
-1.855339407920837402e-01 2.879071235656738281e-01
2.148391008377075195e-01 2.486907839775085449e-01
-4.956459999084472656e-01 -4.119980931282043457e-01
-4.791629314422607422e-01 -3.391711115837097168e-01
2.737886309623718262e-01 3.429192900657653809e-01
-2.639930844306945801e-01 -3.620502948760986328e-01
2.028943300247192383e-01 2.867161631584167480e-01
-4.388940930366516113e-01 -4.205722212791442871e-01
-4.919236302375793457e-01 1.113497614860534668e-01
3.864114284515380859e-01 -3.355188965797424316e-01
-1.788241863250732422e-01 5.626046657562255859e-02
-4.820601344108581543e-01 -1.490797996520996094e-01
1.708822846412658691e-01 1.522824168205261230e-01
1.325336694717407227e-01 3.971963524818420410e-01
4.903697371482849121e-01 -4.853594303131103516e-02
-1.653207540512084961e-01 4.202095270156860352e-01
2.187579870223999023e-02 -2.748036384582519531e-01
4.231703281402587891e-02 -3.454156517982482910e-01
-1.183756589889526367e-01 4.596146345138549805e-01
-1.671217083930969238e-01 -4.701558947563171387e-01
-4.804248213768005371e-01 1.447399854660034180e-01
4.832916259765625000e-01 -4.449198842048645020e-01
-3.240221142768859863e-01 -6.601303815841674805e-02
1.954134702682495117e-01 3.657949566841125488e-01
3.049278259277343750e-02 -2.454965710639953613e-01
7.877779006958007812e-02 3.922542929649353027e-01
1.341654658317565918e-01 3.710287809371948242e-02
4.071472883224487305e-01 2.195315361022949219e-01
-1.709063053131103516e-01 2.927911877632141113e-01
1.092791557312011719e-02 5.726963281631469727e-02
-4.349144101142883301e-01 1.830951571464538574e-01
1.893677115440368652e-01 -2.403377294540405273e-01
2.944324612617492676e-01 7.600218057632446289e-02
-2.898055315017700195e-01 3.978759050369262695e-02
3.686010241508483887e-01 -2.835366725921630859e-01
-2.460044622421264648e-01 -1.460775136947631836e-01
-3.089911341667175293e-01 -4.104182124137878418e-01
-3.750871419906616211e-01 -1.753844022750854492e-01
-2.027512788772583008e-01 -2.627741098403930664e-01
-7.906293869018554688e-02 -9.027177095413208008e-02
-8.353000879287719727e-02 -2.997303605079650879e-01
2.312327027320861816e-01 -3.189268112182617188e-01
-4.798817634582519531e-02 1.747859120368957520e-01
-1.113667488098144531e-01 3.013821840286254883e-01
3.009057641029357910e-01 -3.300464153289794922e-01
1.568887829780578613e-01 3.547924160957336426e-01
-1.671284437179565430e-02 1.977480649948120117e-01
-3.309827446937561035e-01 -3.653615713119506836e-01
-1.995299458503723145e-01 -1.957404017448425293e-01
-2.248939275741577148e-01 -3.188410401344299316e-01
2.323760390281677246e-01 -3.969739079475402832e-01
9.443235397338867188e-02 -1.329401731491088867e-01
3.520257472991943359e-01 -1.547949314117431641e-01
1.989381313323974609e-01 -3.719183802604675293e-01
-4.114049673080444336e-02 1.395183801651000977e-02
-4.685057401657104492e-01 3.612248897552490234e-01
1.998926997184753418e-01 -8.412891626358032227e-02
1.470970511436462402e-01 4.265305995941162109e-01
3.974830508232116699e-01 4.209582209587097168e-01
1.218162178993225098e-01 4.183158874511718750e-01
4.214203357696533203e-02 -4.102587699890136719e-04
3.353022933006286621e-01 3.204930424690246582e-01
-3.363776803016662598e-01 -4.105795025825500488e-01
8.269762992858886719e-02 -4.935520887374877930e-01
1.999115943908691406e-02 -9.628492593765258789e-02
-1.548045277595520020e-01 -2.653748393058776855e-01
-4.282930493354797363e-01 -4.131513833999633789e-02
3.946266174316406250e-01 -2.702547907829284668e-01
-3.980046510696411133e-01 2.428978681564331055e-01
3.385586142539978027e-01 4.905849099159240723e-01
1.150264143943786621e-01 -2.139173150062561035e-01
-2.541139721870422363e-01 8.926808834075927734e-02
3.337000012397766113e-01 1.524720191955566406e-01
-1.923432946205139160e-01 3.427202701568603516e-01
-2.139939665794372559e-01 3.525008559226989746e-01
2.700061202049255371e-01 -3.911584615707397461e-02
-3.287315964698791504e-01 -1.659297943115234375e-02
-1.846638321876525879e-01 -2.397099137306213379e-01
3.467982411384582520e-01 -3.136755228042602539e-01
4.324819445610046387e-01 3.027876019477844238e-01
-1.462681293487548828e-01 -3.460645675659179688e-01
4.391558170318603516e-01 -1.735705137252807617e-01
3.681421875953674316e-01 -3.189420104026794434e-01
4.037750363349914551e-01 4.383374452590942383e-01
-3.990043997764587402e-01 -2.467066645622253418e-01
4.055014252662658691e-01 -9.386533498764038086e-02
-4.593594074249267578e-01 -4.792419672012329102e-01
4.240838289260864258e-01 -1.380009055137634277e-01
-3.370158076286315918e-01 4.673138260841369629e-01
4.089900255203247070e-01 8.761090040206909180e-02
2.891483306884765625e-01 -2.680919766426086426e-01
1.008987426757812500e-03 2.161224484443664551e-01
-3.794168829917907715e-01 -3.116915225982666016e-01
-1.065878868103027344e-01 -3.810841441154479980e-01
-3.680499792098999023e-01 2.462819218635559082e-01
-2.236233353614807129e-01 2.478318214416503906e-01
1.156831979751586914e-01 4.944809675216674805e-01
1.448732614517211914e-02 6.655102968215942383e-02
3.209722042083740234e-01 -9.431898593902587891e-03
9.141951799392700195e-02 -1.700807213783264160e-01
-2.966180443763732910e-01 2.189323902130126953e-01
-4.920693039894104004e-01 -3.511613607406616211e-02
-4.513164162635803223e-01 -3.510708212852478027e-01
-1.355339884757995605e-01 -1.185469031333923340e-01
3.637566566467285156e-01 -1.746879816055297852e-01
3.600041866302490234e-01 1.101297140121459961e-01
-6.352210044860839844e-02 -3.111424446105957031e-01
-3.925766348838806152e-01 3.237021565437316895e-01
-3.899956345558166504e-01 7.149511575698852539e-02
2.993525862693786621e-01 2.049922347068786621e-01
2.471961975097656250e-01 3.875415921211242676e-01
2.300225496292114258e-01 -3.517948985099792480e-01
-3.650686144828796387e-01 -4.820343852043151855e-01
2.568829655647277832e-01 -3.839241266250610352e-01
-4.202425479888916016e-03 -2.513969540596008301e-01
-1.242796182632446289e-01 3.705857396125793457e-01
-8.202219009399414062e-02 -7.713264226913452148e-02
1.097309589385986328e-01 3.657186031341552734e-02
-3.469709157943725586e-01 1.990544199943542480e-01
-2.243654727935791016e-01 -1.644856333732604980e-01
-1.963028311729431152e-01 -4.236471056938171387e-01
1.384833455085754395e-01 3.157294392585754395e-01
-4.058786630630493164e-01 -3.899739384651184082e-01
4.935372471809387207e-01 3.795230388641357422e-02
3.572255969047546387e-01 -1.050422191619873047e-01
-2.742560505867004395e-01 -3.243754506111145020e-01
3.466455936431884766e-01 -8.792030811309814453e-02
4.722567796707153320e-01 -2.335120439529418945e-01
-1.251563429832458496e-01 1.447802782058715820e-02
-1.996780037879943848e-01 -2.378270030021667480e-01
-9.291243553161621094e-02 -2.728233337402343750e-01
2.207043766975402832e-01 4.914098381996154785e-01
1.042969226837158203e-01 -3.934923410415649414e-01
2.209646701812744141e-01 -4.551220536231994629e-01
3.428518772125244141e-02 -1.672006249427795410e-01
-6.800252199172973633e-02 1.755959987640380859e-01
4.220232963562011719e-01 -8.162623643875122070e-02
-2.161033749580383301e-01 1.382761597633361816e-01
-2.778847217559814453e-01 -3.947395086288452148e-02
-3.650659322738647461e-02 -4.338436722755432129e-01
-2.683695554733276367e-01 -6.222152709960937500e-02
-4.806566834449768066e-01 -1.775979995727539062e-01
3.240321278572082520e-01 1.831179857254028320e-02
-1.646186709403991699e-01 2.454953193664550781e-01
-1.757858991622924805e-01 3.943550586700439453e-02
3.049227595329284668e-01 -3.443445563316345215e-01
3.222019076347351074e-01 -3.893702030181884766e-01
-9.758591651916503906e-02 -2.429295182228088379e-01
-4.475682973861694336e-02 -4.686677455902099609e-01
-2.623450160026550293e-01 2.065699696540832520e-01
4.405223131179809570e-01 -1.148658990859985352e-02
1.413655877113342285e-01 1.607044935226440430e-01
6.690800189971923828e-03 3.059781789779663086e-01
1.587975025177001953e-01 -3.337500691413879395e-01
1.158913969993591309e-01 -3.681991100311279297e-01
-4.280156493186950684e-01 2.841341495513916016e-02
3.608678579330444336e-01 4.297008514404296875e-01
-3.544462919235229492e-01 2.120199203491210938e-01
-2.940351963043212891e-01 1.319485902786254883e-01
-1.651178598403930664e-01 -1.813951730728149414e-01
-1.500174999237060547e-01 -2.416974306106567383e-02
2.196910977363586426e-01 6.534314155578613281e-02
-2.771586179733276367e-01 -1.709896922111511230e-01
4.970581531524658203e-01 -4.519647359848022461e-01
-7.207292318344116211e-02 1.933963894844055176e-01
-4.384444952011108398e-01 4.865027666091918945e-01
4.434549212455749512e-01 -1.406986117362976074e-01
-4.054156541824340820e-01 3.574934601783752441e-01
-2.288987040519714355e-01 -1.104153990745544434e-01
5.318641662597656250e-02 -1.869934201240539551e-01
3.297508955001831055e-01 -8.692228794097900391e-02
-4.522366523742675781e-01 -4.693974852561950684e-01
-2.400864362716674805e-01 3.026471138000488281e-01
-2.394031882286071777e-01 -7.472842931747436523e-02
-3.061014413833618164e-02 1.963946223258972168e-01
-2.362551093101501465e-01 -3.616683483123779297e-01
3.043343424797058105e-01 -3.723031282424926758e-01
-2.280853390693664551e-01 3.335835933685302734e-01
4.398561716079711914e-01 -4.388007521629333496e-01
4.017363190650939941e-01 2.209168672561645508e-01
4.494522809982299805e-01 1.924009323120117188e-01
-1.326600909233093262e-01 3.156503438949584961e-01
-2.071089148521423340e-01 2.711148858070373535e-01
-3.549223542213439941e-01 -1.150581240653991699e-01
-3.662446737289428711e-01 -4.973179101943969727e-02
-3.688169717788696289e-01 -4.414408206939697266e-01
2.279999852180480957e-01 3.292262554168701172e-01
4.441543817520141602e-01 4.025171995162963867e-01
3.817736506462097168e-01 4.065650105476379395e-01
-3.264580965042114258e-01 4.673563241958618164e-01
2.537202239036560059e-01 1.661463975906372070e-01
2.918748259544372559e-01 -4.894437193870544434e-01
-1.521457433700561523e-01 1.688905954360961914e-01
4.665039777755737305e-01 3.138247728347778320e-01
-2.173398137092590332e-01 -3.287644386291503906e-01
-3.164670467376708984e-01 1.829853057861328125e-01
-4.729508161544799805e-01 -4.244976043701171875e-01
3.338916897773742676e-01 2.352511882781982422e-01
2.528986930847167969e-01 -2.454729676246643066e-01
1.996604204177856445e-01 -2.795852422714233398e-01
-3.278755545616149902e-01 -2.103377580642700195e-01
-3.980923891067504883e-01 2.777516841888427734e-01
3.512241244316101074e-01 -3.461232185363769531e-01
1.432551145553588867e-01 1.536005139350891113e-01
3.403209447860717773e-01 4.891854524612426758e-02
-4.674940109252929688e-01 3.233274817466735840e-01
-5.671519041061401367e-02 -4.319956302642822266e-01
4.510087966918945312e-01 4.849191308021545410e-01
4.172003865242004395e-01 3.875643014907836914e-02
1.367400884628295898e-01 -1.785476207733154297e-01
-3.205105066299438477e-01 3.838484883308410645e-01
2.875449657440185547e-01 4.655145406723022461e-01
-4.097456336021423340e-01 1.428373456001281738e-01
1.874729394912719727e-01 -6.155163049697875977e-02
-8.394777774810791016e-03 -4.591695666313171387e-01
-3.129532337188720703e-01 5.483186244964599609e-02
-2.107510566711425781e-01 3.243418335914611816e-01
1.767449378967285156e-01 2.838529348373413086e-01
2.774727344512939453e-02 -1.701561808586120605e-01
2.554341554641723633e-01 -3.381495475769042969e-01
-3.392404317855834961e-01 2.499474287033081055e-01
-1.034549474716186523e-01 -2.868950366973876953e-03
-6.566697359085083008e-02 7.649481296539306641e-02
4.828073978424072266e-01 -4.934573173522949219e-02
-7.720232009887695312e-03 3.640347123146057129e-01
2.397626638412475586e-01 4.356855750083923340e-01
-4.678850769996643066e-01 4.860215783119201660e-01
1.640053987503051758e-01 2.115463018417358398e-01
1.498963236808776855e-01 4.340622425079345703e-01
-1.303487420082092285e-01 -2.948806881904602051e-01
-1.946577429771423340e-01 4.720454812049865723e-01
4.101541638374328613e-01 -3.855847716331481934e-01
-1.839981079101562500e-01 3.335285186767578125e-01
-3.554109930992126465e-01 -1.502746939659118652e-01
-3.081285953521728516e-02 9.066981077194213867e-02
4.318660497665405273e-01 -1.281229257583618164e-01
-2.662143111228942871e-01 3.911322355270385742e-02
-2.003278136253356934e-01 1.491606235504150391e-01
3.725643157958984375e-01 4.605820775032043457e-01
-4.747136831283569336e-01 -3.682189583778381348e-01
-4.855757951736450195e-01 3.988348841667175293e-01
-3.258969783782958984e-01 -3.337764739990234375e-01
4.872638583183288574e-01 -3.877974152565002441e-01
1.411542296409606934e-01 4.224148988723754883e-01
-2.639379501342773438e-01 3.611201047897338867e-02
6.766116619110107422e-02 -4.962238669395446777e-01
-2.054708003997802734e-01 3.622189164161682129e-01
-2.711085677146911621e-01 -4.613761305809020996e-01
-2.856489419937133789e-01 4.803470969200134277e-01
-1.005634665489196777e-01 -1.116012930870056152e-01
-4.321582913398742676e-01 -2.702113389968872070e-01
4.566329717636108398e-01 -2.906211614608764648e-01
1.392030119895935059e-01 -2.314006686210632324e-01
-1.633331775665283203e-01 -2.238548398017883301e-01
-2.224104404449462891e-01 3.248547911643981934e-01
-4.611429572105407715e-01 1.211698651313781738e-01
-1.456462144851684570e-01 -2.710676193237304688e-02
9.998202323913574219e-03 1.095936894416809082e-01
-3.318354487419128418e-01 1.408520936965942383e-01
5.862498283386230469e-02 3.045356869697570801e-01
-1.729907393455505371e-01 -7.525837421417236328e-02
-4.079027175903320312e-01 3.903093934059143066e-01
4.694109559059143066e-01 -1.113365292549133301e-01
4.375757575035095215e-01 -3.453571200370788574e-01
-2.611429691314697266e-01 -4.408205747604370117e-01
-4.723818302154541016e-01 4.201616048812866211e-01
-3.434267640113830566e-01 -4.885995388031005859e-01
2.020037770271301270e-01 3.203340172767639160e-01
-1.464650034904479980e-01 -4.700486660003662109e-01
8.228361606597900391e-02 4.547392725944519043e-01
-2.899622321128845215e-01 7.964897155761718750e-02
2.932860255241394043e-01 2.132846117019653320e-01
-7.146126031875610352e-02 -4.712702035903930664e-01
2.107274532318115234e-01 6.541079282760620117e-02
2.132096290588378906e-01 -4.688078165054321289e-02
-4.862903356552124023e-01 -1.765571832656860352e-01
-2.121822237968444824e-01 3.023409247398376465e-01
1.345735788345336914e-02 1.613761186599731445e-01
-1.317692995071411133e-01 1.538888812065124512e-01
6.372749805450439453e-02 3.839437365531921387e-01
-3.868964314460754395e-01 -2.820409536361694336e-01
-3.963932394981384277e-01 1.273285746574401855e-01
3.042721748352050781e-01 1.558500528335571289e-02
1.247696280479431152e-01 4.413475990295410156e-01
-2.546688914299011230e-01 1.734496355056762695e-01
1.116950511932373047e-01 4.526217579841613770e-01
-3.423810005187988281e-02 2.315337061882019043e-01
-4.258030652999877930e-02 4.673156738281250000e-01
-4.564517140388488770e-01 3.669757246971130371e-01
3.754109144210815430e-01 -4.538978338241577148e-01
-7.853305339813232422e-02 3.546754717826843262e-01
2.655720114707946777e-01 -4.887031316757202148e-01
-1.831105351448059082e-01 2.557300925254821777e-01
4.945979118347167969e-01 4.966019988059997559e-01
-2.939077615737915039e-01 -2.371709942817687988e-01
3.195595741271972656e-01 -2.252833247184753418e-01
1.320638060569763184e-01 3.016942739486694336e-01
-2.526859045028686523e-01 4.511590600013732910e-01
-2.726360559463500977e-01 -4.541157484054565430e-01
-3.660506010055541992e-02 -2.817178368568420410e-01
1.430373191833496094e-01 4.574286937713623047e-02
-4.095879197120666504e-01 4.305202364921569824e-01
-3.150990009307861328e-01 -2.552831172943115234e-01
-7.745218276977539062e-02 4.980513453483581543e-01
2.196307778358459473e-01 3.269272446632385254e-01
1.599157452583312988e-01 1.633648276329040527e-01
3.716278076171875000e-01 -1.740494966506958008e-01
3.675839900970458984e-01 1.265473365783691406e-01
-2.858229875564575195e-01 -7.361322641372680664e-02
-3.636615276336669922e-01 4.518842101097106934e-01
2.912072539329528809e-01 8.188128471374511719e-03
-3.806797862052917480e-01 1.439588665962219238e-01
-2.647743821144104004e-01 4.974846243858337402e-01
-3.690707683563232422e-02 -4.113539457321166992e-01
8.547854423522949219e-02 3.579833507537841797e-01
6.008005142211914062e-02 -2.237279415130615234e-01
3.215146660804748535e-01 -2.819920778274536133e-01
3.627300858497619629e-01 -3.968054056167602539e-02
-2.839519381523132324e-01 2.373864650726318359e-01
-4.701848030090332031e-01 -4.890694022178649902e-01
-4.015454053878784180e-01 -5.429011583328247070e-02
3.100577592849731445e-01 -6.984293460845947266e-03
-4.969989657402038574e-01 -4.583948850631713867e-01
1.486464738845825195e-01 1.998640298843383789e-01
3.690530061721801758e-01 1.355913877487182617e-01
1.151704192161560059e-01 4.364303946495056152e-01
1.840375661849975586e-01 -4.386185407638549805e-01
-1.463809013366699219e-01 -4.908698201179504395e-01
-8.589595556259155273e-02 3.134858012199401855e-01
3.967804908752441406e-01 -3.406976461410522461e-01
-9.217262268066406250e-03 3.213924765586853027e-01
