1.645060777664184570e-01 3.229904174804687500e-02
-1.974943876266479492e-01 -8.518868684768676758e-02
3.892653584480285645e-01 4.987480044364929199e-01
4.892175793647766113e-01 4.291896224021911621e-01
4.458300471305847168e-01 3.638426661491394043e-01
4.423862099647521973e-01 -1.378316879272460938e-01
2.922581434249877930e-01 -3.731545805931091309e-01
3.131161332130432129e-01 -1.664295792579650879e-01
-3.098172545433044434e-01 -9.224635362625122070e-02
1.278812289237976074e-01 4.550374746322631836e-01
2.065662741661071777e-01 4.390292167663574219e-01
1.753385663032531738e-01 3.144202232360839844e-01
-6.644338369369506836e-02 -4.867790937423706055e-01
-4.284909963607788086e-01 -1.481314301490783691e-01
2.610107660293579102e-01 3.400563597679138184e-01
3.675033450126647949e-01 2.917925119400024414e-01
-2.424360513687133789e-01 -1.078742742538452148e-02
-1.837052702903747559e-01 -3.003317713737487793e-01
-9.988355636596679688e-02 4.789924621582031250e-02
-1.099733114242553711e-01 -2.089773416519165039e-01
9.660840034484863281e-02 -2.650770545005798340e-01
7.059252262115478516e-02 1.342053413391113281e-01
4.435863494873046875e-01 -2.843757867813110352e-01
-4.042908549308776855e-01 -3.038525581359863281e-03
-2.990465760231018066e-01 -1.417307257652282715e-01
-3.406263589859008789e-01 1.238818168640136719e-01
-5.969160795211791992e-02 -8.829236030578613281e-03
4.112750887870788574e-01 -3.197140693664550781e-01
-2.986568212509155273e-02 3.357058167457580566e-01
-3.281143903732299805e-01 1.541763544082641602e-02
2.872636914253234863e-01 -1.709092259407043457e-01
3.496125936508178711e-01 -3.068457245826721191e-01
-2.894195318222045898e-01 1.698317527770996094e-01
2.637737393379211426e-01 4.062116742134094238e-01
-4.089930057525634766e-01 -2.965354919433593750e-01
4.155617952346801758e-01 -4.603227972984313965e-01
5.418664216995239258e-02 6.141573190689086914e-02
1.790606975555419922e-01 -1.737108826637268066e-01
-3.891964554786682129e-01 6.338393688201904297e-02
1.473284363746643066e-01 2.557617425918579102e-01
-1.574722528457641602e-01 1.038948893547058105e-01
-4.547780752182006836e-01 -3.881888389587402344e-01
3.907084465026855469e-01 4.787617325782775879e-01
-2.733625173568725586e-01 1.662343740463256836e-01
3.930482268333435059e-01 1.224279999732971191e-01
3.523379564285278320e-01 1.124830842018127441e-01
-3.931567072868347168e-01 -3.005217313766479492e-01
1.699550151824951172e-01 4.251866936683654785e-01
3.130911588668823242e-01 4.922541975975036621e-01
-4.936647415161132812e-01 1.913558244705200195e-01
-1.811645627021789551e-01 -8.972519636154174805e-02
-4.985395073890686035e-01 -2.818192839622497559e-01
-1.288233995437622070e-01 -2.127985358238220215e-01
1.304653286933898926e-01 1.588125824928283691e-01
3.226982951164245605e-01 2.403688430786132812e-02
3.595291972160339355e-01 -2.362326383590698242e-01
3.168530464172363281e-01 2.228368520736694336e-01
-2.241498231887817383e-01 4.905798435211181641e-01
4.231947064399719238e-01 4.903381466865539551e-01
-1.640409231185913086e-02 3.655994534492492676e-01
-4.190605878829956055e-01 -7.847177982330322266e-02
3.243139982223510742e-01 2.406414747238159180e-01
4.674584269523620605e-01 2.431339621543884277e-01
-4.063867330551147461e-01 4.839769005775451660e-01
3.106980919837951660e-01 3.781924843788146973e-01
4.796544313430786133e-01 3.843313455581665039e-02
2.317309379577636719e-01 4.660224914550781250e-01
-1.046236753463745117e-01 2.584260702133178711e-01
1.138513088226318359e-01 4.454484581947326660e-01
2.707034349441528320e-02 -4.591631293296813965e-01
4.823586940765380859e-01 4.997087121009826660e-01
-4.139845371246337891e-01 2.314401865005493164e-01
2.012696266174316406e-01 4.494510889053344727e-01
-1.121817231178283691e-01 -1.085280776023864746e-01
3.865590095520019531e-01 -1.706107854843139648e-01
4.405333399772644043e-01 1.668893694877624512e-01
2.743136882781982422e-02 -4.568845033645629883e-02
2.605126500129699707e-01 -8.530980348587036133e-02
4.272031188011169434e-01 2.102495431900024414e-01
-8.187705278396606445e-02 -2.264431118965148926e-01
1.269142031669616699e-01 -1.255362629890441895e-01
-4.059134125709533691e-01 5.063164234161376953e-02
6.563222408294677734e-02 -3.873637318611145020e-01
1.176151037216186523e-01 -4.828600883483886719e-01
-1.064687371253967285e-01 -4.477079510688781738e-01
-4.519286155700683594e-01 -2.859225869178771973e-01
-7.806128263473510742e-02 1.560175418853759766e-01
1.612909436225891113e-01 -1.773164868354797363e-01
-2.365966439247131348e-01 -1.044189333915710449e-01
6.498932838439941406e-02 3.836691975593566895e-01
4.258120059967041016e-01 -1.873906254768371582e-01
4.101694822311401367e-01 -4.765641093254089355e-01
3.179752230644226074e-01 2.741545438766479492e-01
-3.297111392021179199e-01 -3.176258206367492676e-01
3.895546793937683105e-01 3.587524890899658203e-01
-1.169737577438354492e-01 3.183440566062927246e-01
1.333220005035400391e-01 -4.606782197952270508e-01
3.324548006057739258e-01 4.731560945510864258e-01
-3.620010018348693848e-01 4.923229217529296875e-01
-1.925451159477233887e-01 -9.226793050765991211e-02
-4.406297802925109863e-01 2.930443882942199707e-01
-8.139580488204956055e-02 -2.504721283912658691e-01
1.310250163078308105e-01 -4.233416914939880371e-01
3.287407755851745605e-01 2.774794101715087891e-01
-4.680016636848449707e-01 -1.457855701446533203e-01
1.494100093841552734e-01 -3.253686428070068359e-02
-1.275183558464050293e-01 8.966225385665893555e-02
6.199824810028076172e-02 -9.220510721206665039e-02
2.971678376197814941e-01 3.862619996070861816e-01
3.933278918266296387e-01 -1.587393283843994141e-01
8.188039064407348633e-02 1.765069961547851562e-01
3.662614226341247559e-01 -2.632814645767211914e-01
3.673712015151977539e-01 2.456210851669311523e-01
2.157378196716308594e-01 -3.802539110183715820e-01
-2.191517353057861328e-01 2.608537077903747559e-01
4.821742177009582520e-01 -3.930413722991943359e-02
-1.091582179069519043e-01 -2.442588210105895996e-01
-5.144059658050537109e-03 2.035951614379882812e-01
3.572618961334228516e-02 -3.922082781791687012e-01
-1.483523845672607422e-01 5.801695585250854492e-02
-9.281921386718750000e-02 -2.408590912818908691e-01
4.565919041633605957e-01 3.274529576301574707e-01
-1.126046776771545410e-01 -1.507818698883056641e-02
4.812516570091247559e-01 -4.181403517723083496e-01
4.600657224655151367e-01 -3.255234956741333008e-01
6.732767820358276367e-02 -2.983240485191345215e-01
-1.785090565681457520e-01 4.439935088157653809e-01
-4.592236280441284180e-01 3.255237936973571777e-01
1.887740492820739746e-01 1.511973142623901367e-02
-4.418447017669677734e-01 -4.866158366203308105e-01
1.659749746322631836e-01 2.440294027328491211e-01
6.081390380859375000e-02 2.617022395133972168e-01
3.201274275779724121e-01 -4.966282248497009277e-01
3.554529547691345215e-01 -2.396737337112426758e-01
1.502175331115722656e-01 2.749252319335937500e-02
4.716686606407165527e-01 3.942934274673461914e-01
-3.751608729362487793e-01 -4.130536317825317383e-01
2.794532179832458496e-01 -1.032294631004333496e-01
2.040643095970153809e-01 1.796204447746276855e-01
-3.701692223548889160e-01 3.863282799720764160e-01
1.844884753227233887e-01 -6.547731161117553711e-02
2.366772890090942383e-01 -3.857070803642272949e-01
-2.123034000396728516e-02 -4.390716552734375000e-01
-3.546196222305297852e-01 -4.237556457519531250e-01
-3.711527585983276367e-01 -9.356498718261718750e-03
2.209641337394714355e-01 3.511956334114074707e-01
-2.563124895095825195e-02 3.129895925521850586e-01
-3.324753642082214355e-01 -1.331244707107543945e-01
4.295747280120849609e-01 4.635300040245056152e-01
3.663271665573120117e-01 -3.349970579147338867e-01
-2.710267901420593262e-01 1.813476681709289551e-01
-6.059974431991577148e-02 -1.497499942779541016e-01
-2.808747887611389160e-01 -4.463170170783996582e-01
-5.305254459381103516e-02 -4.567812085151672363e-01
4.436588883399963379e-01 -2.874123454093933105e-01
-9.891569614410400391e-02 3.538556694984436035e-01
3.556892871856689453e-01 3.079618811607360840e-01
3.680387139320373535e-01 -4.112768173217773438e-02
-3.842511773109436035e-01 2.971240878105163574e-01
-1.190519928932189941e-01 -6.671136617660522461e-02
-2.348806262016296387e-01 -4.330620169639587402e-01
1.855565905570983887e-01 2.794992923736572266e-01
-3.884829282760620117e-01 4.346610903739929199e-01
-3.988071680068969727e-01 1.588932275772094727e-01
3.272329568862915039e-01 4.817031621932983398e-01
-1.844495534896850586e-02 3.851477503776550293e-01
-3.170462250709533691e-01 -4.519926905632019043e-01
3.310396075248718262e-01 -3.574745655059814453e-01
-2.294451594352722168e-01 -2.543333768844604492e-01
-1.552509665489196777e-01 -5.212771892547607422e-02
-6.018537282943725586e-02 -9.392756223678588867e-02
1.828183531761169434e-01 1.783176064491271973e-01
9.868597984313964844e-02 -2.602824568748474121e-01
5.147475004196166992e-02 -7.383978366851806641e-02
2.227827906608581543e-01 -2.630293369293212891e-01
4.263460636138916016e-02 -3.825427293777465820e-01
-4.042502045631408691e-01 2.571119070053100586e-01
1.887585520744323730e-01 1.716754436492919922e-01
2.787750959396362305e-02 -1.643372774124145508e-01
-1.737365126609802246e-01 -4.875467419624328613e-01
4.709959030151367188e-01 -1.674636006355285645e-01
4.428361058235168457e-01 1.866859197616577148e-01
4.784363508224487305e-02 2.232438921928405762e-01
-3.089306950569152832e-01 4.186141490936279297e-02
2.227784395217895508e-01 3.883527517318725586e-01
-4.665189981460571289e-02 -1.012077927589416504e-01
6.652659177780151367e-02 -3.186998963356018066e-01
4.176149964332580566e-01 2.177577018737792969e-01
-7.928729057312011719e-03 2.430349588394165039e-02
2.079558372497558594e-01 1.935689449310302734e-01
1.223330497741699219e-01 2.575911283493041992e-01
7.296907901763916016e-02 -3.848022222518920898e-01
2.491612434387207031e-01 3.483754396438598633e-01
4.361544251441955566e-01 -1.154156923294067383e-01
1.952298879623413086e-01 4.701342582702636719e-01
3.555223345756530762e-01 4.104512929916381836e-02
2.291427850723266602e-01 -4.397761821746826172e-01
5.419254302978515625e-04 -3.565820455551147461e-01
3.150367736816406250e-01 1.036493778228759766e-01
3.099070191383361816e-01 -2.262684702873229980e-01
1.171282529830932617e-01 -4.805538058280944824e-01
-1.282951831817626953e-01 -3.657257556915283203e-02
1.793779134750366211e-01 3.912493586540222168e-01
3.262925148010253906e-02 4.084835648536682129e-01
4.397892951965332031e-02 -1.349692940711975098e-01
-3.476197123527526855e-01 1.505445241928100586e-01
3.032696843147277832e-01 1.152360439300537109e-01
-1.379758119583129883e-02 1.772032976150512695e-01
-3.802398443222045898e-01 5.391192436218261719e-02
1.566113233566284180e-01 4.879094958305358887e-01
3.484892845153808594e-01 2.068793773651123047e-02
-1.479328870773315430e-01 -1.463686823844909668e-01
-8.429878950119018555e-02 -1.593101024627685547e-02
-1.667866706848144531e-01 6.285828351974487305e-02
4.765418171882629395e-01 -2.597614526748657227e-01
-2.333207726478576660e-01 1.622339487075805664e-01
-2.407853007316589355e-01 3.458338975906372070e-02
-4.539231061935424805e-01 1.539955735206604004e-01
-3.541659116744995117e-01 -4.887678027153015137e-01
-3.110394477844238281e-01 3.593220114707946777e-01
-1.830301284790039062e-01 -3.509429097175598145e-01
3.942793607711791992e-02 2.172534465789794922e-01
3.777253627777099609e-01 -9.081482887268066406e-02
3.070530891418457031e-01 1.192474961280822754e-01
3.965159654617309570e-01 -3.208035230636596680e-01
-1.471660733222961426e-01 -3.715979456901550293e-01
-4.055603742599487305e-01 4.919842481613159180e-01
-2.355215549468994141e-01 -2.087048292160034180e-01
-1.352312564849853516e-01 1.438760161399841309e-01
3.729780912399291992e-01 3.370856046676635742e-01
-1.604154706001281738e-01 -1.994681358337402344e-02
4.128893613815307617e-01 -3.298947811126708984e-01
-2.447569966316223145e-01 -9.776055812835693359e-03
2.484798431396484375e-03 -1.769066452980041504e-01
7.628136873245239258e-02 -2.981317043304443359e-02
-2.308544516563415527e-01 -1.128667593002319336e-02
-3.712955117225646973e-01 3.377597928047180176e-01
4.637484550476074219e-01 3.628222942352294922e-01
3.656480312347412109e-01 2.185420393943786621e-01
2.812922596931457520e-01 -2.246387600898742676e-01
-4.887746572494506836e-01 9.110128879547119141e-02
3.895109891891479492e-02 -2.022826075553894043e-01
4.161377549171447754e-01 4.524542689323425293e-01
7.999897003173828125e-02 2.278868556022644043e-01
1.993077993392944336e-01 1.072529554367065430e-01
1.228166818618774414e-01 -8.487981557846069336e-02
-7.238692045211791992e-02 2.582587003707885742e-01
-3.443104028701782227e-02 1.341145038604736328e-01
-2.652627229690551758e-01 4.494482278823852539e-02
2.732456922531127930e-01 -1.404208540916442871e-01
8.129632472991943359e-02 2.067177891731262207e-01
-4.122486710548400879e-01 1.206547021865844727e-02
3.308393955230712891e-01 -1.989557147026062012e-01
3.816258311271667480e-01 -1.244425177574157715e-01
3.933654427528381348e-01 3.036543726921081543e-01
-2.482881546020507812e-01 -4.039323329925537109e-01
2.144711017608642578e-01 3.574598431587219238e-01
-2.315168380737304688e-01 1.047596335411071777e-01
3.645628690719604492e-02 4.834215641021728516e-01
2.390383481979370117e-01 -1.274960041046142578e-01
-1.137096285820007324e-01 1.676895022392272949e-01
-2.362399101257324219e-01 3.908753991127014160e-01
3.686362504959106445e-01 -2.618173956871032715e-01
3.634206652641296387e-01 -3.746318817138671875e-01
1.207668185234069824e-01 -4.383144974708557129e-01
2.609685063362121582e-01 -8.275371789932250977e-02
-2.402258515357971191e-01 -4.056971669197082520e-01
1.262841224670410156e-01 -3.449487686157226562e-01
-4.296440482139587402e-01 -2.407240867614746094e-02
3.655046224594116211e-01 -3.144365549087524414e-02
4.978159666061401367e-01 1.367866992950439453e-01
-9.812200069427490234e-02 -4.061651825904846191e-01
-4.965487122535705566e-01 -3.763757944107055664e-01
-1.863213777542114258e-01 -3.508381247520446777e-01
-9.464043378829956055e-02 -3.996423482894897461e-01
-3.646075725555419922e-01 4.487175941467285156e-01
7.647264003753662109e-02 2.829521298408508301e-01
-3.042057752609252930e-01 1.073990464210510254e-01
-2.540212869644165039e-02 1.294656991958618164e-01
4.035049080848693848e-01 -4.439854621887207031e-01
8.300244808197021484e-03 4.769957065582275391e-02
3.215295076370239258e-02 -1.434952020645141602e-02
-2.518935203552246094e-01 2.497434616088867188e-05
3.332916498184204102e-01 3.147476315498352051e-01
-3.262920379638671875e-01 -4.153259396553039551e-01
-4.711148142814636230e-01 -4.147237539291381836e-01
4.812665581703186035e-01 -2.993146181106567383e-01
-1.557749509811401367e-01 -1.373869180679321289e-02
-2.255621552467346191e-01 2.339184284210205078e-02
-1.198201775550842285e-01 5.774843692779541016e-02
3.929722309112548828e-02 -3.367801904678344727e-01
-7.539033889770507812e-03 -3.812168240547180176e-01
-3.092795610427856445e-02 4.489048719406127930e-01
4.070465564727783203e-01 -3.229756355285644531e-01
4.351817369461059570e-01 -3.632535934448242188e-01
-1.940250396728515625e-01 1.703619956970214844e-03
-8.891403675079345703e-02 1.513773202896118164e-02
-1.162577271461486816e-01 1.233718991279602051e-01
-8.765125274658203125e-02 1.357881426811218262e-01
-3.772081732749938965e-01 2.891474366188049316e-01
-1.479936242103576660e-01 3.337333798408508301e-01
4.485555887222290039e-01 -9.838700294494628906e-03
9.360581636428833008e-02 2.159194946289062500e-01
3.250640630722045898e-01 -2.199226617813110352e-02
2.117013335227966309e-01 -4.411808848381042480e-01
3.773834109306335449e-01 -4.478796124458312988e-01
1.539162397384643555e-01 4.148836731910705566e-01
-1.763088107109069824e-01 -4.052688479423522949e-01
2.055444717407226562e-01 -4.290231466293334961e-01
3.376182913780212402e-01 -1.592803001403808594e-01
-3.323761820793151855e-01 1.808278560638427734e-01
-2.107617855072021484e-01 -3.182079195976257324e-01
4.931928515434265137e-01 1.988865733146667480e-01
1.673796772956848145e-01 -2.960972189903259277e-01
2.126312851905822754e-01 -4.863420724868774414e-01
-2.449967265129089355e-01 -2.560490369796752930e-02
-1.179978251457214355e-01 -1.464037299156188965e-01
3.985533714294433594e-01 -1.921629309654235840e-01
3.151612877845764160e-01 -4.921081662178039551e-01
-3.516058921813964844e-01 -7.772475481033325195e-02
-1.740568280220031738e-01 -3.641559481620788574e-01
4.993337988853454590e-01 -2.539225220680236816e-01
2.765281796455383301e-01 4.217244982719421387e-01
7.826304435729980469e-02 1.286749839782714844e-01
1.620042920112609863e-01 8.808857202529907227e-02
2.814317345619201660e-01 3.696073293685913086e-01
1.431581974029541016e-01 3.603492379188537598e-01
9.852695465087890625e-02 -4.893855452537536621e-01
-1.269057989120483398e-01 -3.138446807861328125e-01
-3.297975659370422363e-01 -4.292535185813903809e-01
4.273158907890319824e-01 4.464032649993896484e-01
-4.901893138885498047e-01 -4.342059493064880371e-01
-1.045319437980651855e-01 -2.243853211402893066e-01
4.061710834503173828e-02 -2.427778244018554688e-01
1.499018669128417969e-01 -4.280992746353149414e-01
-3.770765066146850586e-01 -2.442755699157714844e-01
1.896538138389587402e-01 -2.130487561225891113e-01
5.973249673843383789e-02 7.579404115676879883e-02
-1.903854012489318848e-01 -2.728675007820129395e-01
3.184928297996520996e-01 -4.763097763061523438e-01
1.261410713195800781e-01 -4.261739253997802734e-01
-1.821113824844360352e-01 -3.510882258415222168e-01
3.834459781646728516e-01 -1.635286211967468262e-01
3.097389936447143555e-01 -3.828462958335876465e-01
-4.545554518699645996e-01 2.066850662231445312e-02
4.960175156593322754e-01 2.571308612823486328e-01
-3.968899846076965332e-01 -1.862821578979492188e-01
3.821596503257751465e-01 -3.269506692886352539e-01
3.428661823272705078e-02 -4.885221719741821289e-01
4.719516038894653320e-01 4.000395536422729492e-01
3.657904267311096191e-01 -2.570451498031616211e-01
3.811293244361877441e-01 1.744918823242187500e-01
-7.748007774353027344e-02 -2.414435148239135742e-02
1.847188472747802734e-01 -1.544190645217895508e-01
3.126470446586608887e-01 3.516606092453002930e-01
-3.554857373237609863e-01 4.916436076164245605e-01
-3.051087260246276855e-01 -1.528853178024291992e-02
-4.615902304649353027e-01 -3.791427612304687500e-01
-1.030730605125427246e-01 -3.898646235466003418e-01
-2.423353195190429688e-01 -1.733630895614624023e-01
3.310983180999755859e-01 2.261483669281005859e-02
-2.900707721710205078e-01 1.310974359512329102e-01
4.022166132926940918e-01 2.077409029006958008e-01
2.328635454177856445e-01 9.209084510803222656e-02
1.752695441246032715e-01 -4.377784132957458496e-01
2.768512964248657227e-01 1.647785305976867676e-01
-4.127292037010192871e-01 2.566890120506286621e-01
-2.731302380561828613e-01 1.560410857200622559e-01
3.302469253540039062e-01 -3.751147985458374023e-01
-4.947990179061889648e-02 -1.166123151779174805e-01
4.956412315368652344e-02 3.114901185035705566e-01
4.824183583259582520e-01 1.759161949157714844e-01
1.973022818565368652e-01 3.528534173965454102e-01
1.433596611022949219e-01 2.542257905006408691e-01
3.833164572715759277e-01 2.029509544372558594e-01
3.598809242248535156e-01 2.517450451850891113e-01
-1.872003078460693359e-02 -1.429283618927001953e-02
-9.732383489608764648e-02 3.077561855316162109e-01
1.475027799606323242e-01 -1.435920596122741699e-01
-3.736806511878967285e-01 -8.748340606689453125e-02
1.872929930686950684e-01 1.567949056625366211e-01
-4.129860997200012207e-01 -5.956262350082397461e-02
-3.383800983428955078e-01 -4.024493098258972168e-01
1.066843271255493164e-01 4.668810367584228516e-01
2.757225036621093750e-01 2.161765098571777344e-02
-3.482203483581542969e-01 -3.066344857215881348e-01
-2.719328403472900391e-01 4.147268533706665039e-01
1.047623157501220703e-01 2.553277611732482910e-01
-1.353011131286621094e-01 -3.445752859115600586e-01
-1.263738870620727539e-01 3.659063577651977539e-01
5.363398790359497070e-02 -2.889493703842163086e-01
-2.275698184967041016e-01 4.484580755233764648e-01
4.268043637275695801e-01 -1.220678091049194336e-01
-1.056468486785888672e-02 3.551999330520629883e-01
-2.761556506156921387e-01 -4.557425975799560547e-01
-4.166742563247680664e-01 -1.266039609909057617e-01
-2.394764423370361328e-01 -5.526340007781982422e-02
4.587810635566711426e-01 -1.400294303894042969e-01
-2.501208186149597168e-01 -4.129925370216369629e-01
-2.185623049736022949e-01 1.689673066139221191e-01
3.798686861991882324e-01 -3.790553212165832520e-01
3.261775374412536621e-01 -3.394190669059753418e-01
-3.803861141204833984e-02 4.881701469421386719e-01
2.564173936843872070e-01 1.486545205116271973e-01
-2.084004878997802734e-01 1.682067513465881348e-01
-4.749770760536193848e-01 -3.485847711563110352e-01
-4.312776327133178711e-01 -4.656735062599182129e-01
3.194808959960937500e-02 5.946660041809082031e-02
-4.903256297111511230e-01 -3.355771303176879883e-02
2.984665036201477051e-01 2.270463109016418457e-01
3.817478418350219727e-01 2.013803720474243164e-01
1.537817716598510742e-01 5.782669782638549805e-02
1.261754035949707031e-01 3.462821245193481445e-01
4.522509574890136719e-01 -3.802031278610229492e-02
4.437351226806640625e-02 1.714949607849121094e-01
3.291257619857788086e-01 -1.522583961486816406e-01
-1.135337352752685547e-01 3.186164498329162598e-01
4.580574631690979004e-01 9.805411100387573242e-02
-3.051752448081970215e-01 -9.733319282531738281e-02
-1.700389981269836426e-01 -2.832959294319152832e-01
-2.402953505516052246e-01 4.204901456832885742e-01
3.911703228950500488e-01 2.594910264015197754e-01
-2.854331135749816895e-01 2.180799245834350586e-01
1.433590650558471680e-01 -2.904099225997924805e-02
4.785199761390686035e-01 4.430832266807556152e-01
-1.989036798477172852e-01 -2.610306739807128906e-01
-2.182627320289611816e-01 -2.712005376815795898e-01
3.395812511444091797e-01 -3.076606988906860352e-02
-1.767254471778869629e-01 -6.505364179611206055e-02
4.862557649612426758e-01 1.836075186729431152e-01
-2.936950922012329102e-01 3.578838109970092773e-01
-3.153839707374572754e-01 -3.660261631011962891e-03
4.393091797828674316e-01 9.418666362762451172e-03
4.424115419387817383e-01 -3.885446786880493164e-01
1.981800794601440430e-01 -3.547227382659912109e-01
4.626616239547729492e-01 4.329281449317932129e-01
-4.960652589797973633e-01 -2.563607692718505859e-01
-4.063123464584350586e-02 3.202533721923828125e-01
-5.586218833923339844e-02 -4.070966243743896484e-01
-4.971819519996643066e-01 8.446770906448364258e-02
1.497436165809631348e-01 -4.536372423171997070e-01
-3.358057141304016113e-01 3.004463315010070801e-01
-3.027052879333496094e-01 2.867300510406494141e-01
1.913924217224121094e-01 -1.640990972518920898e-01
1.373526453971862793e-01 -2.956694364547729492e-01
-2.217620611190795898e-01 2.102797031402587891e-01
1.737540364265441895e-01 -8.773201704025268555e-02
-4.670284390449523926e-01 3.981094956398010254e-01
4.251797199249267578e-01 3.529263138771057129e-01
2.801215052604675293e-01 1.638877391815185547e-01
2.626718878746032715e-01 -6.873750686645507812e-02
4.059276580810546875e-01 -3.173249363899230957e-01
4.680275321006774902e-01 3.854818940162658691e-01
-3.505675792694091797e-01 2.370743155479431152e-01
-1.151748299598693848e-01 -9.349268674850463867e-02
9.630519151687622070e-02 -4.492217898368835449e-01
-2.700971364974975586e-01 4.029806852340698242e-01
7.363128662109375000e-02 -3.688681125640869141e-01
-3.595542907714843750e-02 2.586439847946166992e-01
-4.385673999786376953e-02 4.302054643630981445e-02
3.471243381500244141e-01 1.471914649009704590e-01
3.583666086196899414e-01 -1.937798857688903809e-01
3.407601714134216309e-01 -4.765148162841796875e-01
-1.938127279281616211e-01 2.719454765319824219e-01
1.228595376014709473e-01 -4.985994100570678711e-02
4.008376598358154297e-01 3.532291054725646973e-01
-1.304471492767333984e-01 3.589188456535339355e-01
4.550833702087402344e-01 -4.783760905265808105e-01
3.368284106254577637e-01 -1.361818909645080566e-01
-1.515634059906005859e-01 1.878192424774169922e-01
-1.391217708587646484e-01 -3.887760639190673828e-02
6.960791349411010742e-02 -4.479359984397888184e-01
9.700071811676025391e-02 5.921268463134765625e-02
-4.820824265480041504e-01 2.992664575576782227e-01
-1.257551312446594238e-01 3.879106044769287109e-02
5.038547515869140625e-02 -5.122184753417968750e-02
-9.101271629333496094e-02 -1.070872545242309570e-01
-7.861691713333129883e-02 -1.492357850074768066e-01
1.545235514640808105e-01 -1.861950159072875977e-01
-1.777575612068176270e-01 -2.448542118072509766e-01
4.333298802375793457e-01 1.234769821166992188e-01
2.418823838233947754e-01 -7.644158601760864258e-02
1.165612936019897461e-01 -4.629854559898376465e-01
-4.627490639686584473e-01 7.966458797454833984e-02
2.237514257431030273e-01 4.591161012649536133e-02
-2.936173081398010254e-01 2.525726556777954102e-01
-9.427237510681152344e-02 6.733095645904541016e-02
3.861325383186340332e-01 3.526830673217773438e-02
-4.263555407524108887e-01 -1.103134155273437500e-01
3.615837097167968750e-01 1.142491698265075684e-01
-2.581465244293212891e-01 7.824677228927612305e-02
4.090104699134826660e-01 6.642836332321166992e-02
3.173430562019348145e-01 -1.919924020767211914e-01
1.249349117279052734e-01 -4.450319409370422363e-01
4.034308791160583496e-01 -1.752710342407226562e-01
3.279466629028320312e-01 -3.083950877189636230e-01
1.189675927162170410e-01 -1.343014836311340332e-01
1.796520352363586426e-01 -1.113444566726684570e-02
-4.039214849472045898e-01 3.326600790023803711e-01
7.459175586700439453e-02 -6.731647253036499023e-02
1.082912087440490723e-01 -4.940206408500671387e-01
-2.931625247001647949e-01 3.896784782409667969e-01
-4.808034896850585938e-01 -1.994907855987548828e-03
8.796751499176025391e-02 4.972139596939086914e-01
-4.872068762779235840e-01 -4.898473620414733887e-01
1.811531186103820801e-01 -4.372052550315856934e-01
-4.036550521850585938e-01 3.184981346130371094e-01
1.805610656738281250e-01 8.275598287582397461e-02
-4.741271138191223145e-01 -5.404072999954223633e-02
3.895280361175537109e-01 2.179821729660034180e-01
-2.237544655799865723e-01 3.089799880981445312e-01
-4.340970516204833984e-02 -1.540712118148803711e-01
-2.842721343040466309e-01 -4.040428996086120605e-01
-7.815039157867431641e-02 -2.187263369560241699e-01
-1.248614192008972168e-01 -3.143497109413146973e-01
4.201486706733703613e-01 1.985200047492980957e-01
4.211750626564025879e-01 -5.785351991653442383e-02
-4.999694228172302246e-01 1.166340708732604980e-01
3.172741532325744629e-01 -3.150574564933776855e-01
7.407474517822265625e-02 4.877898097038269043e-01
-7.039958238601684570e-02 -9.565246105194091797e-02
8.510184288024902344e-02 3.685104846954345703e-01
5.898874998092651367e-02 -4.199026226997375488e-01
-8.324855566024780273e-02 2.408677339553833008e-01
2.327813506126403809e-01 -3.309631943702697754e-01
2.429880499839782715e-01 9.133911132812500000e-02
-3.441416025161743164e-01 2.546388506889343262e-01
-3.728635907173156738e-01 -4.263377785682678223e-01
2.138078212738037109e-02 -2.368794679641723633e-01
1.255400180816650391e-01 -5.740565061569213867e-02
-4.568058252334594727e-01 1.846456527709960938e-02
-2.507325410842895508e-01 4.485777020454406738e-01
-2.151049375534057617e-01 2.884352207183837891e-01
-1.828585863113403320e-01 5.294650793075561523e-02
1.445597410202026367e-02 -5.415189266204833984e-02
-4.649403095245361328e-01 1.729449033737182617e-01
3.470783233642578125e-01 -3.049587011337280273e-01
1.384076476097106934e-01 1.534233093261718750e-01
-5.973374843597412109e-02 -2.672547101974487305e-02
3.217399120330810547e-03 6.184995174407958984e-02
1.359511613845825195e-01 -2.318227887153625488e-01
-3.776264786720275879e-01 1.788437366485595703e-02
-3.664556145668029785e-01 -3.207522034645080566e-01
4.019027352333068848e-01 -2.984774112701416016e-02
1.522908210754394531e-01 1.573372483253479004e-01
-4.912697672843933105e-01 2.522496581077575684e-01
-4.140611290931701660e-01 4.940508008003234863e-01
1.273598074913024902e-01 3.416833877563476562e-01
4.739236235618591309e-01 -3.610084652900695801e-01
3.721445202827453613e-01 3.054639697074890137e-01
3.975279331207275391e-01 3.162682056427001953e-03
-2.308939695358276367e-01 3.785562515258789062e-02
-6.377160549163818359e-02 -2.390288114547729492e-01
7.113087177276611328e-02 4.845769405364990234e-01
-1.381238102912902832e-01 -3.810395002365112305e-01
-2.445125579833984375e-01 4.274030923843383789e-01
4.357120990753173828e-01 -4.801955819129943848e-01
-3.212405443191528320e-01 5.876892805099487305e-02
-3.811180591583251953e-01 -1.535332798957824707e-01
3.315771222114562988e-01 -3.458403944969177246e-01
2.152746319770812988e-01 -1.229400634765625000e-01
4.328315258026123047e-01 -4.058102965354919434e-01
-2.964558601379394531e-01 4.336812496185302734e-01
6.653046607971191406e-02 -7.354944944381713867e-02
3.350510597229003906e-01 -2.205466032028198242e-01
-3.015146851539611816e-01 -4.682643413543701172e-01
-7.598960399627685547e-02 3.165423870086669922e-03
4.245656728744506836e-02 4.125211238861083984e-01
2.678934335708618164e-01 4.302147626876831055e-01
2.338696122169494629e-01 -3.841482996940612793e-01
2.063622474670410156e-01 -1.629393100738525391e-01
2.112613916397094727e-01 6.856620311737060547e-03
2.162191867828369141e-01 -2.358897328376770020e-01
-1.187337040901184082e-01 9.395611286163330078e-02
-3.355336189270019531e-02 3.205965757369995117e-01
1.585198044776916504e-01 4.651284217834472656e-01
2.656956315040588379e-01 1.763192415237426758e-01
2.798908948898315430e-01 -3.812509775161743164e-02
3.945349454879760742e-01 3.539508581161499023e-01
3.331021666526794434e-01 5.127304792404174805e-02
2.828288674354553223e-01 -3.802011609077453613e-01
-1.130644679069519043e-01 -4.518991708755493164e-02
2.719929814338684082e-01 3.665883541107177734e-01
-4.456179738044738770e-01 -4.181329011917114258e-01
3.057180047035217285e-01 -5.796700716018676758e-02
3.294650912284851074e-01 1.213716864585876465e-01
-2.232965230941772461e-01 -3.753689527511596680e-01
5.293953418731689453e-02 1.920110583305358887e-01
-3.604624271392822266e-01 8.876723051071166992e-02
4.642981290817260742e-02 -6.975412368774414062e-03
-2.155780792236328125e-03 -1.122545599937438965e-01
-2.259278297424316406e-01 1.860452890396118164e-01
4.940303564071655273e-01 -9.663659334182739258e-02
-1.007444262504577637e-01 3.515577912330627441e-01
-7.476675510406494141e-02 3.725866079330444336e-01
3.752168416976928711e-01 -2.767626047134399414e-01
-1.955949664115905762e-01 -2.382181286811828613e-01
-4.967894554138183594e-01 -4.534163475036621094e-01
-4.636215567588806152e-01 1.615715622901916504e-01
-3.581104874610900879e-01 -2.006560564041137695e-01
3.757055997848510742e-01 -3.154584765434265137e-01
6.879431009292602539e-02 1.661289334297180176e-01
-3.321735262870788574e-01 -2.073674798011779785e-01
3.956919908523559570e-02 2.359936237335205078e-01
-4.015363454818725586e-01 -3.096117973327636719e-01
-1.173226833343505859e-01 4.498416781425476074e-01
3.379333019256591797e-01 1.658186316490173340e-01
2.619437575340270996e-01 -1.964743733406066895e-01
1.879958510398864746e-01 2.184289097785949707e-01
1.376546621322631836e-01 2.204911112785339355e-01
5.939888954162597656e-02 -3.729252219200134277e-01
-3.195849657058715820e-01 4.420879483222961426e-01
-3.001135587692260742e-02 3.622483611106872559e-01
-3.539018034934997559e-01 -3.444872498512268066e-01
2.274808883666992188e-01 -4.534785747528076172e-01
3.731592893600463867e-01 -3.030703663825988770e-01
8.529603481292724609e-03 -1.370794177055358887e-01
3.269860148429870605e-01 -3.091034293174743652e-01
-3.485692143440246582e-01 -1.147996783256530762e-01
-2.379741668701171875e-01 -4.929862022399902344e-01
4.937154054641723633e-01 1.437019109725952148e-01
4.590387344360351562e-01 -1.053940057754516602e-01
-2.999201416969299316e-01 4.147740602493286133e-01
1.734566688537597656e-02 -3.815923929214477539e-01
4.189971089363098145e-01 -5.767107009887695312e-02
-1.713463068008422852e-01 -4.301264882087707520e-01
-3.715122342109680176e-01 1.485198736190795898e-01
-2.627918124198913574e-01 -3.662016391754150391e-01
-3.096159100532531738e-01 2.083827257156372070e-01
-4.482522010803222656e-01 -2.906965613365173340e-01
1.792016625404357910e-01 3.007606267929077148e-01
2.693031430244445801e-01 9.059131145477294922e-03
-3.592948913574218750e-01 4.343432784080505371e-01
-2.279353141784667969e-01 3.147277832031250000e-01
3.363992571830749512e-01 -3.025326132774353027e-01
5.676442384719848633e-02 1.163172721862792969e-01
-2.658699154853820801e-01 -7.932227849960327148e-02
-1.506922245025634766e-01 -2.105939388275146484e-01
-1.569533944129943848e-01 1.478695869445800781e-02
9.606480598449707031e-04 3.783547878265380859e-01
3.458969593048095703e-01 4.887729287147521973e-01
-3.615360260009765625e-01 4.246361255645751953e-01
-3.947938680648803711e-01 -4.880988597869873047e-01
-1.581797599792480469e-01 -3.356506228446960449e-01
-7.066333293914794922e-02 -2.179940342903137207e-01
-6.035107374191284180e-02 7.386672496795654297e-02
4.374691843986511230e-01 -3.923978805541992188e-01
3.267346620559692383e-01 4.752188920974731445e-01
-7.417446374893188477e-02 3.735482692718505859e-01
-3.919399976730346680e-01 2.947114706039428711e-01
-1.494889259338378906e-01 2.277483344078063965e-01
2.415988445281982422e-01 5.566406250000000000e-02
-2.377239465713500977e-01 -2.406786680221557617e-01
-1.553156375885009766e-01 3.136356472969055176e-01
-2.839403152465820312e-01 -4.152363538742065430e-02
-3.116164207458496094e-01 -1.842289566993713379e-01
4.235649704933166504e-01 -7.590842247009277344e-02
3.545554876327514648e-01 4.590080976486206055e-01
4.278361797332763672e-02 -4.345810413360595703e-01
-3.390080332756042480e-01 -1.954330205917358398e-01
-3.624114990234375000e-01 -3.429350852966308594e-01
4.553602337837219238e-01 4.155755043029785156e-01
-3.725062012672424316e-01 8.256936073303222656e-02
4.792341589927673340e-01 1.405453085899353027e-01
4.338062405586242676e-01 -4.243372082710266113e-01
-4.123780131340026855e-01 3.753612637519836426e-01
2.834053039550781250e-01 -2.000692486763000488e-01
-3.449491858482360840e-01 9.486943483352661133e-02
-1.865616440773010254e-01 7.583320140838623047e-03
-1.999889612197875977e-01 -4.335888028144836426e-01
1.045185327529907227e-01 8.432507514953613281e-02
4.375945329666137695e-01 -4.657393693923950195e-01
4.502695798873901367e-02 2.980494499206542969e-02
-4.316654801368713379e-01 3.071750998497009277e-01
-3.625044226646423340e-01 -3.132632970809936523e-01
-4.722263813018798828e-01 -2.088487148284912109e-01
-2.032544016838073730e-01 -3.997027873992919922e-01
-4.891927242279052734e-01 -1.227220296859741211e-01
5.990016460418701172e-02 2.100144624710083008e-01
5.580121278762817383e-02 -8.547157049179077148e-02
4.512187838554382324e-01 -3.509896993637084961e-01
1.983650922775268555e-01 -1.909995675086975098e-01
1.869331598281860352e-01 -3.644208312034606934e-01
1.835603117942810059e-01 4.964249134063720703e-01
2.686929702758789062e-02 7.100546360015869141e-02
1.113047003746032715e-01 2.269214987754821777e-01
-8.560895919799804688e-03 3.288574218750000000e-01
-2.157934308052062988e-01 2.009461522102355957e-01
9.932190179824829102e-02 -3.427196741104125977e-01
-2.447320222854614258e-01 -4.784604310989379883e-01
3.730216026306152344e-01 -4.021074771881103516e-01
1.979915499687194824e-01 2.806723117828369141e-03
-4.393107295036315918e-01 1.855248808860778809e-01
4.474919438362121582e-01 -3.989739418029785156e-01
-3.682568669319152832e-01 2.151714563369750977e-01
3.511775135993957520e-01 1.322623491287231445e-01
4.107433557510375977e-01 -1.389129161834716797e-01
-4.960618019104003906e-01 4.762192964553833008e-01
2.665375471115112305e-01 2.683609724044799805e-01
3.059893250465393066e-01 2.080502510070800781e-01
3.880613446235656738e-01 -1.364739537239074707e-01
-4.094566702842712402e-01 3.316700458526611328e-03
-1.925320029258728027e-01 9.976446628570556641e-02
-1.665386557579040527e-01 -7.753819227218627930e-02
-4.675559401512145996e-01 1.681513190269470215e-01
-1.210673451423645020e-01 -2.328842878341674805e-02
4.776322841644287109e-02 1.218122839927673340e-01
-3.891959190368652344e-01 4.176566600799560547e-01
-1.239565610885620117e-01 -9.294867515563964844e-03
-3.461750149726867676e-01 2.056217789649963379e-01
3.508254885673522949e-01 -4.357705712318420410e-01
-8.989596366882324219e-02 -3.862458467483520508e-01
-2.761042118072509766e-02 4.387002587318420410e-01
-4.338537454605102539e-01 -6.800705194473266602e-02
1.533488035202026367e-01 -2.981735467910766602e-01
-4.031199216842651367e-02 3.246944546699523926e-01
-1.285777688026428223e-01 -4.975112080574035645e-01
-5.905121564865112305e-02 -2.626625895500183105e-01
3.885730504989624023e-01 -2.960367202758789062e-01
-1.122212409973144531e-02 9.963393211364746094e-03
-4.414039254188537598e-01 2.897005677223205566e-01
5.821245908737182617e-02 3.478187322616577148e-02
3.009457588195800781e-01 3.450268507003784180e-01
-1.837448477745056152e-01 -3.805220127105712891e-02
3.083934187889099121e-01 -4.208637475967407227e-01
2.390213608741760254e-01 1.490953564643859863e-01
4.662096500396728516e-02 7.923018932342529297e-02
4.755598306655883789e-01 -1.369706988334655762e-01
-8.924776315689086914e-02 -1.521188616752624512e-01
1.742051243782043457e-01 -4.283481240272521973e-01
-2.279919981956481934e-01 1.541116833686828613e-01
1.152102351188659668e-01 4.540878534317016602e-02
-9.603875875473022461e-02 -1.505435705184936523e-01
1.951574087142944336e-01 4.246773719787597656e-01
-2.724494338035583496e-01 2.297651767730712891e-02
2.117931246757507324e-01 1.707465052604675293e-01
-1.929595470428466797e-01 3.010141253471374512e-01
-8.322358131408691406e-02 1.421416401863098145e-01
-3.710072040557861328e-01 2.150218486785888672e-01
1.700138449668884277e-01 -1.415210962295532227e-02
-2.773647308349609375e-01 -3.358708024024963379e-01
4.019185900688171387e-01 -2.256119251251220703e-01
1.733692288398742676e-01 4.227450489997863770e-01
3.379237651824951172e-01 -2.278435826301574707e-01
-8.727341890335083008e-02 -3.658891916275024414e-01
5.678403377532958984e-02 3.845622539520263672e-01
-2.716838717460632324e-01 -2.201822996139526367e-01
1.924781203269958496e-01 -4.599580168724060059e-01
3.349093198776245117e-01 2.724990844726562500e-01
-3.916282057762145996e-01 -3.460521697998046875e-01
-3.717393875122070312e-01 -3.601925969123840332e-01
-2.419914007186889648e-01 -2.677589654922485352e-01
-3.948864340782165527e-01 1.295768618583679199e-01
-4.828085899353027344e-01 2.055096030235290527e-01
-4.689175486564636230e-01 -3.339707851409912109e-03
3.691468238830566406e-01 -2.461077570915222168e-01
3.964948654174804688e-01 -3.553523421287536621e-01
4.247993230819702148e-02 -2.707013487815856934e-01
-9.250992536544799805e-02 3.879340887069702148e-01
3.226202726364135742e-01 4.770594835281372070e-01
-5.372202396392822266e-02 4.700090289115905762e-01
3.651520013809204102e-01 -4.620500802993774414e-01
1.802055239677429199e-01 -1.968872547149658203e-01
3.212537765502929688e-01 -8.061236143112182617e-02
3.552655577659606934e-01 1.827818751335144043e-01
-3.234171867370605469e-02 -2.270793318748474121e-01
2.207086086273193359e-01 -4.272243380546569824e-01
-1.026868224143981934e-01 -4.175027012825012207e-01
9.768170118331909180e-02 -1.934938430786132812e-01
-1.208548545837402344e-01 2.433900833129882812e-01
3.766959905624389648e-01 -9.050947427749633789e-02
4.811017513275146484e-01 3.893768787384033203e-02
3.736635446548461914e-01 1.085149049758911133e-01
9.610342979431152344e-02 2.047576308250427246e-01
-2.935056686401367188e-01 3.468817472457885742e-01
4.177728295326232910e-01 -4.347382783889770508e-01
4.779261350631713867e-01 -2.695218324661254883e-01
-5.910372734069824219e-02 -1.844323277473449707e-01
-7.019156217575073242e-02 3.873350024223327637e-01
-4.461646080017089844e-01 1.763421893119812012e-01
-4.852738976478576660e-01 -4.814475178718566895e-01
-1.348567605018615723e-01 -3.260589838027954102e-01
5.194234848022460938e-02 -1.413666009902954102e-01
5.981922149658203125e-02 -2.646980881690979004e-01
1.306492090225219727e-02 -7.126820087432861328e-02
7.212442159652709961e-02 -4.717552065849304199e-01
5.335211753845214844e-02 2.838882207870483398e-01
-1.658970117568969727e-01 -1.498180031776428223e-01
-3.681709170341491699e-01 -4.539561867713928223e-01
1.627986431121826172e-01 -4.124665260314941406e-02
-3.239452242851257324e-01 1.744851469993591309e-01
-2.883821129798889160e-01 -1.504744291305541992e-01
4.796109795570373535e-01 2.995252609252929688e-01
-7.890588045120239258e-02 2.699471712112426758e-01
1.732122898101806641e-02 -1.578909158706665039e-01
1.909005641937255859e-01 -4.366459250450134277e-01
5.023127794265747070e-02 -4.487068057060241699e-01
4.455166459083557129e-01 -2.015597820281982422e-01
-2.958160638809204102e-02 -4.393388628959655762e-01
2.891249060630798340e-01 -2.129591107368469238e-01
-2.543622255325317383e-02 -6.640237569808959961e-02
3.659843206405639648e-01 -1.678561568260192871e-01
-4.459140896797180176e-01 -2.614290714263916016e-01
2.892495393753051758e-01 -4.473649859428405762e-01
9.873563051223754883e-02 -2.279074788093566895e-01
-1.116515398025512695e-01 4.657004475593566895e-01
-3.229309916496276855e-01 -2.859526872634887695e-02
-5.878442525863647461e-02 3.523552417755126953e-02
-3.455525040626525879e-01 4.863495826721191406e-01
4.223448634147644043e-01 -1.125122308731079102e-01
8.691394329071044922e-02 2.712189555168151855e-01
-2.624198198318481445e-01 4.814893007278442383e-02
-4.348483681678771973e-01 -2.168600559234619141e-01
-1.414529085159301758e-01 3.074069619178771973e-01
-2.944163680076599121e-01 1.417787075042724609e-01
2.316065430641174316e-01 -2.146593928337097168e-01
2.105730772018432617e-01 1.518427729606628418e-01
8.102691173553466797e-02 1.181938648223876953e-01
3.249168395996093750e-01 2.848591804504394531e-01
2.887258529663085938e-01 -1.239669322967529297e-01
-4.918133616447448730e-01 -4.173198938369750977e-01
3.863149881362915039e-02 1.714109182357788086e-01
-2.145839333534240723e-01 3.860927820205688477e-01
2.696165442466735840e-01 1.356342434883117676e-01
-5.275946855545043945e-02 -4.906513094902038574e-01
1.856778264045715332e-01 4.736614227294921875e-02
-1.648070216178894043e-01 7.034176588058471680e-02
-2.829311490058898926e-01 4.931871891021728516e-01
1.703361272811889648e-01 -2.824583053588867188e-01
-4.585179090499877930e-01 9.520947933197021484e-02
-1.511281728744506836e-02 -2.915183305740356445e-01
2.677077651023864746e-01 -1.391149759292602539e-01
-3.099221587181091309e-01 3.250190615653991699e-01
1.962631940841674805e-02 -1.170834302902221680e-01
-3.138384819030761719e-01 8.249837160110473633e-02
3.046971559524536133e-02 -5.224776268005371094e-02
1.916081309318542480e-01 4.109525680541992188e-01
-6.336385011672973633e-02 2.857089042663574219e-01
-2.515405416488647461e-01 -4.418226480484008789e-01
-5.489742755889892578e-02 1.566812992095947266e-01
3.261729478836059570e-01 2.254623174667358398e-02
-1.655167937278747559e-01 2.419732809066772461e-01
-1.676415801048278809e-01 4.492318630218505859e-01
5.348801612854003906e-03 1.670938134193420410e-01
-7.565623521804809570e-02 -6.280040740966796875e-02
2.432473897933959961e-01 -2.852671742439270020e-01
2.274858355522155762e-01 3.540362715721130371e-01
4.039430022239685059e-01 -5.746436119079589844e-02
1.805716753005981445e-01 -4.350620508193969727e-01
3.791867494583129883e-01 7.922184467315673828e-02
-3.543866276741027832e-01 3.514571785926818848e-01
-2.692456841468811035e-01 4.694602489471435547e-01
-5.090135335922241211e-02 -1.678705215454101562e-02
-3.670884370803833008e-01 4.728076457977294922e-01
2.935935258865356445e-01 -1.182378530502319336e-01
-1.447285413742065430e-01 4.140918254852294922e-01
-2.344123721122741699e-01 9.050822257995605469e-02
-1.136268377304077148e-01 8.867830038070678711e-02
-3.406068682670593262e-01 -1.519212722778320312e-01
4.128227233886718750e-01 -2.769616842269897461e-01
2.447931170463562012e-01 -3.826810717582702637e-01
2.303382158279418945e-01 2.195561528205871582e-01
-1.507824659347534180e-02 2.529981732368469238e-01
6.176877021789550781e-02 -1.789206266403198242e-02
-4.614620804786682129e-01 -4.075950384140014648e-01
-2.360057234764099121e-01 3.649236559867858887e-01
-3.434818983078002930e-02 2.312525510787963867e-01
1.794711351394653320e-01 -1.668198108673095703e-01
-1.399320363998413086e-02 -2.357195615768432617e-01
-3.758876323699951172e-01 2.384507060050964355e-01
-1.770613789558410645e-01 -2.221407294273376465e-01
2.382567524909973145e-01 9.280908107757568359e-02
-9.446096420288085938e-02 -4.451822042465209961e-01
-6.172430515289306641e-02 2.623733282089233398e-01
2.469015717506408691e-01 -1.229357719421386719e-02
-1.290310621261596680e-01 2.672783732414245605e-01
2.238072752952575684e-01 1.944061517715454102e-01
1.823398470878601074e-01 9.737479686737060547e-02
-1.373767852783203125e-01 -2.657656073570251465e-01
-4.920246601104736328e-01 2.227883338928222656e-01
-3.509729504585266113e-01 -3.505051136016845703e-02
-1.898983120918273926e-01 -9.953200817108154297e-02
3.812085986137390137e-01 5.640935897827148438e-02
-1.896170973777770996e-01 -3.420417308807373047e-01
-5.490851402282714844e-02 -4.114602208137512207e-01
-2.556444406509399414e-01 -2.170935273170471191e-01
-3.139198422431945801e-01 -2.022941708564758301e-01
2.431964278221130371e-01 -1.851712465286254883e-01
4.856864213943481445e-01 1.459618210792541504e-01
-4.431164264678955078e-01 1.423053741455078125e-01
3.838632702827453613e-01 -3.441302776336669922e-01
1.216288208961486816e-01 1.561679840087890625e-01
-2.729074358940124512e-01 -1.002807021141052246e-01
6.348007917404174805e-02 8.479595184326171875e-03
1.411817669868469238e-01 4.687982797622680664e-01
-3.402066230773925781e-02 1.975257396697998047e-01
2.735223174095153809e-01 2.247461676597595215e-01
-2.802783250808715820e-01 -3.051209449768066406e-01
-8.298194408416748047e-02 -3.934469223022460938e-01
-4.348176717758178711e-02 2.698476910591125488e-01
8.391898870468139648e-02 1.602743864059448242e-01
4.314446449279785156e-01 3.644161820411682129e-01
4.830658435821533203e-03 -4.566525220870971680e-01
-2.414788007736206055e-01 3.740515112876892090e-01
1.514224410057067871e-01 2.256461381912231445e-01
1.215529441833496094e-02 -4.324308037757873535e-01
-8.476531505584716797e-02 -4.673772454261779785e-01
-2.852514982223510742e-01 1.460067629814147949e-01
-3.085035681724548340e-01 6.097137928009033203e-03
-4.086012244224548340e-01 -3.809685111045837402e-01
-4.451791644096374512e-01 2.391684055328369141e-01
-3.741798996925354004e-01 1.789029240608215332e-01
2.202760577201843262e-01 1.729319095611572266e-01
-2.352774739265441895e-01 -3.353022933006286621e-01
-4.446510076522827148e-01 -4.849165678024291992e-02
-3.005504012107849121e-01 -9.485274553298950195e-02
-1.022696495056152344e-02 -2.749642133712768555e-01
-1.025555133819580078e-01 -3.049575686454772949e-01
1.069718599319458008e-02 -9.800195693969726562e-03
4.130883812904357910e-01 -7.085204124450683594e-03
3.905499577522277832e-01 -3.744826316833496094e-01
-1.376072764396667480e-01 -3.172785639762878418e-01
1.943126320838928223e-01 2.860577702522277832e-01
-4.141853451728820801e-01 -3.759401440620422363e-01
-5.436354875564575195e-02 -1.804165244102478027e-01
7.089346647262573242e-02 -4.340166449546813965e-01
-1.001902818679809570e-01 -4.089976549148559570e-01
-3.209806084632873535e-01 3.533322811126708984e-01
-3.397811055183410645e-01 -2.476899027824401855e-01
7.463467121124267578e-02 -4.862595796585083008e-01
6.033235788345336914e-02 -4.365805387496948242e-01
1.505308151245117188e-01 3.208616971969604492e-01
-1.018351912498474121e-01 -1.789170503616333008e-01
4.164829850196838379e-01 -4.236324429512023926e-01
-2.291698455810546875e-01 3.939256668090820312e-01
1.940281987190246582e-01 4.601056575775146484e-01
-4.120125174522399902e-01 -4.936982989311218262e-01
-3.730642795562744141e-01 -4.814117550849914551e-01
1.215990185737609863e-01 3.810942173004150391e-03
-4.524213075637817383e-02 2.883250117301940918e-01
1.258490681648254395e-01 4.917092919349670410e-01
-2.199118733406066895e-01 -1.092653870582580566e-01
-2.357550263404846191e-01 1.653426885604858398e-02
-1.364671587944030762e-01 -3.793337941169738770e-01
3.778036832809448242e-01 1.044792532920837402e-01
5.591928958892822266e-03 -2.446457743644714355e-01
3.970811963081359863e-01 1.372109055519104004e-01
1.727548837661743164e-01 -3.327058553695678711e-01
-4.848600625991821289e-01 -1.209381818771362305e-01
1.292146444320678711e-01 4.968811869621276855e-01
-3.842692971229553223e-01 -1.782584190368652344e-02
-1.835107803344726562e-03 -1.922764182090759277e-01
-2.921144366264343262e-01 1.138714551925659180e-01
-2.855479717254638672e-02 -2.478981018066406250e-02
-6.125092506408691406e-02 -1.763745546340942383e-01
-2.553802728652954102e-01 -1.238238215446472168e-01
4.259088635444641113e-01 -4.527803659439086914e-01
-1.917768716812133789e-01 4.138707518577575684e-01
1.084158420562744141e-01 -2.323001623153686523e-01
-3.824940919876098633e-01 -2.240552902221679688e-01
6.878650188446044922e-02 4.306435585021972656e-04
6.004542112350463867e-02 -3.768398761749267578e-01
4.903489947319030762e-01 3.864018321037292480e-01
1.970717310905456543e-01 3.446792960166931152e-01
-1.194723844528198242e-01 -1.436803340911865234e-01
-3.774009346961975098e-01 -1.516193151473999023e-02
1.437612771987915039e-01 -7.555413246154785156e-02
-3.445061445236206055e-01 4.047987461090087891e-01
3.848478198051452637e-01 1.322125196456909180e-01
3.888859152793884277e-01 -4.218201041221618652e-01
-4.779518842697143555e-01 -3.020046949386596680e-01
-3.270739912986755371e-01 4.209730029106140137e-01
2.602471113204956055e-01 4.346161484718322754e-01
-1.495903730392456055e-02 -3.149902820587158203e-01
1.179465651512145996e-01 -3.592060804367065430e-01
-2.912938594818115234e-03 3.948835134506225586e-01
-4.813229441642761230e-01 8.027493953704833984e-03
-2.146095037460327148e-02 -1.945233941078186035e-01
-3.718371987342834473e-01 2.088726758956909180e-01
3.357255458831787109e-01 -3.674548268318176270e-01
3.233160972595214844e-01 3.033314943313598633e-01
-4.055711627006530762e-01 -4.071652889251708984e-03
4.971380233764648438e-01 2.043055295944213867e-01
2.489725947380065918e-01 6.330746412277221680e-02
6.838440895080566406e-02 1.711808443069458008e-01
-2.610759139060974121e-01 4.757133722305297852e-01
2.757616043090820312e-01 3.158158063888549805e-02
-4.981834292411804199e-01 -4.621121883392333984e-01
-2.999362945556640625e-01 -7.554423809051513672e-02
-3.004504442214965820e-01 1.740827560424804688e-01
-4.097902178764343262e-01 -4.394769668579101562e-03
4.152871370315551758e-01 -3.522187471389770508e-02
