3.614764213562011719e-01 -1.495013833045959473e-01
1.338852047920227051e-01 -2.929577827453613281e-01
-2.357828617095947266e-02 6.844860315322875977e-02
-2.452085614204406738e-01 2.910497188568115234e-01
2.896056175231933594e-01 4.257346391677856445e-01
1.183066964149475098e-01 -1.999112963676452637e-01
3.080013394355773926e-01 -2.857365608215332031e-01
-8.763736486434936523e-02 7.403099536895751953e-02
-1.086951494216918945e-01 -2.536715865135192871e-01
1.965700984001159668e-01 -1.593199372291564941e-01
4.285961389541625977e-02 5.186945199966430664e-02
2.485107779502868652e-01 -3.207353949546813965e-01
1.927679181098937988e-01 2.200866341590881348e-01
2.472749352455139160e-01 4.296271800994873047e-01
-4.798190593719482422e-01 -2.924990057945251465e-01
4.376271963119506836e-01 -4.661647081375122070e-01
-3.407277464866638184e-01 2.519247531890869141e-01
-2.874796390533447266e-01 2.086312770843505859e-01
2.755961418151855469e-01 1.549908518791198730e-01
-4.922677874565124512e-01 2.085149288177490234e-02
-3.506403565406799316e-01 -6.009483337402343750e-02
-2.046880125999450684e-01 1.115685701370239258e-02
-4.197701811790466309e-01 3.676905632019042969e-01
-3.170225620269775391e-01 -2.113634347915649414e-02
1.473630070686340332e-01 2.294394969940185547e-01
4.737567305564880371e-01 -2.947468757629394531e-01
-2.446053624153137207e-01 -1.186033487319946289e-01
-3.016762137413024902e-01 2.441835403442382812e-02
-5.332332849502563477e-02 -2.627862691879272461e-01
-9.627723693847656250e-02 -4.662826061248779297e-01
3.086989521980285645e-01 3.954269289970397949e-01
-3.297178149223327637e-01 2.789866924285888672e-01
-2.705634832382202148e-01 -1.027550101280212402e-01
3.973915576934814453e-01 2.437125444412231445e-01
1.289097666740417480e-01 2.439981102943420410e-01
1.816560626029968262e-01 2.542400360107421875e-02
-1.406295299530029297e-01 -2.361844182014465332e-01
4.261118769645690918e-01 -4.266305565834045410e-01
2.687882781028747559e-01 -1.850784420967102051e-01
1.938455104827880859e-01 -4.193844199180603027e-01
-1.011415719985961914e-01 -5.801963806152343750e-02
1.208650469779968262e-01 -2.807265520095825195e-01
8.014249801635742188e-02 3.817688822746276855e-01
3.322458267211914062e-01 2.230313420295715332e-01
3.730421662330627441e-01 -1.245599985122680664e-02
-2.060061097145080566e-01 -1.764968633651733398e-01
-1.551766991615295410e-01 3.012448549270629883e-01
3.589575886726379395e-01 1.333792805671691895e-01
3.519445657730102539e-02 2.525484561920166016e-02
1.844590306282043457e-01 4.439665675163269043e-01
-4.442085623741149902e-01 -4.872553348541259766e-01
-3.543305993080139160e-01 -4.875417351722717285e-01
-3.730745911598205566e-01 4.195188879966735840e-01
1.832881569862365723e-01 -4.006056189537048340e-01
-2.938845157623291016e-01 5.030632019042968750e-04
3.702621459960937500e-01 3.910128474235534668e-01
2.415204048156738281e-01 2.571778297424316406e-01
-4.907394647598266602e-01 -1.389015913009643555e-01
-4.385063648223876953e-01 -6.636577844619750977e-02
4.787986874580383301e-01 3.971943259239196777e-01
4.173210859298706055e-01 -2.891373038291931152e-01
3.328042030334472656e-01 4.916947484016418457e-01
1.807571649551391602e-01 8.380860090255737305e-02
3.507645726203918457e-01 -4.156863689422607422e-01
2.807984948158264160e-01 -1.006962656974792480e-01
-1.960873603820800781e-01 -3.917280435562133789e-01
-2.599418163299560547e-01 4.706145524978637695e-01
-3.908652067184448242e-02 -3.759703040122985840e-01
-1.751854419708251953e-01 4.661283493041992188e-01
2.468483448028564453e-01 -1.939837336540222168e-01
4.173673391342163086e-01 -2.140121459960937500e-01
-1.581457257270812988e-01 4.938272237777709961e-01
2.451324462890625000e-02 -1.123393177986145020e-01
2.996478676795959473e-01 -3.725852966308593750e-01
-3.523587584495544434e-01 1.879193782806396484e-01
-2.811521887779235840e-01 -2.027305960655212402e-01
-4.846728444099426270e-01 4.665212035179138184e-01
1.628025174140930176e-01 3.737820386886596680e-01
-3.856818675994873047e-01 2.315819263458251953e-03
-9.015786647796630859e-02 1.088407039642333984e-01
9.578400850296020508e-02 -4.205613136291503906e-01
4.456622600555419922e-01 -3.455452919006347656e-01
1.128388047218322754e-01 -2.998282313346862793e-01
1.526097655296325684e-01 2.803007364273071289e-01
-4.054111838340759277e-01 4.136808514595031738e-01
-3.227537274360656738e-01 -3.514011502265930176e-01
-4.076942801475524902e-01 3.053247928619384766e-03
2.379494309425354004e-01 -2.323487997055053711e-01
4.298465847969055176e-01 -4.211741685867309570e-02
-2.132546901702880859e-02 -1.203339099884033203e-01
2.980309128761291504e-01 2.912755608558654785e-01
3.352837562561035156e-01 9.491217136383056641e-02
4.584702849388122559e-01 4.307128190994262695e-01
-2.401738762855529785e-01 -8.383822441101074219e-02
2.168440818786621094e-02 -3.987182378768920898e-01
1.097952723503112793e-01 -1.032287478446960449e-01
2.390936613082885742e-01 4.574968814849853516e-01
1.776343584060668945e-01 -4.117029309272766113e-01
5.804151296615600586e-02 7.829278707504272461e-02
-3.338707089424133301e-01 4.200518131256103516e-02
-1.953008770942687988e-01 -2.357767820358276367e-01
-1.165675520896911621e-01 -4.649701118469238281e-01
2.473769783973693848e-01 -3.401423096656799316e-01
-2.142208814620971680e-01 3.987780213356018066e-01
-3.556520938873291016e-01 5.671691894531250000e-02
6.717681884765625000e-03 2.535561919212341309e-01
-1.731813549995422363e-01 -1.032258272171020508e-01
-3.968048095703125000e-02 -3.830052614212036133e-01
-3.747477531433105469e-01 3.309494256973266602e-01
9.703207015991210938e-02 2.015878558158874512e-01
-3.927009105682373047e-01 -2.655583024024963379e-01
-7.621109485626220703e-02 -3.309798836708068848e-01
2.965410947799682617e-01 4.722577333450317383e-01
1.094805598258972168e-01 1.790465712547302246e-01
-8.586221933364868164e-02 1.509308815002441406e-03
4.649507999420166016e-01 -2.363308668136596680e-01
-4.267084598541259766e-02 -2.444297671318054199e-01
3.654366731643676758e-02 -2.811672091484069824e-01
-3.014001846313476562e-01 -4.739867448806762695e-01
3.466750979423522949e-01 3.229862451553344727e-01
-2.669323682785034180e-01 -3.363161683082580566e-01
3.572937250137329102e-01 -8.904933929443359375e-05
1.526005268096923828e-01 -2.549394965171813965e-01
2.159529924392700195e-01 3.677161335945129395e-01
-2.658863663673400879e-01 -8.708477020263671875e-03
-1.047426462173461914e-01 -4.374017119407653809e-01
-1.644864082336425781e-01 -2.948096394538879395e-01
8.395659923553466797e-02 3.321379423141479492e-02
-3.260707855224609375e-02 1.346384286880493164e-01
1.607000231742858887e-01 -4.797118306159973145e-01
-4.692376852035522461e-01 2.567392587661743164e-02
-4.667174816131591797e-02 -4.994282126426696777e-01
3.727602362632751465e-01 -2.321833372116088867e-02
4.394353628158569336e-01 -3.680018186569213867e-01
1.758685708045959473e-01 1.353553533554077148e-01
1.709017753601074219e-01 7.152092456817626953e-02
1.105195283889770508e-02 -3.801769018173217773e-01
1.166208386421203613e-01 -2.018732428550720215e-01
-1.595159769058227539e-01 -1.790454983711242676e-01
2.630841135978698730e-01 7.246655225753784180e-02
7.496142387390136719e-02 8.947730064392089844e-03
-4.139142632484436035e-01 -2.235379219055175781e-01
1.705251932144165039e-01 -2.778796553611755371e-01
-1.833593845367431641e-02 2.513512969017028809e-01
-4.346275329589843750e-01 -4.958634972572326660e-01
3.105992078781127930e-02 4.161443710327148438e-01
2.047885656356811523e-01 -4.106658101081848145e-01
-3.819352388381958008e-01 1.319533586502075195e-01
-2.893044948577880859e-01 4.933878183364868164e-01
2.378457784652709961e-01 3.558710813522338867e-01
3.606544733047485352e-01 -6.015390157699584961e-02
-3.531795740127563477e-01 -4.039114713668823242e-01
-3.344935178756713867e-01 1.275647282600402832e-01
-4.578348398208618164e-01 -1.056645512580871582e-01
-2.585160732269287109e-02 -3.098129630088806152e-01
5.296450853347778320e-02 -1.592556834220886230e-01
2.989668250083923340e-01 3.093407154083251953e-01
-1.492096185684204102e-01 4.582027196884155273e-01
2.500919699668884277e-01 5.712246894836425781e-02
4.021048545837402344e-02 3.517499566078186035e-01
-1.875547170639038086e-01 -1.218140125274658203e-01
9.146302938461303711e-02 -3.879300951957702637e-01
-3.880490064620971680e-01 3.975780606269836426e-01
4.031077027320861816e-01 -4.230816960334777832e-01
5.529963970184326172e-02 -1.299459338188171387e-01
-4.197653532028198242e-01 1.338049173355102539e-01
-2.344073057174682617e-01 2.372601032257080078e-01
1.558815240859985352e-01 4.691272974014282227e-02
9.495568275451660156e-02 -1.572370529174804688e-03
1.587809324264526367e-01 4.685050249099731445e-01
2.482594251632690430e-01 -2.375626564025878906e-01
-2.932809591293334961e-01 -4.676641225814819336e-01
2.404079437255859375e-01 -3.319611549377441406e-01
3.619782924652099609e-01 -2.232015132904052734e-01
2.408540248870849609e-01 -1.799302697181701660e-01
4.435291886329650879e-01 9.344875812530517578e-02
2.560442686080932617e-01 -4.931419491767883301e-01
-1.716474294662475586e-01 2.687342762947082520e-01
-3.050422668457031250e-01 3.877203464508056641e-01
4.359158277511596680e-01 -4.740646481513977051e-01
-2.499335408210754395e-01 -3.905129432678222656e-02
2.259968519210815430e-01 -3.624508976936340332e-01
-2.790906429290771484e-01 2.153232693672180176e-01
3.783808946609497070e-01 -2.607646584510803223e-01
-3.119706511497497559e-01 1.590377688407897949e-01
2.332591414451599121e-01 -4.488311409950256348e-01
4.167788624763488770e-01 3.833205103874206543e-01
-3.784530162811279297e-01 -2.559766769409179688e-01
-3.775125741958618164e-01 1.118355989456176758e-02
3.558754920959472656e-01 -9.460324048995971680e-02
2.636919021606445312e-01 4.611188769340515137e-01
8.300596475601196289e-02 -1.570623517036437988e-01
-8.198052644729614258e-02 -4.344383478164672852e-01
2.841698527336120605e-01 -2.667326331138610840e-01
2.539299130439758301e-01 -1.736426353454589844e-02
3.170604109764099121e-01 4.614514112472534180e-02
2.039788365364074707e-01 1.537644863128662109e-01
2.322959899902343750e-01 -4.505959749221801758e-01
-3.766592144966125488e-01 4.281824827194213867e-01
4.787999391555786133e-01 -2.139925956726074219e-02
-4.416705965995788574e-01 -3.696877360343933105e-01
-4.312089681625366211e-01 1.016634702682495117e-01
2.809388041496276855e-01 -2.543616294860839844e-01
-6.989359855651855469e-02 4.105889797210693359e-01
-1.728667616844177246e-01 1.201545596122741699e-01
3.372859358787536621e-01 2.477046251296997070e-01
-1.483237743377685547e-01 8.211100101470947266e-02
-3.399291634559631348e-01 -2.931516766548156738e-01
-4.754886627197265625e-01 -5.413186550140380859e-02
2.433291673660278320e-01 -1.981530785560607910e-01
2.104294300079345703e-02 -4.698579311370849609e-01
3.367776870727539062e-01 4.537672400474548340e-01
-9.510499238967895508e-02 4.196878671646118164e-01
-1.274045705795288086e-01 -3.221470117568969727e-01
-3.738988637924194336e-01 -2.731735110282897949e-01
-5.103021860122680664e-02 -4.729113578796386719e-01
3.640817403793334961e-01 -2.270954251289367676e-01
4.089674353599548340e-01 4.524746537208557129e-01
-4.195413589477539062e-01 -1.254311203956604004e-01
2.296829819679260254e-01 -9.280002117156982422e-02
-7.263946533203125000e-02 2.207983136177062988e-01
4.533540606498718262e-01 3.056678771972656250e-01
-8.342164754867553711e-02 2.897823452949523926e-01
-4.187431335449218750e-01 4.702143669128417969e-01
3.777434229850769043e-01 -4.629975557327270508e-02
3.717543482780456543e-01 -1.955223679542541504e-01
-2.941971421241760254e-01 4.242914915084838867e-02
-3.442599773406982422e-01 -2.329755425453186035e-01
-2.152063846588134766e-01 -2.954273819923400879e-01
1.358548402786254883e-01 4.976791143417358398e-01
2.971237897872924805e-01 -2.218961715698242188e-01
4.304888844490051270e-01 3.049755096435546875e-01
-1.969637274742126465e-01 2.274290323257446289e-01
-1.708889007568359375e-01 9.394824504852294922e-02
1.915176510810852051e-01 9.804373979568481445e-02
-2.131947278976440430e-01 -3.894181251525878906e-01
-3.150309324264526367e-01 -1.501792669296264648e-01
-4.599595069885253906e-01 5.115652084350585938e-02
-8.219259977340698242e-02 -9.808224439620971680e-02
-2.145219445228576660e-01 2.703040838241577148e-01
1.178537607192993164e-01 -1.321343779563903809e-01
4.640255570411682129e-01 4.119180440902709961e-01
1.569700241088867188e-02 -3.394316434860229492e-01
3.040289282798767090e-01 -6.629216670989990234e-02
1.437194943428039551e-01 3.987011313438415527e-01
-4.330065846443176270e-01 4.522484540939331055e-02
-1.905250549316406250e-01 6.315058469772338867e-02
-1.662228703498840332e-01 4.874973297119140625e-01
-3.036734461784362793e-01 -2.650917768478393555e-01
3.075200319290161133e-02 1.591506004333496094e-01
1.422365903854370117e-01 -4.706164002418518066e-01
-1.727411746978759766e-01 2.501684427261352539e-02
-3.138196468353271484e-02 -2.254552841186523438e-01
-2.674251794815063477e-02 -2.896395921707153320e-01
-4.651833772659301758e-01 -4.362018108367919922e-01
-1.458170413970947266e-01 -1.720055937767028809e-01
-6.628221273422241211e-02 -4.569793343544006348e-01
-1.029008626937866211e-02 -1.922798752784729004e-01
4.154956340789794922e-01 -4.387568831443786621e-01
4.874768257141113281e-01 2.741291522979736328e-01
1.528037190437316895e-01 -3.307619690895080566e-01
-3.157091140747070312e-01 1.746819615364074707e-01
3.894189596176147461e-01 -1.536483168601989746e-01
4.988943338394165039e-01 -4.481298327445983887e-01
4.494664072990417480e-01 -1.201673150062561035e-01
4.529811739921569824e-01 -1.891706585884094238e-01
3.586149215698242188e-02 -3.179079294204711914e-02
-2.796411514282226562e-02 -3.743506669998168945e-01
-3.265522718429565430e-01 -3.073036074638366699e-01
1.997095346450805664e-01 2.396280765533447266e-01
-4.576976299285888672e-01 -2.828452587127685547e-01
1.145715117454528809e-01 -1.584500074386596680e-01
4.283086657524108887e-01 8.222782611846923828e-02
-1.405037045478820801e-01 9.217023849487304688e-03
-2.162241935729980469e-01 4.430103302001953125e-01
-3.806048631668090820e-02 -4.872869849205017090e-01
-4.476612806320190430e-01 -1.853026747703552246e-01
-4.536824822425842285e-01 1.247403621673583984e-01
2.810412049293518066e-01 3.984367847442626953e-01
2.933419942855834961e-01 -3.715708255767822266e-01
2.052513360977172852e-01 -1.674643754959106445e-01
2.265310883522033691e-01 1.680626869201660156e-01
2.392368912696838379e-01 2.669193148612976074e-01
1.014375090599060059e-01 -1.398501992225646973e-01
3.884679675102233887e-01 3.404887318611145020e-01
8.496534824371337891e-02 -2.637493610382080078e-01
-1.071765422821044922e-01 1.712048053741455078e-01
-4.489999413490295410e-01 -4.261540174484252930e-01
-3.372657895088195801e-01 -1.451456546783447266e-02
-6.036520004272460938e-02 1.888726949691772461e-01
1.106486320495605469e-01 -3.669903278350830078e-01
3.102892637252807617e-02 2.260546088218688965e-01
4.802632331848144531e-02 2.752860188484191895e-01
-3.563192486763000488e-01 2.176035046577453613e-01
3.146541118621826172e-02 -4.822311997413635254e-01
1.086080074310302734e-01 5.490958690643310547e-02
1.848456859588623047e-01 -3.381792306900024414e-01
-2.183865904808044434e-01 2.593550086021423340e-01
4.469899535179138184e-01 -3.137093186378479004e-01
1.022560000419616699e-01 1.000303030014038086e-02
1.416223049163818359e-01 -3.577870130538940430e-01
-4.462492465972900391e-01 -1.960614919662475586e-01
2.934920787811279297e-02 4.632534384727478027e-01
-1.817031502723693848e-01 -4.874259233474731445e-02
-1.760762333869934082e-01 2.247233390808105469e-01
-4.924708604812622070e-02 1.700700521469116211e-01
-3.083492517471313477e-01 4.973694682121276855e-01
-3.490927815437316895e-01 4.037891030311584473e-01
-2.095441818237304688e-01 -3.195983171463012695e-02
-1.299073696136474609e-01 1.093483567237854004e-01
7.364213466644287109e-02 -4.011414051055908203e-01
4.359997510910034180e-01 -4.468882083892822266e-01
-2.071657776832580566e-01 2.383128404617309570e-01
-1.778447628021240234e-01 2.112320661544799805e-01
-8.824867010116577148e-02 -5.300605297088623047e-02
4.017996788024902344e-01 -7.089757919311523438e-02
-2.680945396423339844e-02 2.410795688629150391e-01
4.312571883201599121e-01 -1.765508651733398438e-01
-2.302495837211608887e-01 2.316516637802124023e-02
1.758636832237243652e-01 1.792895793914794922e-01
3.990127444267272949e-01 1.729083657264709473e-01
-3.289008140563964844e-01 -4.680188298225402832e-01
-4.167967438697814941e-01 2.699961662292480469e-01
1.972625851631164551e-01 -4.863479733467102051e-01
3.510600328445434570e-01 4.164384603500366211e-01
8.718717098236083984e-02 -1.995680928230285645e-01
2.024412155151367188e-01 -3.159194588661193848e-01
3.593186736106872559e-01 2.695710659027099609e-01
-2.462255358695983887e-01 -4.622399210929870605e-01
4.475946426391601562e-01 -3.656526803970336914e-01
3.990561962127685547e-01 1.237227916717529297e-01
-3.270064592361450195e-01 4.164193272590637207e-01
-3.689466714859008789e-01 4.834969043731689453e-01
-4.734852313995361328e-01 -3.764589428901672363e-01
2.433457970619201660e-01 2.793961167335510254e-01
-4.414616823196411133e-01 -4.133036732673645020e-01
-1.613015532493591309e-01 -1.005000472068786621e-01
-4.681887030601501465e-01 4.880071282386779785e-01
-3.754019737243652344e-03 -2.733797430992126465e-01
2.251300215721130371e-01 -2.208445072174072266e-01
-1.706017255783081055e-01 -3.141652941703796387e-01
1.089326143264770508e-01 3.003869056701660156e-01
-2.511157989501953125e-01 2.171216011047363281e-01
-3.571938872337341309e-01 4.668515920639038086e-01
4.251664876937866211e-01 -4.569004774093627930e-01
4.034120440483093262e-01 -3.001528382301330566e-01
1.011446714401245117e-01 -4.181531071662902832e-01
-1.494735479354858398e-01 1.776753664016723633e-01
-2.660608291625976562e-01 4.189610481262207031e-01
2.372694015502929688e-01 -1.870217919349670410e-01
-1.406760811805725098e-01 4.327625036239624023e-02
-4.066021442413330078e-01 4.427416920661926270e-01
8.699983358383178711e-02 2.235937714576721191e-01
-8.562946319580078125e-02 -4.901930093765258789e-01
-4.616415500640869141e-02 2.191847562789916992e-02
-4.398223757743835449e-01 7.503944635391235352e-02
1.191642284393310547e-01 3.639759421348571777e-01
-1.133173704147338867e-01 -3.317036032676696777e-01
9.304964542388916016e-02 -7.021325826644897461e-02
3.690835833549499512e-01 2.329577207565307617e-01
-3.745322823524475098e-01 -1.006873250007629395e-01
-1.849380731582641602e-01 2.968882918357849121e-01
6.897950172424316406e-02 -4.998499155044555664e-01
-4.268163442611694336e-01 3.490539193153381348e-01
-2.209603190422058105e-01 -4.136500954627990723e-01
8.687472343444824219e-02 -7.825064659118652344e-02
-2.475731968879699707e-01 3.024178147315979004e-01
7.482594251632690430e-02 2.886848449707031250e-01
-3.244613409042358398e-01 -2.016035914421081543e-01
-4.940904378890991211e-01 -6.128609180450439453e-02
-6.236463785171508789e-02 1.915464997291564941e-01
-1.981233954429626465e-01 3.370352983474731445e-01
-1.142263412475585938e-01 2.802755832672119141e-01
4.338226914405822754e-01 4.199115633964538574e-01
2.346238493919372559e-01 -3.363532423973083496e-01
3.974985480308532715e-01 5.181473493576049805e-02
4.368286728858947754e-01 8.741617202758789062e-02
2.262833714485168457e-01 3.809661865234375000e-01
-4.834395051002502441e-01 -4.005319476127624512e-01
8.526760339736938477e-02 1.034035086631774902e-01
3.779171109199523926e-01 3.071807622909545898e-01
-2.910657525062561035e-01 -2.012769579887390137e-01
3.926706910133361816e-01 3.755221962928771973e-01
-2.822183966636657715e-01 4.599418044090270996e-01
4.309235811233520508e-01 -4.021162390708923340e-01
3.990954756736755371e-01 -1.585546731948852539e-01
4.446273446083068848e-01 -4.182662963867187500e-01
-3.621252775192260742e-01 -1.958584189414978027e-01
-2.270303368568420410e-01 2.971752882003784180e-01
3.227049112319946289e-02 9.003347158432006836e-02
2.491307258605957031e-02 4.748423695564270020e-01
2.278588414192199707e-01 -3.969434499740600586e-01
-3.045271635055541992e-01 -1.689736247062683105e-01
1.406549811363220215e-01 -4.556981325149536133e-01
1.683626174926757812e-01 4.862678050994873047e-02
-2.993951439857482910e-01 3.494430184364318848e-01
3.022369742393493652e-01 3.964898586273193359e-01
-1.804106831550598145e-01 -4.053676724433898926e-01
-3.696502447128295898e-01 -4.284566640853881836e-02
-2.841663360595703125e-01 9.373551607131958008e-02
-4.949905276298522949e-01 3.656253218650817871e-01
-4.159254431724548340e-01 4.977220892906188965e-01
9.290850162506103516e-02 4.772564768791198730e-01
-4.357333183288574219e-01 2.672283649444580078e-01
-6.095397472381591797e-02 6.750822067260742188e-03
5.539911985397338867e-02 -1.721991300582885742e-01
2.330454587936401367e-01 6.330484151840209961e-02
-4.670938253402709961e-01 -4.630463123321533203e-01
-2.431541681289672852e-02 -2.683178782463073730e-01
-1.064586639404296875e-02 4.844123125076293945e-01
3.610627651214599609e-01 -2.395008802413940430e-01
4.542121291160583496e-01 4.241369962692260742e-01
-1.812039613723754883e-01 -7.766312360763549805e-02
-1.749899387359619141e-01 -3.266156911849975586e-01
-8.655917644500732422e-02 -1.337710618972778320e-01
1.268416643142700195e-02 -1.183015108108520508e-02
2.186613082885742188e-01 -2.800437808036804199e-01
2.606460452079772949e-01 -1.784051060676574707e-01
-1.536317467689514160e-01 1.733214855194091797e-01
-8.965361118316650391e-02 5.361139774322509766e-03
-2.095699310302734375e-02 3.514410853385925293e-01
-2.108129262924194336e-01 1.030330657958984375e-01
2.025771141052246094e-02 4.298326969146728516e-01
3.408089280128479004e-01 4.955682158470153809e-01
-3.759838342666625977e-01 -3.787619471549987793e-01
2.825719118118286133e-01 -2.133172750473022461e-01
4.959090948104858398e-01 -4.971044659614562988e-01
-1.654396653175354004e-01 -4.756541252136230469e-01
-2.275078296661376953e-01 3.762208223342895508e-01
-1.826692223548889160e-01 -1.785110831260681152e-01
-1.099943518638610840e-01 4.394352436065673828e-03
3.968999981880187988e-01 -6.002134084701538086e-02
2.544618844985961914e-01 9.459853172302246094e-02
2.775958776473999023e-01 -2.217979431152343750e-01
-4.530709385871887207e-01 3.604454398155212402e-01
2.595618963241577148e-01 3.028124570846557617e-02
2.757173776626586914e-02 -1.942013502120971680e-01
-2.176631689071655273e-01 -5.483686923980712891e-03
-3.547285199165344238e-01 -1.882148385047912598e-01
-4.732000827789306641e-02 1.751335263252258301e-01
-2.606247663497924805e-01 3.025635480880737305e-01
4.719949960708618164e-01 -3.990674018859863281e-01
-2.354393005371093750e-01 -2.658131718635559082e-01
2.979824542999267578e-01 4.197558164596557617e-01
-3.955013751983642578e-01 4.212804436683654785e-01
2.323400974273681641e-01 4.905779957771301270e-01
-6.738883256912231445e-02 -4.472180604934692383e-01
-1.509112715721130371e-01 -3.898738622665405273e-01
3.406124711036682129e-01 3.634635806083679199e-01
3.660961389541625977e-01 8.375567197799682617e-02
7.424515485763549805e-02 2.521717548370361328e-02
-2.364353537559509277e-01 -3.189215064048767090e-01
-4.390633702278137207e-01 -3.575748205184936523e-01
-1.978732943534851074e-01 1.442235708236694336e-02
4.246274232864379883e-01 3.549382090568542480e-01
3.361675143241882324e-01 -1.410273313522338867e-01
-2.919200658798217773e-01 -1.814195513725280762e-01
-1.492765545845031738e-01 2.976493835449218750e-01
-1.832652688026428223e-01 -3.745200037956237793e-01
-3.507676720619201660e-01 -2.767101526260375977e-01
4.856534600257873535e-01 -2.056574225425720215e-01
-2.076047658920288086e-02 2.360568046569824219e-01
-7.506215572357177734e-02 3.086252212524414062e-01
-3.784423470497131348e-01 2.865570783615112305e-02
2.450217604637145996e-01 -4.669241905212402344e-01
5.333626270294189453e-02 -4.422053694725036621e-01
3.005409836769104004e-01 4.614354968070983887e-01
4.659370779991149902e-01 -1.977781057357788086e-01
-4.707071185111999512e-01 -4.759253859519958496e-01
-1.921659708023071289e-01 1.274450421333312988e-01
-2.604340314865112305e-01 -5.222851037979125977e-02
1.712380647659301758e-01 -4.987061023712158203e-01
-4.896205663681030273e-02 4.380440115928649902e-01
-3.399425745010375977e-02 -4.963645935058593750e-01
6.833380460739135742e-02 -6.293040513992309570e-02
1.025414466857910156e-02 3.686589002609252930e-01
-1.054960489273071289e-02 2.089273929595947266e-02
-2.034438848495483398e-01 -9.153038263320922852e-02
-8.528953790664672852e-02 2.623377442359924316e-01
4.990100860595703125e-02 -4.737461805343627930e-01
-9.427380561828613281e-02 -2.979379892349243164e-01
-1.064184308052062988e-01 -2.160443067550659180e-01
2.839149832725524902e-01 1.282870769500732422e-02
-3.886259794235229492e-01 3.866157531738281250e-01
8.311712741851806641e-02 -4.516752362251281738e-01
-1.082863807678222656e-01 9.099590778350830078e-02
2.121205925941467285e-01 1.659045815467834473e-01
4.756824970245361328e-01 2.445091605186462402e-01
-2.649861574172973633e-02 -1.994993090629577637e-01
-3.161539435386657715e-01 -3.786361813545227051e-01
-2.087054252624511719e-01 3.392719626426696777e-01
5.721706151962280273e-02 -6.103438138961791992e-02
8.690732717514038086e-02 -7.788115739822387695e-02
-1.240858435630798340e-01 -3.155015110969543457e-01
-2.037392854690551758e-01 1.919236779212951660e-01
2.249191999435424805e-01 1.696364283561706543e-01
-3.210371732711791992e-02 -1.229736804962158203e-01
1.700039505958557129e-01 -8.769464492797851562e-02
3.703442811965942383e-01 -5.513197183609008789e-02
-9.868144989013671875e-02 4.017029404640197754e-01
1.040935516357421875e-02 1.144094467163085938e-01
-3.467790484428405762e-01 2.792365550994873047e-01
1.206415295600891113e-01 3.660475015640258789e-01
-5.866712331771850586e-02 4.453638195991516113e-01
4.901195168495178223e-01 -2.631631493568420410e-01
-4.252012372016906738e-01 5.709594488143920898e-02
1.996577382087707520e-01 -3.474097251892089844e-01
2.974976301193237305e-01 -1.043025255203247070e-01
-1.543161273002624512e-01 3.336429595947265625e-03
3.249563574790954590e-01 1.129246950149536133e-01
-3.571697473526000977e-01 -1.913258433341979980e-01
1.940025687217712402e-01 3.338531255722045898e-01
-4.028683900833129883e-01 -2.787984013557434082e-01
-3.992472290992736816e-01 -2.494835853576660156e-01
3.516895174980163574e-01 -2.415324449539184570e-01
2.845805883407592773e-02 3.358839154243469238e-01
-3.559722304344177246e-01 -1.624827384948730469e-01
-1.733160614967346191e-01 4.232854247093200684e-01
-1.356478333473205566e-01 -1.476449370384216309e-01
-3.927612304687500000e-01 -2.213236093521118164e-01
4.431430101394653320e-01 1.739615201950073242e-02
-2.296850085258483887e-01 -8.267682790756225586e-02
-4.641139507293701172e-02 1.599424481391906738e-01
3.725678920745849609e-01 -4.427827596664428711e-01
1.449900865554809570e-01 1.487349271774291992e-01
-1.772689819335937500e-01 3.213733434677124023e-01
-1.244226098060607910e-01 4.347895979881286621e-01
-1.104160547256469727e-01 3.228015899658203125e-01
6.673169136047363281e-02 3.872377872467041016e-01
-2.973214983940124512e-01 -1.953915953636169434e-01
3.917074203491210938e-02 5.609095096588134766e-02
4.216323494911193848e-01 -4.518710970878601074e-01
2.335016131401062012e-01 1.100699901580810547e-01
-2.142721414566040039e-01 -1.541226506233215332e-01
3.563637137413024902e-01 -2.914323806762695312e-01
-2.497552633285522461e-01 1.254991888999938965e-01
3.280069231986999512e-01 1.849041581153869629e-01
-3.928626775741577148e-01 -2.827988862991333008e-01
-4.304852485656738281e-01 1.880697607994079590e-01
-3.894799351692199707e-01 4.694819450378417969e-01
-3.925282955169677734e-01 -2.613015770912170410e-01
3.423621058464050293e-01 2.143392562866210938e-01
-6.887662410736083984e-02 -2.399510145187377930e-01
-5.770868062973022461e-02 3.986929655075073242e-01
2.757455110549926758e-01 -2.770113348960876465e-01
6.485623121261596680e-02 3.271068930625915527e-01
3.557800650596618652e-01 -4.190791249275207520e-01
-1.467358469963073730e-01 3.759844303131103516e-01
2.971526980400085449e-01 3.546317219734191895e-01
2.744840979576110840e-01 -2.848610877990722656e-01
-4.103302955627441406e-02 -3.142702579498291016e-01
3.355213403701782227e-01 -2.009063363075256348e-01
-2.143245935440063477e-02 -7.030123472213745117e-02
3.491812944412231445e-01 4.060571789741516113e-01
2.178177833557128906e-01 1.093730926513671875e-01
1.797596216201782227e-01 -4.814386963844299316e-01
1.044967174530029297e-01 -3.252635002136230469e-01
-2.619895339012145996e-01 1.941903233528137207e-01
-3.656090497970581055e-01 1.782494783401489258e-02
3.492848277091979980e-01 2.239941954612731934e-01
-3.077989816665649414e-01 4.753769636154174805e-01
3.341382145881652832e-01 -4.974567294120788574e-01
-3.491259813308715820e-01 3.088322281837463379e-01
2.355871796607971191e-01 3.642963767051696777e-01
4.517401456832885742e-01 -3.143284320831298828e-01
-2.667198181152343750e-01 -4.212372303009033203e-01
-2.262404561042785645e-01 2.185227870941162109e-01
4.437011480331420898e-01 2.221283912658691406e-01
-3.288645744323730469e-01 -3.292024135589599609e-01
3.750162124633789062e-01 -3.101810216903686523e-01
2.686440944671630859e-01 -1.867222785949707031e-01
-4.268535375595092773e-01 -5.441164970397949219e-02
-1.142699122428894043e-01 2.643876075744628906e-01
-1.755952239036560059e-01 -1.124151349067687988e-01
-2.126199603080749512e-01 1.412299871444702148e-01
4.359921216964721680e-01 4.363428354263305664e-01
-3.905669450759887695e-01 3.678926825523376465e-01
-6.545305252075195312e-02 -5.476337671279907227e-02
-2.331383824348449707e-01 -2.666798830032348633e-01
4.272658228874206543e-01 2.063220739364624023e-01
1.799151301383972168e-01 -2.669770717620849609e-01
2.078735828399658203e-02 -4.209126830101013184e-01
-1.162940859794616699e-01 9.760063886642456055e-02
4.437323808670043945e-01 -3.517062067985534668e-01
-2.134624123573303223e-01 -1.855881214141845703e-01
4.901001453399658203e-01 -2.160114049911499023e-01
4.483485221862792969e-02 -4.051694273948669434e-01
1.256372332572937012e-01 -8.486151695251464844e-02
-4.911575317382812500e-01 1.742999553680419922e-01
-4.805890917778015137e-01 1.191191673278808594e-01
1.589180231094360352e-01 2.533250451087951660e-01
1.836876869201660156e-01 -2.551352381706237793e-01
4.346307516098022461e-01 -5.340051651000976562e-02
-4.333037137985229492e-01 -2.973237633705139160e-01
-2.883405089378356934e-01 3.234657645225524902e-01
-2.698418498039245605e-01 -1.944486498832702637e-01
2.641570568084716797e-02 -4.393402338027954102e-01
3.661072254180908203e-01 -7.720464468002319336e-02
3.952643275260925293e-01 6.921994686126708984e-02
4.794400930404663086e-01 4.723024368286132812e-01
-5.938869714736938477e-02 -2.358326315879821777e-01
-3.941099047660827637e-01 -2.190510630607604980e-01
-2.820223569869995117e-02 7.439196109771728516e-03
-2.419638633728027344e-02 4.734711647033691406e-01
-3.589816093444824219e-01 3.927401304244995117e-01
-3.366958498954772949e-01 1.239123344421386719e-01
1.464729905128479004e-01 4.655826687812805176e-01
-3.636352419853210449e-01 2.460872530937194824e-01
4.974630475044250488e-01 -6.037813425064086914e-02
1.817354559898376465e-01 -1.779716610908508301e-01
6.487071514129638672e-02 4.519776105880737305e-01
-4.679286479949951172e-01 -2.886359691619873047e-01
-7.695496082305908203e-02 -4.006636738777160645e-01
-1.319578886032104492e-01 3.048117160797119141e-01
-3.041943907737731934e-01 1.241605877876281738e-01
-4.286730289459228516e-01 -3.071753382682800293e-01
4.255905151367187500e-01 -2.696431279182434082e-01
-4.112673401832580566e-01 3.369727730751037598e-01
-3.985886573791503906e-01 -4.214670658111572266e-01
2.776748538017272949e-01 -3.945687413215637207e-01
9.504050016403198242e-02 3.134979009628295898e-01
1.077330112457275391e-01 2.544169425964355469e-01
1.523481607437133789e-01 4.966014027595520020e-01
4.153704047203063965e-01 -4.224279522895812988e-01
2.443451285362243652e-01 -1.829552054405212402e-01
-3.473747372627258301e-01 1.011769771575927734e-01
-2.107502818107604980e-01 2.533423304557800293e-01
8.227884769439697266e-03 -4.619062542915344238e-01
-2.092367410659790039e-01 -3.820025920867919922e-01
4.474769234657287598e-01 -4.892964959144592285e-01
3.841811418533325195e-01 -2.752801775932312012e-01
-1.214242577552795410e-01 1.342539787292480469e-01
-3.729788064956665039e-01 -4.458207488059997559e-01
3.024421930313110352e-01 -2.304500341415405273e-01
1.375973224639892578e-01 2.440513372421264648e-01
-2.328822016716003418e-01 3.735519051551818848e-01
4.425433278083801270e-01 4.725254178047180176e-01
-2.486556768417358398e-01 -2.726843953132629395e-01
4.782953858375549316e-01 -3.314107656478881836e-02
-1.141547560691833496e-01 -3.112516403198242188e-01
-1.914164423942565918e-01 8.219707012176513672e-02
4.521264433860778809e-01 4.786570668220520020e-01
-2.851330041885375977e-01 1.447735428810119629e-01
7.150202989578247070e-02 -4.508340954780578613e-01
-1.332560777664184570e-01 4.201308488845825195e-01
-2.974496483802795410e-01 -1.866131424903869629e-01
2.222235798835754395e-01 -1.273223757743835449e-01
1.666933298110961914e-02 2.679884433746337891e-02
-1.986289024353027344e-01 -2.049805521965026855e-01
-4.940748214721679688e-03 -7.105213403701782227e-02
7.094019651412963867e-02 1.133110523223876953e-01
4.702184796333312988e-01 -3.189738988876342773e-01
-3.982074260711669922e-01 4.139259457588195801e-01
2.050356268882751465e-01 -2.561247348785400391e-01
-3.204852938652038574e-01 -1.730152368545532227e-01
4.984259605407714844e-02 1.893146634101867676e-01
-1.901414394378662109e-01 -3.695564866065979004e-01
-3.785013556480407715e-01 -4.028187394142150879e-01
-2.376728653907775879e-01 -2.907066941261291504e-01
4.779326915740966797e-01 2.933193445205688477e-01
-8.513945341110229492e-02 1.025441884994506836e-01
-2.352493405342102051e-01 1.729163527488708496e-01
-2.747632265090942383e-01 -1.637485623359680176e-01
-3.008654713630676270e-01 3.613545894622802734e-01
2.111912965774536133e-01 1.987146735191345215e-01
2.850925326347351074e-01 -3.832768201828002930e-01
-2.640998363494873047e-02 2.582150101661682129e-01
3.851147890090942383e-01 -2.361363172531127930e-01
2.020045518875122070e-01 -5.331730842590332031e-02
-1.700550317764282227e-01 4.633030891418457031e-01
-4.622912406921386719e-02 1.728014349937438965e-01
1.137278676033020020e-01 3.677546381950378418e-01
-1.433020830154418945e-02 1.574531197547912598e-01
-2.728509902954101562e-02 -3.525561094284057617e-02
1.096888184547424316e-01 -2.830508947372436523e-01
-2.116813063621520996e-01 1.529231071472167969e-01
-2.856096029281616211e-01 -1.412937641143798828e-01
3.749271631240844727e-01 -4.307482242584228516e-01
-2.040270566940307617e-01 1.500182747840881348e-01
-1.211857795715332031e-01 7.396644353866577148e-02
1.933984756469726562e-01 1.285856366157531738e-01
-4.534728527069091797e-01 -1.290288567543029785e-01
-3.700449466705322266e-01 -3.220186233520507812e-01
2.282225489616394043e-01 -2.277821302413940430e-01
-2.902842164039611816e-01 -9.479826688766479492e-02
4.778465032577514648e-01 2.290498018264770508e-01
-7.229131460189819336e-02 1.631450057029724121e-01
3.174370527267456055e-02 4.178544878959655762e-01
-3.574901819229125977e-01 -4.672987461090087891e-01
3.959617614746093750e-01 4.962388277053833008e-01
4.048762321472167969e-01 1.755565404891967773e-01
-4.076730012893676758e-01 -4.542113542556762695e-01
1.863279342651367188e-01 2.489435672760009766e-01
-2.765299677848815918e-01 1.822559833526611328e-01
-4.777330160140991211e-02 -3.186995387077331543e-01
-4.764759540557861328e-02 -2.326297760009765625e-02
3.436764478683471680e-01 2.154973149299621582e-01
1.595457792282104492e-01 -1.893898844718933105e-01
1.159313321113586426e-01 1.694071292877197266e-02
-7.885402441024780273e-02 -6.918513774871826172e-02
-3.963413834571838379e-01 -1.347838640213012695e-01
8.012479543685913086e-02 -1.982056498527526855e-01
-5.452007055282592773e-02 7.175916433334350586e-02
-4.845452308654785156e-01 -3.836296796798706055e-01
-1.338921189308166504e-01 -8.302909135818481445e-02
2.023087143898010254e-01 3.399271965026855469e-01
-2.684581279754638672e-02 -4.457081556320190430e-01
-5.051004886627197266e-02 -1.044728159904479980e-01
-1.224215030670166016e-01 1.400043964385986328e-01
-2.439396381378173828e-01 -7.792186737060546875e-02
4.772120714187622070e-02 -1.031463146209716797e-01
3.496791720390319824e-01 -3.058422207832336426e-01
2.377223372459411621e-01 -3.561220169067382812e-01
2.290335893630981445e-01 -4.117845892906188965e-01
3.843902349472045898e-01 -2.821848988533020020e-01
4.956691861152648926e-01 1.378641128540039062e-01
-4.952830076217651367e-01 -1.554208993911743164e-01
4.060709476470947266e-01 4.321658015251159668e-01
2.693537473678588867e-01 8.618712425231933594e-02
-4.215091466903686523e-02 -4.804888367652893066e-01
-3.373622894287109375e-05 -6.165987253189086914e-02
3.570525646209716797e-01 4.796149730682373047e-01
3.556191325187683105e-01 -2.122550606727600098e-01
2.424805164337158203e-01 -4.352170228958129883e-01
-2.722073197364807129e-01 -6.529140472412109375e-02
4.275059700012207031e-01 2.325496077537536621e-01
-3.148707151412963867e-01 -3.307628631591796875e-01
-1.393159627914428711e-01 1.564917564392089844e-01
-4.985245466232299805e-01 -3.218538165092468262e-01
-2.275854349136352539e-02 3.097212314605712891e-02
5.688327550888061523e-02 2.784036397933959961e-01
-1.296883821487426758e-02 1.671175956726074219e-01
-1.603913307189941406e-01 -4.771566390991210938e-02
4.085800051689147949e-01 3.129658102989196777e-01
-3.596022725105285645e-01 4.425947666168212891e-01
-1.463040709495544434e-01 -7.479786872863769531e-02
6.041926145553588867e-02 -3.618679046630859375e-01
2.937445640563964844e-01 -4.469150900840759277e-01
-4.723634719848632812e-01 -2.200261950492858887e-01
2.601250410079956055e-01 -4.893445372581481934e-01
-2.694306373596191406e-01 -1.020047664642333984e-01
-3.339987397193908691e-01 -2.003329992294311523e-01
-2.663574814796447754e-01 -4.327399730682373047e-01
3.421269655227661133e-01 2.862636446952819824e-01
-4.704717993736267090e-01 1.591457724571228027e-01
1.655942201614379883e-02 -1.811502575874328613e-01
4.391098022460937500e-01 2.556977868080139160e-01
1.339822411537170410e-01 -5.219238996505737305e-02
9.541165828704833984e-02 5.540072917938232422e-02
-7.363379001617431641e-03 -2.087723612785339355e-01
7.430279254913330078e-02 -1.723517775535583496e-01
3.375098705291748047e-01 1.134214401245117188e-01
-1.208726167678833008e-01 3.568124175071716309e-01
-4.957661032676696777e-01 2.150517106056213379e-01
-3.928505182266235352e-01 -7.114791870117187500e-02
-4.102966785430908203e-01 1.799387335777282715e-01
3.178200125694274902e-01 3.401624560356140137e-01
3.597102165222167969e-01 -3.133020401000976562e-01
3.363159298896789551e-01 2.598965764045715332e-01
-2.425245642662048340e-01 -2.374594807624816895e-01
6.047058105468750000e-02 -2.452307343482971191e-01
-3.979687094688415527e-01 4.200033545494079590e-01
2.078130245208740234e-01 -2.569577097892761230e-01
-3.285490274429321289e-01 -3.909862637519836426e-01
1.499319076538085938e-02 -2.863923907279968262e-01
-2.064669132232666016e-01 -4.435735940933227539e-02
2.250747680664062500e-01 -2.493315339088439941e-01
-2.355473637580871582e-01 -2.436257600784301758e-01
3.447590470314025879e-01 1.850683093070983887e-01
-2.242358326911926270e-01 -1.623800992965698242e-01
-3.396010398864746094e-01 2.040929198265075684e-01
2.575320005416870117e-02 -1.914613842964172363e-01
-2.561473846435546875e-02 4.544802308082580566e-01
1.539155840873718262e-01 4.831504821777343750e-02
4.909555912017822266e-01 -6.246769428253173828e-02
7.023209333419799805e-02 6.330943107604980469e-02
-3.976579308509826660e-01 2.533993721008300781e-01
1.694732308387756348e-01 -4.235532283782958984e-01
-3.138182163238525391e-01 2.335058450698852539e-01
4.395771026611328125e-02 -3.071913719177246094e-01
-4.566264748573303223e-01 -3.688997030258178711e-02
3.967774510383605957e-01 -2.727507948875427246e-01
3.278805613517761230e-01 -3.735405206680297852e-01
3.268617391586303711e-01 -1.796048879623413086e-01
-2.133044004440307617e-01 4.973769187927246094e-01
-1.817031502723693848e-01 4.243450760841369629e-01
-1.973348855972290039e-01 -1.242959499359130859e-02
-9.051007032394409180e-02 3.255856633186340332e-01
-7.895475625991821289e-02 4.867749214172363281e-01
3.634870052337646484e-02 -6.506347656250000000e-02
-4.056320190429687500e-01 3.857971429824829102e-01
-9.712880849838256836e-02 3.763162493705749512e-01
3.948954343795776367e-01 -3.028225898742675781e-01
5.725002288818359375e-02 2.859189510345458984e-01
-3.167932629585266113e-01 4.129087924957275391e-01
1.362157464027404785e-01 -7.543021440505981445e-02
-3.573783636093139648e-01 -2.192509770393371582e-01
4.799693226814270020e-01 -3.624095916748046875e-01
-2.433244585990905762e-01 4.098966121673583984e-01
3.233454227447509766e-01 4.885327816009521484e-01
2.198830246925354004e-01 6.552040576934814453e-02
4.363695383071899414e-01 -2.906754016876220703e-01
4.737027883529663086e-01 1.100029945373535156e-01
-1.678946018218994141e-01 -1.125578284263610840e-01
-4.581180810928344727e-01 -1.303663253784179688e-01
9.474915266036987305e-02 1.750266551971435547e-02
2.488289475440979004e-01 -3.410756587982177734e-02
-8.097499608993530273e-02 3.332981467247009277e-01
1.921489834785461426e-01 3.786590695381164551e-01
3.213821053504943848e-01 -3.756301999092102051e-01
1.849660277366638184e-01 2.366953492164611816e-01
1.316593885421752930e-01 -1.184050440788269043e-01
4.131472110748291016e-01 -2.133288383483886719e-01
-1.805903315544128418e-01 2.631276249885559082e-01
5.514305830001831055e-02 8.679139614105224609e-02
-4.296896457672119141e-01 2.800524234771728516e-01
6.533241271972656250e-02 2.271044254302978516e-02
-4.676963686943054199e-01 7.193779945373535156e-02
-3.169510960578918457e-01 -1.075772047042846680e-01
5.539494752883911133e-02 5.093055963516235352e-02
-3.370816111564636230e-01 -2.855145335197448730e-01
-4.155700206756591797e-01 -2.748641967773437500e-01
3.665968775749206543e-01 -1.599055528640747070e-01
-4.966140985488891602e-01 4.399397373199462891e-01
1.943150758743286133e-01 -4.708009362220764160e-01
5.221962928771972656e-02 2.983712553977966309e-01
-1.090422272682189941e-01 4.835332632064819336e-01
4.184926152229309082e-01 -4.497086405754089355e-01
-1.402447223663330078e-01 1.902162432670593262e-01
-3.386022448539733887e-01 4.133149385452270508e-01
-2.691171765327453613e-01 -1.358238458633422852e-01
-7.867515087127685547e-02 3.456949591636657715e-01
-1.156224608421325684e-01 -5.659568309783935547e-02
-2.276927232742309570e-01 3.502699136734008789e-01
-4.619522690773010254e-01 3.611031174659729004e-01
-8.556455373764038086e-02 -9.009528160095214844e-02
-3.295119404792785645e-01 3.039115071296691895e-01
-2.290278077125549316e-01 3.617072701454162598e-01
2.175076007843017578e-01 1.994778513908386230e-01
4.207550883293151855e-01 -4.223484396934509277e-01
-1.305471658706665039e-01 -2.540687322616577148e-01
6.753742694854736328e-02 1.016479730606079102e-01
1.560913324356079102e-01 -1.782289743423461914e-01
1.083247065544128418e-01 -3.699157238006591797e-01
2.291527986526489258e-01 -4.508465528488159180e-02
-4.399876594543457031e-01 -2.712589502334594727e-01
4.868167042732238770e-01 3.105937838554382324e-01
3.204774856567382812e-01 -4.906633496284484863e-01
-3.124458193778991699e-01 1.645177602767944336e-02
2.408978939056396484e-01 3.275647759437561035e-01
3.579302430152893066e-01 3.817767500877380371e-01
4.144097566604614258e-01 -1.640145778656005859e-01
-3.691241145133972168e-01 3.405418395996093750e-01
-4.414424300193786621e-01 2.890678644180297852e-01
-3.360382318496704102e-01 3.000330924987792969e-01
-5.589061975479125977e-02 -3.959490060806274414e-01
-1.702908873558044434e-01 -4.323299527168273926e-01
-5.926769971847534180e-02 -4.276831746101379395e-01
4.823694825172424316e-01 4.051046371459960938e-01
-3.521295785903930664e-01 -1.569377183914184570e-01
-4.986726045608520508e-01 -2.212069630622863770e-01
3.735404014587402344e-01 2.511701583862304688e-01
3.680908679962158203e-02 -2.037628889083862305e-01
-4.412731528282165527e-01 -1.782788634300231934e-01
4.727224111557006836e-01 1.933872699737548828e-02
1.153928041458129883e-01 2.505682110786437988e-01
-2.889001369476318359e-01 3.836327791213989258e-01
4.844957590103149414e-02 -2.690913677215576172e-01
1.853074431419372559e-01 -3.414524793624877930e-01
-4.412925243377685547e-01 3.244423866271972656e-02
-2.673544287681579590e-01 4.639310836791992188e-01
-4.435669183731079102e-01 -3.249977231025695801e-01
6.222367286682128906e-02 -4.686115384101867676e-01
6.096231937408447266e-02 1.427227854728698730e-01
-2.120504975318908691e-01 -4.808885455131530762e-01
3.786222338676452637e-01 -2.216644287109375000e-01
4.593253135681152344e-02 -5.197614431381225586e-02
-3.543304800987243652e-01 -1.499999165534973145e-01
4.802172780036926270e-01 -1.440966725349426270e-01
-2.256333827972412109e-03 1.787574887275695801e-01
2.801800370216369629e-01 3.934630751609802246e-01
4.571095108985900879e-01 1.741439700126647949e-01
2.197615504264831543e-01 2.693707942962646484e-01
-4.224478006362915039e-01 -1.325352787971496582e-01
1.203737258911132812e-01 1.669280529022216797e-01
-3.250876665115356445e-01 -1.168962121009826660e-01
2.542043924331665039e-01 -4.189320802688598633e-01
-4.281701445579528809e-01 -2.035453915596008301e-01
1.892317533493041992e-01 1.067355871200561523e-01
-1.178650856018066406e-01 -9.788721799850463867e-02
-6.700932979583740234e-02 -3.966835737228393555e-01
4.710477590560913086e-02 3.767669796943664551e-01
2.719481587409973145e-01 -3.047716021537780762e-01
2.442972064018249512e-01 1.729753613471984863e-01
2.671218514442443848e-01 -5.837291479110717773e-02
-1.847348213195800781e-01 4.140062332153320312e-01
-1.265424489974975586e-02 -1.098839640617370605e-01
-2.722282409667968750e-01 -4.033921957015991211e-01
2.369081974029541016e-02 4.823711514472961426e-01
-5.368131399154663086e-02 1.224225163459777832e-01
-4.316421747207641602e-01 4.740561842918395996e-01
-2.148420214653015137e-01 -2.353819608688354492e-01
-2.833607792854309082e-01 2.937352657318115234e-02
-1.403033733367919922e-03 2.490305900573730469e-01
3.887219429016113281e-01 1.610012054443359375e-01
4.446214437484741211e-01 -1.595735549926757812e-01
2.051675319671630859e-02 -3.420686125755310059e-01
-3.905415534973144531e-03 9.988409280776977539e-02
4.192875623703002930e-01 -1.593081951141357422e-01
4.793841242790222168e-01 9.325456619262695312e-02
-1.813983917236328125e-01 1.742978096008300781e-01
4.000470638275146484e-01 1.081697344779968262e-01
-4.837073087692260742e-01 -4.953587055206298828e-02
2.858427762985229492e-01 -3.769577145576477051e-01
-2.647786140441894531e-01 -2.735134959220886230e-01
-4.917545914649963379e-01 -8.433580398559570312e-03
2.823833823204040527e-01 2.836568951606750488e-01
-3.620849847793579102e-01 -2.416664958000183105e-01
1.603786945343017578e-01 -4.584016203880310059e-01
4.587769508361816406e-02 1.794540882110595703e-01
3.594180941581726074e-01 3.964551091194152832e-01
4.284977316856384277e-01 1.620561480522155762e-01
-1.250404119491577148e-01 1.874482631683349609e-02
4.062924385070800781e-01 1.529008746147155762e-01
2.041600942611694336e-01 -1.188489794731140137e-01
3.495307564735412598e-01 3.407070636749267578e-01
1.978189945220947266e-01 7.163965702056884766e-02
-4.212053418159484863e-01 -2.456178069114685059e-01
5.966973304748535156e-02 3.018414974212646484e-01
2.535458803176879883e-01 4.936468601226806641e-02
-4.631626009941101074e-01 -3.474410176277160645e-01
-3.730402588844299316e-01 -4.467565417289733887e-01
3.159931898117065430e-01 -1.030532121658325195e-01
1.774126887321472168e-01 -3.712962269783020020e-01
4.556623697280883789e-01 4.206877350807189941e-01
-3.473790884017944336e-01 2.542374730110168457e-01
-1.336978673934936523e-01 -2.914134860038757324e-01
-1.757730245590209961e-01 1.044210791587829590e-01
-1.442195177078247070e-01 -4.117562174797058105e-01
-2.146516442298889160e-01 2.325968146324157715e-01
-2.336047291755676270e-01 7.478362321853637695e-02
4.288026094436645508e-01 -8.570134639739990234e-02
3.485533595085144043e-01 -3.875859379768371582e-01
4.070258736610412598e-01 4.910498261451721191e-01
-3.098167181015014648e-01 2.537751793861389160e-01
3.786233067512512207e-01 -4.400427937507629395e-01
-4.455630779266357422e-01 -1.436639428138732910e-01
2.540957331657409668e-01 -4.217273592948913574e-01
-2.619882225990295410e-01 4.620264768600463867e-01
2.829377651214599609e-01 8.257055282592773438e-02
-3.971596360206604004e-01 -2.445112466812133789e-01
1.599121093750000000e-02 -1.646447181701660156e-02
-4.594351649284362793e-01 2.334654927253723145e-01
-1.764948964118957520e-01 -4.486974477767944336e-01
3.967529535293579102e-02 -3.311116099357604980e-01
-3.437414169311523438e-01 -3.697293400764465332e-01
-4.649140238761901855e-01 3.051518797874450684e-01
-1.991349458694458008e-02 1.032411456108093262e-01
-2.675140500068664551e-01 -4.089796543121337891e-01
-1.724230647087097168e-01 -3.556965589523315430e-01
-4.813208580017089844e-01 3.884622454643249512e-01
-3.565211296081542969e-01 8.636230230331420898e-02
-4.561308026313781738e-01 4.526259303092956543e-01
-6.693321466445922852e-02 4.199808835983276367e-02
8.781367540359497070e-02 -4.272639751434326172e-03
2.757666110992431641e-01 2.207725644111633301e-01
-2.738620638847351074e-01 3.137106895446777344e-01
-4.267685413360595703e-01 -3.919399380683898926e-01
-2.989609241485595703e-01 -3.268941044807434082e-01
-3.984087705612182617e-01 -7.510423660278320312e-02
2.471425533294677734e-01 2.732881903648376465e-01
-1.029723286628723145e-01 1.084859967231750488e-01
1.423960924148559570e-01 -3.424823880195617676e-01
-3.047639131546020508e-02 2.452108263969421387e-01
4.308348298072814941e-01 -3.915768265724182129e-01
9.001964330673217773e-02 1.451402902603149414e-01
-3.606156110763549805e-01 -1.220807433128356934e-01
1.318712830543518066e-01 -2.347779273986816406e-02
2.769045233726501465e-01 -2.094626426696777344e-03
-3.603369593620300293e-01 -1.216942667961120605e-01
4.905892610549926758e-01 3.872324824333190918e-01
1.415738463401794434e-01 -4.520052671432495117e-02
-2.604166865348815918e-01 -4.554148316383361816e-01
4.073333144187927246e-01 1.362731456756591797e-01
-3.252065181732177734e-02 -2.831535935401916504e-01
-1.120966672897338867e-02 2.522667646408081055e-01
-2.992531657218933105e-01 4.874176979064941406e-01
1.688970923423767090e-01 -1.431595087051391602e-01
-3.814892172813415527e-01 -2.577368021011352539e-01
1.341146230697631836e-02 3.988742828369140625e-04
2.130424976348876953e-01 3.464175462722778320e-01
-3.617665767669677734e-01 -2.403723597526550293e-01
