1.814723014831542969e-01 -1.012484431266784668e-01
-4.612064361572265625e-02 4.727158546447753906e-01
-4.340994358062744141e-02 -8.010411262512207031e-02
3.977299928665161133e-01 -2.532020211219787598e-01
-4.716212749481201172e-01 -1.911317110061645508e-01
-4.543149471282958984e-02 -3.406804800033569336e-02
4.428476095199584961e-01 4.211491942405700684e-01
-4.904313683509826660e-01 -6.449049711227416992e-02
-6.907862424850463867e-02 -2.166667580604553223e-01
-6.322753429412841797e-02 3.105223178863525391e-02
-2.736091613769531250e-03 -6.848907470703125000e-02
4.306005835533142090e-01 9.416621923446655273e-02
-1.707444190979003906e-01 9.568572044372558594e-03
-3.873115181922912598e-01 -9.347617626190185547e-02
-3.197092413902282715e-01 3.336557745933532715e-01
-2.432744503021240234e-01 3.980266451835632324e-01
2.849784493446350098e-01 -2.790067791938781738e-01
3.128679990768432617e-01 -3.874230980873107910e-01
-2.088189721107482910e-01 -1.739746332168579102e-01
-1.255995035171508789e-01 3.217476606369018555e-02
-8.017832040786743164e-02 -3.585690259933471680e-02
3.074072599411010742e-01 -9.891790151596069336e-02
-4.954594373703002930e-01 -2.133420109748840332e-01
-1.957725882530212402e-01 -3.834859728813171387e-01
2.269556522369384766e-01 4.635942578315734863e-01
8.686423301696777344e-03 3.400335907936096191e-01
4.634328484535217285e-01 -3.855684399604797363e-01
1.165155172348022461e-01 3.906351327896118164e-01
1.668258905410766602e-01 -4.779394268989562988e-01
-2.172294855117797852e-01 -2.916180491447448730e-01
1.379662752151489258e-02 4.788434505462646484e-02
-1.875456571578979492e-01 4.994666576385498047e-01
-3.705605864524841309e-01 -9.851074218750000000e-02
-2.908432483673095703e-02 3.665048480033874512e-01
1.524264812469482422e-01 9.608238935470581055e-02
-2.762815356254577637e-01 -9.550237655639648438e-02
3.925606012344360352e-01 -2.257695198059082031e-01
-1.826161742210388184e-01 5.804061889648437500e-03
7.908356189727783203e-02 -2.093086242675781250e-01
-1.680126786231994629e-01 1.347465515136718750e-01
2.929028272628784180e-01 -4.118375778198242188e-01
-4.529530405998229980e-01 9.107315540313720703e-02
1.742123961448669434e-01 -5.712670087814331055e-02
-4.576391577720642090e-01 -3.236727118492126465e-01
3.674649596214294434e-01 -4.224290251731872559e-01
-1.929863095283508301e-01 4.331042170524597168e-01
4.242450594902038574e-01 1.413234472274780273e-01
-3.042975664138793945e-01 4.937074780464172363e-01
-2.883927822113037109e-01 1.742310523986816406e-01
-2.772074937820434570e-01 2.940139770507812500e-01
8.442091941833496094e-02 2.044981122016906738e-01
1.806080341339111328e-03 8.026516437530517578e-02
-7.184731960296630859e-02 4.837734103202819824e-01
-5.623102188110351562e-04 -4.904105663299560547e-01
2.974662184715270996e-01 -4.008191823959350586e-01
4.671475887298583984e-01 -3.299749493598937988e-01
-2.493188977241516113e-01 -4.022228121757507324e-01
-3.449806571006774902e-01 1.521516442298889160e-01
-1.045897006988525391e-01 -4.509550333023071289e-01
1.805698275566101074e-01 1.964725852012634277e-01
1.584094762802124023e-01 6.805723905563354492e-02
2.824150323867797852e-01 4.223956465721130371e-01
-6.017237901687622070e-02 -3.604024052619934082e-01
-2.832124829292297363e-01 3.900396823883056641e-01
4.209428429603576660e-01 3.050372600555419922e-01
3.593912124633789062e-01 7.432186603546142578e-02
-1.173481345176696777e-01 9.383618831634521484e-03
-2.521784305572509766e-01 2.351692318916320801e-01
1.765303611755371094e-01 -3.389943838119506836e-01
4.718691110610961914e-01 -4.617366194725036621e-01
4.452797770500183105e-01 4.448357820510864258e-01
2.669256925582885742e-02 -2.856881618499755859e-01
-6.821036338806152344e-03 -1.828500628471374512e-01
-3.153227567672729492e-01 -2.004743814468383789e-01
-1.874141693115234375e-01 -4.520634412765502930e-01
-2.310841083526611328e-01 3.105347752571105957e-01
8.152538537979125977e-02 -3.434019684791564941e-01
-4.152120947837829590e-01 1.230633258819580078e-02
2.376753091812133789e-02 2.081990242004394531e-03
-4.910471439361572266e-01 1.379413604736328125e-01
-2.726914882659912109e-01 4.025982022285461426e-01
-2.554006576538085938e-01 1.127526164054870605e-01
2.782643437385559082e-01 -8.623087406158447266e-02
2.811690568923950195e-01 3.768965601921081543e-01
2.746298313140869141e-01 2.637344598770141602e-02
1.481127738952636719e-02 4.559511542320251465e-01
4.707879424095153809e-01 -3.756077885627746582e-01
3.952788710594177246e-01 1.799907684326171875e-01
-2.858625054359436035e-01 5.829823017120361328e-02
-2.787308096885681152e-01 -4.318280220031738281e-01
4.364749789237976074e-01 -1.140164136886596680e-01
-4.242504835128784180e-01 4.222802519798278809e-01
2.313086390495300293e-01 2.238779067993164062e-01
-1.867539286613464355e-01 1.276639103889465332e-01
3.194609880447387695e-01 -2.520140409469604492e-01
-3.663792610168457031e-01 -4.043982625007629395e-01
3.164882063865661621e-01 -2.274248003959655762e-01
-4.601894617080688477e-01 3.672031164169311523e-01
1.750569343566894531e-01 -7.827132940292358398e-02
7.323503494262695312e-03 3.010113239288330078e-01
2.784445285797119141e-01 -4.091597199440002441e-01
-2.393086552619934082e-01 3.825622797012329102e-02
3.440071940422058105e-01 4.601866006851196289e-02
1.589942574501037598e-01 3.022907972335815430e-01
6.034803390502929688e-02 -1.673090457916259766e-01
1.040197610855102539e-01 -3.417992591857910156e-01
9.998267889022827148e-02 -4.186826944351196289e-01
1.061583757400512695e-01 -3.215918540954589844e-01
3.454923629760742188e-03 -3.026905655860900879e-01
-4.464694857597351074e-01 -1.588296890258789062e-01
-9.282112121582031250e-02 3.432853817939758301e-01
-3.579779267311096191e-01 -3.344911336898803711e-02
2.543939352035522461e-01 -4.248826503753662109e-01
-4.233794212341308594e-01 -2.519400715827941895e-01
8.629953861236572266e-02 -2.518459558486938477e-01
4.509454965591430664e-02 -4.679690003395080566e-01
2.956020832061767578e-02 2.684885859489440918e-01
-2.446864247322082520e-01 1.845979094505310059e-01
1.967530250549316406e-01 4.529613852500915527e-01
3.683233261108398438e-02 -6.197571754455566406e-02
1.231940388679504395e-01 2.585207819938659668e-01
-1.545876264572143555e-02 3.322035074234008789e-02
-9.633421897888183594e-03 -2.436966896057128906e-01
2.406082749366760254e-01 -3.536015152931213379e-01
-4.747291207313537598e-01 1.477456688880920410e-01
2.418789267539978027e-01 1.288424134254455566e-01
1.964473724365234375e-01 3.305209875106811523e-01
1.290567517280578613e-01 1.494707465171813965e-01
-2.846837043762207031e-01 -1.420115232467651367e-01
4.352033138275146484e-03 3.997200727462768555e-01
5.828815698623657227e-02 -1.738834381103515625e-02
-3.275652527809143066e-01 8.890801668167114258e-02
1.418574452400207520e-01 1.928533315658569336e-01
-2.802142500877380371e-01 -1.469299793243408203e-01
4.628428816795349121e-01 -2.407056093215942383e-01
-1.267533898353576660e-01 -4.934614300727844238e-01
4.436988234519958496e-01 1.789849996566772461e-01
-4.956841468811035156e-01 3.234128355979919434e-01
-6.957250833511352539e-02 -1.422538757324218750e-01
-1.164307594299316406e-01 2.839083075523376465e-01
-2.249167561531066895e-01 -4.842285513877868652e-01
-3.020411133766174316e-01 8.208125829696655273e-02
-4.367798566818237305e-01 -2.897995114326477051e-01
-1.556922197341918945e-01 -2.795332670211791992e-02
-4.521885514259338379e-01 1.184341907501220703e-01
-3.687163591384887695e-01 -1.783027648925781250e-01
8.333188295364379883e-02 3.672650456428527832e-01
4.316789507865905762e-01 3.525899052619934082e-01
-2.603375911712646484e-02 3.972257375717163086e-01
3.741778731346130371e-01 3.986254334449768066e-01
3.850806355476379395e-01 -2.028879523277282715e-01
-2.924470305442810059e-01 9.497946500778198242e-02
2.971396446228027344e-01 3.968111872673034668e-01
2.002131938934326172e-02 -1.770734786987304688e-03
7.749295234680175781e-02 -2.797007560729980469e-03
-2.887505292892456055e-02 -4.419875144958496094e-02
3.724157810211181641e-01 -1.420012712478637695e-01
3.836872577667236328e-01 -2.018781304359436035e-01
-1.616928577423095703e-01 5.002474784851074219e-02
-3.067730665206909180e-01 1.315659284591674805e-01
2.913559079170227051e-01 -4.301183819770812988e-01
4.614761471748352051e-01 2.127634882926940918e-01
-1.712692975997924805e-01 2.605044245719909668e-01
5.624735355377197266e-02 -2.329051494598388672e-01
-3.214640021324157715e-01 3.027781248092651367e-01
-8.935517072677612305e-02 4.155322909355163574e-01
2.966290712356567383e-01 1.922912597656250000e-01
2.582089900970458984e-01 -4.770495891571044922e-01
-6.271660327911376953e-03 -2.890204191207885742e-01
-2.948909401893615723e-01 8.060574531555175781e-03
-1.596235036849975586e-01 2.817088365554809570e-02
4.584758281707763672e-01 -4.444037079811096191e-01
-1.391118764877319336e-02 -3.764699697494506836e-01
-9.001433849334716797e-02 -4.934219717979431152e-01
-1.922698616981506348e-01 -1.073121428489685059e-01
-2.111280560493469238e-01 -1.398187875747680664e-01
2.414583563804626465e-01 -4.069341421127319336e-01
3.661987781524658203e-01 -4.103330969810485840e-01
1.454124450683593750e-01 -2.293562889099121094e-02
-1.938592195510864258e-01 -1.160258054733276367e-02
-1.162359118461608887e-01 4.317311048507690430e-01
-4.342575073242187500e-01 -2.929538488388061523e-01
8.860480785369873047e-02 1.259129047393798828e-01
-1.890591979026794434e-01 1.050564646720886230e-01
4.257913231849670410e-01 3.643366694450378418e-01
-1.714100837707519531e-01 -2.711818218231201172e-01
-4.114848375320434570e-02 7.132071256637573242e-02
-4.341994524002075195e-01 -4.993948936462402344e-01
4.131705760955810547e-01 -3.966187238693237305e-01
1.417298913002014160e-01 -2.255887985229492188e-01
1.313504576683044434e-01 4.513840079307556152e-01
-4.336035251617431641e-02 -4.790296554565429688e-01
3.270102739334106445e-01 -9.905159473419189453e-03
-1.623115539550781250e-01 -2.501940727233886719e-01
-1.171966791152954102e-01 -5.635428428649902344e-02
-1.644837856292724609e-02 1.900837421417236328e-01
-1.726208329200744629e-01 -3.347293734550476074e-01
-2.703945040702819824e-01 -1.137661933898925781e-02
-4.837718009948730469e-01 -5.727189779281616211e-02
-2.931283712387084961e-01 -1.718362569808959961e-01
4.460368752479553223e-01 -1.060014367103576660e-01
3.427465558052062988e-01 3.787262439727783203e-01
-4.324902296066284180e-01 4.960817694664001465e-01
2.688062787055969238e-01 3.802411556243896484e-01
-4.241744875907897949e-01 1.996833086013793945e-02
-1.454916000366210938e-01 -1.889818906784057617e-01
1.382001042366027832e-01 -1.715230941772460938e-01
1.361880302429199219e-01 4.618744850158691406e-01
1.928361654281616211e-01 2.517265081405639648e-01
2.552073001861572266e-01 4.556400179862976074e-01
9.920012950897216797e-02 7.576572895050048828e-02
-1.744801402091979980e-01 1.062384843826293945e-01
5.014938116073608398e-02 -4.775871634483337402e-01
2.390956282615661621e-01 -1.430290341377258301e-01
1.430671215057373047e-01 1.453409194946289062e-01
4.663199782371520996e-01 -3.433853387832641602e-01
1.520285010337829590e-01 -1.325535774230957031e-02
1.533524990081787109e-01 4.316335320472717285e-01
-2.855648994445800781e-01 -2.091475725173950195e-01
-2.594509124755859375e-01 -1.768989562988281250e-01
1.810645461082458496e-01 -2.584260702133178711e-02
4.740598201751708984e-01 -4.098005294799804688e-01
-9.800201654434204102e-02 -4.108409881591796875e-01
-1.403314471244812012e-01 -2.309201359748840332e-01
-1.173171401023864746e-01 -1.854913830757141113e-01
3.828650116920471191e-01 -2.728219628334045410e-01
2.605971097946166992e-01 -1.045585274696350098e-01
7.510399818420410156e-02 -3.769515752792358398e-01
2.405776977539062500e-01 1.075061559677124023e-01
2.867929339408874512e-01 -3.826867341995239258e-01
-2.351693511009216309e-01 -2.953678965568542480e-01
6.973391771316528320e-02 1.895567774772644043e-01
3.633891940116882324e-01 -9.810745716094970703e-02
-3.826314210891723633e-01 -2.470774054527282715e-01
-4.903692603111267090e-01 -2.263414859771728516e-02
4.252533316612243652e-01 2.800149917602539062e-01
1.959925293922424316e-01 -3.397179841995239258e-01
1.949241161346435547e-01 -2.960934638977050781e-01
-3.991191387176513672e-01 2.211108803749084473e-01
-2.262226343154907227e-01 2.479392290115356445e-02
-5.115538835525512695e-02 -2.177347540855407715e-01
4.267426729202270508e-01 -1.131325960159301758e-01
1.489306092262268066e-01 3.380504250526428223e-01
1.295555830001831055e-01 -4.731449484825134277e-01
-1.269747018814086914e-01 -5.014884471893310547e-02
8.674538135528564453e-02 -1.985952854156494141e-01
-3.294646739959716797e-03 -2.764534354209899902e-01
-3.882414102554321289e-02 -4.630517363548278809e-01
-4.665654301643371582e-01 7.208544015884399414e-02
-3.120704889297485352e-01 3.282456994056701660e-01
-2.961403131484985352e-02 1.863192915916442871e-01
2.806240320205688477e-02 -1.722437143325805664e-01
2.760398983955383301e-01 -2.782009840011596680e-01
-1.447477340698242188e-01 -6.876015663146972656e-02
-3.013290762901306152e-01 4.384473562240600586e-01
2.196660041809082031e-01 1.809673905372619629e-01
3.142366409301757812e-01 2.591421604156494141e-01
-1.974777579307556152e-01 4.604308605194091797e-01
-3.797877430915832520e-01 4.089984297752380371e-01
4.555243253707885742e-01 1.772571206092834473e-01
-4.153559803962707520e-01 -3.377053737640380859e-01
-3.179861307144165039e-01 2.628121972084045410e-01
-2.759639620780944824e-01 2.375580668449401855e-01
-3.805527687072753906e-01 2.463033199310302734e-01
-3.907997608184814453e-01 4.781016111373901367e-01
-5.579751729965209961e-02 7.462793588638305664e-02
1.698423624038696289e-01 7.452112436294555664e-02
-3.446539044380187988e-01 1.208167076110839844e-01
-2.507045269012451172e-01 9.176588058471679688e-02
5.089163780212402344e-03 4.299382567405700684e-01
1.948301792144775391e-01 -2.053524851799011230e-01
1.242899894714355469e-02 1.815705895423889160e-01
-2.618833184242248535e-01 -3.961306810379028320e-01
-2.218496799468994141e-02 3.641607165336608887e-01
-3.903305530548095703e-01 1.716234683990478516e-01
3.413489460945129395e-01 -4.306603670120239258e-01
-1.308443546295166016e-01 2.328335046768188477e-01
-5.406159162521362305e-02 -2.789138555526733398e-01
4.172607064247131348e-01 8.322292566299438477e-02
-3.604423999786376953e-01 4.557350873947143555e-01
2.805184721946716309e-01 -3.820577263832092285e-01
2.650630474090576172e-02 4.069794416427612305e-01
2.083815336227416992e-01 1.788868308067321777e-01
2.826031446456909180e-01 1.927286386489868164e-01
-4.280098676681518555e-01 4.476115107536315918e-01
2.288505434989929199e-01 -2.827797532081604004e-01
-2.094529867172241211e-01 -3.241474032402038574e-01
3.382052183151245117e-01 -5.012321472167968750e-02
-1.218436956405639648e-01 -3.380093574523925781e-01
2.568473815917968750e-01 -2.039128541946411133e-01
2.411411404609680176e-01 3.549253940582275391e-02
-2.107864022254943848e-01 4.491789340972900391e-01
2.176344394683837891e-01 1.060014963150024414e-01
2.887082695960998535e-01 2.483367919921875000e-02
-2.585846781730651855e-01 1.442795991897583008e-01
4.350789189338684082e-01 2.766919732093811035e-01
-4.065496325492858887e-01 3.746798634529113770e-01
2.364751696586608887e-01 -8.716779947280883789e-02
4.181451797485351562e-01 5.567318201065063477e-02
1.687369942665100098e-01 -3.941220045089721680e-02
4.927134513854980469e-01 1.685401797294616699e-01
1.166165471076965332e-01 4.910608530044555664e-01
-2.066372036933898926e-01 -3.414686918258666992e-01
3.408733010292053223e-01 4.652175903320312500e-01
-7.082748413085937500e-02 -3.999226689338684082e-01
3.016595840454101562e-01 4.027886390686035156e-01
-1.836976408958435059e-01 -4.787141680717468262e-01
-3.873519301414489746e-01 -2.074893116950988770e-01
3.369937539100646973e-01 -2.173289656639099121e-01
-3.214384913444519043e-01 -1.444974541664123535e-01
1.749892830848693848e-01 1.778438091278076172e-01
-3.348058462142944336e-01 3.194698095321655273e-01
-4.226996302604675293e-01 -3.477840423583984375e-01
-3.561748862266540527e-01 2.213104367256164551e-01
-2.771157026290893555e-02 4.430626630783081055e-01
3.160514235496520996e-01 -3.714517951011657715e-01
4.671574234962463379e-01 -1.405735611915588379e-01
-2.231088876724243164e-01 4.575895071029663086e-01
8.355456590652465820e-02 1.498855352401733398e-01
3.193112611770629883e-01 1.344435214996337891e-01
8.318948745727539062e-02 -4.158667922019958496e-01
-2.693990468978881836e-01 8.629131317138671875e-02
1.698052287101745605e-01 6.159842014312744141e-02
3.976476788520812988e-01 4.769508838653564453e-01
-1.278302669525146484e-01 -3.610330820083618164e-02
-2.589493989944458008e-02 2.591531276702880859e-01
4.897328615188598633e-01 4.073640108108520508e-01
2.316004037857055664e-02 2.635742425918579102e-01
-1.728857159614562988e-01 3.006495237350463867e-01
4.586812853813171387e-01 -4.325131177902221680e-01
-5.517393350601196289e-02 -1.070508360862731934e-01
1.310185194015502930e-01 -4.727401137351989746e-01
1.540349721908569336e-01 3.106138110160827637e-01
-4.516113400459289551e-01 -1.849925518035888672e-01
-4.515076279640197754e-01 2.620028257369995117e-01
2.317267060279846191e-01 1.055478453636169434e-01
1.077558994293212891e-01 2.935965061187744141e-01
-3.863382339477539062e-02 -2.920612096786499023e-01
-1.137850880622863770e-01 -4.240202307701110840e-01
-2.865314483642578125e-02 1.493939161300659180e-01
-2.579797506332397461e-01 4.512320756912231445e-01
2.475526332855224609e-01 7.651776075363159180e-02
3.551921844482421875e-01 -1.957492232322692871e-01
-2.905288934707641602e-01 -4.842109680175781250e-01
-6.028753519058227539e-02 -1.927644014358520508e-01
2.811071276664733887e-01 -3.225146532058715820e-01
3.305131196975708008e-01 3.729330897331237793e-01
-2.447481155395507812e-01 4.525668621063232422e-01
-9.671014547348022461e-02 1.747202873229980469e-01
9.869670867919921875e-02 2.865066528320312500e-01
-1.546329259872436523e-01 -1.115229129791259766e-01
-5.907636880874633789e-02 4.064261913299560547e-01
2.651278376579284668e-01 4.936184287071228027e-01
9.888231754302978516e-02 3.208850622177124023e-01
-7.247030735015869141e-02 -4.823826551437377930e-01
7.888764142990112305e-02 4.389659166336059570e-01
2.551319003105163574e-01 -2.228825092315673828e-01
1.517758965492248535e-01 -8.823758363723754883e-02
4.055529832839965820e-02 7.359659671783447266e-02
9.377932548522949219e-02 -2.635082006454467773e-01
1.411699056625366211e-01 -2.544868588447570801e-01
-3.970781564712524414e-01 3.948925137519836426e-01
3.621514439582824707e-01 -3.863424658775329590e-01
4.081437587738037109e-01 7.404798269271850586e-02
-4.716970324516296387e-01 -2.237337231636047363e-01
4.595782160758972168e-01 2.865320444107055664e-02
-3.904235363006591797e-02 2.575945854187011719e-01
2.654657363891601562e-01 8.540260791778564453e-02
-4.294548630714416504e-01 3.464155197143554688e-01
-3.837549090385437012e-01 -2.647215127944946289e-01
-3.787803649902343750e-01 2.202897667884826660e-01
-4.194874167442321777e-01 3.588996529579162598e-01
2.533714771270751953e-01 -9.028786420822143555e-02
1.712315678596496582e-01 2.402825951576232910e-01
-4.861692786216735840e-01 -1.288886070251464844e-01
-1.639784574508666992e-01 -1.418489217758178711e-01
-1.464807987213134766e-01 -3.049272894859313965e-01
1.009022593498229980e-01 -4.874559640884399414e-01
-4.775585532188415527e-01 -1.846020221710205078e-01
-3.820377588272094727e-02 2.758095264434814453e-01
3.161478638648986816e-01 4.928312897682189941e-01
5.205911397933959961e-02 8.145564794540405273e-02
1.097946166992187500e-01 -2.317860126495361328e-01
3.792822360992431641e-03 4.926211833953857422e-01
3.416065573692321777e-01 -5.698335170745849609e-02
3.905651569366455078e-01 3.639762997627258301e-01
-5.470013618469238281e-02 -1.763475537300109863e-01
2.266176939010620117e-01 -6.402903795242309570e-02
4.254072904586791992e-02 -4.356086850166320801e-01
-9.522521495819091797e-02 -2.837395071983337402e-01
-2.821934223175048828e-02 1.171559095382690430e-02
-4.673399329185485840e-01 -3.985779285430908203e-01
4.533219933509826660e-01 2.729472517967224121e-01
4.553330540657043457e-01 -4.490510821342468262e-01
9.666931629180908203e-02 4.027561545372009277e-01
4.769470691680908203e-01 -6.243324279785156250e-02
-4.942284822463989258e-01 -4.355767965316772461e-01
-2.094566226005554199e-01 -4.857663512229919434e-01
2.575165629386901855e-01 1.216374039649963379e-01
3.607175350189208984e-01 -4.557975530624389648e-01
3.278521895408630371e-01 3.993895649909973145e-01
2.157760858535766602e-01 4.855868816375732422e-01
-4.343438148498535156e-02 -2.733911871910095215e-01
1.775659918785095215e-01 2.212350964546203613e-01
-3.333454728126525879e-01 5.408334732055664062e-02
-2.135920524597167969e-01 1.702892184257507324e-01
-1.629340052604675293e-01 -2.997528910636901855e-01
-3.130502700805664062e-01 -2.861807942390441895e-01
-1.378946304321289062e-01 1.124708056449890137e-01
4.336020946502685547e-01 -3.533422946929931641e-02
8.101344108581542969e-02 -4.578427672386169434e-01
2.170753479003906250e-02 -1.697704792022705078e-01
-4.463391900062561035e-01 3.045416474342346191e-01
8.160150051116943359e-02 -3.041003942489624023e-01
6.557375192642211914e-02 -2.560305595397949219e-01
-6.016492843627929688e-04 1.711644530296325684e-01
4.819985628128051758e-01 4.737584590911865234e-01
-3.056096434593200684e-01 3.021744489669799805e-01
-1.401186585426330566e-01 3.782582283020019531e-02
-1.773507595062255859e-01 -3.248419165611267090e-01
-2.500299215316772461e-01 2.680921554565429688e-01
-2.942093014717102051e-01 -1.700875163078308105e-01
-2.379457354545593262e-01 9.646046161651611328e-02
2.780386209487915039e-01 -3.703792691230773926e-01
1.688995957374572754e-01 -3.269718885421752930e-01
9.760493040084838867e-02 -3.024254441261291504e-01
-1.829756498336791992e-01 1.906182765960693359e-01
1.491568684577941895e-01 4.421886801719665527e-01
3.350801467895507812e-01 -1.713922023773193359e-01
3.354766964912414551e-01 -7.375669479370117188e-02
-1.642674207687377930e-01 -4.466696977615356445e-01
-7.162821292877197266e-02 -1.621884703636169434e-01
-2.216869592666625977e-01 -3.841392993927001953e-01
-1.816525459289550781e-01 2.465918064117431641e-01
4.415826201438903809e-01 -1.262420415878295898e-01
2.335101366043090820e-01 1.213350296020507812e-01
9.506160020828247070e-02 1.287162303924560547e-03
1.230820417404174805e-01 2.767165303230285645e-01
2.451387047767639160e-01 -1.039630174636840820e-02
-4.791843891143798828e-01 -2.936151623725891113e-01
4.636532664299011230e-01 4.377626776695251465e-01
-3.971203565597534180e-01 3.411382436752319336e-01
2.999463081359863281e-01 -1.839954853057861328e-01
-1.782553791999816895e-01 3.354586362838745117e-01
4.400383830070495605e-01 -2.622753977775573730e-01
-3.232660889625549316e-01 -4.433218836784362793e-01
-1.380634307861328125e-02 2.502195239067077637e-01
-2.361425161361694336e-01 -3.109109401702880859e-02
-1.089468598365783691e-01 3.299713134765625000e-01
4.193502664566040039e-02 -4.781194329261779785e-01
-1.270009875297546387e-01 2.881425023078918457e-01
2.152410745620727539e-01 -4.606564640998840332e-01
-4.937340021133422852e-01 1.825451850891113281e-03
3.173539638519287109e-01 4.627322554588317871e-01
-3.662293553352355957e-01 -9.505248069763183594e-02
4.401627182960510254e-01 1.158316731452941895e-01
-1.825968623161315918e-01 3.697052001953125000e-01
4.317535758018493652e-01 1.065174937248229980e-01
4.397812485694885254e-01 -2.488258481025695801e-01
4.659570455551147461e-01 3.620104193687438965e-01
-2.135951519012451172e-01 -4.681739807128906250e-01
-2.714991569519042969e-03 3.595710992813110352e-01
3.151283264160156250e-01 3.540858626365661621e-01
-8.581554889678955078e-02 -3.374630808830261230e-01
6.438601016998291016e-02 1.232963800430297852e-02
-1.505029201507568359e-02 -2.199110984802246094e-01
4.674032926559448242e-01 -4.203140735626220703e-03
7.548958063125610352e-02 -1.306403875350952148e-01
-2.413947582244873047e-01 9.311318397521972656e-02
2.755236029624938965e-01 -2.980162501335144043e-01
-8.615827560424804688e-02 -2.699211239814758301e-01
-3.787954449653625488e-01 2.219585776329040527e-01
-3.051019310951232910e-01 -3.144751787185668945e-01
-1.104972958564758301e-01 -2.747581005096435547e-01
3.676004409790039062e-01 4.892349243164062500e-02
-4.887757301330566406e-01 2.968331575393676758e-01
4.355308413505554199e-01 -1.156180500984191895e-01
2.275671958923339844e-01 4.083673357963562012e-01
5.117058753967285156e-04 4.786062240600585938e-02
4.503388404846191406e-01 2.076017856597900391e-02
-2.275736331939697266e-01 3.630673289299011230e-01
-7.055658102035522461e-02 -8.012419939041137695e-02
4.841331243515014648e-01 1.287007331848144531e-02
-2.159178256988525391e-02 2.127876877784729004e-01
-2.668328285217285156e-01 3.561397790908813477e-01
-2.316480278968811035e-01 -1.656264066696166992e-02
-9.905165433883666992e-02 -2.392300367355346680e-01
-4.599260091781616211e-01 -2.136802673339843750e-02
4.684842228889465332e-01 -4.865737557411193848e-01
-1.567512750625610352e-02 -4.079601168632507324e-01
2.167556881904602051e-01 -4.045072793960571289e-01
1.976490020751953125e-04 -2.863903641700744629e-01
-1.010418534278869629e-01 4.985924959182739258e-01
-5.088770389556884766e-02 -3.732583522796630859e-01
-3.639293313026428223e-01 2.795525193214416504e-01
3.105210065841674805e-01 1.919495463371276855e-01
2.778261303901672363e-01 -4.974866509437561035e-01
-4.775268435478210449e-01 2.078753709793090820e-01
3.973696827888488770e-01 -2.179474830627441406e-01
2.816841602325439453e-01 -3.837492465972900391e-01
-2.101686000823974609e-01 1.522623896598815918e-01
-4.563874006271362305e-02 7.182866334915161133e-02
2.157655954360961914e-01 3.856804370880126953e-01
-3.336954116821289062e-02 -4.091382026672363281e-01
-1.486731767654418945e-01 -3.308986425399780273e-01
-2.331572175025939941e-01 -3.713160753250122070e-01
3.108863234519958496e-01 -1.007523536682128906e-01
1.638311147689819336e-01 -3.628787994384765625e-01
-4.615663290023803711e-01 -2.950606346130371094e-01
1.739275455474853516e-01 2.784399986267089844e-01
-6.822478771209716797e-02 -1.551284193992614746e-01
-4.192386269569396973e-01 1.764839291572570801e-01
-4.709649085998535156e-02 -3.895213603973388672e-01
2.978222966194152832e-01 5.760157108306884766e-02
3.059474229812622070e-01 -7.311487197875976562e-02
-9.794557094573974609e-02 1.930327415466308594e-01
8.755671977996826172e-02 -3.868055343627929688e-02
-4.649388194084167480e-01 -1.792737841606140137e-01
-2.832368612289428711e-01 -3.613966703414916992e-02
1.200671792030334473e-01 -4.902755022048950195e-01
-2.888721227645874023e-01 1.580308675765991211e-01
3.041583299636840820e-02 3.054286241531372070e-01
-2.765035033226013184e-01 1.571490168571472168e-01
-5.442470312118530273e-02 1.826297044754028320e-01
-2.165367007255554199e-01 2.009763121604919434e-01
-1.573732495307922363e-01 -4.820693135261535645e-01
3.904575109481811523e-01 -4.497836232185363770e-01
-1.519303917884826660e-01 -1.778498888015747070e-01
3.130835890769958496e-01 -4.032643437385559082e-01
4.184269905090332031e-02 3.861764073371887207e-01
-1.621620059013366699e-01 2.489463090896606445e-01
-3.516678810119628906e-01 4.184904694557189941e-01
9.548908472061157227e-02 1.624092459678649902e-01
2.912988662719726562e-01 3.984070420265197754e-01
-5.949378013610839844e-02 -1.308454275131225586e-01
3.349840641021728516e-01 3.824094533920288086e-01
3.611976504325866699e-01 4.111221432685852051e-01
3.709048628807067871e-01 2.906824946403503418e-01
-6.861597299575805664e-02 1.641571521759033203e-01
3.019250035285949707e-01 3.773003816604614258e-01
3.992862701416015625e-01 4.523396492004394531e-04
-1.083002686500549316e-01 3.303128480911254883e-02
-3.178919553756713867e-01 2.509374618530273438e-01
-3.499185442924499512e-01 -4.155887961387634277e-01
2.315399050712585449e-01 4.965714216232299805e-01
2.624745965003967285e-01 -3.982218503952026367e-01
4.484772682189941406e-02 3.687111139297485352e-01
3.556566834449768066e-01 -2.918428182601928711e-01
1.874196529388427734e-02 -1.179038286209106445e-01
-3.166037797927856445e-02 -5.976015329360961914e-02
-2.023607492446899414e-02 3.713232874870300293e-01
-2.852938771247863770e-01 -1.441012024879455566e-01
-2.327128648757934570e-01 1.490449309349060059e-01
-2.402283549308776855e-01 1.849573850631713867e-01
3.615820407867431641e-01 3.251885771751403809e-01
-4.597442746162414551e-01 2.947344779968261719e-01
-3.183803558349609375e-01 -4.504449367523193359e-01
1.274199485778808594e-01 -1.509608030319213867e-01
-3.657699227333068848e-01 1.618335843086242676e-01
2.275217771530151367e-01 -1.754182577133178711e-01
-3.919425010681152344e-01 2.863020896911621094e-01
2.846263051033020020e-01 7.802832126617431641e-02
-4.202682375907897949e-01 -3.588535189628601074e-01
-2.624578475952148438e-01 9.735685586929321289e-02
4.606363773345947266e-01 -2.726666927337646484e-01
-1.810415983200073242e-01 -1.058680415153503418e-01
-3.996750116348266602e-01 3.585760593414306641e-01
1.328613162040710449e-01 5.731749534606933594e-02
-4.758399724960327148e-02 2.611890435218811035e-01
-4.383456110954284668e-01 5.356234312057495117e-02
-8.819800615310668945e-02 -4.852860569953918457e-01
-4.964734911918640137e-01 2.216702699661254883e-02
-4.782181978225708008e-02 -1.760625839233398438e-02
4.728294610977172852e-01 4.808197021484375000e-01
-4.912319183349609375e-01 1.566311120986938477e-01
-1.091135144233703613e-01 4.373821616172790527e-01
-2.079968452453613281e-01 -4.312298297882080078e-01
-2.460166215896606445e-01 -7.922083139419555664e-02
2.130225300788879395e-01 1.276368498802185059e-01
-1.807667016983032227e-01 3.970112204551696777e-01
-4.591631293296813965e-01 -2.383822202682495117e-02
3.058437108993530273e-01 1.752239465713500977e-02
-3.899329900741577148e-01 3.477814197540283203e-01
2.508215904235839844e-01 2.074149250984191895e-01
-3.970067501068115234e-01 -1.328517198562622070e-01
4.936240315437316895e-01 2.002649307250976562e-01
4.293805360794067383e-02 1.321281194686889648e-01
-7.599711418151855469e-03 2.802640795707702637e-01
4.656598567962646484e-01 3.192650079727172852e-01
-2.725017070770263672e-01 -4.834324717521667480e-01
-2.518330216407775879e-01 -1.217065453529357910e-01
-3.301031589508056641e-01 3.572831749916076660e-01
4.469273090362548828e-01 -3.194588422775268555e-01
-3.581369519233703613e-01 1.335331201553344727e-01
-1.088452339172363281e-02 -5.015051364898681641e-02
-4.996317625045776367e-02 -3.019527196884155273e-01
-1.606869697570800781e-01 -1.692459583282470703e-01
-4.011090397834777832e-01 4.674926996231079102e-01
-1.918945312500000000e-01 2.308071255683898926e-01
-4.256016016006469727e-02 -3.421705961227416992e-02
4.957450628280639648e-01 -2.398319840431213379e-01
-4.221687912940979004e-01 -9.554016590118408203e-02
-3.815237879753112793e-01 1.723280549049377441e-01
3.764895796775817871e-01 -2.614846825599670410e-01
-4.296380281448364258e-01 -3.630318045616149902e-01
2.826285362243652344e-02 1.674172282218933105e-01
7.196271419525146484e-02 2.881611585617065430e-01
2.219766378402709961e-01 -4.496625065803527832e-01
-1.681253910064697266e-01 -1.023694276809692383e-01
-3.472613692283630371e-01 4.359574317932128906e-01
2.708739042282104492e-01 4.195649623870849609e-01
-4.206097126007080078e-01 -1.103949546813964844e-01
4.364496469497680664e-01 -3.636463284492492676e-01
-2.168793082237243652e-01 1.791459321975708008e-02
1.185752749443054199e-01 -3.735541701316833496e-01
1.777542829513549805e-01 4.779833555221557617e-02
-2.827574610710144043e-01 2.721550464630126953e-01
-5.360126495361328125e-02 3.183684349060058594e-01
3.428980112075805664e-01 -2.299284338951110840e-01
-3.910360336303710938e-01 4.036034345626831055e-01
4.571566581726074219e-01 -2.600160241127014160e-01
1.492291688919067383e-02 2.470203042030334473e-01
-1.020775437355041504e-01 4.774983525276184082e-01
4.391865134239196777e-01 2.127841711044311523e-01
-3.936096429824829102e-01 1.658299565315246582e-01
-2.311605215072631836e-02 -1.695511341094970703e-01
2.023034095764160156e-01 3.567914366722106934e-01
-3.768796920776367188e-01 -2.680727243423461914e-01
-9.390830993652343750e-02 4.496126770973205566e-01
-2.169661521911621094e-01 -7.829999923706054688e-02
1.221556067466735840e-01 4.644285440444946289e-01
-7.168835401535034180e-02 -9.160113334655761719e-02
3.293818235397338867e-01 1.486472487449645996e-01
-3.085511922836303711e-01 -2.572999596595764160e-01
-2.159444093704223633e-01 4.302363991737365723e-01
-4.472774863243103027e-01 2.364780902862548828e-01
-4.640781879425048828e-01 3.794644474983215332e-01
5.146962404251098633e-02 3.520584106445312500e-02
-4.913644194602966309e-01 -1.582503318786621094e-04
-8.599931001663208008e-02 2.647315263748168945e-01
-2.306130528450012207e-01 -2.682757973670959473e-01
-3.873099088668823242e-01 -1.299980878829956055e-01
-4.399744272232055664e-01 4.022529125213623047e-01
3.019928932189941406e-03 -1.650547981262207031e-02
3.282415270805358887e-01 1.302425861358642578e-01
2.498415112495422363e-01 2.114460468292236328e-01
-1.866319775581359863e-01 2.401796579360961914e-01
-2.644738554954528809e-01 -2.143177986145019531e-01
3.228035569190979004e-01 -1.907655596733093262e-01
4.290921092033386230e-01 4.986170530319213867e-01
-3.730956912040710449e-01 2.394583225250244141e-01
-4.542589187622070312e-01 1.026467680931091309e-01
-1.866226792335510254e-01 -1.909228563308715820e-01
3.665643334388732910e-01 4.665215015411376953e-01
-3.594696521759033203e-03 4.751927256584167480e-01
-1.866942048072814941e-01 3.366746306419372559e-01
4.580868482589721680e-01 4.930086135864257812e-01
1.579824090003967285e-01 -1.540288329124450684e-01
3.820719718933105469e-01 4.988109469413757324e-01
-3.536846041679382324e-01 -4.723843336105346680e-01
-3.072628974914550781e-01 -3.968824148178100586e-01
-1.751506924629211426e-01 -2.023634314537048340e-01
1.860159635543823242e-02 3.463468551635742188e-01
3.142392039299011230e-01 -3.204243779182434082e-01
-4.134699702262878418e-01 -9.567570686340332031e-02
-4.393935799598693848e-01 6.123334169387817383e-02
-3.481650352478027344e-02 1.873054504394531250e-01
1.657956838607788086e-02 2.639138698577880859e-02
-7.397222518920898438e-02 -2.261544466018676758e-01
-1.649188995361328125e-02 3.207209706306457520e-01
-4.622444510459899902e-01 -2.478718757629394531e-02
4.823846817016601562e-01 -1.730318665504455566e-01
-3.137739300727844238e-01 8.876752853393554688e-02
3.015143871307373047e-01 2.988260984420776367e-02
-1.699566841125488281e-02 -4.795385599136352539e-01
1.110789775848388672e-01 -3.201065659523010254e-01
-2.776796221733093262e-01 -2.470403909683227539e-01
5.710250139236450195e-02 2.257829904556274414e-02
1.816618442535400391e-02 -4.794374108314514160e-01
1.568556427955627441e-01 1.117550134658813477e-01
-1.822794079780578613e-01 2.677296996116638184e-01
-1.464016437530517578e-01 -2.056609392166137695e-01
-4.732087254524230957e-01 -1.277562379837036133e-01
4.218280911445617676e-01 -1.703104376792907715e-01
-4.570351839065551758e-01 3.568716049194335938e-01
-1.048660874366760254e-01 9.959894418716430664e-02
-3.392372131347656250e-01 1.227421164512634277e-01
4.048246145248413086e-01 -1.576309800148010254e-01
-4.714559912681579590e-01 3.205997943878173828e-01
-1.478439569473266602e-02 3.851467370986938477e-01
3.518738746643066406e-01 2.161919474601745605e-01
1.048923730850219727e-01 -2.244967818260192871e-01
2.343732118606567383e-01 -1.325049400329589844e-01
-3.077842593193054199e-01 -2.538467645645141602e-01
-4.123769402503967285e-01 3.202971816062927246e-01
-1.541674137115478516e-02 2.676647901535034180e-01
-1.214473247528076172e-01 2.959490418434143066e-01
-1.554834842681884766e-01 -4.789620637893676758e-01
-3.140475749969482422e-01 4.648896455764770508e-01
4.093320369720458984e-01 4.522596001625061035e-01
2.734577655792236328e-02 -1.622095108032226562e-01
1.828714609146118164e-01 -1.340306401252746582e-01
2.590481638908386230e-01 -3.326628804206848145e-01
1.556169986724853516e-02 3.954874277114868164e-01
4.988366961479187012e-01 1.568102836608886719e-02
1.954619288444519043e-01 3.919554948806762695e-01
-4.479514956474304199e-01 -3.537656664848327637e-01
-3.681504726409912109e-01 -2.308902740478515625e-01
-4.213901758193969727e-01 -5.789631605148315430e-02
-4.241595268249511719e-01 -3.056321144104003906e-01
-4.980074167251586914e-01 -3.836672306060791016e-01
-4.511189460754394531e-01 -3.692601323127746582e-01
4.629718661308288574e-01 -1.730756759643554688e-01
-1.220440268516540527e-01 -2.212359905242919922e-01
2.557216286659240723e-01 -4.111929535865783691e-01
4.986102581024169922e-01 3.296338915824890137e-01
-2.306383848190307617e-01 4.824363589286804199e-01
-2.257446646690368652e-01 -4.930979013442993164e-02
2.428175806999206543e-01 -4.906288981437683105e-01
4.754444956779479980e-01 3.154281377792358398e-01
1.145491003990173340e-01 9.350591897964477539e-02
2.461922168731689453e-01 4.056188464164733887e-01
-4.901367425918579102e-02 3.862236738204956055e-01
4.100558757781982422e-01 -3.101552128791809082e-01
1.333233118057250977e-01 -2.108918428421020508e-01
-2.990556955337524414e-01 3.337718844413757324e-01
-4.570599794387817383e-01 1.707759499549865723e-01
-4.892095923423767090e-01 2.554314136505126953e-01
-1.572269201278686523e-02 2.823622822761535645e-01
-4.026164412498474121e-01 6.470519304275512695e-02
3.036757111549377441e-01 -3.331184387207031250e-02
-3.165985941886901855e-01 -4.958765506744384766e-01
1.961407065391540527e-01 3.063256144523620605e-01
-1.339592337608337402e-01 -3.243170976638793945e-01
1.007670164108276367e-01 -3.762418627738952637e-01
-2.557129859924316406e-01 3.328081369400024414e-01
2.318877577781677246e-01 4.434105157852172852e-01
2.852732539176940918e-01 -3.667278289794921875e-01
-2.765014767646789551e-01 4.297665953636169434e-01
-3.052684664726257324e-01 -4.373465180397033691e-01
-6.995677947998046875e-02 1.294630169868469238e-01
2.913564443588256836e-02 -2.587546706199645996e-01
-4.689872264862060547e-03 4.108732342720031738e-01
-2.488538622856140137e-01 -1.560307145118713379e-01
2.269341945648193359e-01 3.296533823013305664e-01
4.178763628005981445e-01 7.887959480285644531e-03
-4.361944198608398438e-01 2.260441780090332031e-01
2.607500553131103516e-02 3.038736581802368164e-01
7.116621732711791992e-02 2.966645956039428711e-01
-2.953147292137145996e-01 -5.383372306823730469e-02
4.006275534629821777e-01 -4.638845324516296387e-01
-3.062058091163635254e-01 3.127449750900268555e-01
-7.522803544998168945e-02 -3.563108444213867188e-01
-4.929347634315490723e-01 -3.078099489212036133e-01
1.512861251831054688e-01 4.378970265388488770e-01
-4.643923044204711914e-02 -3.337783813476562500e-01
-4.539762139320373535e-01 -4.650306105613708496e-01
4.652519226074218750e-01 2.248452901840209961e-01
2.599364519119262695e-02 -4.635717868804931641e-01
4.136863946914672852e-01 -2.845702767372131348e-01
8.473926782608032227e-02 2.684528231620788574e-01
-1.246905326843261719e-01 4.979147315025329590e-01
-2.495908737182617188e-02 4.042021036148071289e-01
-4.134925007820129395e-01 2.866029739379882812e-01
-3.600113391876220703e-01 -3.889522552490234375e-01
-3.629458546638488770e-01 -2.555578947067260742e-02
1.747552752494812012e-01 -8.057856559753417969e-02
-3.824806809425354004e-01 3.306928277015686035e-01
-4.707516431808471680e-01 2.320371270179748535e-01
2.099326252937316895e-01 -2.494260072708129883e-01
2.725871801376342773e-01 2.985940575599670410e-01
1.892733573913574219e-01 4.476758241653442383e-01
3.701123595237731934e-01 2.851927280426025391e-01
-4.656379222869873047e-01 -6.882548332214355469e-02
-1.819086074829101562e-02 -2.756709456443786621e-01
-6.429404020309448242e-02 1.188461184501647949e-01
3.899641036987304688e-01 -1.404215097427368164e-01
1.133412122726440430e-01 -3.502943515777587891e-01
2.938423752784729004e-01 1.481910943984985352e-01
-3.026143908500671387e-01 6.612312793731689453e-02
2.423555850982666016e-01 -1.562534570693969727e-01
4.672759771347045898e-01 -4.779442548751831055e-01
4.131495952606201172e-03 -1.111686229705810547e-03
-2.732575535774230957e-01 1.581191420555114746e-01
-2.179895639419555664e-01 3.817825317382812500e-01
-3.348380327224731445e-01 -1.579157710075378418e-01
-3.652276992797851562e-01 2.235784530639648438e-01
3.761560916900634766e-01 -3.348686099052429199e-01
-3.702037334442138672e-01 -1.920114159584045410e-01
3.055430650711059570e-01 2.989944219589233398e-01
-4.907155036926269531e-02 -1.377760767936706543e-01
-2.479440569877624512e-01 -1.882187724113464355e-01
3.375851511955261230e-01 -4.319202899932861328e-01
3.749002814292907715e-01 -3.741834759712219238e-01
-1.928132772445678711e-01 -4.576662778854370117e-01
-1.909692287445068359e-01 3.425609469413757324e-01
-3.601385354995727539e-01 7.228368520736694336e-02
-1.350361108779907227e-01 9.509688615798950195e-02
-4.164313077926635742e-01 -4.363674521446228027e-01
-3.437636494636535645e-01 4.201551079750061035e-01
2.586433887481689453e-01 -3.765469193458557129e-01
-3.202007412910461426e-01 -1.570022106170654297e-01
9.130263328552246094e-02 -2.662791013717651367e-01
4.999830722808837891e-01 3.618793487548828125e-01
3.696928620338439941e-01 -2.359867095947265625e-03
-1.986640691757202148e-02 1.000630259513854980e-01
-2.182329893112182617e-01 -4.772789478302001953e-01
-4.689990878105163574e-01 4.062271118164062500e-01
1.378520131111145020e-01 3.726767301559448242e-01
-4.655441641807556152e-01 -4.147296547889709473e-01
-1.377242803573608398e-01 4.711920022964477539e-01
3.507608175277709961e-01 -1.681478023529052734e-01
-2.289378643035888672e-02 -2.196809053421020508e-01
-2.210021018981933594e-01 -2.910693883895874023e-01
-1.395337581634521484e-01 3.288755416870117188e-01
4.221379756927490234e-01 -1.893102526664733887e-01
4.681707620620727539e-01 3.536760807037353516e-03
-3.733084797859191895e-01 -5.428576469421386719e-02
-4.344749450683593750e-01 1.971263289451599121e-01
6.521344184875488281e-03 -1.073946952819824219e-01
2.137266993522644043e-01 -4.210867285728454590e-01
7.498782873153686523e-02 -4.801857471466064453e-02
1.152414679527282715e-01 -1.416433453559875488e-01
3.925113081932067871e-01 -4.915660619735717773e-02
3.958192467689514160e-01 -3.098109960556030273e-01
3.134411573410034180e-01 1.992056369781494141e-01
-2.174551486968994141e-01 8.870089054107666016e-02
-4.875617027282714844e-01 1.668687462806701660e-01
-3.218578100204467773e-01 -2.416573762893676758e-01
2.438122034072875977e-02 -2.007773518562316895e-01
5.025768280029296875e-02 -3.987509012222290039e-02
-2.103421092033386230e-01 -1.671129465103149414e-02
-2.370628714561462402e-01 -3.358984589576721191e-01
-4.015483260154724121e-01 -3.180870413780212402e-01
1.801651716232299805e-02 4.358543753623962402e-01
4.192636609077453613e-01 4.073992967605590820e-01
-3.582757115364074707e-01 3.557271957397460938e-01
8.548504114151000977e-02 1.398397088050842285e-01
-6.840610504150390625e-02 -3.373282551765441895e-01
-1.307010054588317871e-01 1.174334287643432617e-01
-3.517645597457885742e-01 -1.925461888313293457e-01
9.942263364791870117e-02 -9.298461675643920898e-02
2.484248280525207520e-01 -2.714604139328002930e-01
-2.091066837310791016e-01 3.157633543014526367e-02
-2.969077229499816895e-01 2.167437076568603516e-01
2.852311134338378906e-01 2.956867814064025879e-01
-4.894596934318542480e-01 -2.241622805595397949e-01
8.278727531433105469e-03 -3.601403236389160156e-01
-2.282676100730895996e-01 3.416967391967773438e-02
-3.343241214752197266e-01 2.146216630935668945e-01
2.158926725387573242e-01 3.849096894264221191e-01
-3.766127228736877441e-01 3.244981169700622559e-01
7.140886783599853516e-02 1.769065856933593750e-03
-1.062938570976257324e-01 1.569667458534240723e-01
-2.865522503852844238e-01 -4.369425773620605469e-02
3.640038967132568359e-01 2.924762964248657227e-01
-3.200387954711914062e-02 2.677581906318664551e-01
2.569883465766906738e-01 1.183453202247619629e-01
-4.071056842803955078e-03 -1.462601423263549805e-01
4.984385371208190918e-01 1.340997815132141113e-01
-9.115082025527954102e-02 -3.050560355186462402e-01
1.015777587890625000e-01 -4.051564335823059082e-01
-7.393056154251098633e-02 -2.073203325271606445e-01
-4.541704654693603516e-01 -1.828555464744567871e-01
1.859652996063232422e-01 -3.288947343826293945e-01
9.078627824783325195e-02 3.973251581192016602e-01
2.072062492370605469e-01 3.874364495277404785e-01
-4.465258121490478516e-02 -3.906263113021850586e-01
-1.980055570602416992e-01 8.422702550888061523e-02
3.947682380676269531e-01 -4.751601815223693848e-01
-4.783419966697692871e-01 -6.430834531784057617e-02
2.032806277275085449e-01 4.894535541534423828e-01
3.716376423835754395e-01 -2.071246504783630371e-01
8.724170923233032227e-02 1.424270868301391602e-01
-1.407062411308288574e-01 9.857481718063354492e-02
-3.931173682212829590e-01 -2.537155151367187500e-02
8.022415637969970703e-02 8.537083864212036133e-02
3.120993375778198242e-01 2.949926257133483887e-01
6.694614887237548828e-03 6.910496950149536133e-02
4.381528496742248535e-01 -1.098011136054992676e-01
-1.683980822563171387e-01 -3.498523831367492676e-01
5.181092023849487305e-02 -1.851773262023925781e-01
-4.826366305351257324e-01 -2.373873591423034668e-01
-1.849143505096435547e-01 4.955753087997436523e-01
1.408598423004150391e-01 1.596987247467041016e-03
3.108610510826110840e-01 1.339509487152099609e-01
5.114817619323730469e-02 2.162129282951354980e-01
-1.814948320388793945e-01 -2.567453980445861816e-01
-4.227571487426757812e-01 -2.912731766700744629e-01
-2.466325759887695312e-01 1.871558427810668945e-01
2.309353947639465332e-01 2.353718876838684082e-01
8.086240291595458984e-02 4.446527361869812012e-01
1.828478574752807617e-01 -7.838064432144165039e-02
1.448318958282470703e-01 -4.668015241622924805e-02
-2.232200503349304199e-01 3.227369189262390137e-01
1.873564124107360840e-01 -3.665459156036376953e-02
3.159812688827514648e-01 -8.307486772537231445e-02
3.831963539123535156e-01 2.054205536842346191e-01
5.664527416229248047e-02 -2.491784691810607910e-01
7.409286499023437500e-02 1.836258769035339355e-01
4.200112819671630859e-02 -3.535551428794860840e-01
7.649463415145874023e-02 -1.339287757873535156e-01
-4.411712884902954102e-01 8.532053232192993164e-02
-1.715251803398132324e-01 -4.133391976356506348e-01
3.821150064468383789e-01 1.232502460479736328e-01
1.900237202644348145e-01 -3.484768867492675781e-01
3.693304061889648438e-01 -1.786749958992004395e-01
-4.386990666389465332e-01 -1.231098771095275879e-01
-3.861869573593139648e-01 3.846363425254821777e-01
2.720907330513000488e-01 -1.863921880722045898e-01
-8.308964967727661133e-02 -3.904771208763122559e-01
-1.990813016891479492e-02 4.715057015419006348e-01
-2.317060828208923340e-01 -4.780347943305969238e-01
-1.202996373176574707e-01 -1.060950160026550293e-01
1.011889576911926270e-01 -2.572676539421081543e-01
-4.111950397491455078e-01 -4.778019189834594727e-01
-1.678717136383056641e-01 4.009084701538085938e-01
-4.775311350822448730e-01 3.747983574867248535e-01
-2.944395542144775391e-01 -3.858361244201660156e-01
-2.195739150047302246e-01 -7.559049129486083984e-02
-5.525475740432739258e-02 -3.041200637817382812e-01
4.368367791175842285e-01 -4.494290351867675781e-01
-4.696872830390930176e-01 3.937793374061584473e-01
-1.407068967819213867e-01 -3.362658619880676270e-01
-3.657581210136413574e-01 -9.213966131210327148e-02
-3.897920846939086914e-01 1.854750514030456543e-01
3.944008946418762207e-01 -4.038860201835632324e-01
-4.396268725395202637e-01 6.041520833969116211e-02
4.432899355888366699e-01 4.879827499389648438e-01
4.825480580329895020e-01 -2.534919977188110352e-01
-1.577806472778320312e-01 -2.379983067512512207e-01
2.687100768089294434e-01 -4.602745771408081055e-01
-3.506157994270324707e-01 4.146971106529235840e-01
2.395640015602111816e-01 4.338708519935607910e-01
1.190477013587951660e-01 2.959586381912231445e-01
-1.304703354835510254e-01 1.512758135795593262e-01
1.374393701553344727e-02 -1.411050558090209961e-01
4.715744256973266602e-01 -2.170098423957824707e-01
-7.551556825637817383e-02 -3.405966758728027344e-01
1.300640702247619629e-01 -1.988625526428222656e-01
4.200032353401184082e-01 -3.794434070587158203e-01
-4.839468598365783691e-01 -4.351965785026550293e-01
-3.864020109176635742e-02 2.895937561988830566e-01
-2.353389859199523926e-01 2.788349390029907227e-01
1.768550872802734375e-01 -2.372363805770874023e-01
3.831387162208557129e-01 -2.236551642417907715e-01
-4.392440319061279297e-01 -1.055384278297424316e-01
-2.991266846656799316e-01 -4.996190071105957031e-01
2.021016478538513184e-01 2.671557664871215820e-01
-3.655592203140258789e-01 3.979615569114685059e-01
-3.632706999778747559e-01 -1.477437615394592285e-01
-4.028607010841369629e-01 -4.070957899093627930e-01
-2.842764854431152344e-01 -2.914947271347045898e-02
8.732557296752929688e-02 -3.810847997665405273e-01
-4.858225584030151367e-01 3.065649271011352539e-01
-2.237337231636047363e-01 2.036541700363159180e-01
-4.617652893066406250e-01 -3.373671174049377441e-01
3.539344668388366699e-01 -3.118113875389099121e-01
-2.629896402359008789e-01 -1.493732929229736328e-01
2.799527645111083984e-01 -5.049204826354980469e-02
1.717415452003479004e-01 3.129650950431823730e-01
1.855228543281555176e-01 3.046461343765258789e-01
1.601924896240234375e-01 6.750565767288208008e-02
-2.133656144142150879e-01 -1.573333740234375000e-01
3.099474310874938965e-01 4.921880960464477539e-01
-4.077425599098205566e-01 1.268029212951660156e-02
-2.958104014396667480e-01 -3.484148979187011719e-01
3.686318397521972656e-01 1.413528919219970703e-01
-1.665037870407104492e-01 -3.945062160491943359e-01
2.536645531654357910e-01 3.457207679748535156e-01
2.271508574485778809e-01 9.452158212661743164e-02
-2.464886307716369629e-01 4.504096508026123047e-01
-4.566665291786193848e-01 -2.914947271347045898e-01
-2.088539004325866699e-01 3.324518799781799316e-01
4.136866331100463867e-02 -1.464707851409912109e-01
-1.067765951156616211e-01 -2.125176191329956055e-01
2.752298116683959961e-01 2.427593469619750977e-01
-4.208161830902099609e-01 2.837700843811035156e-01
-3.863613605499267578e-01 4.196888208389282227e-01
4.535622596740722656e-01 -3.193722963333129883e-01
-2.578275203704833984e-01 -1.419322490692138672e-01
2.704685926437377930e-01 1.385731101036071777e-01
-4.824942946434020996e-01 2.568249702453613281e-01
1.394190192222595215e-01 -4.502205252647399902e-01
3.764069676399230957e-01 2.643381953239440918e-01
-3.997222781181335449e-01 8.435642719268798828e-02
-3.518344759941101074e-01 3.433269262313842773e-02
-4.006466865539550781e-01 -2.244001626968383789e-01
1.442434191703796387e-01 4.163618683815002441e-01
-2.628056406974792480e-01 3.526978492736816406e-01
4.678765535354614258e-01 -4.298390746116638184e-01
-9.806716442108154297e-02 -3.956194519996643066e-01
