5.478407144546508789e-01 7.695522308349609375e-01
6.358858346939086914e-01 7.286900877952575684e-01
5.331904888153076172e-01 7.536788582801818848e-01
4.974904656410217285e-01 5.475502610206604004e-01
5.158300995826721191e-01 4.287316799163818359e-01
3.975133299827575684e-01 6.408501863479614258e-01
4.903740882873535156e-01 4.882059097290039062e-01
4.485785067081451416e-01 6.438217759132385254e-01
3.761395514011383057e-01 6.924011111259460449e-01
3.664869368076324463e-01 5.988600850105285645e-01
7.417483925819396973e-01 6.334260702133178711e-01
4.720847904682159424e-01 5.241951942443847656e-01
6.754675507545471191e-01 6.022368073463439941e-01
5.125318765640258789e-01 4.473003745079040527e-01
7.255462408065795898e-01 6.490918397903442383e-01
3.485849797725677490e-01 6.228106021881103516e-01
4.387877881526947021e-01 7.143765091896057129e-01
4.056595563888549805e-01 6.226469874382019043e-01
3.662391602993011475e-01 5.920669436454772949e-01
7.428490519523620605e-01 5.655015110969543457e-01
7.486619353294372559e-01 4.995622038841247559e-01
6.761020421981811523e-01 4.636447727680206299e-01
6.806838512420654297e-01 4.902839064598083496e-01
5.463639497756958008e-01 7.725483179092407227e-01
7.051398754119873047e-01 4.452831149101257324e-01
6.327641010284423828e-01 7.714908719062805176e-01
5.546244382858276367e-01 7.675339579582214355e-01
4.520729780197143555e-01 4.999179542064666748e-01
5.780696272850036621e-01 5.044577121734619141e-01
4.762081205844879150e-01 6.045771837234497070e-01
6.757665276527404785e-01 7.179038524627685547e-01
6.611034870147705078e-01 6.748865246772766113e-01
7.161893248558044434e-01 5.644187331199645996e-01
4.064613878726959229e-01 5.890921354293823242e-01
5.701549053192138672e-01 7.447659373283386230e-01
6.550791263580322266e-01 5.297197103500366211e-01
5.888927578926086426e-01 3.888261616230010986e-01
7.071566581726074219e-01 6.191542744636535645e-01
5.160577893257141113e-01 7.168228626251220703e-01
5.383331775665283203e-01 5.224775671958923340e-01
7.326186895370483398e-01 7.157664299011230469e-01
6.659973263740539551e-01 6.137482523918151855e-01
6.968407034873962402e-01 8.400880098342895508e-01
5.074462890625000000e-01 5.327901244163513184e-01
5.566939115524291992e-01 5.500921607017517090e-01
6.828456521034240723e-01 4.324711859226226807e-01
4.848579168319702148e-01 4.509490132331848145e-01
5.422152876853942871e-01 6.878964900970458984e-01
6.977611780166625977e-01 7.607648968696594238e-01
6.184918284416198730e-01 7.549085021018981934e-01
4.095288217067718506e-01 6.611276268959045410e-01
5.288612842559814453e-01 4.955384433269500732e-01
6.211615204811096191e-01 5.385252833366394043e-01
5.761345624923706055e-01 7.481254339218139648e-01
4.572638273239135742e-01 5.098606348037719727e-01
7.165173292160034180e-01 5.917218327522277832e-01
8.059405088424682617e-01 6.072052717208862305e-01
5.361579060554504395e-01 4.934091269969940186e-01
7.944412827491760254e-01 5.531361699104309082e-01
5.683152675628662109e-01 4.747249484062194824e-01
6.618794202804565430e-01 6.837064027786254883e-01
4.750503301620483398e-01 4.405121505260467529e-01
4.758867323398590088e-01 4.755591452121734619e-01
4.223673939704895020e-01 5.845326185226440430e-01
4.029656052589416504e-01 6.206375360488891602e-01
6.947004795074462891e-01 7.313214540481567383e-01
6.198490262031555176e-01 7.252156734466552734e-01
6.066410541534423828e-01 6.543784141540527344e-01
5.593998432159423828e-01 6.052179336547851562e-01
6.697548031806945801e-01 7.770148515701293945e-01
6.115299463272094727e-01 7.422591447830200195e-01
5.485792756080627441e-01 4.407909214496612549e-01
6.423779129981994629e-01 6.124774813652038574e-01
7.734411358833312988e-01 5.652319192886352539e-01
4.980669617652893066e-01 6.766281127929687500e-01
8.188223838806152344e-01 6.193501353263854980e-01
3.414818942546844482e-01 5.415014624595642090e-01
3.821530938148498535e-01 5.623357295989990234e-01
5.176229476928710938e-01 6.910668015480041504e-01
4.088632464408874512e-01 6.828535795211791992e-01
3.464915454387664795e-01 5.447109937667846680e-01
4.283441901206970215e-01 4.727167189121246338e-01
5.890561342239379883e-01 4.264146685600280762e-01
7.259944081306457520e-01 5.636742711067199707e-01
6.320935487747192383e-01 4.882038235664367676e-01
7.448916435241699219e-01 4.617173969745635986e-01
5.098064541816711426e-01 7.577065229415893555e-01
6.587103605270385742e-01 7.114599347114562988e-01
6.913014650344848633e-01 5.079100728034973145e-01
4.678777158260345459e-01 6.153151392936706543e-01
6.179271936416625977e-01 3.908485472202301025e-01
7.837926149368286133e-01 5.281699299812316895e-01
4.247232675552368164e-01 6.392090320587158203e-01
7.406230568885803223e-01 6.054650545120239258e-01
5.835352540016174316e-01 6.242013573646545410e-01
6.348415613174438477e-01 5.696765184402465820e-01
7.204144597053527832e-01 4.712734222412109375e-01
3.884738385677337646e-01 6.386282444000244141e-01
5.293860435485839844e-01 7.776983380317687988e-01
7.597644329071044922e-01 5.200807452201843262e-01
4.254451394081115723e-01 7.425071597099304199e-01
5.511063337326049805e-01 4.463671445846557617e-01
5.574810504913330078e-01 4.697050452232360840e-01
5.063893795013427734e-01 5.976707339286804199e-01
4.503663778305053711e-01 5.607090592384338379e-01
3.996402919292449951e-01 5.079588890075683594e-01
4.057450890541076660e-01 6.392783522605895996e-01
6.124832630157470703e-01 5.164886116981506348e-01
6.310632824897766113e-01 5.507341623306274414e-01
4.116058051586151123e-01 5.814212560653686523e-01
6.046605706214904785e-01 5.832721590995788574e-01
4.703588783740997314e-01 5.924693942070007324e-01
5.054970979690551758e-01 3.872718214988708496e-01
4.670032560825347900e-01 6.384791135787963867e-01
4.865458905696868896e-01 5.737511515617370605e-01
6.370013356208801270e-01 4.275896549224853516e-01
4.190245568752288818e-01 4.855727255344390869e-01
5.514546036720275879e-01 5.307793021202087402e-01
6.534773111343383789e-01 4.549799859523773193e-01
5.136647820472717285e-01 6.659579277038574219e-01
7.892795801162719727e-01 5.808087587356567383e-01
6.729269623756408691e-01 7.017157673835754395e-01
6.452704071998596191e-01 5.298297405242919922e-01
5.253319740295410156e-01 7.123615741729736328e-01
3.707056045532226562e-01 5.454977154731750488e-01
7.466058731079101562e-01 5.284866094589233398e-01
6.268329620361328125e-01 7.547944188117980957e-01
5.965746045112609863e-01 4.538162052631378174e-01
7.334202527999877930e-01 7.017267346382141113e-01
7.186284661293029785e-01 6.465656161308288574e-01
7.758631110191345215e-01 5.984976887702941895e-01
4.842824637889862061e-01 7.602213621139526367e-01
7.886663675308227539e-01 6.143674254417419434e-01
7.674140930175781250e-01 5.824238061904907227e-01
4.481767117977142334e-01 7.194664478302001953e-01
4.058965742588043213e-01 6.215730905532836914e-01
5.243182182312011719e-01 7.949711084365844727e-01
5.948696136474609375e-01 7.421266436576843262e-01
7.627923488616943359e-01 6.351163387298583984e-01
3.453738093376159668e-01 5.478069186210632324e-01
4.918642938137054443e-01 5.615351796150207520e-01
5.572036504745483398e-01 5.757938027381896973e-01
4.378851056098937988e-01 6.718935370445251465e-01
4.208265244960784912e-01 6.630858182907104492e-01
8.062468767166137695e-01 5.257540345191955566e-01
6.571211814880371094e-01 6.662629246711730957e-01
5.444205403327941895e-01 6.636397242546081543e-01
6.582088470458984375e-01 4.283369183540344238e-01
6.821392774581909180e-01 6.120179295539855957e-01
4.229308962821960449e-01 5.220907926559448242e-01
5.041508078575134277e-01 4.925908446311950684e-01
6.757891178131103516e-01 6.285715103149414062e-01
5.957813858985900879e-01 7.355951070785522461e-01
6.159194707870483398e-01 5.021725893020629883e-01
7.213671207427978516e-01 6.920081973075866699e-01
7.219967246055603027e-01 5.805910229682922363e-01
7.345784902572631836e-01 5.535155534744262695e-01
7.643700838088989258e-01 6.671110987663269043e-01
3.557675480842590332e-01 5.456023812294006348e-01
5.943398475646972656e-01 3.761287033557891846e-01
4.331663548946380615e-01 7.368535995483398438e-01
4.667211472988128662e-01 6.703419089317321777e-01
5.548929572105407715e-01 4.992082118988037109e-01
5.054433941841125488e-01 7.719448208808898926e-01
4.795528054237365723e-01 6.354302763938903809e-01
5.624179840087890625e-01 6.940044164657592773e-01
6.103995442390441895e-01 7.236164212226867676e-01
5.499885678291320801e-01 5.778512358665466309e-01
7.991172671318054199e-01 5.540981292724609375e-01
3.808990120887756348e-01 5.827730894088745117e-01
5.538758635520935059e-01 5.479600429534912109e-01
5.167022943496704102e-01 5.952739119529724121e-01
5.221121907234191895e-01 4.413534700870513916e-01
5.985231995582580566e-01 3.879463970661163330e-01
5.201476812362670898e-01 3.907741606235504150e-01
4.981638491153717041e-01 5.181404352188110352e-01
5.817720890045166016e-01 3.869363963603973389e-01
6.210600733757019043e-01 7.176958918571472168e-01
4.813718199729919434e-01 5.585557222366333008e-01
3.710902631282806396e-01 5.327582359313964844e-01
7.217210531234741211e-01 5.802255868911743164e-01
6.929830908775329590e-01 6.228703260421752930e-01
7.769565582275390625e-01 7.012583613395690918e-01
4.251621067523956299e-01 5.686870813369750977e-01
4.466067850589752197e-01 6.915138363838195801e-01
5.106090307235717773e-01 7.464139461517333984e-01
7.062903642654418945e-01 6.298242211341857910e-01
5.759286284446716309e-01 7.994815707206726074e-01
6.952062249183654785e-01 7.081699371337890625e-01
6.917346715927124023e-01 4.983333945274353027e-01
4.469015598297119141e-01 5.546509027481079102e-01
4.858824014663696289e-01 5.909040570259094238e-01
4.827671647071838379e-01 6.132839918136596680e-01
8.221416473388671875e-01 6.412678956985473633e-01
4.995476901531219482e-01 4.407557249069213867e-01
4.581688046455383301e-01 6.669651269912719727e-01
5.195412635803222656e-01 7.176553010940551758e-01
4.057968258857727051e-01 5.397197008132934570e-01
7.906515598297119141e-01 6.480151414871215820e-01
4.043805301189422607e-01 6.917963027954101562e-01
5.868016481399536133e-01 7.806538343429565430e-01
4.862127006053924561e-01 5.451347827911376953e-01
7.276176810264587402e-01 5.289968252182006836e-01
4.897528588771820068e-01 7.192397713661193848e-01
5.810409188270568848e-01 8.168430328369140625e-01
5.620131492614746094e-01 5.357756614685058594e-01
5.387093424797058105e-01 7.781189084053039551e-01
6.614854931831359863e-01 7.338497638702392578e-01
4.121281504631042480e-01 6.214501857757568359e-01
5.988759994506835938e-01 7.972666025161743164e-01
7.417865991592407227e-01 7.214468121528625488e-01
4.629524052143096924e-01 5.736576914787292480e-01
4.031376540660858154e-01 4.972475469112396240e-01
5.193682909011840820e-01 6.643837094306945801e-01
5.827360153198242188e-01 6.207729578018188477e-01
6.632527112960815430e-01 7.636071443557739258e-01
5.963867306709289551e-01 7.323758006095886230e-01
5.905639529228210449e-01 5.271440148353576660e-01
5.469725728034973145e-01 6.139500141143798828e-01
5.841172337532043457e-01 5.949506759643554688e-01
5.542083382606506348e-01 4.080359935760498047e-01
7.393302917480468750e-01 5.701994299888610840e-01
7.410718798637390137e-01 6.436596512794494629e-01
6.175107359886169434e-01 5.267977714538574219e-01
5.319021940231323242e-01 7.694561481475830078e-01
4.146211147308349609e-01 5.978069901466369629e-01
5.960803031921386719e-01 7.310747504234313965e-01
5.049573779106140137e-01 5.554531216621398926e-01
6.898138523101806641e-01 6.238592267036437988e-01
4.303650557994842529e-01 6.080481410026550293e-01
7.643241286277770996e-01 7.472696900367736816e-01
3.829963505268096924e-01 5.761119723320007324e-01
4.426086843013763428e-01 6.682907938957214355e-01
5.922184586524963379e-01 5.714173316955566406e-01
7.234313488006591797e-01 7.645180821418762207e-01
6.469314694404602051e-01 5.087826251983642578e-01
7.105334401130676270e-01 6.836755871772766113e-01
7.325909137725830078e-01 7.784003615379333496e-01
7.540860772132873535e-01 6.236062049865722656e-01
4.427680969238281250e-01 7.267358899116516113e-01
6.460016369819641113e-01 5.494828820228576660e-01
4.897550344467163086e-01 7.308887243270874023e-01
7.200508117675781250e-01 6.129736304283142090e-01
4.486851096153259277e-01 5.026283264160156250e-01
7.783845067024230957e-01 5.984080433845520020e-01
7.335271835327148438e-01 7.776482701301574707e-01
7.744452357292175293e-01 7.374969124794006348e-01
7.282627224922180176e-01 5.246167778968811035e-01
4.623514413833618164e-01 5.733119249343872070e-01
4.412565231323242188e-01 6.986914277076721191e-01
5.672396421432495117e-01 5.600373744964599609e-01
4.320248365402221680e-01 6.168156266212463379e-01
7.553355097770690918e-01 5.858938097953796387e-01
5.743499398231506348e-01 7.096263766288757324e-01
5.528336763381958008e-01 3.609272837638854980e-01
4.823590815067291260e-01 7.354579567909240723e-01
4.933665990829467773e-01 5.354190468788146973e-01
4.811292290687561035e-01 7.672057151794433594e-01
5.041188001632690430e-01 5.860513448715209961e-01
4.427472651004791260e-01 6.262004375457763672e-01
7.473641633987426758e-01 6.484639644622802734e-01
6.864347457885742188e-01 6.616604924201965332e-01
7.252792716026306152e-01 4.608121812343597412e-01
7.463634014129638672e-01 6.840373873710632324e-01
8.517696261405944824e-01 5.908221602439880371e-01
5.126995444297790527e-01 6.506640315055847168e-01
3.505200743675231934e-01 5.674473047256469727e-01
4.096260368824005127e-01 7.084348201751708984e-01
6.639699339866638184e-01 5.419694185256958008e-01
4.653332531452178955e-01 6.801673769950866699e-01
5.811225771903991699e-01 6.775878071784973145e-01
5.406391620635986328e-01 6.499946713447570801e-01
6.130111217498779297e-01 3.830111622810363770e-01
6.443395614624023438e-01 5.270106196403503418e-01
6.215150952339172363e-01 8.354606628417968750e-01
6.090226173400878906e-01 6.531770229339599609e-01
6.034197807312011719e-01 3.802319169044494629e-01
4.512263238430023193e-01 5.583136081695556641e-01
5.545988082885742188e-01 4.360404908657073975e-01
7.808460593223571777e-01 6.439042091369628906e-01
4.240617156028747559e-01 5.476050376892089844e-01
3.783454895019531250e-01 6.028429865837097168e-01
4.499395489692687988e-01 6.613063216209411621e-01
5.396405458450317383e-01 5.488390922546386719e-01
7.582702040672302246e-01 6.340936422348022461e-01
3.797957003116607666e-01 6.332650184631347656e-01
4.118652045726776123e-01 5.382151007652282715e-01
5.308369994163513184e-01 6.139755249023437500e-01
5.397871732711791992e-01 7.967283129692077637e-01
4.170626699924468994e-01 5.669710636138916016e-01
6.616268157958984375e-01 7.470421195030212402e-01
8.357668519020080566e-01 6.144959926605224609e-01
5.148588418960571289e-01 4.157932698726654053e-01
6.810718178749084473e-01 6.173458695411682129e-01
5.479210019111633301e-01 4.363061785697937012e-01
4.625409841537475586e-01 6.612735390663146973e-01
6.356938481330871582e-01 6.305354237556457520e-01
6.180304288864135742e-01 5.679993033409118652e-01
5.699317455291748047e-01 7.215979099273681641e-01
5.227913260459899902e-01 6.660679578781127930e-01
7.065201997756958008e-01 5.099331140518188477e-01
7.611665129661560059e-01 6.201167702674865723e-01
5.351491570472717285e-01 7.579281926155090332e-01
5.969144701957702637e-01 6.087526082992553711e-01
6.841008067131042480e-01 6.742994785308837891e-01
4.478113353252410889e-01 7.265215516090393066e-01
5.216715931892395020e-01 4.642099440097808838e-01
5.191093683242797852e-01 4.760755598545074463e-01
7.072240710258483887e-01 6.446071863174438477e-01
6.137081384658813477e-01 5.824097394943237305e-01
4.635325372219085693e-01 5.128282308578491211e-01
5.794313549995422363e-01 4.528627097606658936e-01
6.136931777000427246e-01 5.530119538307189941e-01
6.583867669105529785e-01 6.847311854362487793e-01
7.040991187095642090e-01 4.949539899826049805e-01
6.127261519432067871e-01 5.326840877532958984e-01
6.787447333335876465e-01 4.745576083660125732e-01
4.842018783092498779e-01 7.288263440132141113e-01
4.862365126609802246e-01 4.600908458232879639e-01
3.959105908870697021e-01 5.434476137161254883e-01
6.974678039550781250e-01 6.487339138984680176e-01
5.297192335128784180e-01 3.864094316959381104e-01
5.068784356117248535e-01 4.232314825057983398e-01
5.663372278213500977e-01 7.489038109779357910e-01
6.733140349388122559e-01 7.778831720352172852e-01
6.210620403289794922e-01 6.335143446922302246e-01
4.389655888080596924e-01 6.120780110359191895e-01
6.974437832832336426e-01 5.325009226799011230e-01
5.313210487365722656e-01 3.841243386268615723e-01
3.973920643329620361e-01 5.826486945152282715e-01
6.775858998298645020e-01 5.208646655082702637e-01
6.560542583465576172e-01 5.202800035476684570e-01
4.996528327465057373e-01 7.627167105674743652e-01
5.982053279876708984e-01 6.278958916664123535e-01
5.448437929153442383e-01 5.321200489997863770e-01
5.220550894737243652e-01 7.148551344871520996e-01
7.679004073143005371e-01 7.043575644493103027e-01
5.546946525573730469e-01 8.008274435997009277e-01
4.406701624393463135e-01 5.706486105918884277e-01
7.371973991394042969e-01 6.807017326354980469e-01
5.597617626190185547e-01 4.035607576370239258e-01
6.883273124694824219e-01 4.646496474742889404e-01
7.112632989883422852e-01 6.846678256988525391e-01
3.872079551219940186e-01 6.488906145095825195e-01
6.036964654922485352e-01 6.937048435211181641e-01
6.146760582923889160e-01 7.520038485527038574e-01
7.899715900421142578e-01 6.799948811531066895e-01
6.530073285102844238e-01 7.793514132499694824e-01
4.492346644401550293e-01 4.416375160217285156e-01
6.710084080696105957e-01 6.597536802291870117e-01
7.655676007270812988e-01 7.420642375946044922e-01
7.974574565887451172e-01 5.882842540740966797e-01
7.881368994712829590e-01 5.735132098197937012e-01
4.384514093399047852e-01 5.720321536064147949e-01
5.507391691207885742e-01 4.418120086193084717e-01
3.927406370639801025e-01 5.385347604751586914e-01
5.944047570228576660e-01 6.443364024162292480e-01
5.921028852462768555e-01 3.927334249019622803e-01
5.594371557235717773e-01 5.193091034889221191e-01
4.173678457736968994e-01 4.968503117561340332e-01
5.863821506500244141e-01 5.664277672767639160e-01
4.724941551685333252e-01 4.956403970718383789e-01
5.407586097717285156e-01 4.997106492519378662e-01
6.807825565338134766e-01 4.777210354804992676e-01
6.150309443473815918e-01 5.476368665695190430e-01
7.230902314186096191e-01 5.290539860725402832e-01
4.419374763965606689e-01 5.476039052009582520e-01
3.704878389835357666e-01 5.378387570381164551e-01
6.684800386428833008e-01 4.668658077716827393e-01
4.925620853900909424e-01 3.934684097766876221e-01
6.025038361549377441e-01 3.850696682929992676e-01
5.579590201377868652e-01 4.485863447189331055e-01
7.900645136833190918e-01 6.118057966232299805e-01
7.078959345817565918e-01 4.672110080718994141e-01
7.212988734245300293e-01 4.887430369853973389e-01
6.727326512336730957e-01 4.613991975784301758e-01
6.798552870750427246e-01 5.016677975654602051e-01
4.389524757862091064e-01 5.375686883926391602e-01
6.798947453498840332e-01 5.569789409637451172e-01
7.979077696800231934e-01 6.797652244567871094e-01
7.363744378089904785e-01 5.179017782211303711e-01
8.250661492347717285e-01 6.163772940635681152e-01
3.747414350509643555e-01 5.536243319511413574e-01
4.604012072086334229e-01 5.637489557266235352e-01
5.122412443161010742e-01 7.037221789360046387e-01
7.533845901489257812e-01 6.116556525230407715e-01
7.877929806709289551e-01 6.906553506851196289e-01
5.822622179985046387e-01 5.029793977737426758e-01
5.061396956443786621e-01 6.343196630477905273e-01
8.497651815414428711e-01 6.276072263717651367e-01
4.566620588302612305e-01 5.981745123863220215e-01
5.348936319351196289e-01 4.450287818908691406e-01
4.122210443019866943e-01 5.223989486694335938e-01
7.105996608734130859e-01 5.295796394348144531e-01
7.501274347305297852e-01 4.968803524971008301e-01
5.622407197952270508e-01 5.119280815124511719e-01
4.893839657306671143e-01 5.658509135246276855e-01
4.546737372875213623e-01 6.772241592407226562e-01
6.499255895614624023e-01 7.437809705734252930e-01
7.487699985504150391e-01 6.309122443199157715e-01
7.885439395904541016e-01 6.276906728744506836e-01
5.423642396926879883e-01 6.061736941337585449e-01
5.108245015144348145e-01 5.706537365913391113e-01
3.657278418540954590e-01 5.745678544044494629e-01
8.002440333366394043e-01 5.560370087623596191e-01
6.085743904113769531e-01 6.099959611892700195e-01
4.347614943981170654e-01 4.714174270629882812e-01
3.884174525737762451e-01 6.931093335151672363e-01
7.178278565406799316e-01 5.337495803833007812e-01
7.627188563346862793e-01 7.175293564796447754e-01
6.395087242126464844e-01 5.759667754173278809e-01
6.399195790290832520e-01 7.210220694541931152e-01
6.680033802986145020e-01 6.645789742469787598e-01
4.739269614219665527e-01 4.871501922607421875e-01
7.273471355438232422e-01 4.371583461761474609e-01
4.768201112747192383e-01 4.516954421997070312e-01
4.158457219600677490e-01 5.974282622337341309e-01
6.528141498565673828e-01 4.366695582866668701e-01
6.994080543518066406e-01 6.903275847434997559e-01
6.736001372337341309e-01 6.365391016006469727e-01
5.785822272300720215e-01 8.011940717697143555e-01
5.988929271697998047e-01 6.434026956558227539e-01
6.948522329330444336e-01 4.807893931865692139e-01
6.688327789306640625e-01 6.550757288932800293e-01
7.098367810249328613e-01 6.026264429092407227e-01
6.780924201011657715e-01 6.817479729652404785e-01
6.594023704528808594e-01 6.426476836204528809e-01
8.115651011466979980e-01 6.784592270851135254e-01
4.959950447082519531e-01 6.784079670906066895e-01
4.733544886112213135e-01 7.199448347091674805e-01
5.727478861808776855e-01 5.076963305473327637e-01
7.161056995391845703e-01 5.858050584793090820e-01
6.688643097877502441e-01 7.285740375518798828e-01
5.388154983520507812e-01 7.777518630027770996e-01
5.704390406608581543e-01 6.213392615318298340e-01
4.546422958374023438e-01 6.829962134361267090e-01
6.552733182907104492e-01 4.037042558193206787e-01
6.051314473152160645e-01 8.170331120491027832e-01
4.875697493553161621e-01 4.496131241321563721e-01
5.662814974784851074e-01 5.132156014442443848e-01
5.460649132728576660e-01 3.821314275264739990e-01
4.881177544593811035e-01 5.404455065727233887e-01
6.966171860694885254e-01 7.744558453559875488e-01
7.626721262931823730e-01 5.338941812515258789e-01
6.948651671409606934e-01 7.688576579093933105e-01
5.006754994392395020e-01 7.463171482086181641e-01
6.994313597679138184e-01 5.024544596672058105e-01
6.397169232368469238e-01 7.187160253524780273e-01
5.924800634384155273e-01 8.156006932258605957e-01
6.265217065811157227e-01 7.478863000869750977e-01
5.868251323699951172e-01 7.460719347000122070e-01
4.454548656940460205e-01 7.282961010932922363e-01
6.446248888969421387e-01 4.933831095695495605e-01
6.214756369590759277e-01 7.271480560302734375e-01
4.379197955131530762e-01 5.252304077148437500e-01
6.891975402832031250e-01 6.231495738029479980e-01
4.848698079586029053e-01 7.153038978576660156e-01
5.005803704261779785e-01 5.736992955207824707e-01
7.577336430549621582e-01 6.077708005905151367e-01
8.180230855941772461e-01 6.008313894271850586e-01
5.573987364768981934e-01 5.472633242607116699e-01
5.638464689254760742e-01 5.686934590339660645e-01
6.888104677200317383e-01 6.312622427940368652e-01
6.066284775733947754e-01 7.045830488204956055e-01
5.597460269927978516e-01 6.203832030296325684e-01
5.476357340812683105e-01 5.497570037841796875e-01
7.555264830589294434e-01 5.345860123634338379e-01
5.874748826026916504e-01 6.454862356185913086e-01
7.197309136390686035e-01 5.279506444931030273e-01
6.760294437408447266e-01 6.430366039276123047e-01
5.173262357711791992e-01 4.740345776081085205e-01
7.732300758361816406e-01 6.855762004852294922e-01
4.811744391918182373e-01 6.622049808502197266e-01
6.367508769035339355e-01 5.850592851638793945e-01
8.348463773727416992e-01 6.017854213714599609e-01
4.993446171283721924e-01 6.083902120590209961e-01
5.852854251861572266e-01 5.772102475166320801e-01
6.441228389739990234e-01 6.449067592620849609e-01
5.358694195747375488e-01 7.262674570083618164e-01
3.963889181613922119e-01 6.193920969963073730e-01
7.212575674057006836e-01 6.364959478378295898e-01
6.361098289489746094e-01 3.916412889957427979e-01
6.751842498779296875e-01 7.542766332626342773e-01
7.069860100746154785e-01 5.013860464096069336e-01
6.472035050392150879e-01 4.193420410156250000e-01
8.125963211059570312e-01 6.390400528907775879e-01
6.330642104148864746e-01 7.585839033126831055e-01
6.212750673294067383e-01 8.275320529937744141e-01
6.812111139297485352e-01 5.431998968124389648e-01
6.961764693260192871e-01 4.750919342041015625e-01
4.844857156276702881e-01 6.188630461692810059e-01
6.147142648696899414e-01 3.863333165645599365e-01
4.602228701114654541e-01 6.414874792098999023e-01
3.444480597972869873e-01 6.165701150894165039e-01
8.056263327598571777e-01 5.406439304351806641e-01
4.972614049911499023e-01 7.727808356285095215e-01
5.943321585655212402e-01 6.589677333831787109e-01
4.265483617782592773e-01 5.523850321769714355e-01
5.237880349159240723e-01 7.087606191635131836e-01
5.087964534759521484e-01 4.188463091850280762e-01
5.246922373771667480e-01 5.065708160400390625e-01
6.676855087280273438e-01 6.176615357398986816e-01
4.928466379642486572e-01 6.332069635391235352e-01
5.013580918312072754e-01 7.416573762893676758e-01
4.333701431751251221e-01 4.788502156734466553e-01
5.110413432121276855e-01 6.547592282295227051e-01
6.861386299133300781e-01 6.298229098320007324e-01
7.386992573738098145e-01 5.467453002929687500e-01
4.629232883453369141e-01 6.882415413856506348e-01
3.593487739562988281e-01 5.601012110710144043e-01
6.157886385917663574e-01 5.054855346679687500e-01
6.476650834083557129e-01 3.948721587657928467e-01
6.370539069175720215e-01 5.999586582183837891e-01
6.550983786582946777e-01 7.229760885238647461e-01
6.527788043022155762e-01 6.531058549880981445e-01
6.999975442886352539e-01 7.367306351661682129e-01
4.766935408115386963e-01 5.089082121849060059e-01
6.581896543502807617e-01 5.247851610183715820e-01
4.637597501277923584e-01 4.850859940052032471e-01
4.290456175804138184e-01 6.155368089675903320e-01
3.814824223518371582e-01 6.299494504928588867e-01
5.275213718414306641e-01 5.800539851188659668e-01
5.168251395225524902e-01 4.520359039306640625e-01
6.543676257133483887e-01 8.238588571548461914e-01
5.084614157676696777e-01 6.180425286293029785e-01
6.385763287544250488e-01 5.051117539405822754e-01
5.640535950660705566e-01 7.312817573547363281e-01
6.942199468612670898e-01 4.710765480995178223e-01
6.018974184989929199e-01 7.509301900863647461e-01
5.577417612075805664e-01 3.751604557037353516e-01
7.933952212333679199e-01 6.230089068412780762e-01
6.715371012687683105e-01 6.786773800849914551e-01
6.724988222122192383e-01 5.486464500427246094e-01
5.055295228958129883e-01 7.381688952445983887e-01
7.868368625640869141e-01 5.467590689659118652e-01
8.217116594314575195e-01 6.462144255638122559e-01
6.865662932395935059e-01 4.309498369693756104e-01
6.489614844322204590e-01 6.041090488433837891e-01
5.371854901313781738e-01 6.751363277435302734e-01
6.249687671661376953e-01 5.431359410285949707e-01
6.771479249000549316e-01 6.057118773460388184e-01
4.339391589164733887e-01 6.137603521347045898e-01
5.029577016830444336e-01 6.001278758049011230e-01
8.056188821792602539e-01 6.341713070869445801e-01
6.195591688156127930e-01 3.944241404533386230e-01
3.358456492424011230e-01 5.958227515220642090e-01
4.339684844017028809e-01 7.011883258819580078e-01
3.786167502403259277e-01 5.638118982315063477e-01
7.317312955856323242e-01 4.661209881305694580e-01
4.666077792644500732e-01 7.284162640571594238e-01
7.074505090713500977e-01 6.632046103477478027e-01
5.696599483489990234e-01 5.717245340347290039e-01
7.828884124755859375e-01 6.467237472534179688e-01
5.765839815139770508e-01 7.542505860328674316e-01
7.081272006034851074e-01 5.600145459175109863e-01
5.383387207984924316e-01 5.818733572959899902e-01
4.602713584899902344e-01 6.142078042030334473e-01
6.805151700973510742e-01 6.451902389526367188e-01
6.723454594612121582e-01 5.475270152091979980e-01
6.391004920005798340e-01 4.585715830326080322e-01
3.897298872470855713e-01 5.385841727256774902e-01
6.015317440032958984e-01 3.810271024703979492e-01
5.562141537666320801e-01 4.276517331600189209e-01
7.387626171112060547e-01 5.361946225166320801e-01
3.718532323837280273e-01 6.584356427192687988e-01
7.542146444320678711e-01 5.902751684188842773e-01
7.389247417449951172e-01 6.361190080642700195e-01
3.800095915794372559e-01 6.205940842628479004e-01
8.375809192657470703e-01 6.233813762664794922e-01
6.430633664131164551e-01 6.530836224555969238e-01
4.505906403064727783e-01 6.182518601417541504e-01
5.544985532760620117e-01 5.145107507705688477e-01
4.397581815719604492e-01 4.453959167003631592e-01
5.233836174011230469e-01 7.458175420761108398e-01
5.199618935585021973e-01 7.654505968093872070e-01
6.808319091796875000e-01 7.142429947853088379e-01
5.812947750091552734e-01 5.697963237762451172e-01
5.867393016815185547e-01 6.833555102348327637e-01
6.455276012420654297e-01 5.763341188430786133e-01
4.233788847923278809e-01 6.940780878067016602e-01
4.883110225200653076e-01 7.278753519058227539e-01
4.791733324527740479e-01 6.183683872222900391e-01
7.042835950851440430e-01 6.623583436012268066e-01
5.089467167854309082e-01 7.623510360717773438e-01
7.369320988655090332e-01 6.746233105659484863e-01
8.067935705184936523e-01 6.463948488235473633e-01
4.050619006156921387e-01 6.033312678337097168e-01
6.380471587181091309e-01 5.569104552268981934e-01
6.835223436355590820e-01 6.327111124992370605e-01
4.312657415866851807e-01 6.002978086471557617e-01
7.104023694992065430e-01 5.094557404518127441e-01
4.389695525169372559e-01 4.741355776786804199e-01
5.343006253242492676e-01 6.948894858360290527e-01
5.655720233917236328e-01 7.674311995506286621e-01
5.162683725357055664e-01 3.935872912406921387e-01
7.583666443824768066e-01 4.972073733806610107e-01
3.451296091079711914e-01 5.475292205810546875e-01
5.943867564201354980e-01 7.208594083786010742e-01
7.499426007270812988e-01 5.499347448348999023e-01
6.382236480712890625e-01 7.934024333953857422e-01
4.686566591262817383e-01 4.773694872856140137e-01
3.921674787998199463e-01 6.261671781539916992e-01
8.064715862274169922e-01 5.421042442321777344e-01
4.986995160579681396e-01 4.179351627826690674e-01
8.316935300827026367e-01 6.085026860237121582e-01
7.345514297485351562e-01 5.036495923995971680e-01
4.656506776809692383e-01 4.757964611053466797e-01
5.338647365570068359e-01 5.428490042686462402e-01
6.366086006164550781e-01 4.753962457180023193e-01
3.718816936016082764e-01 6.302668452262878418e-01
6.624265909194946289e-01 4.737380146980285645e-01
6.157338619232177734e-01 4.203564524650573730e-01
6.289828419685363770e-01 3.978421390056610107e-01
5.536607503890991211e-01 8.246469497680664062e-01
7.800185084342956543e-01 7.052021622657775879e-01
5.225597620010375977e-01 4.875737130641937256e-01
7.676779031753540039e-01 6.403514146804809570e-01
5.077562332153320312e-01 5.580735802650451660e-01
5.889095664024353027e-01 4.407739341259002686e-01
4.400003850460052490e-01 5.752828717231750488e-01
7.720244526863098145e-01 5.201444625854492188e-01
4.823398292064666748e-01 5.250591039657592773e-01
6.249222159385681152e-01 5.439266562461853027e-01
6.349382400512695312e-01 3.958374261856079102e-01
5.109285116195678711e-01 7.829355597496032715e-01
7.503376007080078125e-01 6.206915378570556641e-01
4.931254982948303223e-01 4.205555915832519531e-01
6.026829481124877930e-01 5.566860437393188477e-01
7.125706672668457031e-01 7.563714385032653809e-01
5.133236050605773926e-01 7.885184288024902344e-01
7.445651888847351074e-01 7.401283383369445801e-01
6.790978908538818359e-01 7.461943030357360840e-01
7.046216130256652832e-01 6.282858252525329590e-01
6.467813849449157715e-01 8.125171065330505371e-01
7.556291222572326660e-01 5.320168733596801758e-01
6.170644164085388184e-01 4.377402663230895996e-01
5.853508710861206055e-01 7.688688635826110840e-01
5.443654060363769531e-01 5.618409514427185059e-01
6.187807917594909668e-01 7.832338213920593262e-01
4.222961664199829102e-01 5.604200959205627441e-01
4.838007688522338867e-01 6.742926836013793945e-01
7.445455789566040039e-01 5.591273307800292969e-01
8.034732937812805176e-01 5.520203709602355957e-01
5.540625452995300293e-01 6.377215385437011719e-01
4.463745057582855225e-01 4.728790223598480225e-01
5.049263238906860352e-01 7.751078605651855469e-01
6.745080947875976562e-01 5.000094175338745117e-01
6.024997830390930176e-01 4.155404269695281982e-01
6.948565840721130371e-01 6.771874427795410156e-01
7.167794108390808105e-01 5.693912506103515625e-01
6.558488011360168457e-01 6.522301435470581055e-01
5.692046880722045898e-01 5.964838862419128418e-01
6.781105995178222656e-01 6.325589418411254883e-01
8.363773226737976074e-01 5.919294953346252441e-01
7.212908864021301270e-01 6.743690371513366699e-01
7.603304386138916016e-01 5.852816104888916016e-01
6.593122482299804688e-01 4.288792014122009277e-01
5.769052505493164062e-01 3.812703788280487061e-01
6.034000515937805176e-01 6.123163700103759766e-01
5.815327763557434082e-01 6.138345003128051758e-01
6.871904730796813965e-01 6.275345683097839355e-01
6.939661502838134766e-01 6.949887871742248535e-01
6.951820254325866699e-01 7.007188796997070312e-01
5.655711293220520020e-01 6.493634581565856934e-01
6.694921255111694336e-01 4.342020153999328613e-01
7.218509316444396973e-01 5.616276860237121582e-01
4.869104921817779541e-01 6.875983476638793945e-01
6.772485971450805664e-01 7.942293882369995117e-01
7.893176078796386719e-01 5.645587444305419922e-01
7.094211578369140625e-01 4.981244802474975586e-01
5.555651187896728516e-01 4.109768569469451904e-01
6.366122961044311523e-01 7.260415554046630859e-01
5.249732136726379395e-01 6.651183962821960449e-01
3.776161968708038330e-01 5.687298774719238281e-01
4.603149890899658203e-01 6.662256121635437012e-01
4.867051839828491211e-01 7.541501522064208984e-01
7.975994944572448730e-01 5.374680757522583008e-01
6.788445711135864258e-01 6.558044552803039551e-01
5.073826313018798828e-01 7.266599535942077637e-01
3.510190844535827637e-01 5.407465100288391113e-01
6.793104410171508789e-01 4.880615174770355225e-01
6.938418745994567871e-01 5.219624638557434082e-01
3.846045136451721191e-01 5.255522727966308594e-01
7.412079572677612305e-01 5.202967524528503418e-01
7.145807147026062012e-01 5.553910136222839355e-01
5.836167931556701660e-01 4.897911250591278076e-01
7.568667531013488770e-01 7.095782160758972168e-01
4.855754077434539795e-01 7.475718855857849121e-01
4.915221035480499268e-01 6.116726994514465332e-01
8.143921494483947754e-01 6.303582191467285156e-01
6.150069236755371094e-01 5.762369632720947266e-01
6.826437115669250488e-01 4.468691051006317139e-01
4.703198671340942383e-01 5.950167775154113770e-01
3.611224293708801270e-01 5.634782314300537109e-01
7.151990532875061035e-01 7.882341146469116211e-01
4.297993779182434082e-01 5.252171754837036133e-01
8.432930111885070801e-01 6.573801636695861816e-01
5.120753645896911621e-01 5.388427972793579102e-01
4.828098118305206299e-01 7.259793281555175781e-01
6.169240474700927734e-01 6.629979610443115234e-01
5.810126662254333496e-01 6.086747050285339355e-01
6.062797307968139648e-01 6.757923364639282227e-01
7.504276633262634277e-01 6.534479856491088867e-01
7.673425674438476562e-01 6.585291624069213867e-01
7.575073242187500000e-01 5.010825395584106445e-01
6.579664349555969238e-01 4.113080799579620361e-01
5.795972943305969238e-01 4.438994228839874268e-01
5.484344959259033203e-01 5.034534335136413574e-01
5.271847248077392578e-01 7.910822629928588867e-01
7.655616998672485352e-01 4.847727417945861816e-01
7.100744247436523438e-01 6.480499505996704102e-01
7.756654620170593262e-01 7.190105319023132324e-01
6.170527338981628418e-01 7.707511186599731445e-01
4.178031682968139648e-01 4.720994830131530762e-01
5.325314402580261230e-01 4.071826636791229248e-01
7.219662666320800781e-01 6.366871595382690430e-01
4.903338849544525146e-01 5.198028683662414551e-01
5.273759365081787109e-01 5.853189826011657715e-01
4.112752974033355713e-01 5.905588865280151367e-01
6.375808715820312500e-01 7.537732720375061035e-01
3.751538395881652832e-01 6.362025737762451172e-01
7.490921020507812500e-01 6.501737833023071289e-01
6.214461922645568848e-01 8.049869537353515625e-01
4.933540523052215576e-01 5.075966715812683105e-01
7.211883068084716797e-01 6.850382089614868164e-01
5.817138552665710449e-01 7.270338535308837891e-01
6.929656267166137695e-01 7.596641778945922852e-01
6.914165019989013672e-01 6.147497296333312988e-01
5.974077582359313965e-01 6.988133192062377930e-01
5.664573311805725098e-01 7.124263644218444824e-01
4.619978070259094238e-01 5.915731191635131836e-01
5.710221529006958008e-01 7.523329854011535645e-01
4.212492406368255615e-01 5.143998861312866211e-01
6.530318260192871094e-01 6.579592823982238770e-01
5.214523077011108398e-01 7.570392489433288574e-01
6.579740047454833984e-01 7.798569798469543457e-01
7.031582593917846680e-01 5.451343655586242676e-01
6.712970137596130371e-01 4.850085973739624023e-01
6.404491662979125977e-01 5.570909380912780762e-01
6.862823963165283203e-01 5.483538508415222168e-01
5.329044461250305176e-01 7.148919105529785156e-01
5.786679983139038086e-01 4.557124376296997070e-01
5.116426348686218262e-01 5.899744629859924316e-01
6.444436907768249512e-01 4.834071397781372070e-01
7.809391021728515625e-01 5.137299299240112305e-01
6.082177758216857910e-01 7.385886907577514648e-01
5.387579202651977539e-01 5.814189314842224121e-01
4.269687533378601074e-01 6.896862387657165527e-01
4.922964274883270264e-01 4.392268061637878418e-01
5.099925994873046875e-01 4.620346724987030029e-01
6.351144313812255859e-01 5.877608060836791992e-01
7.186163663864135742e-01 7.635291814804077148e-01
6.855146288871765137e-01 6.544835567474365234e-01
4.609745144844055176e-01 5.375123023986816406e-01
7.250440716743469238e-01 6.677747964859008789e-01
6.739811301231384277e-01 5.527328252792358398e-01
4.154184162616729736e-01 5.284640192985534668e-01
6.238365173339843750e-01 5.902665853500366211e-01
6.426656842231750488e-01 7.055425047874450684e-01
8.233700990676879883e-01 5.997393727302551270e-01
3.667427599430084229e-01 5.843226313591003418e-01
6.057084202766418457e-01 7.752678394317626953e-01
7.044603228569030762e-01 6.175329685211181641e-01
3.806042373180389404e-01 5.911751985549926758e-01
7.580675482749938965e-01 5.558491945266723633e-01
4.574370384216308594e-01 6.197611689567565918e-01
5.837271809577941895e-01 4.728699326515197754e-01
4.760298728942871094e-01 7.148110866546630859e-01
4.182053208351135254e-01 5.358144044876098633e-01
4.589754343032836914e-01 5.272004008293151855e-01
5.824819803237915039e-01 4.792303740978240967e-01
6.235792636871337891e-01 5.407285690307617188e-01
6.020697951316833496e-01 6.134953498840332031e-01
5.071178674697875977e-01 4.314843416213989258e-01
7.048292160034179688e-01 6.846299767494201660e-01
4.953235387802124023e-01 5.958845615386962891e-01
5.505678057670593262e-01 7.431253790855407715e-01
6.869724988937377930e-01 5.213906168937683105e-01
4.177081882953643799e-01 6.542440652847290039e-01
6.608928442001342773e-01 5.733746290206909180e-01
4.963761866092681885e-01 4.330659806728363037e-01
5.883826613426208496e-01 6.912530660629272461e-01
7.206686735153198242e-01 5.249323248863220215e-01
3.443327248096466064e-01 5.961924195289611816e-01
7.497874498367309570e-01 5.402584671974182129e-01
4.411804080009460449e-01 5.846164226531982422e-01
6.243175864219665527e-01 4.846968650817871094e-01
8.017271161079406738e-01 5.439212918281555176e-01
3.650989234447479248e-01 5.685483217239379883e-01
4.189046919345855713e-01 6.798120141029357910e-01
4.484712183475494385e-01 6.468071937561035156e-01
5.784930586814880371e-01 7.560969591140747070e-01
5.312244892120361328e-01 7.250268459320068359e-01
7.178885340690612793e-01 6.655058860778808594e-01
7.136554718017578125e-01 6.916462182998657227e-01
4.342627525329589844e-01 6.834327578544616699e-01
5.973752737045288086e-01 7.702507376670837402e-01
5.898840427398681641e-01 3.928626775741577148e-01
7.280004024505615234e-01 7.866838574409484863e-01
6.256142258644104004e-01 4.941783249378204346e-01
5.190353989601135254e-01 6.622596979141235352e-01
6.058863401412963867e-01 6.091862916946411133e-01
5.916292071342468262e-01 3.741519749164581299e-01
7.697694301605224609e-01 6.278927922248840332e-01
8.154001235961914062e-01 5.839538574218750000e-01
4.643162488937377930e-01 6.147019863128662109e-01
5.333172678947448730e-01 4.921244382858276367e-01
7.524296045303344727e-01 5.759897232055664062e-01
7.277690172195434570e-01 7.597975730895996094e-01
7.256925106048583984e-01 4.470076262950897217e-01
4.167252182960510254e-01 5.502229928970336914e-01
3.791004717350006104e-01 5.151233673095703125e-01
6.210041046142578125e-01 5.281195044517517090e-01
3.934485614299774170e-01 5.311805605888366699e-01
7.807283401489257812e-01 5.867302417755126953e-01
5.596783757209777832e-01 7.751216292381286621e-01
8.296495079994201660e-01 6.021059751510620117e-01
4.248649775981903076e-01 5.845548510551452637e-01
8.187646865844726562e-01 5.703431963920593262e-01
7.747086882591247559e-01 5.004882812500000000e-01
7.774646878242492676e-01 5.436717271804809570e-01
6.615801453590393066e-01 5.478469133377075195e-01
5.337184667587280273e-01 6.877090930938720703e-01
5.766271352767944336e-01 5.319114327430725098e-01
4.499578773975372314e-01 6.103262901306152344e-01
4.843764305114746094e-01 5.174184441566467285e-01
7.484704256057739258e-01 6.028508543968200684e-01
5.881888866424560547e-01 4.133096039295196533e-01
3.887061774730682373e-01 5.741356611251831055e-01
6.947525143623352051e-01 4.515085220336914062e-01
6.679436564445495605e-01 7.350818514823913574e-01
7.438846230506896973e-01 6.213907003402709961e-01
4.402617812156677246e-01 7.339333295822143555e-01
3.917467594146728516e-01 5.192065834999084473e-01
5.524672269821166992e-01 4.137035608291625977e-01
7.704142928123474121e-01 7.057492136955261230e-01
7.077335715293884277e-01 6.688878536224365234e-01
6.775050163269042969e-01 4.676522016525268555e-01
7.707364559173583984e-01 7.071208357810974121e-01
7.488346099853515625e-01 5.565717816352844238e-01
5.130325555801391602e-01 6.130424141883850098e-01
5.361080765724182129e-01 4.102242588996887207e-01
6.251232028007507324e-01 3.751436173915863037e-01
7.233828306198120117e-01 5.946781635284423828e-01
4.114462733268737793e-01 4.931388795375823975e-01
8.273147344589233398e-01 6.413450837135314941e-01
4.980440437793731689e-01 6.692211031913757324e-01
4.695223271846771240e-01 6.883933544158935547e-01
4.329152703285217285e-01 6.942417621612548828e-01
3.642343580722808838e-01 5.438483953475952148e-01
5.973931550979614258e-01 5.918581485748291016e-01
5.501475334167480469e-01 6.423425078392028809e-01
6.914625167846679688e-01 5.280928611755371094e-01
6.644946336746215820e-01 7.302338480949401855e-01
7.010924220085144043e-01 6.234617233276367188e-01
7.726302146911621094e-01 6.291437745094299316e-01
6.951776146888732910e-01 5.246474742889404297e-01
5.448998808860778809e-01 7.375253438949584961e-01
6.183955669403076172e-01 4.965370297431945801e-01
4.487237334251403809e-01 4.879688918590545654e-01
5.113823413848876953e-01 7.302421927452087402e-01
5.008453130722045898e-01 7.643649578094482422e-01
7.731198668479919434e-01 6.478117108345031738e-01
5.378369688987731934e-01 6.175700426101684570e-01
8.569604754447937012e-01 6.042032241821289062e-01
5.761803984642028809e-01 4.926110208034515381e-01
7.942564487457275391e-01 5.668513774871826172e-01
7.398530840873718262e-01 5.321226119995117188e-01
6.242245435714721680e-01 7.478481531143188477e-01
6.490248441696166992e-01 7.215318083763122559e-01
8.489450812339782715e-01 6.600942015647888184e-01
5.767012238502502441e-01 7.309044599533081055e-01
6.751036047935485840e-01 6.588957905769348145e-01
7.334532737731933594e-01 7.426510453224182129e-01
8.275513052940368652e-01 6.026569604873657227e-01
4.304056167602539062e-01 4.856422841548919678e-01
5.539630651473999023e-01 5.690490007400512695e-01
5.080584287643432617e-01 4.551050364971160889e-01
3.564859330654144287e-01 6.091784834861755371e-01
4.960584938526153564e-01 5.274289846420288086e-01
5.048818588256835938e-01 5.732856392860412598e-01
6.879822015762329102e-01 5.319280028343200684e-01
5.563079118728637695e-01 3.586724102497100830e-01
6.193643212318420410e-01 8.538097739219665527e-01
5.848025679588317871e-01 7.825114130973815918e-01
4.900257289409637451e-01 7.755760550498962402e-01
4.994707703590393066e-01 4.194329380989074707e-01
5.211147665977478027e-01 4.265629053115844727e-01
4.875029027462005615e-01 5.348775982856750488e-01
7.384546995162963867e-01 5.535912513732910156e-01
7.584058046340942383e-01 5.892983675003051758e-01
7.756294608116149902e-01 5.002191066741943359e-01
5.833461284637451172e-01 7.413504719734191895e-01
5.529406666755676270e-01 6.746709346771240234e-01
5.076307058334350586e-01 5.377569198608398438e-01
6.830677986145019531e-01 4.083792865276336670e-01
7.574152350425720215e-01 6.399352550506591797e-01
6.382518410682678223e-01 7.684676647186279297e-01
6.503111720085144043e-01 4.735378921031951904e-01
6.373375654220581055e-01 7.314884662628173828e-01
3.935491442680358887e-01 6.725853681564331055e-01
4.132855832576751709e-01 5.953946709632873535e-01
6.064316630363464355e-01 3.586623072624206543e-01
4.162196218967437744e-01 6.524940133094787598e-01
7.756077647209167480e-01 5.226309299468994141e-01
3.788399100303649902e-01 6.129860877990722656e-01
5.106289386749267578e-01 5.658710002899169922e-01
6.590799689292907715e-01 6.906668543815612793e-01
5.510185956954956055e-01 3.786407411098480225e-01
4.417468011379241943e-01 6.242018938064575195e-01
6.387087106704711914e-01 5.963982939720153809e-01
5.854360461235046387e-01 3.676425814628601074e-01
6.421574354171752930e-01 7.235271930694580078e-01
5.807574987411499023e-01 4.467197954654693604e-01
4.688043594360351562e-01 7.117852568626403809e-01
4.736056327819824219e-01 4.281158149242401123e-01
5.441281795501708984e-01 7.245633602142333984e-01
4.784925580024719238e-01 7.309292554855346680e-01
4.920368790626525879e-01 5.569621920585632324e-01
4.672835171222686768e-01 7.633600831031799316e-01
6.750956773757934570e-01 4.849747419357299805e-01
5.283464789390563965e-01 7.525148391723632812e-01
7.131564617156982422e-01 4.267710149288177490e-01
4.841656386852264404e-01 5.294637084007263184e-01
6.697089672088623047e-01 6.355159282684326172e-01
7.392866015434265137e-01 6.146798133850097656e-01
5.591630935668945312e-01 5.210701823234558105e-01
5.606526732444763184e-01 4.437199234962463379e-01
6.257194280624389648e-01 7.550134658813476562e-01
5.411508679389953613e-01 6.726465821266174316e-01
4.624273180961608887e-01 5.044261217117309570e-01
5.850437283515930176e-01 6.809177398681640625e-01
7.361464500427246094e-01 6.567632555961608887e-01
6.614680290222167969e-01 7.045883536338806152e-01
7.951509356498718262e-01 5.742156505584716797e-01
4.254313111305236816e-01 6.726875901222229004e-01
5.369540452957153320e-01 6.819446086883544922e-01
6.212515234947204590e-01 7.863256335258483887e-01
6.252412796020507812e-01 7.253897786140441895e-01
6.655822396278381348e-01 6.080974340438842773e-01
6.976452469825744629e-01 4.398270845413208008e-01
4.547215104103088379e-01 6.536363959312438965e-01
3.957355320453643799e-01 6.248924732208251953e-01
4.603948891162872314e-01 6.829954385757446289e-01
8.392732739448547363e-01 5.906872749328613281e-01
5.307182073593139648e-01 4.621562063694000244e-01
7.340649366378784180e-01 6.070142388343811035e-01
4.023612439632415771e-01 6.075418591499328613e-01
4.881431162357330322e-01 6.945181488990783691e-01
7.387249469757080078e-01 6.112996339797973633e-01
5.643100142478942871e-01 6.142476797103881836e-01
7.216299176216125488e-01 5.327581763267517090e-01
7.276535630226135254e-01 6.619670987129211426e-01
6.132094860076904297e-01 7.386982440948486328e-01
3.857427239418029785e-01 7.042218446731567383e-01
6.706001162528991699e-01 8.281916379928588867e-01
5.491015911102294922e-01 8.146172165870666504e-01
5.335478186607360840e-01 3.716670572757720947e-01
4.808913469314575195e-01 4.921004474163055420e-01
3.953735232353210449e-01 6.272474527359008789e-01
6.947387456893920898e-01 6.658787727355957031e-01
6.520832180976867676e-01 4.514643549919128418e-01
4.220939576625823975e-01 7.200525403022766113e-01
7.313584089279174805e-01 7.044119238853454590e-01
5.850467681884765625e-01 6.548485755920410156e-01
4.105890393257141113e-01 6.476837992668151855e-01
5.180746316909790039e-01 4.667941629886627197e-01
4.873200654983520508e-01 4.790508449077606201e-01
7.189257740974426270e-01 5.175771713256835938e-01
6.191757917404174805e-01 3.765737116336822510e-01
7.036700844764709473e-01 7.385585308074951172e-01
5.474954843521118164e-01 4.132161736488342285e-01
6.836363673210144043e-01 7.806364297866821289e-01
7.251067757606506348e-01 5.252007842063903809e-01
4.783743917942047119e-01 5.090195536613464355e-01
6.051205396652221680e-01 5.506182312965393066e-01
7.162490487098693848e-01 5.634071230888366699e-01
6.986290812492370605e-01 5.101044178009033203e-01
4.134846329689025879e-01 5.165247321128845215e-01
6.350677609443664551e-01 4.311549961566925049e-01
5.254981517791748047e-01 6.457985043525695801e-01
5.661628246307373047e-01 3.352943360805511475e-01
6.805730462074279785e-01 5.502403974533081055e-01
6.599898338317871094e-01 6.480159759521484375e-01
7.006545662879943848e-01 6.417326927185058594e-01
5.355005860328674316e-01 7.830790281295776367e-01
7.947711348533630371e-01 6.685162186622619629e-01
7.456217408180236816e-01 5.696339607238769531e-01
7.127574682235717773e-01 6.372054815292358398e-01
5.589785575866699219e-01 6.802372932434082031e-01
8.184162974357604980e-01 5.895960927009582520e-01
7.538068294525146484e-01 6.484841704368591309e-01
