5.575224757194519043e-01 7.749773263931274414e-01
4.860551357269287109e-01 6.277797222137451172e-01
6.330230832099914551e-01 7.702822685241699219e-01
4.813119769096374512e-01 6.422548890113830566e-01
6.570183634757995605e-01 7.191816568374633789e-01
5.593212842941284180e-01 6.565572619438171387e-01
5.994129776954650879e-01 7.193872332572937012e-01
5.251812338829040527e-01 5.545049309730529785e-01
5.514550805091857910e-01 6.163786649703979492e-01
5.138382315635681152e-01 6.654912233352661133e-01
6.791159510612487793e-01 5.241522192955017090e-01
5.711172819137573242e-01 7.191196084022521973e-01
6.217027306556701660e-01 5.966100692749023438e-01
6.432203054428100586e-01 6.472874283790588379e-01
6.065522432327270508e-01 6.037502288818359375e-01
6.030383706092834473e-01 5.670468807220458984e-01
5.799757242202758789e-01 6.696415543556213379e-01
5.428897142410278320e-01 7.119004726409912109e-01
5.433184504508972168e-01 5.740290284156799316e-01
6.316199302673339844e-01 7.267665863037109375e-01
4.382073581218719482e-01 7.110803127288818359e-01
7.384040355682373047e-01 6.400081515312194824e-01
6.690133213996887207e-01 7.058678865432739258e-01
6.094971895217895508e-01 5.746683478355407715e-01
6.429296135902404785e-01 7.379259467124938965e-01
5.539211034774780273e-01 5.773161053657531738e-01
5.682317018508911133e-01 6.530420184135437012e-01
5.597550272941589355e-01 6.636196970939636230e-01
5.617470741271972656e-01 5.979592204093933105e-01
4.753001034259796143e-01 7.224368453025817871e-01
6.318231821060180664e-01 6.305001378059387207e-01
4.969304203987121582e-01 5.808809399604797363e-01
6.541103124618530273e-01 6.876608729362487793e-01
5.542261004447937012e-01 6.072461605072021484e-01
6.049796938896179199e-01 5.493648052215576172e-01
6.169396042823791504e-01 6.749499440193176270e-01
6.532758474349975586e-01 5.941202044486999512e-01
5.509520769119262695e-01 6.977744698524475098e-01
6.221423149108886719e-01 7.114272117614746094e-01
6.396006941795349121e-01 5.467274785041809082e-01
6.691651940345764160e-01 6.413125991821289062e-01
4.614086151123046875e-01 7.171046137809753418e-01
6.038624644279479980e-01 5.720248222351074219e-01
5.759041309356689453e-01 5.413801074028015137e-01
6.538060307502746582e-01 5.849173665046691895e-01
6.433859467506408691e-01 7.370032072067260742e-01
5.103025436401367188e-01 6.663960814476013184e-01
5.967589616775512695e-01 6.002300977706909180e-01
5.166293382644653320e-01 6.941217184066772461e-01
4.724267423152923584e-01 7.072000503540039062e-01
4.967115223407745361e-01 6.697680950164794922e-01
5.773264169692993164e-01 5.227788686752319336e-01
4.771557748317718506e-01 5.409889817237854004e-01
6.162258386611938477e-01 6.182058453559875488e-01
6.164037585258483887e-01 7.109127044677734375e-01
6.521314978599548340e-01 7.453899979591369629e-01
5.524315237998962402e-01 7.749229073524475098e-01
6.470192074775695801e-01 6.918035745620727539e-01
6.148026585578918457e-01 5.431905388832092285e-01
5.580035448074340820e-01 6.517984271049499512e-01
6.158372759819030762e-01 6.449331045150756836e-01
6.411350965499877930e-01 6.871796250343322754e-01
6.031122803688049316e-01 5.273663401603698730e-01
4.606950879096984863e-01 7.939127087593078613e-01
5.794063210487365723e-01 7.490626573562622070e-01
5.755223035812377930e-01 7.034692168235778809e-01
5.826985239982604980e-01 6.851226091384887695e-01
5.744280815124511719e-01 7.068414092063903809e-01
4.538420736789703369e-01 7.186674475669860840e-01
7.136572599411010742e-01 5.560486316680908203e-01
5.979495048522949219e-01 6.548717021942138672e-01
6.143121719360351562e-01 7.855827212333679199e-01
5.207456350326538086e-01 5.658747553825378418e-01
5.659418702125549316e-01 6.872375607490539551e-01
6.727876067161560059e-01 7.265259027481079102e-01
5.096253752708435059e-01 6.090434789657592773e-01
6.303160786628723145e-01 6.270090937614440918e-01
5.871315598487854004e-01 5.884715914726257324e-01
5.897470712661743164e-01 7.089511156082153320e-01
4.536598324775695801e-01 5.739129185676574707e-01
5.924881696701049805e-01 7.954882383346557617e-01
5.575336217880249023e-01 5.622882843017578125e-01
5.327479839324951172e-01 6.684996485710144043e-01
5.856013298034667969e-01 7.411374449729919434e-01
5.237498879432678223e-01 6.556242108345031738e-01
6.339367628097534180e-01 6.089513897895812988e-01
4.876774251461029053e-01 6.342707872390747070e-01
5.564968585968017578e-01 6.278508305549621582e-01
5.922503471374511719e-01 7.075099349021911621e-01
4.461556077003479004e-01 6.758342385292053223e-01
5.270463228225708008e-01 7.908638715744018555e-01
6.368710398674011230e-01 7.851256728172302246e-01
7.024173736572265625e-01 7.062487602233886719e-01
5.195246338844299316e-01 6.214461922645568848e-01
6.435590386390686035e-01 6.885572671890258789e-01
4.666243493556976318e-01 6.306850314140319824e-01
5.564578771591186523e-01 6.412113308906555176e-01
5.546638369560241699e-01 5.381614565849304199e-01
6.480551958084106445e-01 5.474622845649719238e-01
6.858154535293579102e-01 5.733821392059326172e-01
6.083484292030334473e-01 6.550956368446350098e-01
5.657455325126647949e-01 6.645200252532958984e-01
6.144007444381713867e-01 6.251487135887145996e-01
5.990670323371887207e-01 6.041743159294128418e-01
4.841860234737396240e-01 6.289225220680236816e-01
5.971989035606384277e-01 6.808969378471374512e-01
5.558817386627197266e-01 7.415744662284851074e-01
5.984458327293395996e-01 5.281145572662353516e-01
5.013126730918884277e-01 5.597990751266479492e-01
5.157415866851806641e-01 6.795139312744140625e-01
6.318376660346984863e-01 5.681117177009582520e-01
5.345984101295471191e-01 6.540126204490661621e-01
5.295216441154479980e-01 5.926095247268676758e-01
4.896026551723480225e-01 7.154369950294494629e-01
5.588700771331787109e-01 5.873472094535827637e-01
4.372707903385162354e-01 6.565057635307312012e-01
6.562420129776000977e-01 7.007765173912048340e-01
7.606992721557617188e-01 6.122879981994628906e-01
5.768690109252929688e-01 6.954489350318908691e-01
6.411615014076232910e-01 6.606882810592651367e-01
5.814854502677917480e-01 5.197252035140991211e-01
6.841654181480407715e-01 6.357029676437377930e-01
5.202131867408752441e-01 6.383876800537109375e-01
5.878444910049438477e-01 7.447849512100219727e-01
5.805681347846984863e-01 5.919408202171325684e-01
5.980299115180969238e-01 6.074282526969909668e-01
4.649237990379333496e-01 6.174804568290710449e-01
6.185428500175476074e-01 7.336931824684143066e-01
5.963785052299499512e-01 6.677776575088500977e-01
6.026265621185302734e-01 7.142184972763061523e-01
6.645129323005676270e-01 6.543382406234741211e-01
6.966836452484130859e-01 6.546273827552795410e-01
6.354365348815917969e-01 5.245348811149597168e-01
4.364860355854034424e-01 6.820490956306457520e-01
6.107794642448425293e-01 7.224645614624023438e-01
5.758934617042541504e-01 5.810811519622802734e-01
6.512252092361450195e-01 7.448569536209106445e-01
5.951822996139526367e-01 6.702562570571899414e-01
6.449631452560424805e-01 6.610534787178039551e-01
6.411719918251037598e-01 6.509140133857727051e-01
5.433696508407592773e-01 6.443368792533874512e-01
6.129045486450195312e-01 7.457165122032165527e-01
6.298943161964416504e-01 7.482165694236755371e-01
6.646806597709655762e-01 6.873219609260559082e-01
5.596761703491210938e-01 5.931302905082702637e-01
5.262901186943054199e-01 5.808581113815307617e-01
5.572469234466552734e-01 5.709553956985473633e-01
6.262448430061340332e-01 7.354822754859924316e-01
5.450884699821472168e-01 7.808480262756347656e-01
5.747748017311096191e-01 6.023157835006713867e-01
5.944307446479797363e-01 7.551129460334777832e-01
5.290318131446838379e-01 6.864597797393798828e-01
4.452924728393554688e-01 5.333011746406555176e-01
6.318717002868652344e-01 6.467327475547790527e-01
6.430386900901794434e-01 7.244924306869506836e-01
5.869579315185546875e-01 5.893834233283996582e-01
6.680223345756530762e-01 7.383099794387817383e-01
5.683830976486206055e-01 5.642468333244323730e-01
6.239092350006103516e-01 6.511945724487304688e-01
6.078152060508728027e-01 6.121256351470947266e-01
5.479430556297302246e-01 6.894133687019348145e-01
6.510330438613891602e-01 6.228108406066894531e-01
6.761755347251892090e-01 4.587725996971130371e-01
6.517562270164489746e-01 6.884803175926208496e-01
5.600199699401855469e-01 7.246140837669372559e-01
6.919230818748474121e-01 6.003858447074890137e-01
5.843869447708129883e-01 5.505262613296508789e-01
5.961902141571044922e-01 6.382089257240295410e-01
4.781182408332824707e-01 5.182443261146545410e-01
5.922733545303344727e-01 5.699924826622009277e-01
6.332804560661315918e-01 5.809913873672485352e-01
6.977556943893432617e-01 5.865077376365661621e-01
6.394227743148803711e-01 6.932145953178405762e-01
5.027909874916076660e-01 5.859106779098510742e-01
4.882397949695587158e-01 6.922336816787719727e-01
6.178948879241943359e-01 6.834047436714172363e-01
5.869464278221130371e-01 7.221325039863586426e-01
5.867360234260559082e-01 7.757091522216796875e-01
5.040900111198425293e-01 5.624845623970031738e-01
4.605343043804168701e-01 7.694633603096008301e-01
5.447452664375305176e-01 6.024065613746643066e-01
6.328476667404174805e-01 5.379067063331604004e-01
5.465573072433471680e-01 6.713547706604003906e-01
7.107599377632141113e-01 5.218851566314697266e-01
6.329240202903747559e-01 4.862230420112609863e-01
5.869424343109130859e-01 5.143830180168151855e-01
6.342809796333312988e-01 6.535119414329528809e-01
6.248145699501037598e-01 6.532338261604309082e-01
7.972459197044372559e-01 5.589192509651184082e-01
5.756262540817260742e-01 6.293876767158508301e-01
6.920152306556701660e-01 5.952565073966979980e-01
5.043776035308837891e-01 6.858161687850952148e-01
5.317676663398742676e-01 5.984389185905456543e-01
6.512105464935302734e-01 6.918351054191589355e-01
7.653124332427978516e-01 5.868998169898986816e-01
5.349836349487304688e-01 7.934915423393249512e-01
6.573849916458129883e-01 6.321290135383605957e-01
5.940380692481994629e-01 7.155511379241943359e-01
7.253871560096740723e-01 6.890190243721008301e-01
7.078961730003356934e-01 6.408659815788269043e-01
6.505613923072814941e-01 5.231190919876098633e-01
5.623284578323364258e-01 6.406877040863037109e-01
6.658252477645874023e-01 6.027511358261108398e-01
6.077659726142883301e-01 4.980920553207397461e-01
6.183153986930847168e-01 5.984455347061157227e-01
5.180358290672302246e-01 5.976247191429138184e-01
4.921799600124359131e-01 5.369948744773864746e-01
6.843978166580200195e-01 6.737540364265441895e-01
5.085272192955017090e-01 6.250270009040832520e-01
6.179494261741638184e-01 6.518076658248901367e-01
5.880818963050842285e-01 7.049133181571960449e-01
7.085278630256652832e-01 5.981793999671936035e-01
6.178827881813049316e-01 5.358312129974365234e-01
6.776155233383178711e-01 4.780367910861968994e-01
5.910503268241882324e-01 6.056009531021118164e-01
5.718656778335571289e-01 7.736833095550537109e-01
5.788899660110473633e-01 5.216816067695617676e-01
6.499173045158386230e-01 6.220186352729797363e-01
6.004701256752014160e-01 5.199082493782043457e-01
6.162489652633666992e-01 6.776505112648010254e-01
7.193685173988342285e-01 5.479234457015991211e-01
4.411562085151672363e-01 5.856564640998840332e-01
5.131139159202575684e-01 5.762883424758911133e-01
6.474689841270446777e-01 6.094146966934204102e-01
4.870704412460327148e-01 5.353974699974060059e-01
5.532887578010559082e-01 6.845354437828063965e-01
5.351204276084899902e-01 7.147426605224609375e-01
5.483127832412719727e-01 5.895857810974121094e-01
6.672182083129882812e-01 7.377508878707885742e-01
4.956649541854858398e-01 6.488042473793029785e-01
6.520650386810302734e-01 7.473945617675781250e-01
4.949644505977630615e-01 4.772731959819793701e-01
5.820794105529785156e-01 6.888161897659301758e-01
6.250171661376953125e-01 5.606774091720581055e-01
6.711314320564270020e-01 5.182278156280517578e-01
5.394358634948730469e-01 6.308502554893493652e-01
6.653870344161987305e-01 6.812295913696289062e-01
6.488936543464660645e-01 7.080649137496948242e-01
5.729067325592041016e-01 5.001115202903747559e-01
6.339569091796875000e-01 6.902045011520385742e-01
6.839322447776794434e-01 5.458936095237731934e-01
6.219720244407653809e-01 5.779859423637390137e-01
6.062162518501281738e-01 5.076379776000976562e-01
5.701585412025451660e-01 6.693540811538696289e-01
7.041752338409423828e-01 5.521025061607360840e-01
7.229318618774414062e-01 4.818232655525207520e-01
4.357568621635437012e-01 5.110759735107421875e-01
6.590749025344848633e-01 5.144432187080383301e-01
5.994462966918945312e-01 6.328166723251342773e-01
4.551694989204406738e-01 7.193407416343688965e-01
5.933250784873962402e-01 7.274532914161682129e-01
5.996910929679870605e-01 5.622082948684692383e-01
6.100826263427734375e-01 5.526750683784484863e-01
5.977558493614196777e-01 7.745946645736694336e-01
5.469454526901245117e-01 5.053770542144775391e-01
6.480555534362792969e-01 5.121946930885314941e-01
6.232673525810241699e-01 5.352905988693237305e-01
5.823953747749328613e-01 7.174506783485412598e-01
6.380249857902526855e-01 7.211913466453552246e-01
6.098739504814147949e-01 4.622404873371124268e-01
6.940295696258544922e-01 6.248033046722412109e-01
7.050305008888244629e-01 5.497425794601440430e-01
6.143797636032104492e-01 5.810393691062927246e-01
4.891907572746276855e-01 5.808191895484924316e-01
4.746910035610198975e-01 5.125581622123718262e-01
5.741487145423889160e-01 7.263903021812438965e-01
5.582207441329956055e-01 5.625864267349243164e-01
6.442731022834777832e-01 5.043167471885681152e-01
5.939822196960449219e-01 6.488692760467529297e-01
4.818954467773437500e-01 5.768861174583435059e-01
5.424422621726989746e-01 6.096527576446533203e-01
5.456569790840148926e-01 5.497887134552001953e-01
6.385540366172790527e-01 6.631751656532287598e-01
5.521400570869445801e-01 7.167583107948303223e-01
5.748679637908935547e-01 7.468457221984863281e-01
5.895834565162658691e-01 4.998399019241333008e-01
4.879849255084991455e-01 5.983073115348815918e-01
6.603795886039733887e-01 6.208181977272033691e-01
5.996769666671752930e-01 5.952477455139160156e-01
6.237465739250183105e-01 5.194897055625915527e-01
5.320212244987487793e-01 6.582818031311035156e-01
6.153009533882141113e-01 5.366848707199096680e-01
6.629826426506042480e-01 6.501118540763854980e-01
6.932853460311889648e-01 6.364902257919311523e-01
6.824612021446228027e-01 5.613221526145935059e-01
6.981879472732543945e-01 5.210168361663818359e-01
5.739849209785461426e-01 6.942905783653259277e-01
5.472026467323303223e-01 6.361269950866699219e-01
5.767301917076110840e-01 6.326255798339843750e-01
6.434832215309143066e-01 6.385464072227478027e-01
6.289864778518676758e-01 6.473800539970397949e-01
6.049875020980834961e-01 4.841793179512023926e-01
7.016389966011047363e-01 6.019085049629211426e-01
6.459559202194213867e-01 6.562836170196533203e-01
4.887961745262145996e-01 5.163318514823913574e-01
7.606361508369445801e-01 5.163341164588928223e-01
7.773082256317138672e-01 6.095902919769287109e-01
6.779794096946716309e-01 6.278070211410522461e-01
5.417854785919189453e-01 5.722659826278686523e-01
5.621961355209350586e-01 5.043913125991821289e-01
5.940717458724975586e-01 5.810136795043945312e-01
6.868047714233398438e-01 4.491320550441741943e-01
6.929137110710144043e-01 4.953299760818481445e-01
6.453914046287536621e-01 7.307664752006530762e-01
5.806007981300354004e-01 5.724042654037475586e-01
6.081221699714660645e-01 5.141508579254150391e-01
5.394112467765808105e-01 7.009719014167785645e-01
5.166807174682617188e-01 6.707876920700073242e-01
6.963999271392822266e-01 5.418106913566589355e-01
4.644398689270019531e-01 6.383321285247802734e-01
7.268073558807373047e-01 4.938863813877105713e-01
6.441996097564697266e-01 5.493748188018798828e-01
4.468868076801300049e-01 5.530778765678405762e-01
7.704476714134216309e-01 5.589732527732849121e-01
6.852995753288269043e-01 6.528182625770568848e-01
4.897142350673675537e-01 5.332973003387451172e-01
6.316170096397399902e-01 5.357834100723266602e-01
6.676364541053771973e-01 5.571222901344299316e-01
7.533465623855590820e-01 5.007278919219970703e-01
7.304525375366210938e-01 5.303774476051330566e-01
5.638542771339416504e-01 6.590537428855895996e-01
6.944411396980285645e-01 4.721399843692779541e-01
5.771427154541015625e-01 7.133640646934509277e-01
6.426409482955932617e-01 4.690496623516082764e-01
5.633688569068908691e-01 5.562276840209960938e-01
6.414949297904968262e-01 4.875488281250000000e-01
5.545675158500671387e-01 4.761666059494018555e-01
5.768989324569702148e-01 5.361226201057434082e-01
6.094145178794860840e-01 6.156757473945617676e-01
6.797336935997009277e-01 4.778581857681274414e-01
7.208447456359863281e-01 4.373715519905090332e-01
4.711411893367767334e-01 5.552737712860107422e-01
6.271064281463623047e-01 5.955006480216979980e-01
5.239629745483398438e-01 5.821101665496826172e-01
5.887285470962524414e-01 5.782013535499572754e-01
6.043652892112731934e-01 6.691612601280212402e-01
7.473424077033996582e-01 5.526596903800964355e-01
6.331206560134887695e-01 5.798427462577819824e-01
6.226924061775207520e-01 7.106458544731140137e-01
6.485112309455871582e-01 6.612762212753295898e-01
6.424329280853271484e-01 5.291174054145812988e-01
5.396776199340820312e-01 6.764773130416870117e-01
5.454557538032531738e-01 6.640433669090270996e-01
5.931898355484008789e-01 4.788929224014282227e-01
5.377233028411865234e-01 5.321402549743652344e-01
7.033740282058715820e-01 5.071947574615478516e-01
6.545737385749816895e-01 5.909467339515686035e-01
5.916097164154052734e-01 5.739788413047790527e-01
7.309691309928894043e-01 5.377470254898071289e-01
6.258228421211242676e-01 5.486263036727905273e-01
4.617454707622528076e-01 6.594446897506713867e-01
6.262582540512084961e-01 6.756011843681335449e-01
5.717321038246154785e-01 7.212780714035034180e-01
6.278923153877258301e-01 5.096203088760375977e-01
5.108357071876525879e-01 6.692256927490234375e-01
6.344828605651855469e-01 7.444673776626586914e-01
5.114921927452087402e-01 6.298410296440124512e-01
6.252546310424804688e-01 6.213393211364746094e-01
5.863282680511474609e-01 5.256892442703247070e-01
7.794024944305419922e-01 5.293251276016235352e-01
4.830062985420227051e-01 5.079615116119384766e-01
6.419029235839843750e-01 4.429358839988708496e-01
6.574565172195434570e-01 6.000487804412841797e-01
7.418054938316345215e-01 6.079427599906921387e-01
5.655745863914489746e-01 6.923210024833679199e-01
6.914407610893249512e-01 5.816217660903930664e-01
5.234152674674987793e-01 6.006355881690979004e-01
6.672034263610839844e-01 5.663836598396301270e-01
6.587962508201599121e-01 6.041638255119323730e-01
6.566774249076843262e-01 4.646404385566711426e-01
5.833702683448791504e-01 5.257372856140136719e-01
6.675364375114440918e-01 4.966421425342559814e-01
7.113987803459167480e-01 5.256810784339904785e-01
5.464482903480529785e-01 5.778955817222595215e-01
6.766959428787231445e-01 4.524156451225280762e-01
5.019053816795349121e-01 5.877270698547363281e-01
6.518281698226928711e-01 7.388127446174621582e-01
6.608618497848510742e-01 6.287194490432739258e-01
5.910616517066955566e-01 5.465120077133178711e-01
5.078414082527160645e-01 6.427643299102783203e-01
7.134656906127929688e-01 4.757218360900878906e-01
6.084685325622558594e-01 4.485492706298828125e-01
7.023248672485351562e-01 6.805008053779602051e-01
6.492645740509033203e-01 5.073277354240417480e-01
5.250443220138549805e-01 5.338660478591918945e-01
7.085406780242919922e-01 5.448701977729797363e-01
6.503502726554870605e-01 4.544600844383239746e-01
5.233508944511413574e-01 7.171058058738708496e-01
5.925281643867492676e-01 5.187613964080810547e-01
5.433872342109680176e-01 5.906987786293029785e-01
5.683712363243103027e-01 4.720440208911895752e-01
6.569823026657104492e-01 4.680182933807373047e-01
5.111659765243530273e-01 6.477981805801391602e-01
6.672686934471130371e-01 7.047108411788940430e-01
5.749027132987976074e-01 5.909391641616821289e-01
5.952386856079101562e-01 4.582374989986419678e-01
7.327976226806640625e-01 5.323272347450256348e-01
5.304461121559143066e-01 5.280042290687561035e-01
5.272033810615539551e-01 5.443789958953857422e-01
5.945723652839660645e-01 5.995206236839294434e-01
5.827174782752990723e-01 5.656205415725708008e-01
6.467704772949218750e-01 5.709733963012695312e-01
6.915773749351501465e-01 4.643947482109069824e-01
4.621133208274841309e-01 5.860779285430908203e-01
6.334775090217590332e-01 6.243222355842590332e-01
6.295733451843261719e-01 6.036446094512939453e-01
6.999371051788330078e-01 6.415588855743408203e-01
4.927784800529479980e-01 5.652274489402770996e-01
6.441386938095092773e-01 6.713988184928894043e-01
6.028267145156860352e-01 5.914353728294372559e-01
4.611309170722961426e-01 4.781475663185119629e-01
5.193502902984619141e-01 5.961960554122924805e-01
6.329988241195678711e-01 7.087084650993347168e-01
5.836150646209716797e-01 5.736932158470153809e-01
5.624443292617797852e-01 6.810891032218933105e-01
5.902619361877441406e-01 4.911308288574218750e-01
5.131276845932006836e-01 4.929085969924926758e-01
5.922531485557556152e-01 4.544495940208435059e-01
5.281538963317871094e-01 6.388157606124877930e-01
6.377615332603454590e-01 4.706699550151824951e-01
4.773671329021453857e-01 5.455758571624755859e-01
6.005266308784484863e-01 6.140648722648620605e-01
7.260616421699523926e-01 5.480619072914123535e-01
6.239835619926452637e-01 4.532532393932342529e-01
6.092514991760253906e-01 6.953334212303161621e-01
6.458479762077331543e-01 6.525701880455017090e-01
7.701172232627868652e-01 5.941742062568664551e-01
6.424366235733032227e-01 5.220074653625488281e-01
5.743722915649414062e-01 4.817456603050231934e-01
5.578756928443908691e-01 5.193574428558349609e-01
4.764651656150817871e-01 5.851036310195922852e-01
6.132329702377319336e-01 7.270217537879943848e-01
5.441857576370239258e-01 4.761860668659210205e-01
5.914167165756225586e-01 4.795438051223754883e-01
6.717836856842041016e-01 5.103800892829895020e-01
4.905401766300201416e-01 4.399694502353668213e-01
5.812497138977050781e-01 6.067046523094177246e-01
6.484164595603942871e-01 5.594039559364318848e-01
6.410458683967590332e-01 4.467194080352783203e-01
5.902277827262878418e-01 6.134517192840576172e-01
7.106485366821289062e-01 6.782500147819519043e-01
5.099404454231262207e-01 6.563594937324523926e-01
6.924129724502563477e-01 5.979997515678405762e-01
4.968264400959014893e-01 4.623387157917022705e-01
5.887988209724426270e-01 6.354268789291381836e-01
4.772119224071502686e-01 4.902155399322509766e-01
5.839166045188903809e-01 5.703942775726318359e-01
5.995032787322998047e-01 4.639889299869537354e-01
5.271157026290893555e-01 6.867520213127136230e-01
7.625389695167541504e-01 4.948759973049163818e-01
4.666745960712432861e-01 6.862186789512634277e-01
5.827401280403137207e-01 4.888482689857482910e-01
5.732386708259582520e-01 4.504401683807373047e-01
5.710775256156921387e-01 5.066906809806823730e-01
5.940766334533691406e-01 5.102273225784301758e-01
6.496622562408447266e-01 6.843658089637756348e-01
5.702352523803710938e-01 5.870229005813598633e-01
6.245421171188354492e-01 5.357692837715148926e-01
5.248747467994689941e-01 5.450087785720825195e-01
5.945852994918823242e-01 6.211704611778259277e-01
6.006200909614562988e-01 5.851982831954956055e-01
5.869711041450500488e-01 4.676306843757629395e-01
5.696408152580261230e-01 5.545979142189025879e-01
5.202039480209350586e-01 4.670130312442779541e-01
4.774972498416900635e-01 4.696654379367828369e-01
5.058423280715942383e-01 5.239450335502624512e-01
6.597532629966735840e-01 5.293514132499694824e-01
4.940704703330993652e-01 5.652253031730651855e-01
5.972037315368652344e-01 4.860182702541351318e-01
5.312449932098388672e-01 4.634465277194976807e-01
5.540195703506469727e-01 5.182370543479919434e-01
6.052095890045166016e-01 5.465974807739257812e-01
5.310558080673217773e-01 4.761351048946380615e-01
5.618125796318054199e-01 4.529679417610168457e-01
5.797495841979980469e-01 4.907323420047760010e-01
6.176326870918273926e-01 4.422564804553985596e-01
5.675114989280700684e-01 5.110112428665161133e-01
6.123459339141845703e-01 4.647864699363708496e-01
6.580318808555603027e-01 7.019640207290649414e-01
7.146273851394653320e-01 4.808855950832366943e-01
5.823374986648559570e-01 4.994825124740600586e-01
5.865077376365661621e-01 6.301751732826232910e-01
7.533672451972961426e-01 6.244299411773681641e-01
5.785076618194580078e-01 6.244950890541076660e-01
6.251127123832702637e-01 5.955657958984375000e-01
6.435288190841674805e-01 4.152507781982421875e-01
7.599098086357116699e-01 5.659446716308593750e-01
6.214106678962707520e-01 6.589182019233703613e-01
5.139013528823852539e-01 4.285056293010711670e-01
4.876655638217926025e-01 5.629189014434814453e-01
6.622217297554016113e-01 5.274001955986022949e-01
5.152577757835388184e-01 6.054980754852294922e-01
6.596741676330566406e-01 7.104347348213195801e-01
5.616300106048583984e-01 6.024419665336608887e-01
5.936689376831054688e-01 6.853198409080505371e-01
6.950473189353942871e-01 4.003814458847045898e-01
6.414997577667236328e-01 5.952280163764953613e-01
6.714380383491516113e-01 5.384673476219177246e-01
5.165839791297912598e-01 5.866516828536987305e-01
5.507602095603942871e-01 6.389541029930114746e-01
6.303309202194213867e-01 5.461831092834472656e-01
5.041706562042236328e-01 5.350361466407775879e-01
5.544292330741882324e-01 5.140309333801269531e-01
6.502321958541870117e-01 5.050496459007263184e-01
5.993391871452331543e-01 7.020093798637390137e-01
4.710871577262878418e-01 6.323449015617370605e-01
6.990946531295776367e-01 5.506283044815063477e-01
5.158132314682006836e-01 4.812405705451965332e-01
7.198188900947570801e-01 4.153572618961334229e-01
4.545717835426330566e-01 6.411702036857604980e-01
5.381723046302795410e-01 6.235489249229431152e-01
6.858935952186584473e-01 5.287168025970458984e-01
4.793845713138580322e-01 5.520920753479003906e-01
6.185170412063598633e-01 6.445514559745788574e-01
5.097371339797973633e-01 5.920457839965820312e-01
5.869686007499694824e-01 4.773890972137451172e-01
7.550793886184692383e-01 4.936215281486511230e-01
6.726192831993103027e-01 4.137203693389892578e-01
5.759493112564086914e-01 5.713937282562255859e-01
6.233175396919250488e-01 4.009968638420104980e-01
5.623211264610290527e-01 5.190665721893310547e-01
6.055841445922851562e-01 5.090107321739196777e-01
6.199863553047180176e-01 5.767949819564819336e-01
5.355710983276367188e-01 5.447461009025573730e-01
5.720338821411132812e-01 5.208880305290222168e-01
4.639069139957427979e-01 5.465425252914428711e-01
5.975687503814697266e-01 7.472164034843444824e-01
5.985226035118103027e-01 5.245969295501708984e-01
5.348452329635620117e-01 5.239467620849609375e-01
5.805875062942504883e-01 6.021459698677062988e-01
4.560158550739288330e-01 5.323244333267211914e-01
5.784384608268737793e-01 4.193894863128662109e-01
6.460922360420227051e-01 5.415818095207214355e-01
5.459964871406555176e-01 4.579906463623046875e-01
5.537759065628051758e-01 4.784415960311889648e-01
6.245728135108947754e-01 6.637396216392517090e-01
6.027227640151977539e-01 4.965766370296478271e-01
4.505562186241149902e-01 4.309880733489990234e-01
6.045023798942565918e-01 6.861566305160522461e-01
5.162396430969238281e-01 6.513451337814331055e-01
6.634708642959594727e-01 4.013098180294036865e-01
7.245132327079772949e-01 5.892589092254638672e-01
6.572861075401306152e-01 5.651256442070007324e-01
4.666229188442230225e-01 6.245384812355041504e-01
6.320860981941223145e-01 4.907060563564300537e-01
6.428884267807006836e-01 5.478003025054931641e-01
6.837277412414550781e-01 5.053234100341796875e-01
5.301992893218994141e-01 4.820836186408996582e-01
5.705512166023254395e-01 6.489403843879699707e-01
4.750151634216308594e-01 5.230835676193237305e-01
7.205427289009094238e-01 5.456140041351318359e-01
6.237401366233825684e-01 3.794247210025787354e-01
6.354940533638000488e-01 5.412822961807250977e-01
6.030313968658447266e-01 5.591140389442443848e-01
5.066818594932556152e-01 5.120086669921875000e-01
7.314670085906982422e-01 4.471026957035064697e-01
5.923134088516235352e-01 4.521388113498687744e-01
4.129528701305389404e-01 4.502156972885131836e-01
6.994837522506713867e-01 6.782143712043762207e-01
5.198071002960205078e-01 5.978631377220153809e-01
7.151430249214172363e-01 5.251414775848388672e-01
5.781900286674499512e-01 5.629572868347167969e-01
6.690934896469116211e-01 4.422129988670349121e-01
5.194222331047058105e-01 5.890390872955322266e-01
5.491846799850463867e-01 6.271368265151977539e-01
4.730589985847473145e-01 4.707430601119995117e-01
5.739825963973999023e-01 5.786661505699157715e-01
6.471148729324340820e-01 6.423879265785217285e-01
5.838961601257324219e-01 5.916581749916076660e-01
5.596148967742919922e-01 6.227339506149291992e-01
6.248534321784973145e-01 5.959886908531188965e-01
5.554680824279785156e-01 5.272819995880126953e-01
5.818856954574584961e-01 5.315001010894775391e-01
5.878846049308776855e-01 7.044258713722229004e-01
5.845767259597778320e-01 6.505054235458374023e-01
6.238041520118713379e-01 4.627657234668731689e-01
5.740410685539245605e-01 6.939485669136047363e-01
5.306276082992553711e-01 4.679095745086669922e-01
5.675230622291564941e-01 5.396287441253662109e-01
5.825749635696411133e-01 5.101677179336547852e-01
6.147630810737609863e-01 6.754913926124572754e-01
5.923701524734497070e-01 3.826512992382049561e-01
6.661700010299682617e-01 5.497496128082275391e-01
6.322106719017028809e-01 5.185636281967163086e-01
5.610314607620239258e-01 6.742365360260009766e-01
6.640022993087768555e-01 6.279193758964538574e-01
6.742504239082336426e-01 5.051537156105041504e-01
5.579658150672912598e-01 4.924700856208801270e-01
6.986445188522338867e-01 4.520901143550872803e-01
7.240867018699645996e-01 4.886540770530700684e-01
4.530986547470092773e-01 4.880455434322357178e-01
5.810294151306152344e-01 4.539876282215118408e-01
7.003983259201049805e-01 4.304941594600677490e-01
6.593093872070312500e-01 4.372766017913818359e-01
5.144994258880615234e-01 4.721318483352661133e-01
6.654726266860961914e-01 3.960998654365539551e-01
5.004545450210571289e-01 6.223573088645935059e-01
6.026556491851806641e-01 4.241828024387359619e-01
5.409499406814575195e-01 5.098633766174316406e-01
6.029208898544311523e-01 6.578177213668823242e-01
6.869817376136779785e-01 5.043789744377136230e-01
5.337544679641723633e-01 5.551418662071228027e-01
6.172581315040588379e-01 5.890083909034729004e-01
7.430049777030944824e-01 4.843636155128479004e-01
5.559785366058349609e-01 5.401129722595214844e-01
6.055218577384948730e-01 5.090232491493225098e-01
4.925825297832489014e-01 6.088953614234924316e-01
5.810634493827819824e-01 5.569376945495605469e-01
5.452014207839965820e-01 4.315674602985382080e-01
6.018475294113159180e-01 3.645218312740325928e-01
6.745330691337585449e-01 4.333282709121704102e-01
6.663379073143005371e-01 6.818088889122009277e-01
6.742454171180725098e-01 5.029585957527160645e-01
4.577586948871612549e-01 6.079736351966857910e-01
5.394249558448791504e-01 3.904795944690704346e-01
6.159924268722534180e-01 4.316114187240600586e-01
6.256087422370910645e-01 4.258690178394317627e-01
7.758191823959350586e-01 4.554916322231292725e-01
6.542379260063171387e-01 5.101991891860961914e-01
6.385113596916198730e-01 6.157568097114562988e-01
5.285330414772033691e-01 4.598049223423004150e-01
5.544451475143432617e-01 4.077283442020416260e-01
5.251382589340209961e-01 5.205157995223999023e-01
6.304132342338562012e-01 3.971823155879974365e-01
6.096260547637939453e-01 4.444105923175811768e-01
5.595585703849792480e-01 4.585248529911041260e-01
5.472252964973449707e-01 5.661174058914184570e-01
6.456924080848693848e-01 4.662965238094329834e-01
6.955008506774902344e-01 3.968704938888549805e-01
5.975092053413391113e-01 3.570196926593780518e-01
5.658085346221923828e-01 5.974942445755004883e-01
6.742762923240661621e-01 4.103588461875915527e-01
6.349641680717468262e-01 5.448710322380065918e-01
5.326398611068725586e-01 4.700805842876434326e-01
5.776660442352294922e-01 4.815304577350616455e-01
5.720355510711669922e-01 4.631898701190948486e-01
5.948323607444763184e-01 4.299678206443786621e-01
6.476287841796875000e-01 4.541094303131103516e-01
5.166219472885131836e-01 5.938190817832946777e-01
5.846804380416870117e-01 5.890805125236511230e-01
6.247661113739013672e-01 4.579862058162689209e-01
7.160708904266357422e-01 5.040937662124633789e-01
7.189701795578002930e-01 4.021278321743011475e-01
5.805384516716003418e-01 4.395248889923095703e-01
5.777250528335571289e-01 4.673177301883697510e-01
6.728634238243103027e-01 5.687413811683654785e-01
6.238813996315002441e-01 5.643405914306640625e-01
5.867666602134704590e-01 4.184112250804901123e-01
6.213594079017639160e-01 4.638452827930450439e-01
6.866915225982666016e-01 4.472488462924957275e-01
5.036631822586059570e-01 4.826709032058715820e-01
5.459203124046325684e-01 6.213408708572387695e-01
5.208848118782043457e-01 4.661379754543304443e-01
5.562060475349426270e-01 6.676781177520751953e-01
6.360715627670288086e-01 5.752880573272705078e-01
6.633079051971435547e-01 5.181888937950134277e-01
5.585172772407531738e-01 6.171555519104003906e-01
6.399720907211303711e-01 4.273557960987091064e-01
5.880309343338012695e-01 4.934630095958709717e-01
6.828708648681640625e-01 4.686902761459350586e-01
6.510618925094604492e-01 4.939708709716796875e-01
7.026266455650329590e-01 6.010040640830993652e-01
6.085876226425170898e-01 4.548736512660980225e-01
4.938995540142059326e-01 4.089237749576568604e-01
6.356523633003234863e-01 5.925217866897583008e-01
4.838903546333312988e-01 4.525442123413085938e-01
5.566505789756774902e-01 3.499944508075714111e-01
5.604816079139709473e-01 4.718301892280578613e-01
5.325778126716613770e-01 5.212063193321228027e-01
5.851658582687377930e-01 5.227077007293701172e-01
6.905733942985534668e-01 5.116686820983886719e-01
5.777051448822021484e-01 6.389793157577514648e-01
6.187294125556945801e-01 4.456463754177093506e-01
6.183360815048217773e-01 6.862724423408508301e-01
5.741038918495178223e-01 5.986170768737792969e-01
4.945313930511474609e-01 4.788044691085815430e-01
5.810045003890991211e-01 6.021788716316223145e-01
5.275191068649291992e-01 4.277505874633789062e-01
7.179830074310302734e-01 4.441586732864379883e-01
6.232451796531677246e-01 4.875862896442413330e-01
4.943302869796752930e-01 4.561511576175689697e-01
5.776765942573547363e-01 4.401098191738128662e-01
5.299850702285766602e-01 5.838842988014221191e-01
5.263420939445495605e-01 4.111461639404296875e-01
5.229829549789428711e-01 5.775774717330932617e-01
6.783160567283630371e-01 4.906824529170989990e-01
7.074410319328308105e-01 5.242068767547607422e-01
5.231184959411621094e-01 6.121140122413635254e-01
6.113811135292053223e-01 4.849680364131927490e-01
6.057659387588500977e-01 4.825512468814849854e-01
6.007376909255981445e-01 4.254669547080993652e-01
4.827707707881927490e-01 6.747427582740783691e-01
5.820645689964294434e-01 5.693849921226501465e-01
6.396389603614807129e-01 5.253264307975769043e-01
4.598556458950042725e-01 3.924778103828430176e-01
6.577571630477905273e-01 3.330179750919342041e-01
5.989634394645690918e-01 5.429266691207885742e-01
6.092919707298278809e-01 7.016894817352294922e-01
5.419452190399169922e-01 4.118407070636749268e-01
6.079642772674560547e-01 5.287247300148010254e-01
5.522446036338806152e-01 4.160260558128356934e-01
6.081747412681579590e-01 4.490036964416503906e-01
6.617973446846008301e-01 3.846667110919952393e-01
6.037730574607849121e-01 4.388729929924011230e-01
6.205253005027770996e-01 3.993236422538757324e-01
7.216529846191406250e-01 3.987253010272979736e-01
5.944298505783081055e-01 3.290403485298156738e-01
6.361947655677795410e-01 6.486256122589111328e-01
6.868583559989929199e-01 4.503964483737945557e-01
5.015544295310974121e-01 4.040753841400146484e-01
5.671267509460449219e-01 6.851143836975097656e-01
6.676167845726013184e-01 4.114124476909637451e-01
6.335141658782958984e-01 4.570107758045196533e-01
5.877868533134460449e-01 5.544984340667724609e-01
6.581587195396423340e-01 3.542888462543487549e-01
6.743682026863098145e-01 5.944466590881347656e-01
4.518169760704040527e-01 4.251356720924377441e-01
5.638960003852844238e-01 3.926686942577362061e-01
5.875681638717651367e-01 6.049344539642333984e-01
5.892750024795532227e-01 5.289937257766723633e-01
7.085463404655456543e-01 4.512392282485961914e-01
5.542195439338684082e-01 5.135189294815063477e-01
6.532648205757141113e-01 4.855912029743194580e-01
5.795455574989318848e-01 3.829855024814605713e-01
5.817298889160156250e-01 6.747654676437377930e-01
6.111562252044677734e-01 6.907852292060852051e-01
6.638823747634887695e-01 5.839172005653381348e-01
6.090561151504516602e-01 4.316185712814331055e-01
5.735026001930236816e-01 5.633233785629272461e-01
7.329607009887695312e-01 4.186310172080993652e-01
5.864583253860473633e-01 4.038283228874206543e-01
4.477389752864837646e-01 3.816934823989868164e-01
5.429985523223876953e-01 5.338293910026550293e-01
6.823273301124572754e-01 4.616160988807678223e-01
4.574865698814392090e-01 5.117508172988891602e-01
5.368027687072753906e-01 4.798390865325927734e-01
6.977977156639099121e-01 4.395481944084167480e-01
6.323993206024169922e-01 5.012218952178955078e-01
7.107967734336853027e-01 5.937264561653137207e-01
5.952714681625366211e-01 3.940534889698028564e-01
6.545286774635314941e-01 5.816617608070373535e-01
6.532866954803466797e-01 3.210818469524383545e-01
6.983683705329895020e-01 4.491357505321502686e-01
6.145592927932739258e-01 4.569725096225738525e-01
6.057337522506713867e-01 6.396774053573608398e-01
4.866427779197692871e-01 4.428683817386627197e-01
5.737813711166381836e-01 4.497506916522979736e-01
5.542973279953002930e-01 5.717193484306335449e-01
5.463726520538330078e-01 4.208811819553375244e-01
7.725217938423156738e-01 3.925171792507171631e-01
5.216137766838073730e-01 5.737257003784179688e-01
6.211439967155456543e-01 6.041758060455322266e-01
6.859030127525329590e-01 6.893145442008972168e-01
5.646601319313049316e-01 4.833295941352844238e-01
5.617356896400451660e-01 4.912452101707458496e-01
7.171476483345031738e-01 4.040566384792327881e-01
5.695711970329284668e-01 5.413590073585510254e-01
6.025376319885253906e-01 3.678601980209350586e-01
7.300810217857360840e-01 4.131999611854553223e-01
7.078462839126586914e-01 3.939720094203948975e-01
6.677777767181396484e-01 4.218809008598327637e-01
5.707650184631347656e-01 4.725056588649749756e-01
4.777638912200927734e-01 4.114832580089569092e-01
5.863440036773681641e-01 4.164995849132537842e-01
5.910846590995788574e-01 5.267742276191711426e-01
6.555888056755065918e-01 5.837124586105346680e-01
6.571103334426879883e-01 3.419487476348876953e-01
4.830651283264160156e-01 6.531134843826293945e-01
5.197793841361999512e-01 6.730864644050598145e-01
6.413015723228454590e-01 4.234989285469055176e-01
6.239202022552490234e-01 4.644860029220581055e-01
6.287077665328979492e-01 4.244156777858734131e-01
6.771867871284484863e-01 5.432107448577880859e-01
4.951474368572235107e-01 4.339522421360015869e-01
4.541718065738677979e-01 5.094797611236572266e-01
5.662105679512023926e-01 4.883117079734802246e-01
6.614180207252502441e-01 3.519873917102813721e-01
5.474119782447814941e-01 3.292745947837829590e-01
5.204775929450988770e-01 4.814922809600830078e-01
6.660653352737426758e-01 3.744091689586639404e-01
6.678037643432617188e-01 4.942058622837066650e-01
6.756674051284790039e-01 4.063678681850433350e-01
6.322429180145263672e-01 5.425874590873718262e-01
5.428621172904968262e-01 4.019337594509124756e-01
5.508975982666015625e-01 4.138976335525512695e-01
5.896173119544982910e-01 5.024940371513366699e-01
6.852707266807556152e-01 4.749057292938232422e-01
5.725098252296447754e-01 6.588428020477294922e-01
6.346359848976135254e-01 5.036200284957885742e-01
7.619069218635559082e-01 4.143921732902526855e-01
6.692224144935607910e-01 3.995544612407684326e-01
6.235883831977844238e-01 4.990641176700592041e-01
6.172524094581604004e-01 4.298790991306304932e-01
5.910176634788513184e-01 3.765492141246795654e-01
4.785772860050201416e-01 3.934379518032073975e-01
5.793574452400207520e-01 4.682472050189971924e-01
5.142625570297241211e-01 5.646129846572875977e-01
6.332073211669921875e-01 4.688158035278320312e-01
4.480632543563842773e-01 4.121260643005371094e-01
6.581457853317260742e-01 3.805138766765594482e-01
5.518537759780883789e-01 4.535623192787170410e-01
6.542886495590209961e-01 5.790823101997375488e-01
5.293923020362854004e-01 5.575858354568481445e-01
6.177014112472534180e-01 4.249230027198791504e-01
6.405302882194519043e-01 4.288224875926971436e-01
6.348985433578491211e-01 5.033544898033142090e-01
5.259543061256408691e-01 4.945472776889801025e-01
6.374083757400512695e-01 3.305709064006805420e-01
6.857721209526062012e-01 5.990859270095825195e-01
5.935710668563842773e-01 4.975500404834747314e-01
5.465576648712158203e-01 3.812793493270874023e-01
6.674545407295227051e-01 4.122137725353240967e-01
6.622310280799865723e-01 6.259183287620544434e-01
5.532503724098205566e-01 3.490434288978576660e-01
6.466436386108398438e-01 3.715693950653076172e-01
4.787206947803497314e-01 4.747453033924102783e-01
7.029924392700195312e-01 4.763303101062774658e-01
5.499688386917114258e-01 5.500454306602478027e-01
6.638212203979492188e-01 4.829809367656707764e-01
5.737845301628112793e-01 3.776774406433105469e-01
6.579741239547729492e-01 4.593720436096191406e-01
6.349958181381225586e-01 6.646009683609008789e-01
6.684369444847106934e-01 3.653443753719329834e-01
5.949234366416931152e-01 4.197054803371429443e-01
7.268689274787902832e-01 3.207209110260009766e-01
5.112440586090087891e-01 5.090827941894531250e-01
5.972108840942382812e-01 3.429296910762786865e-01
4.259321391582489014e-01 4.023122787475585938e-01
5.404747724533081055e-01 5.356515049934387207e-01
7.040416002273559570e-01 3.634764552116394043e-01
5.589643716812133789e-01 4.277236461639404297e-01
7.006291151046752930e-01 3.971742391586303711e-01
6.373123526573181152e-01 3.115441799163818359e-01
6.926656961441040039e-01 5.847622156143188477e-01
6.546134352684020996e-01 4.086605310440063477e-01
6.106989383697509766e-01 4.802180528640747070e-01
6.183345317840576172e-01 4.599497914314270020e-01
4.867708683013916016e-01 5.762603878974914551e-01
6.308071017265319824e-01 4.944359958171844482e-01
4.570753872394561768e-01 4.443871974945068359e-01
5.064191222190856934e-01 3.698381781578063965e-01
7.272667884826660156e-01 4.261437356472015381e-01
6.386770009994506836e-01 4.490210711956024170e-01
6.135376095771789551e-01 3.914836347103118896e-01
6.738843917846679688e-01 4.684028327465057373e-01
7.143397927284240723e-01 3.417648077011108398e-01
6.287468671798706055e-01 5.855043530464172363e-01
7.400751113891601562e-01 5.021848082542419434e-01
5.421656966209411621e-01 4.073109328746795654e-01
6.624214053153991699e-01 6.359044313430786133e-01
5.384525060653686523e-01 6.344845294952392578e-01
6.201758980751037598e-01 6.543375253677368164e-01
5.157488584518432617e-01 4.400267004966735840e-01
5.721436738967895508e-01 3.685498237609863281e-01
6.247850060462951660e-01 5.316780805587768555e-01
7.006558179855346680e-01 5.420090556144714355e-01
6.471673250198364258e-01 3.714894950389862061e-01
7.691577076911926270e-01 3.585442900657653809e-01
4.710532724857330322e-01 3.978057801723480225e-01
5.019947886466979980e-01 4.233094155788421631e-01
6.766942739486694336e-01 5.193639993667602539e-01
6.225425004959106445e-01 7.013245224952697754e-01
6.915420293807983398e-01 5.996617078781127930e-01
7.507080435752868652e-01 3.516157269477844238e-01
6.396250128746032715e-01 5.389515161514282227e-01
6.183537244796752930e-01 3.189085721969604492e-01
6.529585719108581543e-01 3.141303658485412598e-01
6.470742225646972656e-01 4.347067475318908691e-01
5.718576312065124512e-01 5.499709248542785645e-01
5.764793753623962402e-01 3.799728453159332275e-01
5.591802000999450684e-01 3.514090776443481445e-01
6.994216442108154297e-01 3.364980816841125488e-01
6.354870200157165527e-01 5.636788010597229004e-01
4.376393556594848633e-01 4.791300296783447266e-01
7.774998545646667480e-01 4.487105309963226318e-01
7.200616002082824707e-01 3.429574370384216309e-01
5.811353325843811035e-01 4.787948727607727051e-01
5.295125246047973633e-01 4.535691440105438232e-01
6.126499772071838379e-01 6.119295954704284668e-01
6.805125474929809570e-01 4.598568379878997803e-01
5.279670953750610352e-01 4.407956004142761230e-01
6.813723444938659668e-01 4.027478992938995361e-01
4.941766560077667236e-01 5.586331486701965332e-01
6.994197964668273926e-01 4.162753522396087646e-01
6.507216095924377441e-01 6.045693159103393555e-01
6.497994661331176758e-01 6.112006902694702148e-01
6.813293099403381348e-01 4.495837688446044922e-01
5.197030901908874512e-01 5.228616595268249512e-01
4.583660066127777100e-01 5.151531100273132324e-01
5.384357571601867676e-01 4.392639398574829102e-01
5.989232659339904785e-01 5.022467970848083496e-01
5.959848761558532715e-01 5.837333798408508301e-01
5.047736167907714844e-01 4.610449969768524170e-01
5.181831121444702148e-01 5.638632178306579590e-01
4.502369463443756104e-01 4.924513995647430420e-01
5.117596387863159180e-01 4.147328138351440430e-01
5.288249254226684570e-01 3.868533670902252197e-01
6.912083625793457031e-01 4.897363781929016113e-01
6.755185127258300781e-01 6.231514215469360352e-01
6.220158338546752930e-01 5.784077644348144531e-01
6.081683635711669922e-01 6.264706254005432129e-01
5.804923176765441895e-01 5.436331033706665039e-01
7.349143028259277344e-01 3.191357254981994629e-01
7.176004648208618164e-01 3.140148520469665527e-01
6.081063747406005859e-01 3.729402422904968262e-01
7.569807171821594238e-01 3.335485458374023438e-01
6.116013526916503906e-01 5.962769389152526855e-01
7.602995634078979492e-01 3.798786699771881104e-01
7.380360364913940430e-01 5.247187018394470215e-01
5.227996706962585449e-01 5.971034169197082520e-01
5.814610719680786133e-01 4.127495586872100830e-01
5.958678722381591797e-01 6.326224803924560547e-01
6.428225040435791016e-01 3.714664280414581299e-01
5.147339701652526855e-01 3.488873839378356934e-01
4.441325962543487549e-01 4.671252667903900146e-01
6.316327452659606934e-01 6.261961460113525391e-01
6.062383055686950684e-01 4.551717340946197510e-01
4.553068876266479492e-01 4.928563833236694336e-01
6.489740610122680664e-01 6.478882431983947754e-01
4.854727089405059814e-01 3.888691961765289307e-01
7.377980947494506836e-01 3.262786865234375000e-01
6.132163405418395996e-01 3.669837117195129395e-01
6.014452576637268066e-01 4.760235249996185303e-01
6.147553324699401855e-01 5.180479884147644043e-01
5.927777290344238281e-01 4.632906317710876465e-01
7.401395440101623535e-01 5.226971507072448730e-01
5.396502614021301270e-01 6.840677261352539062e-01
7.027586698532104492e-01 5.037786364555358887e-01
7.323922514915466309e-01 5.168544054031372070e-01
7.339960336685180664e-01 3.239856362342834473e-01
5.037903785705566406e-01 3.797536194324493408e-01
5.857356786727905273e-01 3.685518503189086914e-01
5.509545803070068359e-01 5.473313331604003906e-01
6.454984545707702637e-01 4.092862606048583984e-01
6.911863684654235840e-01 5.012401938438415527e-01
5.783870220184326172e-01 6.059857606887817383e-01
5.625193119049072266e-01 5.871879458427429199e-01
6.462670564651489258e-01 4.560459554195404053e-01
4.998346865177154541e-01 2.967991232872009277e-01
5.091933608055114746e-01 7.046065926551818848e-01
7.039195895195007324e-01 4.176226854324340820e-01
6.116577982902526855e-01 5.253388285636901855e-01
7.090046405792236328e-01 3.180033862590789795e-01
5.689930915832519531e-01 5.752485394477844238e-01
4.914102256298065186e-01 5.607969164848327637e-01
6.958802938461303711e-01 5.097753405570983887e-01
5.641888976097106934e-01 5.843185782432556152e-01
5.986588597297668457e-01 3.271066844463348389e-01
6.329175829887390137e-01 5.426892042160034180e-01
5.809618234634399414e-01 4.699995517730712891e-01
6.033675670623779297e-01 3.042365908622741699e-01
5.804746747016906738e-01 6.463983058929443359e-01
7.106679677963256836e-01 4.690336287021636963e-01
4.660123586654663086e-01 4.550069272518157959e-01
4.650318324565887451e-01 3.834302723407745361e-01
7.454946637153625488e-01 3.946361541748046875e-01
5.672398209571838379e-01 6.281326413154602051e-01
7.023074030876159668e-01 3.908461332321166992e-01
4.993210136890411377e-01 4.168611168861389160e-01
6.520516276359558105e-01 4.564777612686157227e-01
7.611742615699768066e-01 3.939360380172729492e-01
6.301730871200561523e-01 4.924234449863433838e-01
6.122222542762756348e-01 5.531222820281982422e-01
7.564476132392883301e-01 4.644682109355926514e-01
6.805897355079650879e-01 5.966489911079406738e-01
5.466045737266540527e-01 3.394132852554321289e-01
7.186402678489685059e-01 5.652182698249816895e-01
5.249230265617370605e-01 4.293389022350311279e-01
4.565666317939758301e-01 3.720854520797729492e-01
5.643131732940673828e-01 5.231803059577941895e-01
5.122557282447814941e-01 3.780330419540405273e-01
6.693850755691528320e-01 3.497464060783386230e-01
7.246239781379699707e-01 5.016199946403503418e-01
5.625136494636535645e-01 4.048525691032409668e-01
6.392447948455810547e-01 3.094310760498046875e-01
5.977613925933837891e-01 4.693654477596282959e-01
6.399206519126892090e-01 3.320500254631042480e-01
6.786403656005859375e-01 4.566089212894439697e-01
6.743883490562438965e-01 3.901483714580535889e-01
5.690689682960510254e-01 6.042421460151672363e-01
5.858755707740783691e-01 3.569816052913665771e-01
5.875785350799560547e-01 3.974409699440002441e-01
5.572495460510253906e-01 4.710027575492858887e-01
6.345789432525634766e-01 4.997687339782714844e-01
4.576974213123321533e-01 4.188034534454345703e-01
4.362760484218597412e-01 4.616047143936157227e-01
6.542920470237731934e-01 4.263831079006195068e-01
4.957930445671081543e-01 4.871779680252075195e-01
6.704093217849731445e-01 5.281420350074768066e-01
5.898497104644775391e-01 3.157677948474884033e-01
6.729807853698730469e-01 5.337585806846618652e-01
5.428892970085144043e-01 4.545466005802154541e-01
