3.991599082946777344e-01 2.517955899238586426e-01
9.321749210357666016e-03 3.473503589630126953e-01
4.933410882949829102e-02 4.585984945297241211e-01
-1.216560006141662598e-01 -4.849213957786560059e-01
1.726584434509277344e-01 3.647906780242919922e-01
-4.789537787437438965e-01 2.562451362609863281e-01
3.149956464767456055e-02 -1.941601634025573730e-01
1.815580725669860840e-01 -2.530255913734436035e-01
2.748813629150390625e-01 4.191958308219909668e-01
-3.733342289924621582e-01 8.133810758590698242e-02
-4.412456154823303223e-01 4.149951934814453125e-01
3.918710947036743164e-01 -4.952372908592224121e-01
-3.445205092430114746e-01 -2.195702195167541504e-01
1.185760498046875000e-01 4.959368705749511719e-02
-5.480247735977172852e-02 -3.038473129272460938e-01
2.221549749374389648e-01 -1.996748447418212891e-01
2.843627333641052246e-01 3.742116689682006836e-01
-3.882712721824645996e-01 -4.792070388793945312e-02
-4.619811177253723145e-01 7.036131620407104492e-02
-4.947443008422851562e-01 -4.480822682380676270e-01
1.086795330047607422e-01 -3.826397657394409180e-02
2.894414067268371582e-01 -3.480599522590637207e-01
-2.766462564468383789e-01 -8.372205495834350586e-02
2.904473543167114258e-01 -8.493369817733764648e-02
-1.801680326461791992e-01 -3.161060214042663574e-01
9.127753973007202148e-02 3.953695297241210938e-01
1.566804051399230957e-01 1.126878857612609863e-01
4.605960845947265625e-02 1.542454957962036133e-01
-7.726204395294189453e-02 1.431233882904052734e-01
4.695014357566833496e-01 -3.133394718170166016e-01
-2.824952602386474609e-01 -2.937221527099609375e-02
1.091581583023071289e-02 3.833190202713012695e-01
-2.091892361640930176e-01 1.871576309204101562e-01
-2.809838652610778809e-01 -4.941737651824951172e-02
2.057954072952270508e-01 3.117024898529052734e-01
-1.130107045173645020e-01 1.385508179664611816e-01
-3.936915993690490723e-01 -1.935672760009765625e-02
-2.768678069114685059e-01 3.104632496833801270e-01
-9.560728073120117188e-02 2.942665219306945801e-01
-9.328180551528930664e-02 -3.182471990585327148e-01
4.047572612762451172e-02 -2.716374397277832031e-01
-4.994104504585266113e-01 -2.254104018211364746e-01
-2.433604001998901367e-01 3.711221814155578613e-01
-3.647014498710632324e-01 6.842011213302612305e-02
-3.934218883514404297e-01 -1.378340125083923340e-01
1.972526311874389648e-02 3.872025012969970703e-02
-4.577915072441101074e-01 -3.585111498832702637e-01
-3.322468996047973633e-01 -6.530570983886718750e-02
-2.184286713600158691e-01 2.820289134979248047e-01
-4.817639589309692383e-01 1.851438283920288086e-01
2.993291616439819336e-02 2.207003831863403320e-01
-1.331934928894042969e-01 -2.686947584152221680e-02
2.072578668594360352e-01 1.473464369773864746e-01
-3.634966015815734863e-01 4.429043531417846680e-01
-1.084387302398681641e-03 2.065628767013549805e-02
-4.178516268730163574e-01 2.724716067314147949e-01
-3.469454646110534668e-01 -2.281574606895446777e-01
-3.230008482933044434e-01 -3.333174586296081543e-01
-1.202496290206909180e-01 -5.531871318817138672e-02
-4.334672093391418457e-01 1.758578419685363770e-01
4.404234290122985840e-01 3.820698261260986328e-01
1.851603388786315918e-01 4.187758564949035645e-01
-8.840978145599365234e-02 -3.462651968002319336e-01
1.103209853172302246e-01 4.171689748764038086e-01
-3.974044322967529297e-02 2.802533507347106934e-01
-2.163107991218566895e-01 1.482248306274414062e-02
8.573925495147705078e-02 -3.856776952743530273e-01
-7.993495464324951172e-02 -3.080617785453796387e-01
7.725369930267333984e-02 2.890534400939941406e-01
-1.168782114982604980e-01 -4.162138700485229492e-02
1.660070419311523438e-01 1.046594381332397461e-01
-1.881473660469055176e-01 -1.179254055023193359e-02
-2.122942209243774414e-01 2.112604975700378418e-01
9.936940670013427734e-02 -3.292834162712097168e-01
1.298269033432006836e-01 3.678143024444580078e-02
3.140369653701782227e-01 -3.278857469558715820e-02
-3.027786612510681152e-01 -4.427784085273742676e-01
3.206542134284973145e-01 2.178099155426025391e-01
-1.113938093185424805e-01 -2.236805558204650879e-01
4.667833447456359863e-01 -2.943480014801025391e-01
-2.127873897552490234e-02 -3.861272335052490234e-01
-4.924317002296447754e-01 -1.945867538452148438e-01
3.391161561012268066e-01 3.150093555450439453e-01
1.894612908363342285e-01 -9.026217460632324219e-02
1.597552895545959473e-01 -7.192164659500122070e-02
4.704195261001586914e-02 -1.831642985343933105e-01
3.507546782493591309e-01 3.884760141372680664e-01
2.980474829673767090e-01 3.852056860923767090e-01
4.412856698036193848e-01 -3.192418813705444336e-02
7.555991411209106445e-02 -3.028260469436645508e-01
-2.754099369049072266e-01 -3.478897809982299805e-01
-1.765971779823303223e-01 1.452158689498901367e-01
-2.953195571899414062e-02 -4.683910012245178223e-01
-3.387023210525512695e-01 7.638686895370483398e-02
-3.190114498138427734e-01 -3.083455562591552734e-01
2.913424968719482422e-01 -4.539325237274169922e-01
6.990492343902587891e-02 -3.395509123802185059e-01
-2.256484031677246094e-01 3.086111545562744141e-01
1.329978704452514648e-01 3.157691359519958496e-01
2.523566484451293945e-01 3.655709624290466309e-01
-3.707029819488525391e-01 -1.532028317451477051e-01
1.334978938102722168e-01 3.838160634040832520e-01
4.532815217971801758e-01 6.378680467605590820e-02
3.719657063484191895e-01 2.088885903358459473e-01
-1.268483400344848633e-01 1.082009673118591309e-01
4.360405802726745605e-01 -1.499661207199096680e-01
-3.061301112174987793e-01 -4.316854476928710938e-01
2.655612230300903320e-01 -3.040012717247009277e-01
3.352904915809631348e-01 2.671642899513244629e-01
-1.462193131446838379e-01 3.031209111213684082e-01
1.510787010192871094e-01 2.571842670440673828e-01
-3.059095740318298340e-01 -2.423426508903503418e-01
-4.605841040611267090e-01 -4.054734706878662109e-01
2.077947258949279785e-01 3.899322152137756348e-01
6.103134155273437500e-02 7.385766506195068359e-02
6.592869758605957031e-03 -4.519369006156921387e-01
-1.870868802070617676e-01 1.407200694084167480e-01
-3.666276931762695312e-01 -3.951200842857360840e-01
6.513535976409912109e-02 1.052207350730895996e-01
-6.809651851654052734e-03 2.126554846763610840e-01
-4.886050224304199219e-01 1.053550839424133301e-01
2.024720311164855957e-01 4.481433629989624023e-01
-3.877907395362854004e-01 -1.474934220314025879e-01
-2.571821808815002441e-01 -1.522448658943176270e-01
-3.361079692840576172e-01 1.156026721000671387e-01
-2.531740665435791016e-01 -2.348482012748718262e-01
-4.837012290954589844e-01 -4.881701469421386719e-01
-4.484714269638061523e-01 4.918357729911804199e-01
2.141115069389343262e-01 -3.384487032890319824e-01
-1.337552666664123535e-01 2.403045892715454102e-01
2.277910709381103516e-01 -1.374716162681579590e-01
7.766252756118774414e-02 3.203714489936828613e-01
-2.656633853912353516e-01 -2.269804477691650391e-01
2.099462151527404785e-01 4.116672277450561523e-02
4.678088426589965820e-01 1.306602954864501953e-01
9.759420156478881836e-02 2.488442063331604004e-01
-9.573358297348022461e-02 -2.390155792236328125e-01
4.960835576057434082e-01 3.988677263259887695e-01
3.593672513961791992e-01 1.083636879920959473e-01
-1.303797960281372070e-01 -3.066709041595458984e-01
-1.257658004760742188e-04 2.012929320335388184e-01
-3.172076344490051270e-01 -4.645807743072509766e-01
-3.780845999717712402e-01 -2.635537385940551758e-01
4.442876577377319336e-01 -1.787036657333374023e-02
3.045992255210876465e-01 -3.735220432281494141e-01
-3.533837199211120605e-01 -2.135899662971496582e-01
3.376112580299377441e-01 1.206867694854736328e-01
-1.864422559738159180e-01 -1.717659831047058105e-01
5.292409658432006836e-02 3.199696540832519531e-01
-6.723707914352416992e-02 3.477260470390319824e-01
2.768158912658691406e-02 -4.386868476867675781e-01
2.549504041671752930e-01 -4.858664870262145996e-01
-2.707153558731079102e-01 -2.699317932128906250e-01
-4.703962802886962891e-01 -3.359216451644897461e-02
-8.324277400970458984e-02 4.618251323699951172e-02
1.376296281814575195e-01 3.759489059448242188e-01
-4.503287076950073242e-01 -3.830285072326660156e-01
4.709339737892150879e-01 2.975431084632873535e-01
4.244863986968994141e-01 -4.848693609237670898e-01
4.440940618515014648e-01 4.470511078834533691e-01
2.414929866790771484e-02 5.544012784957885742e-02
1.454341411590576172e-01 -1.614319086074829102e-01
-2.860877513885498047e-01 3.390129208564758301e-01
-4.721386432647705078e-01 -3.457803130149841309e-01
-3.655907511711120605e-01 2.183504700660705566e-01
-1.883488893508911133e-01 3.547841906547546387e-01
4.728558659553527832e-01 -2.731519937515258789e-02
-1.680606007575988770e-01 -3.180253505706787109e-01
2.050444483757019043e-01 2.960666418075561523e-01
2.949812412261962891e-01 3.506500124931335449e-01
3.461917638778686523e-01 -2.016569375991821289e-01
-2.128623127937316895e-01 2.747179865837097168e-01
3.415453433990478516e-02 1.503815650939941406e-01
-4.967045783996582031e-01 4.316356778144836426e-01
2.210606932640075684e-01 3.682742118835449219e-01
-2.522296905517578125e-01 -1.301466822624206543e-01
-4.081675410270690918e-01 4.282776713371276855e-01
2.385017275810241699e-01 -4.479432106018066406e-01
-2.691268920898437500e-01 1.507753133773803711e-02
2.068084478378295898e-02 -3.336123228073120117e-01
1.669263839721679688e-01 -5.263471603393554688e-02
4.396748542785644531e-02 -1.028716564178466797e-01
-2.214078307151794434e-01 7.218384742736816406e-02
-4.712107777595520020e-01 1.599372625350952148e-01
-4.802066087722778320e-02 3.987041115760803223e-01
-4.773584008216857910e-01 -4.604085087776184082e-01
-1.243823766708374023e-01 -1.928197741508483887e-01
-1.286976933479309082e-01 -2.513170242309570312e-02
-2.707011103630065918e-01 -8.076888322830200195e-02
4.626235961914062500e-01 1.129116415977478027e-01
-1.611493229866027832e-01 -2.960153818130493164e-01
3.599703907966613770e-01 -6.109195947647094727e-02
4.594543576240539551e-01 2.153417468070983887e-01
-4.895320534706115723e-01 4.620451331138610840e-01
-1.509900689125061035e-01 -3.678281903266906738e-01
3.476357460021972656e-01 -4.453789591789245605e-01
4.627938270568847656e-01 -2.157825231552124023e-02
1.149250864982604980e-01 -2.630704641342163086e-01
4.735317826271057129e-01 -4.295024871826171875e-01
1.261799931526184082e-01 -4.989964962005615234e-01
-3.200950622558593750e-01 -1.659106016159057617e-01
-4.578227996826171875e-01 -3.090400099754333496e-01
-4.395905137062072754e-01 1.016897559165954590e-01
-4.092929959297180176e-01 -4.615270495414733887e-01
1.651746630668640137e-01 1.034124493598937988e-01
-1.287642717361450195e-01 3.789846301078796387e-01
-4.845004081726074219e-01 -8.634126186370849609e-02
-2.434027194976806641e-02 3.496897220611572266e-02
-2.110967636108398438e-01 -7.804095745086669922e-02
-1.141449213027954102e-01 1.730200052261352539e-01
-4.891065359115600586e-01 -3.200209736824035645e-01
1.202175617218017578e-01 2.792832255363464355e-01
4.018166661262512207e-01 -3.570798039436340332e-01
1.406789422035217285e-01 -1.747427582740783691e-01
2.763997316360473633e-01 -4.226827621459960938e-02
-1.687254905700683594e-01 9.503203630447387695e-02
-3.748766779899597168e-01 -1.124857664108276367e-01
-3.182728290557861328e-01 -4.183791279792785645e-01
-1.560028791427612305e-01 4.085674285888671875e-01
4.791568517684936523e-01 7.174813747406005859e-02
-2.917338013648986816e-01 3.863343000411987305e-01
-3.880347609519958496e-01 4.711013436317443848e-01
3.488853573799133301e-01 4.292988777160644531e-01
-1.697629690170288086e-02 -1.260199546813964844e-01
2.012063264846801758e-01 -3.982132077217102051e-01
-5.091100931167602539e-02 -3.362900614738464355e-01
-3.498260974884033203e-01 3.606024980545043945e-01
2.998263239860534668e-01 -5.913221836090087891e-02
-3.816066980361938477e-01 2.839825153350830078e-01
-4.839361906051635742e-01 -2.963953614234924316e-01
3.167009949684143066e-01 4.182964563369750977e-01
-3.094472289085388184e-01 -3.235892653465270996e-01
3.450173139572143555e-02 3.264917731285095215e-01
-4.411248564720153809e-01 2.687942981719970703e-02
2.142913341522216797e-01 9.762513637542724609e-02
-3.092311620712280273e-01 -4.342753887176513672e-01
-2.879453897476196289e-01 -2.430278062820434570e-01
-6.121343374252319336e-02 -1.261608004570007324e-01
-1.557411551475524902e-01 3.361098170280456543e-01
4.129506945610046387e-01 -1.668608188629150391e-02
2.330636382102966309e-01 -2.813310623168945312e-01
-4.158120155334472656e-01 -2.313261032104492188e-01
-4.849542379379272461e-01 4.737080335617065430e-01
3.621964454650878906e-01 -3.379455208778381348e-01
-3.422385454177856445e-01 4.692786931991577148e-01
-1.869959831237792969e-01 3.154497742652893066e-01
-1.337803602218627930e-01 3.311131000518798828e-01
3.473206162452697754e-01 1.073862910270690918e-01
-1.984534263610839844e-01 -3.393471240997314453e-01
4.187973141670227051e-01 -3.394975066184997559e-01
8.876544237136840820e-02 3.082346916198730469e-02
1.592222452163696289e-01 2.968722581863403320e-02
3.950853943824768066e-01 -4.425851106643676758e-01
2.818016409873962402e-01 9.944266080856323242e-02
2.066250443458557129e-01 -2.209619879722595215e-01
3.299011588096618652e-01 1.742795109748840332e-01
-2.988042235374450684e-01 7.680314779281616211e-02
1.303199529647827148e-01 -3.690100908279418945e-01
2.942407727241516113e-01 -1.290569305419921875e-01
3.217649459838867188e-01 1.428927183151245117e-01
-4.345785975456237793e-01 -2.189753651618957520e-01
2.928115725517272949e-01 -1.716147065162658691e-01
-4.436147809028625488e-01 2.452789545059204102e-01
4.479338526725769043e-01 4.918677806854248047e-01
-1.312832236289978027e-01 3.386557698249816895e-01
4.570955634117126465e-01 4.967902898788452148e-01
3.230704665184020996e-01 -3.519317507743835449e-01
3.804266452789306641e-03 5.140477418899536133e-02
3.086777329444885254e-01 2.581898570060729980e-01
3.561068773269653320e-01 4.095807075500488281e-01
-1.647893190383911133e-01 -2.890792489051818848e-01
-4.455080628395080566e-01 -4.187061786651611328e-01
-4.546934366226196289e-02 1.890912055969238281e-01
3.195037245750427246e-01 -4.809981584548950195e-01
4.909762740135192871e-01 -3.272908926010131836e-01
-2.600932121276855469e-02 -4.502078890800476074e-01
4.813972711563110352e-01 3.630447387695312500e-01
2.391806840896606445e-01 -1.002748012542724609e-01
4.159867763519287109e-03 4.511275887489318848e-01
3.433797955513000488e-01 4.835903644561767578e-03
-1.079674959182739258e-01 -5.496776103973388672e-02
-7.782965898513793945e-02 1.240818500518798828e-01
-3.539947271347045898e-01 -4.750358462333679199e-01
2.651334404945373535e-01 -4.100524783134460449e-01
-2.977082729339599609e-01 -9.666246175765991211e-02
-4.235163927078247070e-01 -2.508312463760375977e-02
2.177603840827941895e-01 -1.785327792167663574e-01
-2.659850716590881348e-01 4.199177026748657227e-01
-1.019487977027893066e-01 3.481053709983825684e-01
-1.710426807403564453e-02 -1.090888977050781250e-01
4.052905440330505371e-01 -2.224835753440856934e-01
-3.927367925643920898e-02 3.861147761344909668e-01
2.854053974151611328e-01 -2.542039752006530762e-01
-4.435226321220397949e-01 -1.134105324745178223e-01
-5.798321962356567383e-02 -3.189384937286376953e-01
-4.461977481842041016e-01 2.846072912216186523e-01
-3.581726551055908203e-01 4.690880179405212402e-01
1.115969419479370117e-01 -1.406465172767639160e-01
2.839499711990356445e-01 2.918776869773864746e-01
4.164166450500488281e-01 -2.687697410583496094e-01
-2.269496917724609375e-01 -1.413496136665344238e-01
-4.689240455627441406e-02 -4.365705251693725586e-01
4.823445677757263184e-01 1.708749532699584961e-01
2.049085497856140137e-01 2.245270609855651855e-01
-4.045428633689880371e-01 3.132923245429992676e-01
2.868061661720275879e-01 -3.333896398544311523e-02
3.805267810821533203e-02 3.897584676742553711e-01
-3.077825903892517090e-01 3.587765097618103027e-01
-4.464172720909118652e-01 8.198130130767822266e-02
-4.733807444572448730e-01 -1.029348373413085938e-02
-3.999145030975341797e-01 9.732067584991455078e-03
-7.462501525878906250e-05 -3.235515356063842773e-01
4.301840066909790039e-01 4.207097291946411133e-01
-2.641777396202087402e-01 -2.923913598060607910e-01
-4.529559612274169922e-01 -3.210285305976867676e-01
2.507358789443969727e-02 -4.987451434135437012e-01
1.013423204421997070e-01 -1.577441096305847168e-01
-1.849688291549682617e-01 -4.361940622329711914e-01
-1.415364146232604980e-01 2.588591575622558594e-01
2.399820089340209961e-02 -3.823777437210083008e-01
4.467054605484008789e-01 -3.905681371688842773e-01
1.256740093231201172e-02 -1.651669144630432129e-01
4.752072095870971680e-01 -2.313768863677978516e-01
-1.651884317398071289e-01 1.614654660224914551e-01
-3.165630102157592773e-01 -2.822152972221374512e-01
-4.402154684066772461e-02 2.387764453887939453e-01
5.164933204650878906e-02 4.722415208816528320e-01
1.283288002014160156e-02 2.794516086578369141e-01
2.426478862762451172e-01 -4.194480776786804199e-01
-4.001572728157043457e-01 -1.597058773040771484e-01
-3.989744186401367188e-01 -3.607550859451293945e-01
-5.169123411178588867e-02 2.676759958267211914e-01
1.660418510437011719e-02 -2.327434420585632324e-01
-1.950019598007202148e-01 -1.746840476989746094e-01
-3.186665177345275879e-01 1.193658113479614258e-01
-1.371826529502868652e-01 4.571350216865539551e-01
1.067911386489868164e-01 -2.147751450538635254e-01
-3.617218732833862305e-01 2.424227595329284668e-01
-2.040755748748779297e-02 3.907825350761413574e-01
-4.368405342102050781e-01 3.569335341453552246e-01
1.842228174209594727e-01 7.963716983795166016e-02
2.272383570671081543e-01 8.043748140335083008e-02
-1.668018698692321777e-01 3.926798105239868164e-01
-8.872747421264648438e-02 2.637486457824707031e-01
-1.242801547050476074e-01 -2.340362071990966797e-01
-3.687369823455810547e-02 2.588681578636169434e-01
-2.899481654167175293e-01 -4.965203404426574707e-01
2.454853057861328125e-01 -1.315616965293884277e-01
4.086428880691528320e-02 2.078342437744140625e-02
2.414971590042114258e-02 1.042250394821166992e-01
1.145880222320556641e-01 3.172904253005981445e-01
2.857042551040649414e-01 4.181209802627563477e-01
3.160438537597656250e-01 3.856342434883117676e-01
-1.218948364257812500e-01 -3.814974427223205566e-01
-1.471324563026428223e-01 -1.187354922294616699e-01
-3.893820047378540039e-01 1.004962921142578125e-01
-8.041024208068847656e-03 -1.435357332229614258e-01
3.159074783325195312e-01 -9.905606508255004883e-02
-3.050003647804260254e-01 -2.125676870346069336e-01
-1.463215947151184082e-01 -4.931700825691223145e-01
4.136264324188232422e-03 4.326513409614562988e-01
1.294093132019042969e-01 1.979420781135559082e-01
2.076960206031799316e-01 1.269417405128479004e-01
-2.569105029106140137e-01 -2.877571582794189453e-01
-4.120072722434997559e-01 -3.733402490615844727e-02
-4.325153231620788574e-01 -3.880202770233154297e-02
1.908599138259887695e-01 4.955283999443054199e-01
2.107742428779602051e-01 2.354667186737060547e-01
-8.787822723388671875e-02 -1.738162636756896973e-01
4.533646702766418457e-01 2.021670341491699219e-01
7.153767347335815430e-02 -7.459324598312377930e-02
3.810071349143981934e-01 3.359328508377075195e-01
3.466182947158813477e-01 2.382189035415649414e-02
-4.104739427566528320e-02 -3.199188709259033203e-01
-3.854405283927917480e-01 -4.704595208168029785e-01
8.099263906478881836e-02 1.830708980560302734e-02
-1.708569526672363281e-01 -4.107320308685302734e-01
1.959019899368286133e-01 -3.637886047363281250e-01
-4.979303479194641113e-01 4.947072267532348633e-01
1.533259153366088867e-01 1.698457002639770508e-01
-9.283864498138427734e-02 4.271656274795532227e-01
-2.890313863754272461e-01 2.526133656501770020e-01
-1.299639344215393066e-01 -3.350059986114501953e-01
-3.962535858154296875e-01 4.402298927307128906e-01
2.350478768348693848e-01 3.661164641380310059e-01
-8.864182233810424805e-02 4.879210591316223145e-01
2.755796909332275391e-01 8.427435159683227539e-02
4.766644239425659180e-01 -3.701018691062927246e-01
2.716183662414550781e-01 -1.354837417602539062e-02
1.544698476791381836e-01 -9.649622440338134766e-02
-1.203716993331909180e-01 3.404227495193481445e-01
-2.143642902374267578e-01 -3.225267529487609863e-01
-1.934807300567626953e-01 3.755033016204833984e-02
-4.561837911605834961e-01 -1.781513690948486328e-01
-2.028409242630004883e-01 6.247431039810180664e-02
4.472357034683227539e-01 1.041324138641357422e-01
-2.367817163467407227e-01 -1.141682863235473633e-01
-1.028731465339660645e-01 -8.281987905502319336e-02
-4.513325691223144531e-01 -2.905888557434082031e-01
4.451383948326110840e-01 3.287060856819152832e-01
-4.889448285102844238e-01 4.644586443901062012e-01
4.655000567436218262e-01 1.414345502853393555e-01
-4.937785267829895020e-01 -4.300935864448547363e-01
1.294068098068237305e-01 4.937347173690795898e-01
-7.408750057220458984e-02 -4.683870077133178711e-02
4.436573386192321777e-01 -5.028808116912841797e-02
2.781172394752502441e-01 -1.762468814849853516e-01
4.562012553215026855e-01 -1.898553967475891113e-01
-3.790730237960815430e-01 -2.954539656639099121e-01
2.598897814750671387e-01 4.026573300361633301e-01
-3.590688109397888184e-01 -6.721138954162597656e-02
-2.547243237495422363e-01 8.076798915863037109e-02
3.297976851463317871e-01 4.135710000991821289e-01
-4.929523468017578125e-01 -2.322207689285278320e-01
5.308496952056884766e-02 3.071510791778564453e-02
-3.933660387992858887e-01 -6.797194480895996094e-03
4.026796817779541016e-01 -3.468672633171081543e-01
-9.965318441390991211e-02 4.552068710327148438e-01
1.305865645408630371e-01 -1.170321106910705566e-01
-5.759632587432861328e-02 5.576491355895996094e-03
-8.140575885772705078e-02 3.634284138679504395e-01
-4.463961720466613770e-01 -1.701369285583496094e-01
-2.969657778739929199e-01 1.343165040016174316e-01
-9.975653886795043945e-02 4.523431062698364258e-01
-2.473548054695129395e-01 7.538866996765136719e-02
3.509402275085449219e-03 2.494509816169738770e-01
1.475953459739685059e-01 -2.305092215538024902e-01
1.846100091934204102e-01 2.031416893005371094e-01
-3.127200007438659668e-01 -4.784906506538391113e-01
-5.685806274414062500e-03 3.189682364463806152e-01
4.480047225952148438e-01 3.371580839157104492e-01
3.699336647987365723e-01 3.112868666648864746e-01
5.889534950256347656e-03 2.913748621940612793e-01
2.471343874931335449e-01 -4.086449742317199707e-01
-1.899781823158264160e-01 -3.063178062438964844e-02
4.158594012260437012e-01 -4.028373956680297852e-01
-3.278048038482666016e-01 3.454619646072387695e-01
4.401241540908813477e-01 2.660433053970336914e-01
-4.321018457412719727e-01 3.728370666503906250e-01
-1.947447657585144043e-01 -3.055675625801086426e-01
-1.315705180168151855e-01 2.556744217872619629e-01
4.853380918502807617e-01 3.953571915626525879e-01
-4.123814105987548828e-01 -1.483872532844543457e-01
1.078078150749206543e-01 4.544888734817504883e-01
-2.871085405349731445e-01 3.831964731216430664e-01
3.983892202377319336e-01 4.695082306861877441e-01
2.804979681968688965e-01 4.412158131599426270e-01
2.370342016220092773e-01 -2.029733061790466309e-01
-3.506344556808471680e-01 -2.264806032180786133e-01
2.488487958908081055e-01 -3.482670783996582031e-01
-3.066653013229370117e-02 -4.070714116096496582e-01
3.772864341735839844e-01 4.162127375602722168e-01
-4.822291731834411621e-01 -1.718167662620544434e-01
1.315196752548217773e-01 -1.417687535285949707e-01
4.585223197937011719e-01 2.757228016853332520e-01
7.922279834747314453e-02 2.814592719078063965e-01
1.233715415000915527e-01 3.736621141433715820e-01
3.668229579925537109e-01 -4.617595672607421875e-02
-3.564876317977905273e-02 4.745513200759887695e-02
-4.615127444267272949e-01 -1.123979091644287109e-01
-1.628065109252929688e-02 1.382356882095336914e-01
2.161932587623596191e-01 -4.527315497398376465e-01
-4.582193493843078613e-01 -2.028306126594543457e-01
-1.518709063529968262e-01 -3.306576609611511230e-01
4.257249236106872559e-01 3.096147179603576660e-01
1.633715033531188965e-01 9.831708669662475586e-02
-4.006075859069824219e-01 -2.280545234680175781e-01
-3.843720555305480957e-01 4.260617494583129883e-02
-2.854004502296447754e-01 -6.475263833999633789e-02
4.125890135765075684e-01 -9.441262483596801758e-02
2.886764407157897949e-01 3.505426645278930664e-01
-3.267426490783691406e-01 -4.264754056930541992e-01
2.356308698654174805e-01 -1.880465745925903320e-01
-2.368809580802917480e-01 4.894087314605712891e-01
-4.265412688255310059e-01 -4.458395242691040039e-01
-3.880522251129150391e-01 4.448897242546081543e-01
4.168432950973510742e-01 6.157100200653076172e-03
-4.181458950042724609e-01 4.996293783187866211e-01
-2.340790033340454102e-01 -1.115513443946838379e-01
-3.610877990722656250e-01 -1.896687150001525879e-01
-4.918409585952758789e-01 4.884753823280334473e-01
-2.950708866119384766e-01 3.587309122085571289e-01
-1.732809543609619141e-01 3.781427741050720215e-01
4.711753726005554199e-01 -4.561048746109008789e-01
3.506125807762145996e-01 1.330657601356506348e-01
4.120769500732421875e-01 2.792053222656250000e-01
4.178062677383422852e-01 -1.747542619705200195e-02
1.487267017364501953e-02 -4.081087708473205566e-01
-4.790434837341308594e-01 -3.952582478523254395e-01
-4.879345297813415527e-01 -4.321768283843994141e-01
-2.192006111145019531e-01 4.634314179420471191e-01
2.525877952575683594e-01 3.897212147712707520e-01
-1.718133687973022461e-02 3.216851949691772461e-01
3.363525867462158203e-01 -4.587736725807189941e-01
-2.453675270080566406e-01 -3.558546304702758789e-01
4.917103648185729980e-01 -4.448400139808654785e-01
4.648695588111877441e-01 -7.397401332855224609e-02
-2.362178564071655273e-01 1.642939448356628418e-01
7.857364416122436523e-02 1.599041223526000977e-01
1.757181882858276367e-01 -1.727176904678344727e-01
-1.390857696533203125e-01 3.862069845199584961e-01
-2.364312410354614258e-01 -2.912498712539672852e-01
-1.473069787025451660e-01 -1.538609266281127930e-01
4.601592421531677246e-01 -4.347479343414306641e-02
-3.358891606330871582e-01 2.056301236152648926e-01
-4.136956930160522461e-01 -4.239070415496826172e-01
3.398185372352600098e-01 -1.609168648719787598e-01
-4.734778404235839844e-02 4.537860751152038574e-01
3.308088183403015137e-01 -1.040667295455932617e-02
-3.483464717864990234e-01 -4.804146289825439453e-02
3.050962090492248535e-01 2.703881263732910156e-02
-1.227487921714782715e-01 8.686500787734985352e-02
1.574449539184570312e-01 3.128043413162231445e-01
-4.237664341926574707e-01 8.367896080017089844e-04
4.730625748634338379e-01 1.638981699943542480e-01
3.392091393470764160e-01 9.342670440673828125e-02
-3.377959132194519043e-01 -3.101501464843750000e-01
-1.265325546264648438e-01 4.427908062934875488e-01
-4.588747024536132812e-02 -4.378170371055603027e-01
-2.674440145492553711e-01 -1.974645256996154785e-01
2.944259643554687500e-01 -2.930317521095275879e-01
-1.311042904853820801e-01 2.423270940780639648e-01
-2.620487809181213379e-01 -3.665580749511718750e-01
3.728308081626892090e-01 -1.829317808151245117e-01
-2.327606678009033203e-01 -1.524781584739685059e-01
4.025447964668273926e-01 -2.833026051521301270e-01
4.293453693389892578e-01 -3.499644994735717773e-02
4.467555880546569824e-01 9.052753448486328125e-02
4.637675285339355469e-01 2.780572175979614258e-01
2.809241414070129395e-01 2.855592966079711914e-01
-1.138650774955749512e-01 -4.724716544151306152e-01
4.204129576683044434e-01 2.054099440574645996e-01
-1.049627661705017090e-01 4.616254568099975586e-01
-4.712501764297485352e-01 7.737612724304199219e-02
4.735005497932434082e-01 3.049511313438415527e-01
3.100520372390747070e-02 1.366286277770996094e-01
2.164936661720275879e-01 -4.471656084060668945e-01
-5.324721336364746094e-02 -3.713549375534057617e-01
4.954916238784790039e-01 3.449183106422424316e-01
4.036605954170227051e-01 -1.091251969337463379e-01
2.130795121192932129e-01 8.849823474884033203e-02
-1.311472058296203613e-01 2.151289582252502441e-01
4.900664091110229492e-02 -4.646645784378051758e-01
-1.351633071899414062e-01 3.864525556564331055e-01
-4.041606187820434570e-02 -3.014683723449707031e-03
4.614336490631103516e-01 2.911773324012756348e-01
8.145964145660400391e-02 3.339248299598693848e-01
-2.551891207695007324e-01 5.969536304473876953e-02
-2.957886457443237305e-02 -4.655433297157287598e-01
-3.982438445091247559e-01 -4.672816991806030273e-01
-3.013880848884582520e-01 -1.843750476837158203e-03
3.014580607414245605e-01 -4.504479169845581055e-01
-1.893597841262817383e-01 -1.864581704139709473e-01
-4.249736666679382324e-01 -1.529866456985473633e-01
4.469797611236572266e-01 -1.119556427001953125e-01
1.501309871673583984e-02 1.034597754478454590e-01
-3.072864413261413574e-01 -2.863765954971313477e-01
3.607769012451171875e-01 9.458625316619873047e-02
-1.766650676727294922e-01 2.355434298515319824e-01
3.854548931121826172e-02 -4.051601886749267578e-01
2.469072937965393066e-01 1.446067094802856445e-01
-3.158432841300964355e-01 3.381777405738830566e-01
-3.599721789360046387e-01 -3.822069168090820312e-01
-2.503784894943237305e-01 1.465410590171813965e-01
-2.392663359642028809e-01 3.149949908256530762e-01
-3.677670359611511230e-01 3.376305103302001953e-03
-4.766795635223388672e-01 -3.808977603912353516e-01
9.329229593276977539e-02 1.635434627532958984e-01
-3.569970726966857910e-01 -2.547137141227722168e-01
2.470219135284423828e-02 1.262068748474121094e-01
-3.486129045486450195e-01 1.682270765304565430e-01
-1.964682340621948242e-02 -1.256071925163269043e-01
4.938355088233947754e-01 -8.917993307113647461e-02
4.423015117645263672e-01 -1.456868648529052734e-01
-4.068771600723266602e-01 2.896595001220703125e-01
-2.839434742927551270e-01 8.993327617645263672e-02
1.123600006103515625e-01 -3.779852986335754395e-01
-4.638774394989013672e-01 1.216747760772705078e-01
-1.870925426483154297e-01 -4.999846220016479492e-02
-4.492716789245605469e-01 -3.802831172943115234e-01
-2.082737088203430176e-01 -7.386392354965209961e-02
2.846205830574035645e-01 -4.185392260551452637e-01
1.729695796966552734e-01 4.190784692764282227e-02
1.058307886123657227e-01 4.566532969474792480e-01
4.446170330047607422e-01 -4.465884566307067871e-01
-3.760048151016235352e-01 -8.671683073043823242e-02
-3.794943094253540039e-01 3.662948608398437500e-01
-3.136116862297058105e-01 9.441804885864257812e-02
1.986315250396728516e-01 -3.807625770568847656e-01
-6.863451004028320312e-02 3.564150333404541016e-01
1.956751346588134766e-01 -2.209463119506835938e-01
5.236309766769409180e-02 -4.390819072723388672e-01
9.297126531600952148e-02 -2.621161937713623047e-02
1.141479015350341797e-01 8.952498435974121094e-03
-3.180712461471557617e-01 -2.178869843482971191e-01
2.985771894454956055e-01 3.484931588172912598e-01
1.961344480514526367e-02 1.432718038558959961e-01
4.900768399238586426e-01 -4.592571258544921875e-01
4.936643242835998535e-01 1.479795575141906738e-01
-4.072369337081909180e-01 -3.024585247039794922e-01
-2.033280730247497559e-01 -3.872907757759094238e-01
-2.564828395843505859e-01 3.656898736953735352e-01
2.026738524436950684e-01 -4.039347171783447266e-03
-4.706531763076782227e-02 1.385970115661621094e-01
-2.837808728218078613e-01 -2.018464207649230957e-01
-1.975619792938232422e-01 3.433239459991455078e-01
-3.958001732826232910e-01 -2.337778210639953613e-01
-4.212653636932373047e-01 3.825963735580444336e-01
2.318395376205444336e-01 2.546315789222717285e-01
2.611722946166992188e-01 3.460804224014282227e-01
-3.073786497116088867e-01 -1.371799707412719727e-01
-3.282301425933837891e-01 2.064982056617736816e-01
-7.384419441223144531e-02 2.977100610733032227e-01
3.704147934913635254e-01 4.706294536590576172e-01
-4.937921166419982910e-01 3.500771522521972656e-02
-3.685982823371887207e-01 8.481717109680175781e-02
3.743016123771667480e-01 2.473680973052978516e-01
1.279842257499694824e-01 -3.194875121116638184e-01
-2.175588607788085938e-01 1.004678010940551758e-01
-2.741813659667968750e-05 3.344781398773193359e-01
-3.379690051078796387e-01 -1.693239808082580566e-01
1.859868168830871582e-01 -1.633398532867431641e-01
-2.178368568420410156e-01 -3.912352919578552246e-01
3.914968967437744141e-01 -5.886548757553100586e-02
-3.495385646820068359e-01 -4.952239990234375000e-02
4.913319945335388184e-01 4.577779769897460938e-01
-1.854629516601562500e-01 -3.753945827484130859e-01
2.675666809082031250e-01 4.143364429473876953e-01
-3.038134574890136719e-01 -7.476228475570678711e-02
-3.751134276390075684e-01 -3.813565373420715332e-01
4.199634194374084473e-01 2.908104062080383301e-01
-3.312135338783264160e-01 1.894796490669250488e-01
-2.575265765190124512e-01 -4.939830899238586426e-01
-3.908142447471618652e-01 2.863652110099792480e-01
-3.255882859230041504e-01 3.274731636047363281e-01
2.796747088432312012e-01 4.939515590667724609e-01
4.913264513015747070e-01 -2.729018926620483398e-01
1.123558878898620605e-01 -2.777516841888427734e-03
-4.561995863914489746e-01 -9.868371486663818359e-02
-1.599025726318359375e-02 9.807407855987548828e-03
2.614146471023559570e-01 -3.452755808830261230e-01
-2.539423704147338867e-01 -1.032848954200744629e-01
-2.020176649093627930e-01 -1.603133678436279297e-01
-7.586264610290527344e-02 3.072559237480163574e-01
-3.977545499801635742e-01 1.319501996040344238e-01
2.664601206779479980e-01 6.907397508621215820e-02
-1.355002522468566895e-01 9.554594755172729492e-02
-3.696576356887817383e-01 -7.407265901565551758e-02
-5.258232355117797852e-02 3.544549942016601562e-01
-4.630848765373229980e-01 -4.670972824096679688e-01
-4.182395935058593750e-01 2.010978460311889648e-01
3.294945359230041504e-01 3.946799635887145996e-01
-2.093008756637573242e-01 8.334940671920776367e-02
-4.264122843742370605e-01 4.497637748718261719e-01
-3.921962976455688477e-01 -1.195247173309326172e-01
3.986520767211914062e-01 -1.492196321487426758e-01
5.522626638412475586e-02 -3.253102898597717285e-01
-4.532843232154846191e-01 -3.234398961067199707e-01
4.161545634269714355e-01 -3.974022865295410156e-01
-4.989706277847290039e-01 4.271192550659179688e-01
-3.303342461585998535e-01 -3.217105865478515625e-01
4.012845158576965332e-01 -4.718677401542663574e-01
-1.970549821853637695e-01 -2.505755424499511719e-02
1.655418872833251953e-01 3.091199398040771484e-01
-2.004274725914001465e-01 3.613311052322387695e-01
2.738189697265625000e-02 1.571273803710937500e-01
2.247406840324401855e-01 -3.581262826919555664e-01
-3.537887334823608398e-01 -2.370185256004333496e-01
-1.925612688064575195e-01 -4.139953851699829102e-02
-2.952463626861572266e-01 1.007045507431030273e-01
4.021507501602172852e-01 2.086138725280761719e-02
-1.047310829162597656e-01 4.566838145256042480e-01
-4.777331352233886719e-01 -4.756888747215270996e-01
-4.488319158554077148e-01 -2.581168413162231445e-01
4.183140397071838379e-01 -7.711946964263916016e-02
-3.402935266494750977e-01 -3.100960850715637207e-01
8.056527376174926758e-02 2.284149527549743652e-01
-2.056237459182739258e-01 -3.426849842071533203e-03
-3.349202275276184082e-01 -3.695772886276245117e-01
2.736257910728454590e-01 3.224039077758789062e-02
1.358353495597839355e-01 2.420064806938171387e-01
-1.831310987472534180e-02 -3.780562281608581543e-01
3.210210800170898438e-01 -1.324045658111572266e-02
-2.377094626426696777e-01 -8.181560039520263672e-02
-3.594887256622314453e-02 2.212289571762084961e-01
-4.688672423362731934e-01 2.226135730743408203e-01
8.287149667739868164e-02 1.796686649322509766e-02
1.779431700706481934e-01 -1.830236911773681641e-01
2.112782597541809082e-01 -3.572207093238830566e-01
-9.439682960510253906e-02 3.390673995018005371e-01
1.499582529067993164e-01 -4.212317466735839844e-01
2.997556924819946289e-01 7.075858116149902344e-02
-6.322431564331054688e-02 -1.904083490371704102e-01
3.019528388977050781e-01 2.752892374992370605e-01
1.417319774627685547e-01 -3.860763311386108398e-01
-4.115610718727111816e-01 -4.669742584228515625e-01
-4.546812176704406738e-01 5.057686567306518555e-02
-4.650089144706726074e-01 4.010318517684936523e-01
-2.276892662048339844e-01 1.444774866104125977e-02
-2.146033048629760742e-01 4.608517289161682129e-01
-4.485681056976318359e-01 4.472945332527160645e-01
2.263170480728149414e-01 4.261094331741333008e-01
2.409502267837524414e-01 1.031935214996337891e-01
1.774605512619018555e-01 8.037805557250976562e-02
-2.042623758316040039e-01 2.115905880928039551e-01
1.560478806495666504e-01 -4.351480007171630859e-01
6.816667318344116211e-02 -1.080951690673828125e-01
4.695140123367309570e-01 -2.279692292213439941e-01
-3.222418427467346191e-01 4.816539287567138672e-01
4.316645860671997070e-01 2.884979248046875000e-01
1.328551173210144043e-01 1.323263049125671387e-01
-2.301431894302368164e-01 1.825220584869384766e-01
-4.358614087104797363e-01 -3.114199638366699219e-01
-4.250143766403198242e-01 -4.266797304153442383e-01
-4.638193249702453613e-01 -2.544243931770324707e-01
8.641827106475830078e-02 -1.939418315887451172e-01
-1.238478422164916992e-01 -2.800869941711425781e-01
-3.862658143043518066e-01 4.890113472938537598e-01
-2.262662053108215332e-01 1.069468259811401367e-02
4.512546658515930176e-01 1.192721128463745117e-01
4.442332983016967773e-01 -4.711208939552307129e-01
-4.826386570930480957e-01 4.821026325225830078e-02
-3.408223390579223633e-01 -1.084208488464355469e-02
2.406659126281738281e-01 4.765922427177429199e-01
-2.519550919532775879e-01 4.596656560897827148e-02
-1.040018796920776367e-01 1.117718219757080078e-01
-2.580267190933227539e-01 -1.153350472450256348e-01
-3.663421273231506348e-01 -2.612518668174743652e-01
4.417285323143005371e-01 3.981871604919433594e-01
3.824699521064758301e-01 -1.712285876274108887e-01
7.268339395523071289e-02 1.370609402656555176e-01
3.978905677795410156e-01 -4.506565332412719727e-01
-4.290694594383239746e-01 -2.038137316703796387e-01
-3.684497475624084473e-01 -4.090631008148193359e-02
-6.584769487380981445e-02 4.668545126914978027e-01
4.292272329330444336e-01 2.546125650405883789e-01
1.821969747543334961e-01 3.033261299133300781e-01
-1.431713104248046875e-01 3.935362696647644043e-01
-7.872354984283447266e-02 -4.098218679428100586e-01
-4.245147705078125000e-01 -1.443414092063903809e-01
-1.649689078330993652e-01 3.761736750602722168e-01
4.429842829704284668e-01 1.026917099952697754e-01
-2.522941827774047852e-01 3.424263000488281250e-02
-3.336513638496398926e-01 -1.999090909957885742e-01
-3.384717106819152832e-01 -3.229581713676452637e-01
-9.484064579010009766e-02 4.133594036102294922e-02
4.412835240364074707e-01 2.004908323287963867e-01
-2.825215458869934082e-01 -3.946083784103393555e-02
3.511600494384765625e-01 4.858104586601257324e-01
-3.294618129730224609e-01 2.527303695678710938e-01
-3.032934665679931641e-01 -1.683162450790405273e-01
-5.846554040908813477e-02 -2.231842875480651855e-01
2.975904941558837891e-01 9.503281116485595703e-02
-1.661590933799743652e-01 1.546012163162231445e-01
4.047805070877075195e-02 2.701967954635620117e-01
-4.615718126296997070e-02 1.780866980552673340e-01
-2.428395748138427734e-01 3.133555054664611816e-01
4.886847734451293945e-02 1.845352053642272949e-01
-1.544480919837951660e-01 1.397961378097534180e-02
-4.812638759613037109e-01 -1.160483360290527344e-01
-4.436713457107543945e-02 -4.226205348968505859e-01
8.333331346511840820e-02 -3.172639012336730957e-01
4.474271535873413086e-01 -1.019552350044250488e-01
1.355375647544860840e-01 -2.255144119262695312e-01
-4.779509305953979492e-01 -2.547697424888610840e-01
-1.871631145477294922e-01 3.762208819389343262e-01
-1.343138217926025391e-01 2.499793767929077148e-01
-4.282881021499633789e-01 4.906823039054870605e-01
1.746440529823303223e-01 -4.267061948776245117e-01
-1.370779871940612793e-01 -4.120134711265563965e-01
7.870465517044067383e-02 3.650910854339599609e-01
-1.641889810562133789e-01 3.397386670112609863e-01
-1.074945926666259766e-01 -1.380718946456909180e-01
2.950445413589477539e-01 5.406135320663452148e-02
-2.711305618286132812e-01 -3.151317834854125977e-01
-1.093778610229492188e-01 4.858303070068359375e-01
-3.427156805992126465e-01 1.021408438682556152e-01
-3.096035718917846680e-01 -4.295345544815063477e-01
-4.266725778579711914e-01 8.210414648056030273e-02
-2.768140435218811035e-01 4.062689542770385742e-01
1.340669989585876465e-01 3.387169837951660156e-01
2.623831033706665039e-01 4.268364310264587402e-01
-8.142143487930297852e-02 -2.731754183769226074e-01
3.344184160232543945e-02 1.745194196701049805e-01
3.537422418594360352e-02 -3.467636704444885254e-01
2.572733163833618164e-01 -4.937314987182617188e-02
4.080311655998229980e-01 -3.877668976783752441e-01
2.280262112617492676e-01 3.535360097885131836e-02
-3.105069398880004883e-01 -1.544022560119628906e-01
-2.886348962783813477e-02 4.767426252365112305e-01
-3.410965204238891602e-02 -3.766865730285644531e-01
-6.856721639633178711e-02 6.427443027496337891e-02
-2.236247658729553223e-01 2.464297413825988770e-01
-3.437626957893371582e-01 -1.836292743682861328e-01
2.159059047698974609e-03 1.613458395004272461e-01
-3.340253829956054688e-01 1.071564555168151855e-01
-8.160454034805297852e-02 1.929861307144165039e-01
-9.689432382583618164e-02 2.097056508064270020e-01
4.112087488174438477e-01 3.706834912300109863e-01
-3.969101309776306152e-01 -4.727792739868164062e-02
2.312415838241577148e-01 -4.662423729896545410e-01
3.525444269180297852e-01 2.078912854194641113e-01
4.758161306381225586e-02 1.103772521018981934e-01
4.270794987678527832e-01 -3.206320405006408691e-01
-2.376936674118041992e-01 4.534062147140502930e-01
4.436540603637695312e-01 3.933935761451721191e-01
-3.317576050758361816e-01 4.024012088775634766e-01
-1.726233959197998047e-02 2.564780116081237793e-01
-1.813901662826538086e-01 4.097505211830139160e-01
1.840641498565673828e-01 -3.302145600318908691e-01
-5.319112539291381836e-02 -3.136870265007019043e-01
-8.044046163558959961e-02 -2.511416673660278320e-01
-3.143898844718933105e-01 -1.078253984451293945e-02
2.240911722183227539e-01 -4.120958447456359863e-01
-4.049549102783203125e-01 -2.370845079421997070e-01
3.119313716888427734e-01 5.076551437377929688e-02
-2.602015733718872070e-01 4.600524902343750000e-03
3.850618600845336914e-01 1.648334860801696777e-01
4.519807696342468262e-01 4.125279188156127930e-01
3.779768943786621094e-02 3.811327815055847168e-01
4.703999757766723633e-01 4.099190235137939453e-01
3.899459242820739746e-01 9.944832324981689453e-02
1.364957690238952637e-01 -1.288313865661621094e-01
-2.775873541831970215e-01 4.972881078720092773e-02
1.133073568344116211e-01 -1.866616606712341309e-01
-1.084623336791992188e-01 1.187979578971862793e-01
2.916802763938903809e-01 -4.648295640945434570e-01
-4.918110966682434082e-01 3.942452073097229004e-01
-1.092624664306640625e-02 3.612277507781982422e-01
3.511627912521362305e-01 2.501732110977172852e-02
-7.514125108718872070e-02 3.875283002853393555e-01
3.036599159240722656e-01 -7.522702217102050781e-04
2.472512722015380859e-01 9.067422151565551758e-02
-4.117269515991210938e-01 -3.556419610977172852e-01
-9.086382389068603516e-02 2.264278531074523926e-01
-5.993348360061645508e-02 4.967638850212097168e-01
2.342756390571594238e-01 -3.504074811935424805e-01
-2.177547812461853027e-01 -7.260060310363769531e-02
-1.852887868881225586e-02 -4.899693131446838379e-01
4.723207354545593262e-01 3.267621994018554688e-02
8.187294006347656250e-02 -1.273627281188964844e-01
3.177573084831237793e-01 3.552857041358947754e-01
4.694330096244812012e-01 2.581362128257751465e-01
-3.621750473976135254e-01 -4.071354866027832031e-03
-3.807902336120605469e-02 3.977409005165100098e-01
-1.009639501571655273e-01 -1.794749498367309570e-02
-3.485536575317382812e-01 1.730216741561889648e-01
3.105285763740539551e-01 4.521265625953674316e-01
4.671973586082458496e-01 -4.586390256881713867e-01
9.432333707809448242e-02 7.727497816085815430e-02
5.098932981491088867e-02 -4.407336711883544922e-01
1.470331549644470215e-01 6.019645929336547852e-02
2.309686541557312012e-01 1.834342479705810547e-01
1.145295500755310059e-01 4.532453417778015137e-01
-1.956314444541931152e-01 -2.399618625640869141e-01
9.361767768859863281e-02 -9.721857309341430664e-02
-3.058403730392456055e-01 -3.599390983581542969e-01
4.696695804595947266e-01 -4.375407099723815918e-01
4.081500172615051270e-01 -1.520466804504394531e-02
-1.885986924171447754e-01 1.448377966880798340e-01
9.405189752578735352e-02 -4.303503036499023438e-01
1.589758992195129395e-01 -4.071269035339355469e-01
2.615547180175781250e-01 -6.871324777603149414e-02
-3.205549716949462891e-01 -2.367476224899291992e-01
-4.781446456909179688e-01 -3.414433002471923828e-01
4.605039954185485840e-01 9.542119503021240234e-02
-3.662123680114746094e-01 4.850835800170898438e-01
-4.836469292640686035e-01 2.327693700790405273e-01
-3.915091753005981445e-01 -2.346343398094177246e-01
4.497327804565429688e-01 -3.726831078529357910e-01
1.821888089179992676e-01 -3.527888655662536621e-01
2.655409574508666992e-01 3.026280999183654785e-01
2.902715206146240234e-01 2.646798491477966309e-01
2.737641334533691406e-01 5.229425430297851562e-02
-4.184262156486511230e-01 3.344327211380004883e-02
1.880038380622863770e-01 -4.279078841209411621e-01
-4.272078871726989746e-01 1.321612000465393066e-01
4.948815107345581055e-01 2.561074495315551758e-02
3.059901595115661621e-01 2.303698062896728516e-01
1.164353489875793457e-01 1.279816031455993652e-01
3.039704561233520508e-01 -1.748275160789489746e-01
1.453279256820678711e-01 -4.975367188453674316e-01
-3.653413057327270508e-02 1.638097167015075684e-01
-3.173701167106628418e-01 3.294442892074584961e-01
1.336873769760131836e-01 -4.129080176353454590e-01
-4.988237619400024414e-01 1.713324785232543945e-01
2.239651679992675781e-01 -3.754160404205322266e-01
2.281080484390258789e-01 1.099389195442199707e-01
-4.209502339363098145e-01 3.447389602661132812e-01
-3.969355225563049316e-01 2.467569112777709961e-01
-1.190626621246337891e-01 3.668604493141174316e-01
-1.884561181068420410e-01 4.737459421157836914e-01
4.716702103614807129e-01 3.791921138763427734e-01
-3.773349523544311523e-01 -2.181298732757568359e-01
4.722506999969482422e-01 -3.299801945686340332e-01
3.623567223548889160e-01 -2.966636419296264648e-01
-4.472184777259826660e-01 3.799497485160827637e-01
4.773008823394775391e-02 -1.441133022308349609e-01
4.744671583175659180e-01 -9.435868263244628906e-02
3.246957063674926758e-01 -4.284226894378662109e-02
2.512525320053100586e-01 -1.439136266708374023e-01
-3.655135035514831543e-01 -4.067566394805908203e-01
8.784991502761840820e-02 -2.952560782432556152e-01
-1.694030165672302246e-01 -1.821499466896057129e-01
2.828705310821533203e-02 2.964947223663330078e-01
-3.078682422637939453e-01 3.369134068489074707e-01
-3.377387523651123047e-01 -2.738085389137268066e-01
3.517806529998779297e-03 -3.111382722854614258e-01
2.878445386886596680e-01 9.264254570007324219e-02
-1.121025681495666504e-01 2.888607382774353027e-01
-8.730006217956542969e-02 1.262627840042114258e-01
-3.445219397544860840e-01 -2.547852993011474609e-01
-2.857673168182373047e-01 -4.333073496818542480e-01
2.843869924545288086e-01 4.090027213096618652e-01
4.472146034240722656e-01 -2.699140906333923340e-01
-8.701062202453613281e-02 3.045629858970642090e-01
-4.028190374374389648e-01 8.656072616577148438e-02
-1.775676012039184570e-02 -1.730785965919494629e-01
-4.161878228187561035e-01 1.040688157081604004e-01
3.731234669685363770e-01 -1.663157343864440918e-01
-3.315091133117675781e-02 2.353876829147338867e-02
4.205566644668579102e-02 3.818239569664001465e-01
-8.552426099777221680e-02 2.608243823051452637e-01
-3.371310234069824219e-02 -1.226153373718261719e-01
-1.231171488761901855e-01 1.906538605690002441e-01
-8.065521717071533203e-02 4.888219833374023438e-01
3.562725782394409180e-01 -7.937788963317871094e-03
-1.463283300399780273e-01 -9.563326835632324219e-02
8.715498447418212891e-02 3.844521045684814453e-01
5.907142162322998047e-02 -1.329756379127502441e-01
-1.237829923629760742e-01 3.118216395378112793e-01
-2.324283123016357422e-03 -1.582621335983276367e-01
1.793105602264404297e-01 -2.000563144683837891e-01
-9.621214866638183594e-02 -4.538767337799072266e-01
2.556743025779724121e-01 1.138186454772949219e-02
1.085046529769897461e-01 -4.649074077606201172e-01
2.958003282546997070e-01 -1.487516164779663086e-01
3.641744256019592285e-01 2.832446694374084473e-01
3.546158075332641602e-01 1.989138722419738770e-01
-8.029043674468994141e-02 -5.018317699432373047e-02
-1.220206022262573242e-01 -3.944666385650634766e-01
-4.762357473373413086e-01 -9.314060211181640625e-03
4.540140032768249512e-01 -2.321916222572326660e-01
-4.530108571052551270e-01 -1.356596350669860840e-01
4.522732496261596680e-01 -4.743926525115966797e-01
3.140653967857360840e-01 2.650159597396850586e-01
4.399230480194091797e-01 4.389430284500122070e-01
-3.300662040710449219e-01 1.671055555343627930e-01
-4.407374858856201172e-01 2.579831480979919434e-01
-4.471685290336608887e-01 -2.728492021560668945e-02
3.660603165626525879e-01 -2.090366482734680176e-01
1.417609453201293945e-01 -3.501090407371520996e-01
-1.033883094787597656e-01 2.456084489822387695e-01
-3.036266565322875977e-01 2.913063764572143555e-01
2.003502845764160156e-02 1.904584765434265137e-01
4.413205981254577637e-01 -3.301533460617065430e-01
-1.696601510047912598e-01 -4.163956642150878906e-01
4.752016663551330566e-01 2.158902287483215332e-01
4.464951157569885254e-01 -2.205837965011596680e-01
4.041028022766113281e-02 4.358528852462768555e-01
4.317703247070312500e-01 -2.375462651252746582e-01
3.491857051849365234e-01 3.855106234550476074e-01
3.188674449920654297e-01 1.266655921936035156e-01
1.504802107810974121e-01 2.655634880065917969e-01
-4.755062460899353027e-01 8.079856634140014648e-02
4.810026288032531738e-01 -3.380581140518188477e-01
2.640764117240905762e-01 -4.210451245307922363e-01
-2.148828506469726562e-01 3.231810331344604492e-01
1.145452857017517090e-01 -1.713473200798034668e-01
6.467491388320922852e-02 3.521152138710021973e-01
3.599670529365539551e-01 -2.813344001770019531e-01
2.667115330696105957e-01 3.927422165870666504e-01
2.861947417259216309e-01 -1.367288827896118164e-02
-4.638767242431640625e-01 3.015252351760864258e-01
3.460919260978698730e-01 1.468837261199951172e-02
1.976854801177978516e-01 -1.546698808670043945e-02
-4.929977655410766602e-02 -3.625106811523437500e-01
-9.121882915496826172e-02 -1.681888103485107422e-01
3.179795742034912109e-01 4.403956532478332520e-01
8.141857385635375977e-02 3.890141844749450684e-01
-4.731519222259521484e-01 1.891584992408752441e-01
3.698977828025817871e-01 4.093194007873535156e-01
2.272374033927917480e-01 -9.088295698165893555e-02
3.086420893669128418e-01 -1.735859513282775879e-01
1.851491928100585938e-01 -3.740965723991394043e-01
4.533374309539794922e-01 8.324962854385375977e-02
3.242260813713073730e-01 1.812005043029785156e-01
-1.326394081115722656e-02 3.113461136817932129e-01
-2.319756150245666504e-01 -5.056017637252807617e-02
-4.289476275444030762e-01 7.792985439300537109e-02
2.778989672660827637e-01 1.009737849235534668e-01
-3.109112381935119629e-01 1.912629604339599609e-01
