3.681123256683349609e-01 6.158124804496765137e-01
5.120142698287963867e-01 5.118412375450134277e-01
5.071488618850708008e-01 6.030592918395996094e-01
5.750505924224853516e-01 7.768961191177368164e-01
5.286930799484252930e-01 4.970957934856414795e-01
4.117005169391632080e-01 7.054557204246520996e-01
6.295315623283386230e-01 4.559772908687591553e-01
6.744366288185119629e-01 6.910974979400634766e-01
8.032983541488647461e-01 6.954753398895263672e-01
8.319112062454223633e-01 6.833199858665466309e-01
7.060591578483581543e-01 6.616908907890319824e-01
4.046036899089813232e-01 5.962957739830017090e-01
6.891471147537231445e-01 5.772954821586608887e-01
6.994047164916992188e-01 4.732650220394134521e-01
6.105734109878540039e-01 4.138623774051666260e-01
6.782633066177368164e-01 4.827088415622711182e-01
8.065949678421020508e-01 6.118332743644714355e-01
5.506845116615295410e-01 5.683766007423400879e-01
4.980262815952301025e-01 7.539150714874267578e-01
5.593673586845397949e-01 4.923224747180938721e-01
4.148015081882476807e-01 5.546063184738159180e-01
3.915202617645263672e-01 6.152291893959045410e-01
6.856465935707092285e-01 5.250899791717529297e-01
7.186019420623779297e-01 4.936617314815521240e-01
5.417231917381286621e-01 7.147979736328125000e-01
6.788787245750427246e-01 3.937176764011383057e-01
6.166421175003051758e-01 4.790823161602020264e-01
4.845199286937713623e-01 5.286906957626342773e-01
6.039154529571533203e-01 3.917066752910614014e-01
8.228356242179870605e-01 4.993552863597869873e-01
7.285090088844299316e-01 5.146480798721313477e-01
8.575101494789123535e-01 5.843189358711242676e-01
7.987921237945556641e-01 4.995973706245422363e-01
6.065294146537780762e-01 7.587161064147949219e-01
5.335429906845092773e-01 5.507857799530029297e-01
6.379262208938598633e-01 7.679439187049865723e-01
6.299976706504821777e-01 3.740471899509429932e-01
7.451659440994262695e-01 4.694322347640991211e-01
4.842648208141326904e-01 7.208082079887390137e-01
8.773624897003173828e-01 5.321635603904724121e-01
7.824436426162719727e-01 7.097216844558715820e-01
5.669147968292236328e-01 7.694236040115356445e-01
6.009535789489746094e-01 4.607284963130950928e-01
4.785394966602325439e-01 5.980663299560546875e-01
7.120774984359741211e-01 7.441176772117614746e-01
5.012742280960083008e-01 3.501849472522735596e-01
6.112470626831054688e-01 8.015930056571960449e-01
5.720701217651367188e-01 8.066135644912719727e-01
7.489237785339355469e-01 4.287489950656890869e-01
6.175721287727355957e-01 8.251494765281677246e-01
7.949662804603576660e-01 6.784230470657348633e-01
6.820905208587646484e-01 6.106997728347778320e-01
6.587724089622497559e-01 4.803603589534759521e-01
8.161603808403015137e-01 6.429573893547058105e-01
5.119538307189941406e-01 8.103171586990356445e-01
7.115636467933654785e-01 7.050653696060180664e-01
6.704955697059631348e-01 7.907724380493164062e-01
6.258721351623535156e-01 3.699034154415130615e-01
6.248521208763122559e-01 7.293466925621032715e-01
4.723828136920928955e-01 7.232851386070251465e-01
7.613517045974731445e-01 5.704992413520812988e-01
3.707444965839385986e-01 5.505851507186889648e-01
7.142924070358276367e-01 8.015419840812683105e-01
7.020228505134582520e-01 6.678301095962524414e-01
7.501312494277954102e-01 6.544023752212524414e-01
6.615460515022277832e-01 7.801722884178161621e-01
6.734822392463684082e-01 4.662826955318450928e-01
7.475217580795288086e-01 7.602363824844360352e-01
7.851618528366088867e-01 5.138828158378601074e-01
6.338886618614196777e-01 7.966641187667846680e-01
5.041518807411193848e-01 6.540551185607910156e-01
5.779430866241455078e-01 4.380592107772827148e-01
8.065507411956787109e-01 7.249155044555664062e-01
7.351995110511779785e-01 7.573788166046142578e-01
4.846826791763305664e-01 4.659681916236877441e-01
6.676700115203857422e-01 3.804547786712646484e-01
4.484782814979553223e-01 6.165813207626342773e-01
5.187826752662658691e-01 7.529758810997009277e-01
5.755265951156616211e-01 6.960227489471435547e-01
6.997892856597900391e-01 6.213930249214172363e-01
7.332171201705932617e-01 6.921722888946533203e-01
8.188146948814392090e-01 6.275483965873718262e-01
5.397085547447204590e-01 5.067721009254455566e-01
5.077357292175292969e-01 6.689561605453491211e-01
5.332007408142089844e-01 2.903665900230407715e-01
5.238168239593505859e-01 6.246551275253295898e-01
7.823847532272338867e-01 7.594500184059143066e-01
5.012672543525695801e-01 5.731562376022338867e-01
7.269235253334045410e-01 6.151697635650634766e-01
4.930794835090637207e-01 6.602839827537536621e-01
8.061079978942871094e-01 5.350317955017089844e-01
6.766982078552246094e-01 6.096304059028625488e-01
4.533323645591735840e-01 6.737207174301147461e-01
6.119447946548461914e-01 5.849263668060302734e-01
7.402530908584594727e-01 7.037975788116455078e-01
5.674578547477722168e-01 8.192405700683593750e-01
4.946534931659698486e-01 2.750464975833892822e-01
6.201239824295043945e-01 4.658431410789489746e-01
6.592214107513427734e-01 7.764151692390441895e-01
3.711369633674621582e-01 6.242830157279968262e-01
7.622231841087341309e-01 4.521987438201904297e-01
7.480714321136474609e-01 6.281200051307678223e-01
7.541834115982055664e-01 5.560802817344665527e-01
3.959578871726989746e-01 6.596355438232421875e-01
5.847229361534118652e-01 4.390663206577301025e-01
8.838030695915222168e-01 6.423033475875854492e-01
4.878940582275390625e-01 5.393570661544799805e-01
7.141556143760681152e-01 5.031221508979797363e-01
8.242185115814208984e-01 5.279046297073364258e-01
6.352061629295349121e-01 7.083805203437805176e-01
7.740618586540222168e-01 4.237048327922821045e-01
5.992092490196228027e-01 5.694286227226257324e-01
8.033083677291870117e-01 6.769433021545410156e-01
7.742283344268798828e-01 5.215138792991638184e-01
4.878328442573547363e-01 6.516685485839843750e-01
4.437423050403594971e-01 6.415282487869262695e-01
5.020738244056701660e-01 6.810191869735717773e-01
7.562626600265502930e-01 5.549719929695129395e-01
6.704760789871215820e-01 4.553012549877166748e-01
5.795823931694030762e-01 5.871411561965942383e-01
4.953645765781402588e-01 4.863372445106506348e-01
8.978451490402221680e-01 6.094652414321899414e-01
6.710981726646423340e-01 7.220868468284606934e-01
6.017396450042724609e-01 3.808287382125854492e-01
7.634310126304626465e-01 5.797747373580932617e-01
7.337194681167602539e-01 5.623185038566589355e-01
8.590438961982727051e-01 6.352709531784057617e-01
5.803589224815368652e-01 3.461550474166870117e-01
8.050158023834228516e-01 6.772961020469665527e-01
4.920480251312255859e-01 5.474925637245178223e-01
4.827667772769927979e-01 6.063369512557983398e-01
7.317457199096679688e-01 5.922976136207580566e-01
5.486525297164916992e-01 6.541347503662109375e-01
5.153287053108215332e-01 5.985959768295288086e-01
5.756796598434448242e-01 5.420118570327758789e-01
4.746323525905609131e-01 4.543455243110656738e-01
5.779801011085510254e-01 5.956642031669616699e-01
6.666425466537475586e-01 7.776147127151489258e-01
4.389274716377258301e-01 5.406578183174133301e-01
5.467925667762756348e-01 5.476803779602050781e-01
8.383338451385498047e-01 5.884169936180114746e-01
7.879512906074523926e-01 5.830810666084289551e-01
6.636210680007934570e-01 4.979774951934814453e-01
5.985783338546752930e-01 4.258562028408050537e-01
5.663957595825195312e-01 6.539571881294250488e-01
8.833660483360290527e-01 7.034557461738586426e-01
8.497260808944702148e-01 5.243466496467590332e-01
7.249801754951477051e-01 7.725808620452880859e-01
5.970970988273620605e-01 4.709447622299194336e-01
7.465530633926391602e-01 6.851369738578796387e-01
7.111110687255859375e-01 4.712370634078979492e-01
4.579792320728302002e-01 6.781207919120788574e-01
6.157796382904052734e-01 6.659988164901733398e-01
6.786486506462097168e-01 4.856868982315063477e-01
5.801517963409423828e-01 6.616222858428955078e-01
6.156950592994689941e-01 2.966766059398651123e-01
4.803217053413391113e-01 5.528792738914489746e-01
8.134040236473083496e-01 4.871630370616912842e-01
7.719455957412719727e-01 4.976780414581298828e-01
7.404524683952331543e-01 4.585931599140167236e-01
7.611368894577026367e-01 6.849395036697387695e-01
6.632202267646789551e-01 7.546471953392028809e-01
4.643202126026153564e-01 6.226276159286499023e-01
6.353803873062133789e-01 7.002964615821838379e-01
4.050740897655487061e-01 5.223915576934814453e-01
3.780236840248107910e-01 6.218992471694946289e-01
5.522354245185852051e-01 5.574622154235839844e-01
5.063009858131408691e-01 7.777521014213562012e-01
6.107525229454040527e-01 6.475167870521545410e-01
8.934116959571838379e-01 5.850375890731811523e-01
5.175960659980773926e-01 5.727798342704772949e-01
3.875060975551605225e-01 6.354984641075134277e-01
5.651473999023437500e-01 6.659090518951416016e-01
7.993922829627990723e-01 6.287271380424499512e-01
5.089633464813232422e-01 6.713250875473022461e-01
5.012682676315307617e-01 6.135636568069458008e-01
4.533610939979553223e-01 6.088699698448181152e-01
5.790864825248718262e-01 7.963601350784301758e-01
5.883255600929260254e-01 7.985912561416625977e-01
6.492564678192138672e-01 4.493934810161590576e-01
7.986689209938049316e-01 4.453870356082916260e-01
4.573541879653930664e-01 7.172012329101562500e-01
4.860452413558959961e-01 5.126838684082031250e-01
5.064246654510498047e-01 6.509994864463806152e-01
6.274260282516479492e-01 4.150753915309906006e-01
7.407014966011047363e-01 6.048985719680786133e-01
4.199316799640655518e-01 5.731675028800964355e-01
4.900432825088500977e-01 4.285216927528381348e-01
3.962923288345336914e-01 6.027618646621704102e-01
4.975285232067108154e-01 5.409825444221496582e-01
4.984731674194335938e-01 4.610987603664398193e-01
7.091212272644042969e-01 5.883774161338806152e-01
4.199449717998504639e-01 6.259272098541259766e-01
8.586328625679016113e-01 5.692518949508666992e-01
5.712788701057434082e-01 4.645665287971496582e-01
8.183020949363708496e-01 5.864794850349426270e-01
6.472660303115844727e-01 3.427920043468475342e-01
8.081817626953125000e-01 6.789895892143249512e-01
8.581046462059020996e-01 6.363317370414733887e-01
6.013466715812683105e-01 3.747050762176513672e-01
7.695810794830322266e-01 6.039291620254516602e-01
6.192638874053955078e-01 6.325671076774597168e-01
5.075201988220214844e-01 5.501977205276489258e-01
7.827992439270019531e-01 5.393077731132507324e-01
5.026480555534362793e-01 5.505873560905456543e-01
8.393321633338928223e-01 5.343725681304931641e-01
6.947497725486755371e-01 4.871137440204620361e-01
6.704895496368408203e-01 6.112210750579833984e-01
6.043238639831542969e-01 7.854838967323303223e-01
7.548850774765014648e-01 5.200672149658203125e-01
7.401301860809326172e-01 6.745164394378662109e-01
5.806434154510498047e-01 4.582753777503967285e-01
4.279038906097412109e-01 5.713945031166076660e-01
6.448372006416320801e-01 6.620375514030456543e-01
4.613817334175109863e-01 5.617650151252746582e-01
6.948081254959106445e-01 7.825744748115539551e-01
5.265419483184814453e-01 6.057753562927246094e-01
4.404941201210021973e-01 4.050864279270172119e-01
3.829607963562011719e-01 6.036134958267211914e-01
6.406296491622924805e-01 3.652932345867156982e-01
8.217005729675292969e-01 5.867545604705810547e-01
4.928275644779205322e-01 3.962733149528503418e-01
4.687226712703704834e-01 7.113590240478515625e-01
4.502165317535400391e-01 6.834348440170288086e-01
5.432683825492858887e-01 5.579848885536193848e-01
7.236028313636779785e-01 5.525801181793212891e-01
8.573141694068908691e-01 5.585095286369323730e-01
6.749892234802246094e-01 5.446702241897583008e-01
8.706265091896057129e-01 5.242068171501159668e-01
5.649097561836242676e-01 4.562732875347137451e-01
5.430400371551513672e-01 3.754478394985198975e-01
7.641384601593017578e-01 6.543645858764648438e-01
5.133342742919921875e-01 5.733237266540527344e-01
4.974558949470520020e-01 7.220362424850463867e-01
6.011989116668701172e-01 7.466998696327209473e-01
8.355972170829772949e-01 6.787321567535400391e-01
5.255572199821472168e-01 2.527414262294769287e-01
5.266368389129638672e-01 5.150302052497863770e-01
8.323306441307067871e-01 5.212755799293518066e-01
5.290477871894836426e-01 5.956403613090515137e-01
4.814949035644531250e-01 6.892524361610412598e-01
8.075582385063171387e-01 7.173402905464172363e-01
7.232323288917541504e-01 6.610209345817565918e-01
7.143753767013549805e-01 6.711660027503967285e-01
5.014934539794921875e-01 5.601751804351806641e-01
6.464971899986267090e-01 6.116221547126770020e-01
5.167040228843688965e-01 5.388133525848388672e-01
4.168005883693695068e-01 6.153019070625305176e-01
5.506634712219238281e-01 4.470187127590179443e-01
5.367303490638732910e-01 7.545436024665832520e-01
8.456448912620544434e-01 5.613496899604797363e-01
4.868980944156646729e-01 3.442673981189727783e-01
4.423067271709442139e-01 6.165803074836730957e-01
5.361950397491455078e-01 6.186656951904296875e-01
4.978681206703186035e-01 4.627595841884613037e-01
7.309879660606384277e-01 5.305851697921752930e-01
4.533391892910003662e-01 6.035695075988769531e-01
5.861670970916748047e-01 7.339709401130676270e-01
5.918324589729309082e-01 6.486125588417053223e-01
5.724355578422546387e-01 5.406494140625000000e-01
7.734637856483459473e-01 5.154400467872619629e-01
7.723262906074523926e-01 4.948186278343200684e-01
6.018709540367126465e-01 4.823015332221984863e-01
4.216767847537994385e-01 5.716305971145629883e-01
7.279059290885925293e-01 8.091736435890197754e-01
3.898861706256866455e-01 6.652809381484985352e-01
4.821178615093231201e-01 7.224425673484802246e-01
4.507906138896942139e-01 6.485608220100402832e-01
7.004818320274353027e-01 6.545926928520202637e-01
6.309520602226257324e-01 7.786937355995178223e-01
8.026104569435119629e-01 6.717875599861145020e-01
6.806190609931945801e-01 4.029818773269653320e-01
4.255852401256561279e-01 7.178359627723693848e-01
6.488245129585266113e-01 6.539931893348693848e-01
5.826354026794433594e-01 7.705963253974914551e-01
7.484710216522216797e-01 7.281728386878967285e-01
5.558155775070190430e-01 4.609358310699462891e-01
7.793722748756408691e-01 5.802816748619079590e-01
7.461924552917480469e-01 6.548275947570800781e-01
6.918731331825256348e-01 4.936172664165496826e-01
6.103889346122741699e-01 7.013415098190307617e-01
7.510834336280822754e-01 5.366504788398742676e-01
6.478561162948608398e-01 5.198706984519958496e-01
4.429189264774322510e-01 6.569573879241943359e-01
5.796378254890441895e-01 4.968610405921936035e-01
6.969135999679565430e-01 6.602206230163574219e-01
8.470748066902160645e-01 5.466683506965637207e-01
5.263454318046569824e-01 3.918975889682769775e-01
3.784658014774322510e-01 5.617685914039611816e-01
4.947698712348937988e-01 5.858592391014099121e-01
6.440727114677429199e-01 3.762818276882171631e-01
6.361217498779296875e-01 6.611008644104003906e-01
6.246847510337829590e-01 6.356422901153564453e-01
4.491473734378814697e-01 6.008508205413818359e-01
8.675046563148498535e-01 5.909180045127868652e-01
5.338675975799560547e-01 6.154413223266601562e-01
5.594375729560852051e-01 3.931635916233062744e-01
4.529328048229217529e-01 4.267687797546386719e-01
5.550222992897033691e-01 5.410741567611694336e-01
6.782172918319702148e-01 5.664693117141723633e-01
8.439413905143737793e-01 5.262677669525146484e-01
4.990667402744293213e-01 6.767257452011108398e-01
6.608109474182128906e-01 4.791703224182128906e-01
8.817262649536132812e-01 6.160585284233093262e-01
7.369043827056884766e-01 6.165367364883422852e-01
7.738627791404724121e-01 6.173190474510192871e-01
6.931880116462707520e-01 5.573328137397766113e-01
7.812989354133605957e-01 5.773444771766662598e-01
4.902066290378570557e-01 2.838501930236816406e-01
5.941882133483886719e-01 5.229597091674804688e-01
7.890028357505798340e-01 5.407087206840515137e-01
5.665612220764160156e-01 6.158770918846130371e-01
4.842593371868133545e-01 4.065991342067718506e-01
5.622521638870239258e-01 7.396491169929504395e-01
3.217075765132904053e-01 5.511854290962219238e-01
7.328995466232299805e-01 5.221306085586547852e-01
3.546647429466247559e-01 6.116024255752563477e-01
7.677649259567260742e-01 5.512428879737854004e-01
5.528622865676879883e-01 7.338250279426574707e-01
5.403672456741333008e-01 8.131637573242187500e-01
5.475281476974487305e-01 4.801967740058898926e-01
6.730334162712097168e-01 6.064992547035217285e-01
6.955139040946960449e-01 4.820227026939392090e-01
8.168399333953857422e-01 5.208127498626708984e-01
8.264052271842956543e-01 6.613476872444152832e-01
6.063975691795349121e-01 3.799628019332885742e-01
6.306510567665100098e-01 4.809697568416595459e-01
8.475824594497680664e-01 5.798263549804687500e-01
5.061702728271484375e-01 3.041118383407592773e-01
6.443827748298645020e-01 7.910219430923461914e-01
7.028792500495910645e-01 5.931717157363891602e-01
6.676821112632751465e-01 5.530542731285095215e-01
6.407866477966308594e-01 7.885572314262390137e-01
6.025047898292541504e-01 6.931068897247314453e-01
4.149543344974517822e-01 5.832670331001281738e-01
7.783010601997375488e-01 4.231684207916259766e-01
5.874355435371398926e-01 4.601941406726837158e-01
5.798687338829040527e-01 6.395952701568603516e-01
7.017102241516113281e-01 6.991950273513793945e-01
5.167765617370605469e-01 8.369939327239990234e-01
8.651278018951416016e-01 6.267343759536743164e-01
6.189855933189392090e-01 7.234807014465332031e-01
7.477011680603027344e-01 5.324706435203552246e-01
7.876201868057250977e-01 6.820437312126159668e-01
8.812545537948608398e-01 5.935489535331726074e-01
6.650266647338867188e-01 6.275526881217956543e-01
5.613820552825927734e-01 8.213493824005126953e-01
4.725393354892730713e-01 6.514144539833068848e-01
6.330353021621704102e-01 6.968733072280883789e-01
7.881844639778137207e-01 5.339695811271667480e-01
6.114750504493713379e-01 6.045904755592346191e-01
3.800092339515686035e-01 5.172551870346069336e-01
5.753812789916992188e-01 8.332475423812866211e-01
5.840536952018737793e-01 4.481757283210754395e-01
4.152837991714477539e-01 5.185207724571228027e-01
5.857234597206115723e-01 6.214151382446289062e-01
5.637951493263244629e-01 6.116983294486999512e-01
4.261697828769683838e-01 6.458688974380493164e-01
4.493242204189300537e-01 6.320336461067199707e-01
7.100782990455627441e-01 6.072259545326232910e-01
6.490856409072875977e-01 5.175725817680358887e-01
6.836284995079040527e-01 4.827778339385986328e-01
7.720068693161010742e-01 6.486082077026367188e-01
5.324102640151977539e-01 6.885282993316650391e-01
3.349005281925201416e-01 5.053018331527709961e-01
5.438526272773742676e-01 4.282474219799041748e-01
7.379285693168640137e-01 5.575327873229980469e-01
6.897405982017517090e-01 5.311516523361206055e-01
5.937315225601196289e-01 6.943300962448120117e-01
8.405250310897827148e-01 5.882880091667175293e-01
7.927451133728027344e-01 7.611843943595886230e-01
5.847772955894470215e-01 4.477102756500244141e-01
6.287863254547119141e-01 8.239220976829528809e-01
5.173230767250061035e-01 3.189781308174133301e-01
7.196866273880004883e-01 5.406489372253417969e-01
3.134621083736419678e-01 5.021923780441284180e-01
6.899162530899047852e-01 4.085534811019897461e-01
7.237687110900878906e-01 5.747355222702026367e-01
6.389692425727844238e-01 4.842217266559600830e-01
5.314220190048217773e-01 4.810709059238433838e-01
7.423226833343505859e-01 6.569783687591552734e-01
5.918698310852050781e-01 8.330972194671630859e-01
6.681085228919982910e-01 7.477813959121704102e-01
8.675950765609741211e-01 5.787053704261779785e-01
6.788751482963562012e-01 4.901364445686340332e-01
4.155082106590270996e-01 6.714559793472290039e-01
5.208678841590881348e-01 6.941691040992736816e-01
5.870018005371093750e-01 4.071660041809082031e-01
4.772487282752990723e-01 4.678940773010253906e-01
4.940486252307891846e-01 6.201089620590209961e-01
5.054816007614135742e-01 8.038350343704223633e-01
4.525199830532073975e-01 4.339079856872558594e-01
5.986984968185424805e-01 4.878056347370147705e-01
6.988798975944519043e-01 7.484405636787414551e-01
3.794148862361907959e-01 7.009527683258056641e-01
3.726646602153778076e-01 5.590742230415344238e-01
4.029812812805175781e-01 4.973981678485870361e-01
5.897595286369323730e-01 5.362159013748168945e-01
7.115173935890197754e-01 6.946815848350524902e-01
6.751533150672912598e-01 5.394411087036132812e-01
5.229723453521728516e-01 7.513167858123779297e-01
4.876050651073455811e-01 5.030422210693359375e-01
6.154434680938720703e-01 5.284233093261718750e-01
3.345924019813537598e-01 5.344005823135375977e-01
6.193495392799377441e-01 5.052416324615478516e-01
4.856365025043487549e-01 7.634472250938415527e-01
5.176340937614440918e-01 4.959949553012847900e-01
3.684244751930236816e-01 6.512326598167419434e-01
6.718556284904479980e-01 6.174298524856567383e-01
4.905017018318176270e-01 5.891278982162475586e-01
6.298407316207885742e-01 7.557020783424377441e-01
4.753476977348327637e-01 7.076508998870849609e-01
8.472745418548583984e-01 5.727286934852600098e-01
6.242949366569519043e-01 4.942153394222259521e-01
6.813872456550598145e-01 5.684330463409423828e-01
7.291973829269409180e-01 5.545508265495300293e-01
4.894986450672149658e-01 3.870354592800140381e-01
5.798369050025939941e-01 6.657062172889709473e-01
5.467742085456848145e-01 6.475710272789001465e-01
8.260011076927185059e-01 6.310005187988281250e-01
6.796906590461730957e-01 5.077202916145324707e-01
6.443415284156799316e-01 7.974086999893188477e-01
6.875115633010864258e-01 7.308570742607116699e-01
4.701871871948242188e-01 6.399903893470764160e-01
6.766884326934814453e-01 4.766728579998016357e-01
8.430528640747070312e-01 5.985720157623291016e-01
6.404782533645629883e-01 7.663691639900207520e-01
7.812907099723815918e-01 5.735611915588378906e-01
6.194023489952087402e-01 5.178382992744445801e-01
4.554210007190704346e-01 6.403360366821289062e-01
5.558613538742065430e-01 4.844020009040832520e-01
6.740165948867797852e-01 7.156917452812194824e-01
6.794192790985107422e-01 6.229075193405151367e-01
3.522635102272033691e-01 4.696229100227355957e-01
5.579593777656555176e-01 6.114844083786010742e-01
8.452806472778320312e-01 5.199992060661315918e-01
6.477403640747070312e-01 5.976099967956542969e-01
5.191342234611511230e-01 5.842346549034118652e-01
6.258177757263183594e-01 7.717486023902893066e-01
5.404458045959472656e-01 6.942002177238464355e-01
7.861216664314270020e-01 5.364331603050231934e-01
6.705323457717895508e-01 5.892543196678161621e-01
6.330759525299072266e-01 5.933302044868469238e-01
7.085064053535461426e-01 4.075172543525695801e-01
5.989333987236022949e-01 3.273079395294189453e-01
5.665532350540161133e-01 7.797625660896301270e-01
5.649867057800292969e-01 5.985431075096130371e-01
6.012884378433227539e-01 5.122666954994201660e-01
6.062498688697814941e-01 7.930614352226257324e-01
7.772924900054931641e-01 5.524656772613525391e-01
5.010446906089782715e-01 6.485054492950439453e-01
6.323266625404357910e-01 7.514512538909912109e-01
5.662975907325744629e-01 4.978833794593811035e-01
4.568622112274169922e-01 7.810576558113098145e-01
6.525233387947082520e-01 5.924869775772094727e-01
4.513077437877655029e-01 5.463883876800537109e-01
5.284942388534545898e-01 4.766393601894378662e-01
5.458012223243713379e-01 5.350815653800964355e-01
3.848971128463745117e-01 4.251600205898284912e-01
5.836229324340820312e-01 5.116677880287170410e-01
7.529735565185546875e-01 6.902531981468200684e-01
4.760146141052246094e-01 5.085581541061401367e-01
6.603334546089172363e-01 5.023272633552551270e-01
4.330368936061859131e-01 6.305741071701049805e-01
7.972898483276367188e-01 6.018261313438415527e-01
7.315887808799743652e-01 5.821592807769775391e-01
8.367177844047546387e-01 5.544517040252685547e-01
8.214939236640930176e-01 5.590425729751586914e-01
3.531942069530487061e-01 5.820729732513427734e-01
7.974867820739746094e-01 6.914213895797729492e-01
5.754711627960205078e-01 3.151451051235198975e-01
8.551888465881347656e-01 6.162567138671875000e-01
8.313053250312805176e-01 5.788318514823913574e-01
5.012053847312927246e-01 7.355411648750305176e-01
6.622148156166076660e-01 5.679696202278137207e-01
6.828140020370483398e-01 4.165353775024414062e-01
6.433366537094116211e-01 6.746194958686828613e-01
6.745649576187133789e-01 5.598383545875549316e-01
7.577052712440490723e-01 4.978501796722412109e-01
6.279564499855041504e-01 7.545700669288635254e-01
5.238356590270996094e-01 5.824629068374633789e-01
6.300366520881652832e-01 6.820811033248901367e-01
3.593171834945678711e-01 6.369205117225646973e-01
5.236260294914245605e-01 3.537756800651550293e-01
7.370131611824035645e-01 6.357870697975158691e-01
7.355171442031860352e-01 6.873235702514648438e-01
3.925155103206634521e-01 6.845746040344238281e-01
6.511888504028320312e-01 5.502368807792663574e-01
6.361286044120788574e-01 5.272533893585205078e-01
6.664180755615234375e-01 4.556701779365539551e-01
7.432259321212768555e-01 5.961490273475646973e-01
7.051208019256591797e-01 6.754330992698669434e-01
5.967923998832702637e-01 5.326789617538452148e-01
4.503954350948333740e-01 6.626262068748474121e-01
6.634796261787414551e-01 5.073815584182739258e-01
4.788790941238403320e-01 4.376564621925354004e-01
5.085016489028930664e-01 6.749577522277832031e-01
6.089842915534973145e-01 5.803241133689880371e-01
4.550868272781372070e-01 7.099009752273559570e-01
6.054693460464477539e-01 5.827121734619140625e-01
5.929386019706726074e-01 4.799514412879943848e-01
6.113803386688232422e-01 7.019045352935791016e-01
6.870827674865722656e-01 6.003789305686950684e-01
7.656753659248352051e-01 5.897924900054931641e-01
5.658598542213439941e-01 7.785028815269470215e-01
5.566493272781372070e-01 3.875490427017211914e-01
6.058169007301330566e-01 5.653935074806213379e-01
4.261180758476257324e-01 5.599914789199829102e-01
5.770317912101745605e-01 7.140048742294311523e-01
6.820876002311706543e-01 7.252838015556335449e-01
5.259930491447448730e-01 4.541440606117248535e-01
8.964129090309143066e-01 6.670672893524169922e-01
6.749327778816223145e-01 6.348851323127746582e-01
4.150794446468353271e-01 7.418037652969360352e-01
7.629224658012390137e-01 5.323268175125122070e-01
6.476909518241882324e-01 4.169503748416900635e-01
6.631335020065307617e-01 4.082034826278686523e-01
7.448980808258056641e-01 5.994079709053039551e-01
3.773995637893676758e-01 5.927061438560485840e-01
6.344040036201477051e-01 4.028642177581787109e-01
7.244005799293518066e-01 6.254268884658813477e-01
5.844184756278991699e-01 5.380088090896606445e-01
7.550070285797119141e-01 5.609396696090698242e-01
5.941319465637207031e-01 5.117375254631042480e-01
7.424299716949462891e-01 7.363260984420776367e-01
6.075236797332763672e-01 5.190739631652832031e-01
4.279635548591613770e-01 6.939973831176757812e-01
4.912067055702209473e-01 5.591204166412353516e-01
6.843433380126953125e-01 5.260511040687561035e-01
7.449496984481811523e-01 6.490674018859863281e-01
4.307477772235870361e-01 5.711770057678222656e-01
7.394008040428161621e-01 6.866295933723449707e-01
6.051498651504516602e-01 8.201505541801452637e-01
7.800065875053405762e-01 6.431874632835388184e-01
7.970029115676879883e-01 5.078779458999633789e-01
4.367426633834838867e-01 3.265689909458160400e-01
5.239662528038024902e-01 5.589494705200195312e-01
4.571419656276702881e-01 3.914668858051300049e-01
6.385998725891113281e-01 5.622594952583312988e-01
6.506281495094299316e-01 5.459740757942199707e-01
5.905103683471679688e-01 5.141235589981079102e-01
4.687516689300537109e-01 3.828664422035217285e-01
7.560162544250488281e-01 6.475566625595092773e-01
6.630242466926574707e-01 5.324853062629699707e-01
4.280674457550048828e-01 5.000628829002380371e-01
5.380529165267944336e-01 6.152172684669494629e-01
7.474811077117919922e-01 5.909214019775390625e-01
8.148541450500488281e-01 6.141431331634521484e-01
3.191647827625274658e-01 5.757003426551818848e-01
4.237281382083892822e-01 6.001917719841003418e-01
6.446962356567382812e-01 4.089299738407135010e-01
8.134960532188415527e-01 6.729226112365722656e-01
7.758030891418457031e-01 5.060275793075561523e-01
7.238860726356506348e-01 6.297153830528259277e-01
3.892377614974975586e-01 5.802192091941833496e-01
6.597524285316467285e-01 6.420143246650695801e-01
6.538046598434448242e-01 6.639800667762756348e-01
7.438156008720397949e-01 4.339418411254882812e-01
6.501851081848144531e-01 5.507576465606689453e-01
6.081311106681823730e-01 4.462120234966278076e-01
5.241738557815551758e-01 5.407558679580688477e-01
7.064037322998046875e-01 7.551890015602111816e-01
7.559313178062438965e-01 6.657955050468444824e-01
5.367551445960998535e-01 4.336784780025482178e-01
4.739758372306823730e-01 6.337431073188781738e-01
5.449088215827941895e-01 3.453156054019927979e-01
6.821692585945129395e-01 5.805525183677673340e-01
8.197199106216430664e-01 5.742511153221130371e-01
5.223127603530883789e-01 5.679011940956115723e-01
5.697742700576782227e-01 5.517634749412536621e-01
8.237174153327941895e-01 5.385637283325195312e-01
5.518250465393066406e-01 6.538645029067993164e-01
4.525866806507110596e-01 5.743365883827209473e-01
6.383209824562072754e-01 4.076629877090454102e-01
6.649997234344482422e-01 6.666898131370544434e-01
6.646653413772583008e-01 6.955634355545043945e-01
6.663495898246765137e-01 4.280553758144378662e-01
4.735105931758880615e-01 5.525829195976257324e-01
6.375929117202758789e-01 7.563657760620117188e-01
5.565446615219116211e-01 4.518471658229827881e-01
4.242140054702758789e-01 7.271071672439575195e-01
6.195152997970581055e-01 4.893738329410552979e-01
6.687052249908447266e-01 5.679853558540344238e-01
6.693683266639709473e-01 5.554311275482177734e-01
5.269125699996948242e-01 4.742761552333831787e-01
7.945973277091979980e-01 5.967442393302917480e-01
4.574523866176605225e-01 4.946884810924530029e-01
7.497720718383789062e-01 6.237719655036926270e-01
3.517808318138122559e-01 4.468975663185119629e-01
3.752093017101287842e-01 6.356067657470703125e-01
5.221713781356811523e-01 4.331072270870208740e-01
7.080733776092529297e-01 4.130874872207641602e-01
6.472257971763610840e-01 5.928832292556762695e-01
6.205350756645202637e-01 6.431675553321838379e-01
4.065885543823242188e-01 4.953230321407318115e-01
5.273919105529785156e-01 6.080505251884460449e-01
7.819784283638000488e-01 5.685476064682006836e-01
4.785572588443756104e-01 5.035405755043029785e-01
4.403432607650756836e-01 5.873263478279113770e-01
4.489111602306365967e-01 4.722422957420349121e-01
3.803018331527709961e-01 6.096636056900024414e-01
4.644171595573425293e-01 6.056675314903259277e-01
6.271127462387084961e-01 6.404371261596679688e-01
6.364120244979858398e-01 7.787421941757202148e-01
4.001839458942413330e-01 4.724290966987609863e-01
5.237981677055358887e-01 3.618120551109313965e-01
5.705506205558776855e-01 7.174553275108337402e-01
6.483375430107116699e-01 6.480079293251037598e-01
5.692343711853027344e-01 7.770792245864868164e-01
3.945218622684478760e-01 5.664264559745788574e-01
5.720455646514892578e-01 4.924958050251007080e-01
5.973094701766967773e-01 7.142497897148132324e-01
6.327163577079772949e-01 7.779513001441955566e-01
7.692975401878356934e-01 5.324952006340026855e-01
5.727683305740356445e-01 5.808025002479553223e-01
4.960587918758392334e-01 4.858381152153015137e-01
6.505699157714843750e-01 7.752168178558349609e-01
6.614687442779541016e-01 5.967936515808105469e-01
8.684026598930358887e-01 5.869982838630676270e-01
7.437611818313598633e-01 5.054987668991088867e-01
5.569148659706115723e-01 4.527192711830139160e-01
4.312568008899688721e-01 6.351903080940246582e-01
7.396146655082702637e-01 6.634706258773803711e-01
5.507205128669738770e-01 5.375692248344421387e-01
7.635015249252319336e-01 5.592700242996215820e-01
7.301295995712280273e-01 6.209702491760253906e-01
5.613676309585571289e-01 5.402675271034240723e-01
7.517923116683959961e-01 7.270975112915039062e-01
6.776987314224243164e-01 4.875529408454895020e-01
8.053697943687438965e-01 5.939117670059204102e-01
4.719515442848205566e-01 6.494287848472595215e-01
4.294646978378295898e-01 4.386616945266723633e-01
4.060496091842651367e-01 5.997111201286315918e-01
4.755882322788238525e-01 7.761588096618652344e-01
5.211492776870727539e-01 3.474640548229217529e-01
5.837067961692810059e-01 5.332271456718444824e-01
5.985570549964904785e-01 6.818910837173461914e-01
5.167683362960815430e-01 6.075467467308044434e-01
6.315535306930541992e-01 7.846923470497131348e-01
6.365264058113098145e-01 6.405122280120849609e-01
6.170579195022583008e-01 6.238662004470825195e-01
6.764146685600280762e-01 5.367040038108825684e-01
5.168184041976928711e-01 6.120024919509887695e-01
6.774512529373168945e-01 6.651660799980163574e-01
4.201743602752685547e-01 6.094461679458618164e-01
5.437224507331848145e-01 7.907052636146545410e-01
6.582442522048950195e-01 4.684223532676696777e-01
5.998534560203552246e-01 6.198477149009704590e-01
4.261984527111053467e-01 6.070591807365417480e-01
3.214787840843200684e-01 5.591706633567810059e-01
5.093513131141662598e-01 6.650978326797485352e-01
5.870253443717956543e-01 3.529765009880065918e-01
5.578578114509582520e-01 3.668892681598663330e-01
4.571641683578491211e-01 7.158511877059936523e-01
8.162703514099121094e-01 5.574812889099121094e-01
7.148879766464233398e-01 7.863352298736572266e-01
6.666756868362426758e-01 6.872275471687316895e-01
4.192751049995422363e-01 4.603298604488372803e-01
4.548001587390899658e-01 5.682596564292907715e-01
5.522058010101318359e-01 5.369725823402404785e-01
7.416333556175231934e-01 6.704123020172119141e-01
8.043839931488037109e-01 4.819239079952239990e-01
4.602463841438293457e-01 7.181571722030639648e-01
7.287319898605346680e-01 6.170539855957031250e-01
7.235986590385437012e-01 4.476241469383239746e-01
6.242983937263488770e-01 6.181988120079040527e-01
6.685456037521362305e-01 5.139396190643310547e-01
6.847838163375854492e-01 4.404218196868896484e-01
7.981278300285339355e-01 5.017311573028564453e-01
7.857552766799926758e-01 5.641569495201110840e-01
7.392535805702209473e-01 6.929975748062133789e-01
5.539783239364624023e-01 4.287674725055694580e-01
6.821895837783813477e-01 6.908867955207824707e-01
6.481277346611022949e-01 7.941992878913879395e-01
5.015118718147277832e-01 7.926324605941772461e-01
4.060692787170410156e-01 7.491403818130493164e-01
4.389329552650451660e-01 6.997462511062622070e-01
5.708144307136535645e-01 8.282185196876525879e-01
4.868762195110321045e-01 4.996387958526611328e-01
4.356470108032226562e-01 7.334095239639282227e-01
6.328324079513549805e-01 6.465528607368469238e-01
7.153952121734619141e-01 5.375097990036010742e-01
7.292405366897583008e-01 7.663049697875976562e-01
3.995280563831329346e-01 5.715044140815734863e-01
6.879397630691528320e-01 4.791812896728515625e-01
8.143295049667358398e-01 5.803479552268981934e-01
5.567379593849182129e-01 5.853139162063598633e-01
3.909329175949096680e-01 6.900925636291503906e-01
6.338338255882263184e-01 4.004498422145843506e-01
4.078335464000701904e-01 4.297618567943572998e-01
8.143919706344604492e-01 6.166412830352783203e-01
5.194146633148193359e-01 4.517251551151275635e-01
5.857741832733154297e-01 3.917412757873535156e-01
5.110066533088684082e-01 4.218982756137847900e-01
6.270934343338012695e-01 4.015989005565643311e-01
7.122973799705505371e-01 5.479686260223388672e-01
4.768677353858947754e-01 5.470942258834838867e-01
5.592193603515625000e-01 7.873803973197937012e-01
7.891910076141357422e-01 6.045652031898498535e-01
4.819775223731994629e-01 4.726551473140716553e-01
7.735050320625305176e-01 7.310729622840881348e-01
7.199960350990295410e-01 7.745316624641418457e-01
4.890780150890350342e-01 7.269613742828369141e-01
4.405469000339508057e-01 4.453716874122619629e-01
6.136252880096435547e-01 6.698223352432250977e-01
5.626599788665771484e-01 5.453702211380004883e-01
6.899937987327575684e-01 5.050532817840576172e-01
7.050482034683227539e-01 4.662967920303344727e-01
5.946005582809448242e-01 5.235456824302673340e-01
6.086710691452026367e-01 7.675362825393676758e-01
4.127168953418731689e-01 5.441704392433166504e-01
6.078656315803527832e-01 5.768942832946777344e-01
5.970543026924133301e-01 7.674800753593444824e-01
6.939846277236938477e-01 5.323494076728820801e-01
5.360065698623657227e-01 5.146068930625915527e-01
6.754485368728637695e-01 6.254968047142028809e-01
4.249145686626434326e-01 5.654070377349853516e-01
6.960192918777465820e-01 6.636372804641723633e-01
4.670253396034240723e-01 6.421394944190979004e-01
4.138035476207733154e-01 6.784401535987854004e-01
8.134399056434631348e-01 5.900582075119018555e-01
3.806249797344207764e-01 5.340867042541503906e-01
7.057929635047912598e-01 7.098644971847534180e-01
7.421137690544128418e-01 6.039591431617736816e-01
7.101954221725463867e-01 6.791967153549194336e-01
5.141698718070983887e-01 5.011156201362609863e-01
7.546725869178771973e-01 5.609272718429565430e-01
6.367796063423156738e-01 4.754098057746887207e-01
3.443819880485534668e-01 5.602728724479675293e-01
8.018592596054077148e-01 4.717175364494323730e-01
5.644180774688720703e-01 4.174109995365142822e-01
5.897403955459594727e-01 5.944903492927551270e-01
6.730324029922485352e-01 6.737748980522155762e-01
7.496576905250549316e-01 5.840311646461486816e-01
4.075138866901397705e-01 6.930087804794311523e-01
5.038467049598693848e-01 6.984744071960449219e-01
5.387544035911560059e-01 4.331311583518981934e-01
3.985555768013000488e-01 7.214869260787963867e-01
6.296185851097106934e-01 4.794746637344360352e-01
8.275007605552673340e-01 5.441750288009643555e-01
3.266225159168243408e-01 5.872808694839477539e-01
5.999946594238281250e-01 4.047008454799652100e-01
4.197656810283660889e-01 5.946132540702819824e-01
4.239456653594970703e-01 5.905379652976989746e-01
5.058811306953430176e-01 5.410305857658386230e-01
8.267124891281127930e-01 5.552290081977844238e-01
4.154344201087951660e-01 5.807109475135803223e-01
4.354974031448364258e-01 6.177542209625244141e-01
4.076409935951232910e-01 5.405865907669067383e-01
7.009218931198120117e-01 7.273097634315490723e-01
7.387034296989440918e-01 4.246948659420013428e-01
4.303585588932037354e-01 6.872584223747253418e-01
3.965280055999755859e-01 6.525096893310546875e-01
7.177398800849914551e-01 4.938825666904449463e-01
5.786812901496887207e-01 3.673934042453765869e-01
4.926488995552062988e-01 6.226549744606018066e-01
7.231096029281616211e-01 5.472658276557922363e-01
7.425128221511840820e-01 5.463277101516723633e-01
5.735253095626831055e-01 5.540758967399597168e-01
5.291523933410644531e-01 6.194472908973693848e-01
5.049566030502319336e-01 7.223088741302490234e-01
6.318906545639038086e-01 6.327352523803710938e-01
5.660862326622009277e-01 7.217618823051452637e-01
5.913653969764709473e-01 6.108565330505371094e-01
5.367782115936279297e-01 5.086615681648254395e-01
4.905849695205688477e-01 6.871277093887329102e-01
7.265227437019348145e-01 4.423578083515167236e-01
6.036310195922851562e-01 7.348975539207458496e-01
5.954825878143310547e-01 7.478133440017700195e-01
7.271134853363037109e-01 5.245472788810729980e-01
5.635025501251220703e-01 6.134427785873413086e-01
7.623914480209350586e-01 6.156651973724365234e-01
3.274389803409576416e-01 6.193425655364990234e-01
8.491256833076477051e-01 6.831400990486145020e-01
6.262868046760559082e-01 6.782283186912536621e-01
5.884504318237304688e-01 4.121885597705841064e-01
5.030398964881896973e-01 5.550710558891296387e-01
6.498274207115173340e-01 6.461722850799560547e-01
5.814200639724731445e-01 6.137011051177978516e-01
4.931656718254089355e-01 6.540336608886718750e-01
6.558259725570678711e-01 5.114074349403381348e-01
4.592091739177703857e-01 8.128705620765686035e-01
5.393177270889282227e-01 6.868009567260742188e-01
7.168928384780883789e-01 5.008170008659362793e-01
3.789259791374206543e-01 6.851007342338562012e-01
4.816847145557403564e-01 7.023770213127136230e-01
6.307558417320251465e-01 4.798800349235534668e-01
4.068177640438079834e-01 6.473886370658874512e-01
7.152065038681030273e-01 5.559572577476501465e-01
4.253285527229309082e-01 6.400146484375000000e-01
7.591348290443420410e-01 6.720004081726074219e-01
4.677163958549499512e-01 4.321202933788299561e-01
6.435883045196533203e-01 5.362352728843688965e-01
6.714653372764587402e-01 7.870344519615173340e-01
7.166256904602050781e-01 5.696060061454772949e-01
7.425132989883422852e-01 5.452016592025756836e-01
7.388961315155029297e-01 7.729802131652832031e-01
5.548895001411437988e-01 8.550725579261779785e-01
5.391222238540649414e-01 7.635999917984008789e-01
4.853190481662750244e-01 5.147849917411804199e-01
4.585867226123809814e-01 5.750850439071655273e-01
4.602123498916625977e-01 4.935377240180969238e-01
6.801822185516357422e-01 6.859842538833618164e-01
3.825865089893341064e-01 6.363183259963989258e-01
8.150801658630371094e-01 5.967038273811340332e-01
5.958207249641418457e-01 4.304404556751251221e-01
6.722365021705627441e-01 6.135535836219787598e-01
5.616067051887512207e-01 5.432082414627075195e-01
4.166179299354553223e-01 4.617661535739898682e-01
3.431029021739959717e-01 5.686264038085937500e-01
3.913097679615020752e-01 6.482353806495666504e-01
6.230413317680358887e-01 6.769312620162963867e-01
4.233199656009674072e-01 5.629863142967224121e-01
4.577018022537231445e-01 7.317472696304321289e-01
4.316254556179046631e-01 5.729022026062011719e-01
6.237968206405639648e-01 6.946560144424438477e-01
4.967788755893707275e-01 4.167756438255310059e-01
4.072009027004241943e-01 5.562329888343811035e-01
5.195121169090270996e-01 5.436075925827026367e-01
4.235682487487792969e-01 6.637468338012695312e-01
5.688082575798034668e-01 3.183343410491943359e-01
6.937400698661804199e-01 5.366992950439453125e-01
6.317841410636901855e-01 7.260131835937500000e-01
7.144114375114440918e-01 4.439389705657958984e-01
6.571000218391418457e-01 4.368217289447784424e-01
5.435440540313720703e-01 7.506526112556457520e-01
8.599091768264770508e-01 6.950516700744628906e-01
7.810654640197753906e-01 5.439720749855041504e-01
5.013525485992431641e-01 7.501409649848937988e-01
7.514119148254394531e-01 7.130351662635803223e-01
5.068098902702331543e-01 3.039761781692504883e-01
5.492935180664062500e-01 7.955399751663208008e-01
4.630852043628692627e-01 2.399054467678070068e-01
3.709722757339477539e-01 6.200713515281677246e-01
4.921828806400299072e-01 4.705506861209869385e-01
3.732253313064575195e-01 5.550284385681152344e-01
4.391053318977355957e-01 5.223562121391296387e-01
7.199309468269348145e-01 4.230664372444152832e-01
6.657934784889221191e-01 7.540938258171081543e-01
4.337451457977294922e-01 4.018462002277374268e-01
6.168013215065002441e-01 4.609274864196777344e-01
3.490123152732849121e-01 5.969538688659667969e-01
7.773007750511169434e-01 6.893921494483947754e-01
7.648717164993286133e-01 6.625674962997436523e-01
7.031199336051940918e-01 6.110727190971374512e-01
7.977459430694580078e-01 6.862684488296508789e-01
4.332878887653350830e-01 6.688981056213378906e-01
3.223334848880767822e-01 5.960270762443542480e-01
6.497474908828735352e-01 5.428346991539001465e-01
4.344258606433868408e-01 6.057630181312561035e-01
7.933927178382873535e-01 6.459205746650695801e-01
4.880022406578063965e-01 7.326580286026000977e-01
4.057812392711639404e-01 5.724560618400573730e-01
6.423918604850769043e-01 6.253988742828369141e-01
6.129415631294250488e-01 6.251268386840820312e-01
6.226674318313598633e-01 4.702270925045013428e-01
5.875472426414489746e-01 4.960277974605560303e-01
6.096796393394470215e-01 3.657414913177490234e-01
5.778218507766723633e-01 5.007455348968505859e-01
7.001726627349853516e-01 4.060209095478057861e-01
5.896099209785461426e-01 7.880996465682983398e-01
4.261016249656677246e-01 6.617875695228576660e-01
8.241683244705200195e-01 5.594992041587829590e-01
6.808514595031738281e-01 6.887286901473999023e-01
5.870795249938964844e-01 4.713419675827026367e-01
4.446728229522705078e-01 5.190245509147644043e-01
5.092252492904663086e-01 5.956300497055053711e-01
6.724558472633361816e-01 7.197277545928955078e-01
6.868315935134887695e-01 5.772720575332641602e-01
6.189908385276794434e-01 7.267212271690368652e-01
6.608392000198364258e-01 4.754711389541625977e-01
8.374987244606018066e-01 6.418023705482482910e-01
5.759592652320861816e-01 8.099165558815002441e-01
6.903604865074157715e-01 6.008192896842956543e-01
4.242253303527832031e-01 6.712507009506225586e-01
3.969948887825012207e-01 5.631701946258544922e-01
3.776841759681701660e-01 6.958382725715637207e-01
4.926534295082092285e-01 4.408439397811889648e-01
7.594171762466430664e-01 6.607763171195983887e-01
4.535720944404602051e-01 6.993197798728942871e-01
5.010098218917846680e-01 6.023436188697814941e-01
3.709877729415893555e-01 6.784440279006958008e-01
6.100903749465942383e-01 6.833573579788208008e-01
6.412369608879089355e-01 6.998443007469177246e-01
4.299463927745819092e-01 3.985406160354614258e-01
4.244152009487152100e-01 5.015205740928649902e-01
8.672746419906616211e-01 6.509528160095214844e-01
5.060783624649047852e-01 8.185682892799377441e-01
4.173516631126403809e-01 5.243254899978637695e-01
6.766263246536254883e-01 6.579925417900085449e-01
5.190812349319458008e-01 7.332302927970886230e-01
7.086899876594543457e-01 6.151983737945556641e-01
6.877642273902893066e-01 4.377669394016265869e-01
8.185558915138244629e-01 6.530580520629882812e-01
5.614439845085144043e-01 6.011607050895690918e-01
5.785213112831115723e-01 7.768408060073852539e-01
4.825154244899749756e-01 4.040670990943908691e-01
4.291602373123168945e-01 5.824325680732727051e-01
6.667062044143676758e-01 7.174764275550842285e-01
5.278558135032653809e-01 7.579728960990905762e-01
4.048857688903808594e-01 6.830582618713378906e-01
5.886842012405395508e-01 5.198313593864440918e-01
4.727948904037475586e-01 5.140845179557800293e-01
3.989092409610748291e-01 5.170260071754455566e-01
3.391977548599243164e-01 5.508566498756408691e-01
6.264550685882568359e-01 6.012173891067504883e-01
3.640216588973999023e-01 4.292779266834259033e-01
5.043695569038391113e-01 7.969297766685485840e-01
6.172803044319152832e-01 4.566597640514373779e-01
5.936937332153320312e-01 3.340664803981781006e-01
6.324673891067504883e-01 4.607561528682708740e-01
7.461985945701599121e-01 4.978761076927185059e-01
4.097223281860351562e-01 4.006464481353759766e-01
8.501560688018798828e-01 6.115868091583251953e-01
8.099346756935119629e-01 6.217588782310485840e-01
5.852296352386474609e-01 7.192083001136779785e-01
4.475915431976318359e-01 3.717474937438964844e-01
7.461219429969787598e-01 4.342092275619506836e-01
8.498566150665283203e-01 5.824127197265625000e-01
8.122211694717407227e-01 5.693390369415283203e-01
5.892799496650695801e-01 8.477310538291931152e-01
8.396359086036682129e-01 6.426905393600463867e-01
8.111795186996459961e-01 5.664120316505432129e-01
3.454681038856506348e-01 5.410651564598083496e-01
6.834955811500549316e-01 4.071496129035949707e-01
4.165142476558685303e-01 5.747664570808410645e-01
7.168236970901489258e-01 8.109545111656188965e-01
6.971413493156433105e-01 5.839735865592956543e-01
5.401881337165832520e-01 7.788324952125549316e-01
6.932082772254943848e-01 7.708445191383361816e-01
6.519106030464172363e-01 4.711687564849853516e-01
6.763172149658203125e-01 7.030653953552246094e-01
6.528786420822143555e-01 5.891562700271606445e-01
7.011522054672241211e-01 5.090420842170715332e-01
5.906741023063659668e-01 8.106124401092529297e-01
6.401470899581909180e-01 6.509343385696411133e-01
5.007330775260925293e-01 4.199976027011871338e-01
4.477423727512359619e-01 6.668866872787475586e-01
8.249947428703308105e-01 5.767648816108703613e-01
4.743296205997467041e-01 5.631300806999206543e-01
5.965748429298400879e-01 7.959995269775390625e-01
5.688076019287109375e-01 4.111525714397430420e-01
6.494794487953186035e-01 6.693875193595886230e-01
5.330986380577087402e-01 4.079446196556091309e-01
7.255717515945434570e-01 5.672711133956909180e-01
3.778149485588073730e-01 6.990154385566711426e-01
3.749419748783111572e-01 7.124511599540710449e-01
5.535724759101867676e-01 4.456604719161987305e-01
3.587303757667541504e-01 4.951421618461608887e-01
6.022318601608276367e-01 3.685098886489868164e-01
6.493378281593322754e-01 3.915270566940307617e-01
5.715188980102539062e-01 4.908959567546844482e-01
3.777736127376556396e-01 4.725316166877746582e-01
6.540153622627258301e-01 8.568874001502990723e-01
5.294363498687744141e-01 6.620714068412780762e-01
6.713485121726989746e-01 4.431772530078887939e-01
4.748114943504333496e-01 4.403517246246337891e-01
6.353600621223449707e-01 4.356997311115264893e-01
5.025033354759216309e-01 6.898932456970214844e-01
4.506581127643585205e-01 4.278499186038970947e-01
5.862781405448913574e-01 7.128076553344726562e-01
5.816069841384887695e-01 6.332114338874816895e-01
4.651645421981811523e-01 7.512136697769165039e-01
6.783054471015930176e-01 4.744949638843536377e-01
5.845493078231811523e-01 7.320894598960876465e-01
4.273410141468048096e-01 4.885519146919250488e-01
6.835119128227233887e-01 7.900950908660888672e-01
6.104269027709960938e-01 4.405673742294311523e-01
3.281102478504180908e-01 5.169809460639953613e-01
6.644225716590881348e-01 4.757525622844696045e-01
5.428156256675720215e-01 4.896777570247650146e-01
7.154499888420104980e-01 6.580163240432739258e-01
4.952830374240875244e-01 5.236302614212036133e-01
6.234121918678283691e-01 7.181978225708007812e-01
3.827159106731414795e-01 5.164414048194885254e-01
4.665392339229583740e-01 6.110673546791076660e-01
6.154870986938476562e-01 7.538971304893493652e-01
6.521417498588562012e-01 7.354614734649658203e-01
6.032052040100097656e-01 5.565820932388305664e-01
4.067700207233428955e-01 6.023384928703308105e-01
5.415370464324951172e-01 6.728617548942565918e-01
6.306186318397521973e-01 4.028945863246917725e-01
6.463797092437744141e-01 4.359362125396728516e-01
7.383890748023986816e-01 5.093106627464294434e-01
4.073728322982788086e-01 6.181328892707824707e-01
5.605219602584838867e-01 5.079594850540161133e-01
4.698951840400695801e-01 4.736739993095397949e-01
7.506899833679199219e-01 6.961528062820434570e-01
6.952852606773376465e-01 6.661973595619201660e-01
6.277191042900085449e-01 4.895079433917999268e-01
7.092655301094055176e-01 5.859347581863403320e-01
4.086642861366271973e-01 6.232424378395080566e-01
