6.683760881423950195e-01 3.762996196746826172e-01
3.647050857543945312e-01 5.348867177963256836e-01
6.100437045097351074e-01 6.590335369110107422e-01
6.146582365036010742e-01 6.467534899711608887e-01
6.640586853027343750e-01 5.053818225860595703e-01
8.042678236961364746e-01 5.860198736190795898e-01
5.272888541221618652e-01 7.473168373107910156e-01
6.659428477287292480e-01 8.066406250000000000e-01
5.713612437248229980e-01 7.934707999229431152e-01
7.381329536437988281e-01 5.793798565864562988e-01
5.815707445144653320e-01 5.640344023704528809e-01
6.559882164001464844e-01 4.814215600490570068e-01
7.786412239074707031e-01 6.565697193145751953e-01
4.544052481651306152e-01 5.652645826339721680e-01
6.372676491737365723e-01 4.964466989040374756e-01
3.949345946311950684e-01 5.055242180824279785e-01
6.629676222801208496e-01 6.164608597755432129e-01
4.246967732906341553e-01 6.435437202453613281e-01
4.824778139591217041e-01 7.526931762695312500e-01
6.771481037139892578e-01 3.890775740146636963e-01
6.992628574371337891e-01 7.092638611793518066e-01
5.158884525299072266e-01 5.262340307235717773e-01
5.940120816230773926e-01 4.043400883674621582e-01
6.445834636688232422e-01 7.656906843185424805e-01
6.828061342239379883e-01 4.518654644489288330e-01
7.940313220024108887e-01 6.070728898048400879e-01
3.520680367946624756e-01 5.952557325363159180e-01
5.216675400733947754e-01 6.960197687149047852e-01
7.707434892654418945e-01 6.192794442176818848e-01
6.608861088752746582e-01 7.009100317955017090e-01
4.943983554840087891e-01 6.353349089622497559e-01
7.289075255393981934e-01 4.911926388740539551e-01
3.529055714607238770e-01 5.908594131469726562e-01
5.437033772468566895e-01 8.101471066474914551e-01
6.772265434265136719e-01 5.702209472656250000e-01
5.872043967247009277e-01 5.441183447837829590e-01
5.990372300148010254e-01 4.764478504657745361e-01
5.074720382690429688e-01 5.320816636085510254e-01
6.814665794372558594e-01 7.460281252861022949e-01
8.115901350975036621e-01 6.020371317863464355e-01
5.465030074119567871e-01 6.373600959777832031e-01
5.046830177307128906e-01 4.867923855781555176e-01
5.041299462318420410e-01 5.284553170204162598e-01
6.164132952690124512e-01 7.124135494232177734e-01
5.440393686294555664e-01 7.243111729621887207e-01
7.877160310745239258e-01 7.317506670951843262e-01
4.459037184715270996e-01 6.468336582183837891e-01
6.846665143966674805e-01 5.246862769126892090e-01
8.210106492042541504e-01 6.082946062088012695e-01
5.970785617828369141e-01 7.121000289916992188e-01
6.032127141952514648e-01 7.633571624755859375e-01
6.113674044609069824e-01 8.308650851249694824e-01
6.838007569313049316e-01 7.434855699539184570e-01
5.837222337722778320e-01 8.100155591964721680e-01
6.485244631767272949e-01 5.973414778709411621e-01
7.612370252609252930e-01 4.999436736106872559e-01
6.797204017639160156e-01 7.100471854209899902e-01
5.122302174568176270e-01 6.813173294067382812e-01
4.955548048019409180e-01 7.050445675849914551e-01
6.132947802543640137e-01 5.249882340431213379e-01
4.969161152839660645e-01 6.180703043937683105e-01
7.636307477951049805e-01 4.798560738563537598e-01
3.722544312477111816e-01 5.864425301551818848e-01
6.734249591827392578e-01 6.904159188270568848e-01
6.923165917396545410e-01 4.619553387165069580e-01
5.891388058662414551e-01 4.113841652870178223e-01
7.218142151832580566e-01 6.767325401306152344e-01
7.987833619117736816e-01 5.382102131843566895e-01
6.341953277587890625e-01 7.830694317817687988e-01
4.761790037155151367e-01 4.705972671508789062e-01
7.902991175651550293e-01 5.621064901351928711e-01
5.830795168876647949e-01 5.779516696929931641e-01
8.173831701278686523e-01 6.516551375389099121e-01
7.118747234344482422e-01 6.221991181373596191e-01
5.786530971527099609e-01 4.645941555500030518e-01
4.020508527755737305e-01 4.968555271625518799e-01
4.971715509891510010e-01 4.406227767467498779e-01
5.996266007423400879e-01 4.524838626384735107e-01
7.861673235893249512e-01 6.442183256149291992e-01
5.090150237083435059e-01 4.285584092140197754e-01
7.468045949935913086e-01 4.680310189723968506e-01
4.678180813789367676e-01 4.972235858440399170e-01
7.044368982315063477e-01 6.371543407440185547e-01
6.532603502273559570e-01 6.123295426368713379e-01
5.615904331207275391e-01 6.996434330940246582e-01
6.376730799674987793e-01 7.606534957885742188e-01
3.881234526634216309e-01 6.130770444869995117e-01
7.132790684700012207e-01 5.246974825859069824e-01
6.543803811073303223e-01 6.038469672203063965e-01
5.918771028518676758e-01 4.427805542945861816e-01
7.990825772285461426e-01 5.788702964782714844e-01
7.888275980949401855e-01 5.839912295341491699e-01
4.225787818431854248e-01 6.836891770362854004e-01
6.356784701347351074e-01 5.215931534767150879e-01
6.730432510375976562e-01 7.363860011100769043e-01
4.794188439846038818e-01 5.310181379318237305e-01
6.756858825683593750e-01 6.614627838134765625e-01
4.197591543197631836e-01 6.854325532913208008e-01
6.223031878471374512e-01 4.805455207824707031e-01
4.777610599994659424e-01 6.310730576515197754e-01
6.532390117645263672e-01 5.019511580467224121e-01
5.681245326995849609e-01 7.891711592674255371e-01
5.458456277847290039e-01 4.951499402523040771e-01
6.996460556983947754e-01 7.405828833580017090e-01
7.327315211296081543e-01 6.182975172996520996e-01
4.611582159996032715e-01 5.149277448654174805e-01
7.374089956283569336e-01 5.787119269371032715e-01
4.020975530147552490e-01 6.281636357307434082e-01
4.604286253452301025e-01 6.081392765045166016e-01
6.532695889472961426e-01 5.246733427047729492e-01
7.641097903251647949e-01 7.139969468116760254e-01
4.261826276779174805e-01 6.435765027999877930e-01
8.071560859680175781e-01 5.439277887344360352e-01
5.826890468597412109e-01 7.893630266189575195e-01
5.053332448005676270e-01 6.869352459907531738e-01
4.134488701820373535e-01 5.482139587402343750e-01
3.845687210559844971e-01 6.026167869567871094e-01
7.079811096191406250e-01 4.712228477001190186e-01
6.161032319068908691e-01 6.161469817161560059e-01
5.349520444869995117e-01 7.389119267463684082e-01
5.870941281318664551e-01 8.301947712898254395e-01
4.441421926021575928e-01 7.112250924110412598e-01
4.053950309753417969e-01 7.214927077293395996e-01
3.993633389472961426e-01 6.476859450340270996e-01
5.997909903526306152e-01 4.279801547527313232e-01
6.071805953979492188e-01 5.899662971496582031e-01
4.322602450847625732e-01 5.825011730194091797e-01
6.713494658470153809e-01 6.358116865158081055e-01
4.347080886363983154e-01 5.851723551750183105e-01
3.651544153690338135e-01 6.192856431007385254e-01
4.980889558792114258e-01 5.170804858207702637e-01
4.466037452220916748e-01 7.604498267173767090e-01
6.197080016136169434e-01 7.739673256874084473e-01
3.389973640441894531e-01 6.390169858932495117e-01
6.539863348007202148e-01 5.890008211135864258e-01
7.110778689384460449e-01 6.849617362022399902e-01
8.089956641197204590e-01 5.231225490570068359e-01
5.617340803146362305e-01 6.925353407859802246e-01
5.267226099967956543e-01 7.877898812294006348e-01
6.531970500946044922e-01 4.750933349132537842e-01
5.075760483741760254e-01 7.373732924461364746e-01
6.547347307205200195e-01 5.555062890052795410e-01
8.149510622024536133e-01 5.529155135154724121e-01
6.737592816352844238e-01 4.639329314231872559e-01
6.038500070571899414e-01 8.129779100418090820e-01
6.258924007415771484e-01 4.075750112533569336e-01
7.710288763046264648e-01 7.299796938896179199e-01
7.071077823638916016e-01 5.269960165023803711e-01
5.828815102577209473e-01 6.182550191879272461e-01
7.693685293197631836e-01 5.360004901885986328e-01
5.088690519332885742e-01 7.735757827758789062e-01
6.802472472190856934e-01 5.184367299079895020e-01
6.827660799026489258e-01 4.868541955947875977e-01
6.431755423545837402e-01 5.052269697189331055e-01
6.425312757492065430e-01 6.881844997406005859e-01
4.352315068244934082e-01 6.320255398750305176e-01
6.186134815216064453e-01 7.186586856842041016e-01
5.597596168518066406e-01 8.152045011520385742e-01
8.007777333259582520e-01 5.988484025001525879e-01
5.590756535530090332e-01 5.572798848152160645e-01
7.790589332580566406e-01 5.550025105476379395e-01
6.933509111404418945e-01 6.516300439834594727e-01
5.292332172393798828e-01 7.134461998939514160e-01
5.541938543319702148e-01 6.592278480529785156e-01
4.649659693241119385e-01 4.762210547924041748e-01
5.936326384544372559e-01 4.968325197696685791e-01
8.160066604614257812e-01 6.349904537200927734e-01
6.597852706909179688e-01 6.017605662345886230e-01
6.387363672256469727e-01 5.764022469520568848e-01
5.072210431098937988e-01 4.526810944080352783e-01
4.111123085021972656e-01 6.085651516914367676e-01
6.898437738418579102e-01 6.471689343452453613e-01
6.006380915641784668e-01 4.044228494167327881e-01
7.752408385276794434e-01 7.211186289787292480e-01
6.126956939697265625e-01 3.996308147907257080e-01
7.096531987190246582e-01 7.049925923347473145e-01
8.354346156120300293e-01 6.135710477828979492e-01
5.992097258567810059e-01 4.922867715358734131e-01
5.289959311485290527e-01 4.772582054138183594e-01
5.539498329162597656e-01 6.772702336311340332e-01
6.393603682518005371e-01 5.243051648139953613e-01
6.462563872337341309e-01 4.390486478805541992e-01
6.174532175064086914e-01 7.522934675216674805e-01
7.109132409095764160e-01 6.313694119453430176e-01
4.672437012195587158e-01 7.130935788154602051e-01
5.256744623184204102e-01 4.850205183029174805e-01
4.879715144634246826e-01 6.374334692955017090e-01
5.768862962722778320e-01 6.312707066535949707e-01
7.694653272628784180e-01 4.798108041286468506e-01
6.866716146469116211e-01 5.032439827919006348e-01
7.719742655754089355e-01 4.819821417331695557e-01
4.430576562881469727e-01 6.269916296005249023e-01
5.891767144203186035e-01 3.870699405670166016e-01
6.172735691070556641e-01 5.556034445762634277e-01
5.989791154861450195e-01 5.412788987159729004e-01
7.591562867164611816e-01 5.245201587677001953e-01
6.668066978454589844e-01 5.895057916641235352e-01
8.293607234954833984e-01 6.216209530830383301e-01
5.467795729637145996e-01 6.982114315032958984e-01
6.146934628486633301e-01 5.120483040809631348e-01
5.268385410308837891e-01 4.369242489337921143e-01
3.480477035045623779e-01 6.304654479026794434e-01
7.005261778831481934e-01 4.615408182144165039e-01
7.052654027938842773e-01 7.071194648742675781e-01
3.798172473907470703e-01 5.692731738090515137e-01
6.636974215507507324e-01 7.410576939582824707e-01
5.241007804870605469e-01 5.226849317550659180e-01
4.362663030624389648e-01 6.905872821807861328e-01
3.655058145523071289e-01 5.428979396820068359e-01
4.502297639846801758e-01 5.920284986495971680e-01
5.974531173706054688e-01 5.144937634468078613e-01
7.832404375076293945e-01 6.378955245018005371e-01
6.472484469413757324e-01 8.120259642601013184e-01
4.416126906871795654e-01 4.707739055156707764e-01
4.023621678352355957e-01 6.851701140403747559e-01
7.199305891990661621e-01 6.811478137969970703e-01
5.785603523254394531e-01 4.005886912345886230e-01
6.468189358711242676e-01 6.471406817436218262e-01
6.842359304428100586e-01 6.304863691329956055e-01
4.891658425331115723e-01 6.035756468772888184e-01
6.403600573539733887e-01 4.704028964042663574e-01
5.990816354751586914e-01 5.032505393028259277e-01
7.808735966682434082e-01 5.736650228500366211e-01
6.191937327384948730e-01 3.360272943973541260e-01
4.565678536891937256e-01 4.944844841957092285e-01
7.078735828399658203e-01 8.358200788497924805e-01
7.438372969627380371e-01 5.349249839782714844e-01
5.340509414672851562e-01 5.370560884475708008e-01
5.627877116203308105e-01 7.511500120162963867e-01
8.053169846534729004e-01 7.152088880538940430e-01
6.465942859649658203e-01 3.600690960884094238e-01
5.398985147476196289e-01 5.415441989898681641e-01
5.737707018852233887e-01 4.467909634113311768e-01
4.851806461811065674e-01 7.147263288497924805e-01
6.184544563293457031e-01 5.637320280075073242e-01
5.399433970451354980e-01 3.834522664546966553e-01
4.423573613166809082e-01 5.179498195648193359e-01
5.993000864982604980e-01 5.393687486648559570e-01
4.606181085109710693e-01 5.824156999588012695e-01
5.806120038032531738e-01 7.431113123893737793e-01
7.495298981666564941e-01 6.246083974838256836e-01
4.941003620624542236e-01 7.116002440452575684e-01
6.211811900138854980e-01 6.824325323104858398e-01
8.156080245971679688e-01 5.936516523361206055e-01
6.181561350822448730e-01 6.168912649154663086e-01
4.122841656208038330e-01 6.616579294204711914e-01
6.341661214828491211e-01 7.078799009323120117e-01
5.815101861953735352e-01 8.210075497627258301e-01
5.476359724998474121e-01 7.262609004974365234e-01
3.940476775169372559e-01 6.079350709915161133e-01
6.972731351852416992e-01 5.514028072357177734e-01
6.256287097930908203e-01 6.798174381256103516e-01
5.006322860717773438e-01 6.616159081459045410e-01
4.501713514328002930e-01 4.892930090427398682e-01
5.797438025474548340e-01 3.640493154525756836e-01
5.312295556068420410e-01 6.215716004371643066e-01
5.267342329025268555e-01 4.924934804439544678e-01
6.299622654914855957e-01 3.621019721031188965e-01
5.429591536521911621e-01 8.114089369773864746e-01
5.193447470664978027e-01 7.806544899940490723e-01
4.888646900653839111e-01 7.017628550529479980e-01
5.307714939117431641e-01 6.918523907661437988e-01
5.723780393600463867e-01 5.651901960372924805e-01
4.290884137153625488e-01 5.850842595100402832e-01
5.616964697837829590e-01 4.255723059177398682e-01
5.821894407272338867e-01 4.145869016647338867e-01
7.171266078948974609e-01 4.514778256416320801e-01
6.243243217468261719e-01 4.973761141300201416e-01
5.190440416336059570e-01 8.125510811805725098e-01
3.657295405864715576e-01 6.934729218482971191e-01
6.975582838058471680e-01 7.250686883926391602e-01
4.231805503368377686e-01 7.200483083724975586e-01
7.144829034805297852e-01 5.283443927764892578e-01
6.131341457366943359e-01 8.297600150108337402e-01
5.314116477966308594e-01 6.512689590454101562e-01
5.651182532310485840e-01 5.696951746940612793e-01
4.880743622779846191e-01 6.149713397026062012e-01
4.602388143539428711e-01 7.293815612792968750e-01
6.098109483718872070e-01 7.353003025054931641e-01
4.228786230087280273e-01 5.992349386215209961e-01
5.915623307228088379e-01 6.296097040176391602e-01
6.528693437576293945e-01 7.072063088417053223e-01
4.165429472923278809e-01 6.782621741294860840e-01
4.146557450294494629e-01 5.817919969558715820e-01
4.683359861373901367e-01 4.760117232799530029e-01
6.067721843719482422e-01 5.983930826187133789e-01
4.248413145542144775e-01 6.633545756340026855e-01
4.744493365287780762e-01 7.234377861022949219e-01
7.788610458374023438e-01 5.593321323394775391e-01
6.212711930274963379e-01 8.283056020736694336e-01
4.010390639305114746e-01 6.293134093284606934e-01
7.842119336128234863e-01 5.171603560447692871e-01
6.366053819656372070e-01 3.956179916858673096e-01
7.109286189079284668e-01 6.877190470695495605e-01
8.283345699310302734e-01 6.215544342994689941e-01
6.171494126319885254e-01 4.705872237682342529e-01
6.588709950447082520e-01 7.865256071090698242e-01
5.848941206932067871e-01 3.773877322673797607e-01
5.682576894760131836e-01 8.351229429244995117e-01
7.692166566848754883e-01 7.046723961830139160e-01
4.737859070301055908e-01 7.225985527038574219e-01
7.549369335174560547e-01 5.542805790901184082e-01
4.136951267719268799e-01 6.483824253082275391e-01
6.311662793159484863e-01 6.983869075775146484e-01
4.404196143150329590e-01 4.640882611274719238e-01
6.872782707214355469e-01 5.538859367370605469e-01
6.138832569122314453e-01 8.587414026260375977e-01
7.645220756530761719e-01 6.535474061965942383e-01
6.904986500740051270e-01 4.751393198966979980e-01
7.763559818267822266e-01 6.025938391685485840e-01
6.824886202812194824e-01 7.320136427879333496e-01
7.721807360649108887e-01 7.029888629913330078e-01
5.299537777900695801e-01 6.549989581108093262e-01
8.152256608009338379e-01 5.839712619781494141e-01
7.749118804931640625e-01 5.768533349037170410e-01
6.636247038841247559e-01 5.145500898361206055e-01
5.859394073486328125e-01 4.347733259201049805e-01
4.036686122417449951e-01 5.337352752685546875e-01
5.921875834465026855e-01 7.419790029525756836e-01
5.251770615577697754e-01 5.536271333694458008e-01
7.085813283920288086e-01 4.888792932033538818e-01
4.026205241680145264e-01 6.750242710113525391e-01
5.768302083015441895e-01 5.423457026481628418e-01
7.312524914741516113e-01 7.660914659500122070e-01
6.914216876029968262e-01 7.155541181564331055e-01
6.638822555541992188e-01 7.477364540100097656e-01
5.735463500022888184e-01 6.841112375259399414e-01
7.248271107673645020e-01 5.611172318458557129e-01
7.071604728698730469e-01 5.782724618911743164e-01
6.992410421371459961e-01 5.122739076614379883e-01
3.672422170639038086e-01 6.536461710929870605e-01
5.202565193176269531e-01 7.857159972190856934e-01
6.325517892837524414e-01 6.733797788619995117e-01
5.784448385238647461e-01 3.665981590747833252e-01
6.015197038650512695e-01 8.003249168395996094e-01
6.803300380706787109e-01 7.232521176338195801e-01
7.286483049392700195e-01 7.689647078514099121e-01
6.774099469184875488e-01 4.408578574657440186e-01
4.864481389522552490e-01 5.591653585433959961e-01
6.587400436401367188e-01 6.026269793510437012e-01
4.734587669372558594e-01 6.125102043151855469e-01
5.056422352790832520e-01 4.709841609001159668e-01
6.773522496223449707e-01 4.816965162754058838e-01
7.586541175842285156e-01 4.635583162307739258e-01
4.416802823543548584e-01 5.572755336761474609e-01
7.593590617179870605e-01 5.231155157089233398e-01
7.733300328254699707e-01 6.046164035797119141e-01
5.739418268203735352e-01 6.208240985870361328e-01
5.018652677536010742e-01 8.063248991966247559e-01
5.660076141357421875e-01 6.649137735366821289e-01
7.865486741065979004e-01 6.225944161415100098e-01
4.599303007125854492e-01 6.675895452499389648e-01
7.548406720161437988e-01 6.179228425025939941e-01
4.592936038970947266e-01 5.939326882362365723e-01
7.077873945236206055e-01 5.226903557777404785e-01
5.311302542686462402e-01 4.779297709465026855e-01
7.092586159706115723e-01 7.638967633247375488e-01
7.432174682617187500e-01 7.082818150520324707e-01
5.178846716880798340e-01 3.660911321640014648e-01
4.482115507125854492e-01 4.756342768669128418e-01
5.416729450225830078e-01 5.421836376190185547e-01
7.870028614997863770e-01 6.434646844863891602e-01
4.982789754867553711e-01 4.720670878887176514e-01
3.528942465782165527e-01 6.294532418251037598e-01
6.691290140151977539e-01 5.066437125205993652e-01
5.355334281921386719e-01 6.117795109748840332e-01
4.447121620178222656e-01 5.743955373764038086e-01
7.997778058052062988e-01 6.212956309318542480e-01
5.983186364173889160e-01 8.103970885276794434e-01
5.904443264007568359e-01 7.000937461853027344e-01
6.093246340751647949e-01 7.555537223815917969e-01
4.668787121772766113e-01 5.847144722938537598e-01
6.614814996719360352e-01 8.280053734779357910e-01
8.014180064201354980e-01 5.471183657646179199e-01
7.048692107200622559e-01 4.662381112575531006e-01
7.724613547325134277e-01 5.202105045318603516e-01
5.070625543594360352e-01 6.841551661491394043e-01
5.163308382034301758e-01 7.059525847434997559e-01
7.445877194404602051e-01 6.114841103553771973e-01
6.770643591880798340e-01 8.195692300796508789e-01
6.074010133743286133e-01 6.098518371582031250e-01
6.390060186386108398e-01 6.836706995964050293e-01
7.219018936157226562e-01 6.450017690658569336e-01
7.513200640678405762e-01 6.133469939231872559e-01
6.536811590194702148e-01 4.354467689990997314e-01
5.270116329193115234e-01 3.739775419235229492e-01
7.954670190811157227e-01 5.667960047721862793e-01
5.090031027793884277e-01 7.676589488983154297e-01
6.397655606269836426e-01 8.239001631736755371e-01
6.651797890663146973e-01 6.319362521171569824e-01
6.371098756790161133e-01 3.918383717536926270e-01
5.924354195594787598e-01 7.747394442558288574e-01
4.670045375823974609e-01 7.582464218139648438e-01
5.232983231544494629e-01 6.205676198005676270e-01
3.947201669216156006e-01 6.173906326293945312e-01
5.522692799568176270e-01 6.735511422157287598e-01
4.547149837017059326e-01 4.582997858524322510e-01
7.636644840240478516e-01 5.834355950355529785e-01
5.901409387588500977e-01 6.393117308616638184e-01
6.841611862182617188e-01 7.114932537078857422e-01
5.078585147857666016e-01 5.542591214179992676e-01
5.596526861190795898e-01 7.724428176879882812e-01
5.829769372940063477e-01 3.508112728595733643e-01
6.762601137161254883e-01 6.558409333229064941e-01
3.452623486518859863e-01 6.370553970336914062e-01
5.636880397796630859e-01 7.126118540763854980e-01
6.072856187820434570e-01 4.070706367492675781e-01
5.350182056427001953e-01 5.179927945137023926e-01
5.331309437751770020e-01 6.996047496795654297e-01
7.193630933761596680e-01 4.111703336238861084e-01
5.195761322975158691e-01 4.658698439598083496e-01
4.520440101623535156e-01 6.567722558975219727e-01
4.552824795246124268e-01 6.598697900772094727e-01
8.092659115791320801e-01 5.946403741836547852e-01
5.231700539588928223e-01 5.757733583450317383e-01
6.545093655586242676e-01 5.365489125251770020e-01
7.480486035346984863e-01 6.169179677963256836e-01
6.172187328338623047e-01 5.311673283576965332e-01
7.599749565124511719e-01 5.297502279281616211e-01
5.861153602600097656e-01 6.204914450645446777e-01
7.447763085365295410e-01 4.842976033687591553e-01
4.681757390499114990e-01 5.378994941711425781e-01
6.984276175498962402e-01 6.817629337310791016e-01
7.342775464057922363e-01 6.840611696243286133e-01
7.656266093254089355e-01 6.377938389778137207e-01
5.637015104293823242e-01 4.881010651588439941e-01
6.180587410926818848e-01 7.247167229652404785e-01
4.146016836166381836e-01 6.452650427818298340e-01
6.827867627143859863e-01 5.876801609992980957e-01
5.729718208312988281e-01 7.029767036437988281e-01
5.416925549507141113e-01 7.679327130317687988e-01
4.550406038761138916e-01 7.284806370735168457e-01
5.922622680664062500e-01 8.418897986412048340e-01
3.896326720714569092e-01 6.207687258720397949e-01
5.808447003364562988e-01 7.012511491775512695e-01
6.715618371963500977e-01 6.818642020225524902e-01
5.084159374237060547e-01 4.264657199382781982e-01
6.090427041053771973e-01 4.499525725841522217e-01
5.871896147727966309e-01 7.194700241088867188e-01
6.950272321701049805e-01 5.718050599098205566e-01
5.011380910873413086e-01 4.286437928676605225e-01
6.564775109291076660e-01 6.191832423210144043e-01
3.638796508312225342e-01 5.757914185523986816e-01
6.000702977180480957e-01 8.172839879989624023e-01
5.043985843658447266e-01 6.842933893203735352e-01
5.949682593345642090e-01 8.070453405380249023e-01
5.023820996284484863e-01 7.401188015937805176e-01
8.253418803215026855e-01 5.932140350341796875e-01
6.064539551734924316e-01 6.957228183746337891e-01
4.360297322273254395e-01 7.154488563537597656e-01
6.133797168731689453e-01 5.124335885047912598e-01
5.223198533058166504e-01 5.374737381935119629e-01
5.212633609771728516e-01 6.898658871650695801e-01
7.172892689704895020e-01 5.431637763977050781e-01
7.673429250717163086e-01 7.379010915756225586e-01
4.673815369606018066e-01 6.984457969665527344e-01
6.017160415649414062e-01 7.929710149765014648e-01
6.301071643829345703e-01 7.253635525703430176e-01
4.432483613491058350e-01 6.184345483779907227e-01
8.059450984001159668e-01 5.699530243873596191e-01
5.691263675689697266e-01 5.839158296585083008e-01
5.464929938316345215e-01 6.809046864509582520e-01
5.133170485496520996e-01 7.614495754241943359e-01
6.911457777023315430e-01 4.528858065605163574e-01
3.836754560470581055e-01 6.081292033195495605e-01
6.555700898170471191e-01 5.110846161842346191e-01
7.567661404609680176e-01 5.215046405792236328e-01
6.757075190544128418e-01 4.322578012943267822e-01
7.195317149162292480e-01 6.512556076049804688e-01
5.473026633262634277e-01 6.625823378562927246e-01
5.946258902549743652e-01 3.707330822944641113e-01
5.457823872566223145e-01 5.733609795570373535e-01
8.030273318290710449e-01 6.564896106719970703e-01
5.900785923004150391e-01 4.665339589118957520e-01
4.932175576686859131e-01 4.898470938205718994e-01
4.236165583133697510e-01 5.439856052398681641e-01
5.049384236335754395e-01 7.380921840667724609e-01
7.042277455329895020e-01 7.159820795059204102e-01
6.948027610778808594e-01 5.910776853561401367e-01
3.886459171772003174e-01 6.906772255897521973e-01
5.519979596138000488e-01 7.435731291770935059e-01
6.346550583839416504e-01 5.967839360237121582e-01
3.736256361007690430e-01 6.197473406791687012e-01
5.547234416007995605e-01 7.152689099311828613e-01
6.243423819541931152e-01 7.439190745353698730e-01
7.270975708961486816e-01 5.530591607093811035e-01
6.313042044639587402e-01 6.974309682846069336e-01
6.530249118804931641e-01 4.486539065837860107e-01
7.180725932121276855e-01 5.227782130241394043e-01
5.787973999977111816e-01 7.449647784233093262e-01
5.572768449783325195e-01 4.743150472640991211e-01
3.801219165325164795e-01 5.730211734771728516e-01
6.285076141357421875e-01 7.589597105979919434e-01
7.803028821945190430e-01 6.084644198417663574e-01
5.467001199722290039e-01 7.166522741317749023e-01
4.839294552803039551e-01 5.464916229248046875e-01
6.010707020759582520e-01 4.156370460987091064e-01
5.586900711059570312e-01 7.929435968399047852e-01
4.575620889663696289e-01 5.268163084983825684e-01
5.186607241630554199e-01 5.445988178253173828e-01
4.906010329723358154e-01 5.421096682548522949e-01
6.511794924736022949e-01 8.014634251594543457e-01
6.777542829513549805e-01 5.369901061058044434e-01
7.650460600852966309e-01 7.175211310386657715e-01
3.881317675113677979e-01 6.345916390419006348e-01
6.439312100410461426e-01 6.994425654411315918e-01
5.933764576911926270e-01 5.737935900688171387e-01
7.482963800430297852e-01 4.551990628242492676e-01
3.382606208324432373e-01 6.203357577323913574e-01
6.054779291152954102e-01 7.140539288520812988e-01
5.744610428810119629e-01 4.883214831352233887e-01
7.416788339614868164e-01 6.651552319526672363e-01
5.879698395729064941e-01 5.472832918167114258e-01
6.982668638229370117e-01 6.997279524803161621e-01
7.575357556343078613e-01 7.031774520874023438e-01
4.463382065296173096e-01 5.911516547203063965e-01
6.824284791946411133e-01 7.425471544265747070e-01
5.439902544021606445e-01 3.949890136718750000e-01
5.352255702018737793e-01 7.362445592880249023e-01
8.106140494346618652e-01 6.355210542678833008e-01
6.896787881851196289e-01 4.804654419422149658e-01
5.608175396919250488e-01 6.961460709571838379e-01
5.324327945709228516e-01 6.895673871040344238e-01
5.250047445297241211e-01 3.632182478904724121e-01
5.505970120429992676e-01 6.229051351547241211e-01
7.607032060623168945e-01 6.232915520668029785e-01
6.746104359626770020e-01 7.710874676704406738e-01
7.695014476776123047e-01 6.942575573921203613e-01
3.292716741561889648e-01 6.100096702575683594e-01
6.168409585952758789e-01 7.540806531906127930e-01
5.176650881767272949e-01 6.416256427764892578e-01
6.586115956306457520e-01 7.061101794242858887e-01
6.455572843551635742e-01 7.932552695274353027e-01
3.907300829887390137e-01 5.342463254928588867e-01
6.157729625701904297e-01 5.878238081932067871e-01
5.500548481941223145e-01 6.594980955123901367e-01
7.236562371253967285e-01 5.293565392494201660e-01
4.987571537494659424e-01 4.396813511848449707e-01
6.469357609748840332e-01 6.557011604309082031e-01
6.420498490333557129e-01 5.488229990005493164e-01
6.534793972969055176e-01 7.321977615356445312e-01
5.931572318077087402e-01 4.880845546722412109e-01
4.956741929054260254e-01 5.105164051055908203e-01
5.117185711860656738e-01 5.389291644096374512e-01
5.948995351791381836e-01 4.670616686344146729e-01
6.977908015251159668e-01 7.725080251693725586e-01
6.672061681747436523e-01 5.546063184738159180e-01
5.899741053581237793e-01 8.206151127815246582e-01
4.210337996482849121e-01 5.190946459770202637e-01
7.232600450515747070e-01 4.986761510372161865e-01
7.709642052650451660e-01 5.022076964378356934e-01
6.906245946884155273e-01 6.595696806907653809e-01
5.128620862960815430e-01 4.137322604656219482e-01
4.772455394268035889e-01 4.778733849525451660e-01
4.755510687828063965e-01 7.096810340881347656e-01
6.034924387931823730e-01 8.554690480232238770e-01
7.762427330017089844e-01 5.338231325149536133e-01
6.249667406082153320e-01 4.964837729930877686e-01
4.972637891769409180e-01 7.034285068511962891e-01
6.816076636314392090e-01 5.011925697326660156e-01
4.217774868011474609e-01 6.060377359390258789e-01
7.744946479797363281e-01 5.089577436447143555e-01
5.431408882141113281e-01 7.857235670089721680e-01
6.018050312995910645e-01 8.118469715118408203e-01
6.602138876914978027e-01 4.408268630504608154e-01
3.862593173980712891e-01 6.638423204421997070e-01
7.351952791213989258e-01 4.875182807445526123e-01
7.673789262771606445e-01 5.724447965621948242e-01
5.152229070663452148e-01 4.279777407646179199e-01
6.575221419334411621e-01 6.171174049377441406e-01
5.169177651405334473e-01 4.112198352813720703e-01
7.001402974128723145e-01 5.179890394210815430e-01
4.736508429050445557e-01 5.672152042388916016e-01
6.268718242645263672e-01 7.163577675819396973e-01
4.216879904270172119e-01 5.813425183296203613e-01
3.704297840595245361e-01 6.046678423881530762e-01
7.592839598655700684e-01 6.167603135108947754e-01
6.896796226501464844e-01 8.117883801460266113e-01
5.797097682952880859e-01 7.701284885406494141e-01
5.922449827194213867e-01 4.876445829868316650e-01
4.470623433589935303e-01 6.101641058921813965e-01
4.388847649097442627e-01 6.798784136772155762e-01
4.808609783649444580e-01 7.856935858726501465e-01
7.666997909545898438e-01 5.618808865547180176e-01
7.637358307838439941e-01 4.609554409980773926e-01
6.756992936134338379e-01 5.684763789176940918e-01
5.096108317375183105e-01 6.832509040832519531e-01
7.584844231605529785e-01 6.152055263519287109e-01
5.999808311462402344e-01 6.636257767677307129e-01
6.547085046768188477e-01 7.185913324356079102e-01
6.379709243774414062e-01 6.213108301162719727e-01
4.742429554462432861e-01 7.004216909408569336e-01
6.235150098800659180e-01 4.050389826297760010e-01
5.703327059745788574e-01 3.583595454692840576e-01
4.416382312774658203e-01 5.302168726921081543e-01
6.330187916755676270e-01 6.779463291168212891e-01
6.898680329322814941e-01 6.253209710121154785e-01
6.880138516426086426e-01 7.348019480705261230e-01
5.478979349136352539e-01 7.023875117301940918e-01
5.917307734489440918e-01 6.483017206192016602e-01
4.344846010208129883e-01 5.206872224807739258e-01
5.910125374794006348e-01 4.026399254798889160e-01
6.482507586479187012e-01 3.992067575454711914e-01
4.664361476898193359e-01 6.865881681442260742e-01
4.759596288204193115e-01 4.731864631175994873e-01
6.922752857208251953e-01 4.889391064643859863e-01
5.991872549057006836e-01 7.406877279281616211e-01
7.013945579528808594e-01 5.133407115936279297e-01
4.721958637237548828e-01 5.172479748725891113e-01
6.564852595329284668e-01 6.976568102836608887e-01
5.045419931411743164e-01 7.485316395759582520e-01
7.839375138282775879e-01 5.188962221145629883e-01
8.204999566078186035e-01 5.216522812843322754e-01
7.251772880554199219e-01 5.297275185585021973e-01
4.364803731441497803e-01 6.935825347900390625e-01
5.537604689598083496e-01 8.274437189102172852e-01
7.479871511459350586e-01 6.558611392974853516e-01
5.354187488555908203e-01 4.568561315536499023e-01
4.270288348197937012e-01 5.615283250808715820e-01
6.445932388305664062e-01 6.144117712974548340e-01
7.044314146041870117e-01 4.366489946842193604e-01
4.922426939010620117e-01 4.525962769985198975e-01
6.269310712814331055e-01 5.890573859214782715e-01
4.530678391456604004e-01 5.643099546432495117e-01
6.340054273605346680e-01 6.132875680923461914e-01
6.260014772415161133e-01 7.103582024574279785e-01
3.725800514221191406e-01 6.167515516281127930e-01
8.005364537239074707e-01 5.667374134063720703e-01
5.759310126304626465e-01 3.618145585060119629e-01
7.329164147377014160e-01 6.290847659111022949e-01
7.453925609588623047e-01 6.822963356971740723e-01
5.926613211631774902e-01 5.569778084754943848e-01
5.769830942153930664e-01 4.715359210968017578e-01
4.878838658332824707e-01 4.996491670608520508e-01
6.084599494934082031e-01 7.149001955986022949e-01
4.243714213371276855e-01 6.861007809638977051e-01
7.990644574165344238e-01 5.929105281829833984e-01
4.024116992950439453e-01 6.130168437957763672e-01
4.469638764858245850e-01 4.794884026050567627e-01
7.330205440521240234e-01 7.029746174812316895e-01
4.916293025016784668e-01 7.764454483985900879e-01
5.746514797210693359e-01 5.826132893562316895e-01
6.408920288085937500e-01 7.958776950836181641e-01
5.754926800727844238e-01 7.921287417411804199e-01
7.672532796859741211e-01 5.234583020210266113e-01
7.953857183456420898e-01 5.038538575172424316e-01
4.738566875457763672e-01 6.289638280868530273e-01
4.223845899105072021e-01 6.239906549453735352e-01
8.076375126838684082e-01 5.827245712280273438e-01
5.176018476486206055e-01 6.322791576385498047e-01
3.672727942466735840e-01 5.672186613082885742e-01
6.721089482307434082e-01 4.524925351142883301e-01
6.345985531806945801e-01 7.491969466209411621e-01
4.637182056903839111e-01 6.857019662857055664e-01
7.537674903869628906e-01 7.160656452178955078e-01
6.389656662940979004e-01 7.365927100181579590e-01
6.464995145797729492e-01 6.704527735710144043e-01
6.077407598495483398e-01 7.418603897094726562e-01
4.078697860240936279e-01 6.280250549316406250e-01
7.110869288444519043e-01 6.181767582893371582e-01
4.776824116706848145e-01 7.147021293640136719e-01
5.619776844978332520e-01 3.949540555477142334e-01
5.237129330635070801e-01 5.089846253395080566e-01
5.071467161178588867e-01 5.276976227760314941e-01
6.394558548927307129e-01 4.945195913314819336e-01
5.926005244255065918e-01 3.912820219993591309e-01
7.167348265647888184e-01 4.541960954666137695e-01
6.457272768020629883e-01 7.245342135429382324e-01
7.762395739555358887e-01 6.023632884025573730e-01
6.725832819938659668e-01 4.255283176898956299e-01
6.024858951568603516e-01 4.734950661659240723e-01
6.367030739784240723e-01 4.885693490505218506e-01
6.773388981819152832e-01 5.005576610565185547e-01
5.962507724761962891e-01 4.231140613555908203e-01
4.257117807865142822e-01 5.749911069869995117e-01
5.157696008682250977e-01 5.668439269065856934e-01
4.333316981792449951e-01 7.191472649574279785e-01
6.132419705390930176e-01 8.033600449562072754e-01
6.158525347709655762e-01 8.072282671928405762e-01
8.321781754493713379e-01 6.137461662292480469e-01
6.113128066062927246e-01 7.483420372009277344e-01
6.639921665191650391e-01 5.791189074516296387e-01
5.197005867958068848e-01 6.961297392845153809e-01
5.357840061187744141e-01 4.126176536083221436e-01
6.748371720314025879e-01 7.868065834045410156e-01
7.008001804351806641e-01 4.445585608482360840e-01
7.943726778030395508e-01 5.867302417755126953e-01
5.157176256179809570e-01 5.759649872779846191e-01
4.753908812999725342e-01 6.257225275039672852e-01
4.868093729019165039e-01 5.937411785125732422e-01
6.273826956748962402e-01 7.017769813537597656e-01
5.371091365814208984e-01 5.172489881515502930e-01
8.355806469917297363e-01 6.097750663757324219e-01
7.294157743453979492e-01 5.434520244598388672e-01
7.193307280540466309e-01 7.516241669654846191e-01
4.788590967655181885e-01 7.154510617256164551e-01
7.808563709259033203e-01 6.956081986427307129e-01
8.326458334922790527e-01 6.008725166320800781e-01
3.548382520675659180e-01 6.375547647476196289e-01
5.680534243583679199e-01 4.008174240589141846e-01
3.808068037033081055e-01 5.805635452270507812e-01
7.618849277496337891e-01 4.934710562229156494e-01
6.485972404479980469e-01 6.588971018791198730e-01
6.762981414794921875e-01 6.424682140350341797e-01
5.900524258613586426e-01 4.242170453071594238e-01
4.447759985923767090e-01 5.910509228706359863e-01
6.263126134872436523e-01 5.904383659362792969e-01
7.623822689056396484e-01 6.971052289009094238e-01
6.506336331367492676e-01 4.179023802280426025e-01
7.765293121337890625e-01 5.948165655136108398e-01
6.565265059471130371e-01 3.936423361301422119e-01
6.648615002632141113e-01 5.563250184059143066e-01
5.352363586425781250e-01 6.617501378059387207e-01
4.915950894355773926e-01 6.719396114349365234e-01
7.011365890502929688e-01 5.891640186309814453e-01
5.238937139511108398e-01 6.860987544059753418e-01
7.900964021682739258e-01 6.358214616775512695e-01
5.302694439888000488e-01 4.798562228679656982e-01
8.389025926589965820e-01 5.829517245292663574e-01
8.111761212348937988e-01 5.261294245719909668e-01
4.840697646141052246e-01 6.928160190582275391e-01
7.340174317359924316e-01 7.412419915199279785e-01
7.225766777992248535e-01 6.127459406852722168e-01
4.441395103931427002e-01 6.011879444122314453e-01
6.966577172279357910e-01 7.449120283126831055e-01
3.790221810340881348e-01 6.470762491226196289e-01
7.565343379974365234e-01 6.002463102340698242e-01
7.300252914428710938e-01 7.377741932868957520e-01
4.041470587253570557e-01 5.611032843589782715e-01
3.580206632614135742e-01 6.427063345909118652e-01
4.042207002639770508e-01 5.037298798561096191e-01
6.690378189086914062e-01 4.000502228736877441e-01
6.174412369728088379e-01 5.535852313041687012e-01
4.496036767959594727e-01 6.848347187042236328e-01
4.772867560386657715e-01 6.360231637954711914e-01
7.988150715827941895e-01 6.420241594314575195e-01
6.179438829421997070e-01 4.001456797122955322e-01
5.949526429176330566e-01 7.866808176040649414e-01
4.911805391311645508e-01 4.401412606239318848e-01
5.016907453536987305e-01 5.899976491928100586e-01
6.125494241714477539e-01 7.517839670181274414e-01
7.140242457389831543e-01 7.399041652679443359e-01
6.872943043708801270e-01 6.409511566162109375e-01
6.167569756507873535e-01 6.301088333129882812e-01
5.023134350776672363e-01 6.505530476570129395e-01
5.217708945274353027e-01 6.859741806983947754e-01
8.253360986709594727e-01 5.643833279609680176e-01
5.071371197700500488e-01 6.345141530036926270e-01
5.946381092071533203e-01 5.120475292205810547e-01
4.088400006294250488e-01 5.861201286315917969e-01
6.999195218086242676e-01 4.348512887954711914e-01
6.822771430015563965e-01 6.889672875404357910e-01
6.743097901344299316e-01 6.706712245941162109e-01
3.674812614917755127e-01 6.304319500923156738e-01
4.394927620887756348e-01 5.469635725021362305e-01
6.957360506057739258e-01 7.484914064407348633e-01
3.517748415470123291e-01 5.927171111106872559e-01
3.890440762042999268e-01 5.703747868537902832e-01
5.785125494003295898e-01 5.257202386856079102e-01
6.112753152847290039e-01 4.150453507900238037e-01
5.925404429435729980e-01 5.822879076004028320e-01
5.448645353317260742e-01 7.595123052597045898e-01
4.612598419189453125e-01 6.860527992248535156e-01
6.432336568832397461e-01 4.702935516834259033e-01
6.481807827949523926e-01 7.539114356040954590e-01
7.989056706428527832e-01 5.715483427047729492e-01
8.246709704399108887e-01 5.534421801567077637e-01
6.546452641487121582e-01 4.901336431503295898e-01
5.762578248977661133e-01 6.109579205513000488e-01
3.749944269657135010e-01 5.360571742057800293e-01
5.360798835754394531e-01 4.117366969585418701e-01
4.838093817234039307e-01 5.735831856727600098e-01
5.720486044883728027e-01 7.271713018417358398e-01
5.799230933189392090e-01 8.130229711532592773e-01
6.725250482559204102e-01 4.552728235721588135e-01
6.838063597679138184e-01 5.898790359497070312e-01
5.549387931823730469e-01 7.916929125785827637e-01
6.369004249572753906e-01 8.054254055023193359e-01
4.791810512542724609e-01 5.883177518844604492e-01
6.022762060165405273e-01 7.845752835273742676e-01
5.092087388038635254e-01 7.560870647430419922e-01
6.994640827178955078e-01 6.983516812324523926e-01
6.630447506904602051e-01 7.414538264274597168e-01
5.569244623184204102e-01 7.780084013938903809e-01
6.221972107887268066e-01 5.146813392639160156e-01
4.583555459976196289e-01 6.987807750701904297e-01
5.325219035148620605e-01 4.362392425537109375e-01
7.310826778411865234e-01 5.762366056442260742e-01
5.981374382972717285e-01 7.672197818756103516e-01
4.444156289100646973e-01 4.915606975555419922e-01
7.734487056732177734e-01 5.028026103973388672e-01
5.616822242736816406e-01 3.924368321895599365e-01
5.360732078552246094e-01 7.009917497634887695e-01
7.462288141250610352e-01 7.169350385665893555e-01
4.867565333843231201e-01 6.425517201423645020e-01
6.370387673377990723e-01 7.013763189315795898e-01
5.502247810363769531e-01 4.480030834674835205e-01
4.796952009201049805e-01 4.503558278083801270e-01
7.911754846572875977e-01 5.854716897010803223e-01
6.163655519485473633e-01 3.898630738258361816e-01
6.026667356491088867e-01 5.887950062751770020e-01
5.832599997520446777e-01 4.623918235301971436e-01
4.351295232772827148e-01 5.644459128379821777e-01
7.478437423706054688e-01 5.360078215599060059e-01
7.525627613067626953e-01 7.066088914871215820e-01
8.192724585533142090e-01 6.187853813171386719e-01
7.192236781120300293e-01 5.402064323425292969e-01
5.602096319198608398e-01 5.929790735244750977e-01
4.748270511627197266e-01 5.996491312980651855e-01
7.705895304679870605e-01 6.652592420578002930e-01
7.348892688751220703e-01 7.142916321754455566e-01
5.150560736656188965e-01 7.367417812347412109e-01
6.464357972145080566e-01 5.174518227577209473e-01
6.371557116508483887e-01 7.052986025810241699e-01
5.729767680168151855e-01 7.311950922012329102e-01
6.610027551651000977e-01 4.421552717685699463e-01
6.255384087562561035e-01 4.267731308937072754e-01
4.100858271121978760e-01 5.977340340614318848e-01
4.811535775661468506e-01 6.106601953506469727e-01
7.788130640983581543e-01 6.569632291793823242e-01
8.242107629776000977e-01 6.204888224601745605e-01
5.302091836929321289e-01 4.734440743923187256e-01
6.481981277465820312e-01 4.404097199440002441e-01
3.995169997215270996e-01 6.442350149154663086e-01
3.820499479770660400e-01 6.410841345787048340e-01
7.302503585815429688e-01 5.684931874275207520e-01
8.463099002838134766e-01 5.884790420532226562e-01
6.279866099357604980e-01 7.942424416542053223e-01
3.811930119991302490e-01 6.526336669921875000e-01
8.074457049369812012e-01 7.088888287544250488e-01
5.854314565658569336e-01 7.512546181678771973e-01
7.157833576202392578e-01 5.884549617767333984e-01
5.646888613700866699e-01 4.174648225307464600e-01
6.451595425605773926e-01 6.193184852600097656e-01
4.064949750900268555e-01 6.294422149658203125e-01
7.152308225631713867e-01 6.304049491882324219e-01
7.504953742027282715e-01 4.710885584354400635e-01
7.637537121772766113e-01 5.805205106735229492e-01
7.652134299278259277e-01 7.408761382102966309e-01
8.229117989540100098e-01 5.784205198287963867e-01
6.449108719825744629e-01 6.265975236892700195e-01
4.605453312397003174e-01 6.623464226722717285e-01
5.291615724563598633e-01 7.196118235588073730e-01
5.888307690620422363e-01 7.973550558090209961e-01
4.673317968845367432e-01 6.880445480346679688e-01
6.618772149085998535e-01 7.832261323928833008e-01
8.038964867591857910e-01 5.727068781852722168e-01
7.430460453033447266e-01 6.227455735206604004e-01
3.749526739120483398e-01 6.029737591743469238e-01
6.695917248725891113e-01 4.984440803527832031e-01
7.240229845046997070e-01 6.397458314895629883e-01
5.881227254867553711e-01 4.315542578697204590e-01
6.810884475708007812e-01 5.246809124946594238e-01
5.180567502975463867e-01 4.522701203823089600e-01
3.946327567100524902e-01 7.047987580299377441e-01
7.237203717231750488e-01 6.913756132125854492e-01
6.104596853256225586e-01 6.061171889305114746e-01
6.194428205490112305e-01 5.862376689910888672e-01
4.528090953826904297e-01 5.776850581169128418e-01
5.924075841903686523e-01 4.143744409084320068e-01
7.334405183792114258e-01 7.401599287986755371e-01
7.532284855842590332e-01 6.495692133903503418e-01
8.169595599174499512e-01 6.577945947647094727e-01
6.722617745399475098e-01 4.716033041477203369e-01
6.012161970138549805e-01 7.383104562759399414e-01
5.558757185935974121e-01 6.207885146141052246e-01
7.238485217094421387e-01 4.648449122905731201e-01
7.658050060272216797e-01 7.230806946754455566e-01
6.277720928192138672e-01 7.900078892707824707e-01
4.668104350566864014e-01 7.272309660911560059e-01
5.373237729072570801e-01 7.192459106445312500e-01
3.986755907535552979e-01 5.328021049499511719e-01
7.433336973190307617e-01 6.423721313476562500e-01
5.163628458976745605e-01 5.057858228683471680e-01
6.753525733947753906e-01 4.003669619560241699e-01
4.819148480892181396e-01 7.175664901733398438e-01
7.945507168769836426e-01 5.488264560699462891e-01
3.920256495475769043e-01 7.012549638748168945e-01
4.245400726795196533e-01 4.669876396656036377e-01
6.134551763534545898e-01 5.613948702812194824e-01
6.159339547157287598e-01 7.638154625892639160e-01
4.232510030269622803e-01 6.831893920898437500e-01
5.317115783691406250e-01 5.903508067131042480e-01
5.336909890174865723e-01 7.179474234580993652e-01
6.861609816551208496e-01 3.921105563640594482e-01
5.899012088775634766e-01 7.068243622779846191e-01
6.322259902954101562e-01 4.947296977043151855e-01
4.626670181751251221e-01 4.998764395713806152e-01
3.902736008167266846e-01 6.434860825538635254e-01
5.360704660415649414e-01 6.262891888618469238e-01
5.477230548858642578e-01 5.294176936149597168e-01
7.334470152854919434e-01 6.371418833732604980e-01
5.339745283126831055e-01 4.306005835533142090e-01
4.121997952461242676e-01 6.134778857231140137e-01
6.225791573524475098e-01 3.708488643169403076e-01
4.517664313316345215e-01 4.914070069789886475e-01
6.194715499877929688e-01 6.762844324111938477e-01
4.227441549301147461e-01 6.212087273597717285e-01
6.486878395080566406e-01 6.177350878715515137e-01
5.465903878211975098e-01 6.703696846961975098e-01
4.313091635704040527e-01 6.832147240638732910e-01
6.235567331314086914e-01 7.053815126419067383e-01
5.924267768859863281e-01 5.562676191329956055e-01
4.362533390522003174e-01 5.967031717300415039e-01
6.090806126594543457e-01 6.686368584632873535e-01
5.674162507057189941e-01 7.198071479797363281e-01
3.583815991878509521e-01 5.517396926879882812e-01
4.647643864154815674e-01 7.160989046096801758e-01
8.225519657135009766e-01 7.183706164360046387e-01
7.690333724021911621e-01 5.991711616516113281e-01
5.230065584182739258e-01 5.131755471229553223e-01
7.438628673553466797e-01 5.435735583305358887e-01
7.654748558998107910e-01 4.387665390968322754e-01
4.290794432163238525e-01 4.976027607917785645e-01
7.552188038825988770e-01 5.168265104293823242e-01
8.438632488250732422e-01 5.736272931098937988e-01
6.639045476913452148e-01 8.563907146453857422e-01
7.844867110252380371e-01 5.025004148483276367e-01
5.048476457595825195e-01 5.666148662567138672e-01
4.118616580963134766e-01 6.767812967300415039e-01
5.623543858528137207e-01 3.951169252395629883e-01
6.039221882820129395e-01 5.190449357032775879e-01
7.170701622962951660e-01 6.835445165634155273e-01
6.673635244369506836e-01 7.080386877059936523e-01
4.816452562808990479e-01 5.176215767860412598e-01
7.457274198532104492e-01 4.906018376350402832e-01
6.477547287940979004e-01 6.358913779258728027e-01
5.418262481689453125e-01 4.197646677494049072e-01
4.439958333969116211e-01 4.857096374034881592e-01
7.155729532241821289e-01 7.013617753982543945e-01
7.095842361450195312e-01 5.087333321571350098e-01
5.874317288398742676e-01 8.034622073173522949e-01
6.140118837356567383e-01 5.102515220642089844e-01
4.567267596721649170e-01 6.147165298461914062e-01
7.779860496520996094e-01 5.661036372184753418e-01
4.883741140365600586e-01 7.254459261894226074e-01
3.822788000106811523e-01 5.819311738014221191e-01
3.542436957359313965e-01 5.681895613670349121e-01
6.695228219032287598e-01 7.587599754333496094e-01
5.110020041465759277e-01 7.526893615722656250e-01
8.046095371246337891e-01 6.728994846343994141e-01
4.531267881393432617e-01 5.912421345710754395e-01
7.085047960281372070e-01 6.870383024215698242e-01
8.024748563766479492e-01 6.390513777732849121e-01
4.338958561420440674e-01 4.682936668395996094e-01
5.367596149444580078e-01 3.987991213798522949e-01
3.875925540924072266e-01 5.276999473571777344e-01
4.846743047237396240e-01 6.732033491134643555e-01
7.368819713592529297e-01 5.695450901985168457e-01
7.507466673851013184e-01 7.174285054206848145e-01
5.902493596076965332e-01 5.378022193908691406e-01
4.473673403263092041e-01 4.664201140403747559e-01
4.695406854152679443e-01 7.374731302261352539e-01
6.964761614799499512e-01 7.145866751670837402e-01
7.096240520477294922e-01 7.128503322601318359e-01
4.766937494277954102e-01 6.131322383880615234e-01
5.767934322357177734e-01 3.957746624946594238e-01
6.588048934936523438e-01 7.181084752082824707e-01
6.781961321830749512e-01 5.545703768730163574e-01
4.208606779575347900e-01 6.587498784065246582e-01
8.103483915328979492e-01 5.219920873641967773e-01
6.999143958091735840e-01 5.126667618751525879e-01
6.494289636611938477e-01 4.263173341751098633e-01
4.947685599327087402e-01 7.760856151580810547e-01
4.788734912872314453e-01 5.887865424156188965e-01
5.342053771018981934e-01 4.610599875450134277e-01
7.941980957984924316e-01 6.439698338508605957e-01
6.827112436294555664e-01 4.339446127414703369e-01
7.065309286117553711e-01 7.508341670036315918e-01
3.963049650192260742e-01 6.109988689422607422e-01
6.036455035209655762e-01 4.952026307582855225e-01
6.432946324348449707e-01 6.251508593559265137e-01
7.353196144104003906e-01 6.621581912040710449e-01
5.119193196296691895e-01 7.944464087486267090e-01
7.752823829650878906e-01 6.537597775459289551e-01
4.374756217002868652e-01 5.471279621124267578e-01
6.493377089500427246e-01 8.159277439117431641e-01
5.912827253341674805e-01 5.888041257858276367e-01
6.794999837875366211e-01 7.811217308044433594e-01
7.777519226074218750e-01 6.858377456665039062e-01
7.381188273429870605e-01 6.165459752082824707e-01
4.541421532630920410e-01 6.669769287109375000e-01
4.783098995685577393e-01 4.343066513538360596e-01
6.269856691360473633e-01 6.371322274208068848e-01
4.786663949489593506e-01 6.140486001968383789e-01
7.223815917968750000e-01 5.984823703765869141e-01
6.577990055084228516e-01 6.472090482711791992e-01
5.669738054275512695e-01 7.166826725006103516e-01
6.664136648178100586e-01 6.246569156646728516e-01
6.015300750732421875e-01 7.971756458282470703e-01
4.967323243618011475e-01 5.841342210769653320e-01
8.712218999862670898e-01 5.844209194183349609e-01
