-2.209991812705993652e-01 4.211211204528808594e-02
2.176432013511657715e-01 -4.077714681625366211e-01
3.493238091468811035e-01 -3.002306222915649414e-01
-4.926007390022277832e-01 1.150768995285034180e-02
-2.308613657951354980e-01 -2.446832060813903809e-01
-3.213267326354980469e-01 4.562926292419433594e-02
-4.843968152999877930e-01 2.100745439529418945e-01
-4.746363162994384766e-01 1.754407882690429688e-01
-2.622874975204467773e-01 3.997259736061096191e-01
-3.830120563507080078e-01 2.940165996551513672e-01
-2.569661140441894531e-01 -3.545529842376708984e-01
2.539096474647521973e-01 -2.752784490585327148e-01
3.149060606956481934e-01 -1.050618886947631836e-01
1.725769042968750000e-01 2.596246004104614258e-01
4.268963336944580078e-01 1.289961338043212891e-01
2.704685926437377930e-01 -2.046983242034912109e-01
1.594882607460021973e-01 2.711714506149291992e-01
1.750063896179199219e-02 -7.866424322128295898e-02
3.321725130081176758e-01 3.768550753593444824e-01
-2.720570564270019531e-01 2.216912508010864258e-01
1.835785508155822754e-01 -3.057658672332763672e-01
2.119619846343994141e-01 1.105983257293701172e-01
-3.349597454071044922e-01 -1.780845522880554199e-01
2.552381753921508789e-01 2.284213900566101074e-01
4.209355115890502930e-01 -3.066966533660888672e-01
-1.209414601325988770e-01 -1.101756095886230469e-01
-4.676429629325866699e-01 2.246247529983520508e-01
-3.767162561416625977e-01 -1.354235410690307617e-02
-1.119924783706665039e-01 2.332130074501037598e-01
-4.778891801834106445e-02 4.077366590499877930e-01
3.776923418045043945e-01 -4.621638655662536621e-01
2.782084345817565918e-01 -3.419120311737060547e-01
-1.909625530242919922e-01 2.214698195457458496e-01
8.143705129623413086e-02 -1.586304306983947754e-01
-4.724429845809936523e-01 -4.597365856170654297e-03
-2.244099974632263184e-01 -2.276026606559753418e-01
2.507439851760864258e-01 8.316665887832641602e-02
2.229260802268981934e-01 2.973763942718505859e-01
-1.600849628448486328e-02 -4.860037565231323242e-02
-3.394275903701782227e-02 3.571286797523498535e-01
1.875573992729187012e-01 2.676252126693725586e-01
-4.065215587615966797e-03 -1.575865149497985840e-01
-1.112601757049560547e-01 3.142256736755371094e-01
4.443677067756652832e-01 -1.746296882629394531e-02
3.948234915733337402e-01 -4.132739901542663574e-01
-4.350864291191101074e-01 3.028715252876281738e-01
2.171164155006408691e-01 -6.321758031845092773e-02
-2.153718471527099609e-01 -2.955594062805175781e-01
-4.658244848251342773e-01 1.745741367340087891e-01
1.630276441574096680e-01 -1.323364973068237305e-01
-2.356503009796142578e-01 -3.272461295127868652e-01
1.128658056259155273e-01 -2.226536870002746582e-01
2.353106141090393066e-01 2.553978562355041504e-01
3.547998070716857910e-01 -3.434705734252929688e-02
4.818598031997680664e-01 -2.574582099914550781e-01
4.459865689277648926e-01 -2.862074971199035645e-01
-4.435690641403198242e-01 -2.661101818084716797e-01
9.449738264083862305e-02 2.702498435974121094e-01
-4.312511086463928223e-01 4.864674806594848633e-02
1.967713236808776855e-01 -1.013952493667602539e-02
-1.163743138313293457e-01 -2.854326367378234863e-01
-4.955292940139770508e-01 1.128084659576416016e-01
1.052249670028686523e-01 2.403836846351623535e-01
4.154911637306213379e-01 -7.451969385147094727e-02
2.205392122268676758e-01 -4.982168674468994141e-01
4.169022440910339355e-01 -2.383798360824584961e-01
-2.439320087432861328e-03 6.089937686920166016e-02
8.446609973907470703e-02 -3.941125273704528809e-01
-3.864067196846008301e-01 2.736330032348632812e-03
4.547232389450073242e-02 2.247320413589477539e-01
-4.973493814468383789e-01 1.726089715957641602e-01
-2.794396877288818359e-02 -4.201588630676269531e-01
-9.131360054016113281e-02 6.116843223571777344e-02
4.242084026336669922e-01 -1.617650985717773438e-01
1.676405072212219238e-01 1.530584692955017090e-01
2.019984126091003418e-01 -1.436102390289306641e-02
-4.842203855514526367e-02 2.291625142097473145e-01
-2.344881892204284668e-01 -4.922055006027221680e-01
2.777699232101440430e-01 3.092798590660095215e-01
2.578299641609191895e-01 3.609641194343566895e-01
-3.441113829612731934e-01 -6.948196887969970703e-02
2.537065148353576660e-01 4.358274936676025391e-01
-1.059093475341796875e-01 -7.134258747100830078e-02
3.556891679763793945e-01 2.747598886489868164e-01
2.918541431427001953e-03 -4.642085433006286621e-01
3.479511737823486328e-01 2.425381541252136230e-01
-2.663753032684326172e-01 1.523204445838928223e-01
-3.617292642593383789e-02 -9.341013431549072266e-02
3.928375840187072754e-01 -2.889614105224609375e-01
-4.518174529075622559e-01 4.649827480316162109e-01
5.705595016479492188e-03 3.905033469200134277e-01
-2.755457162857055664e-02 2.512987256050109863e-01
2.345221638679504395e-01 3.153926134109497070e-02
-2.537158131599426270e-01 2.576844096183776855e-01
-3.032773733139038086e-01 2.667611837387084961e-02
1.099284291267395020e-01 -1.586986780166625977e-01
4.877460598945617676e-01 3.769717812538146973e-01
-4.970574975013732910e-01 -1.462048888206481934e-01
3.766930699348449707e-01 -4.550870060920715332e-01
-4.445135593414306641e-02 3.311103582382202148e-01
-3.048934340476989746e-01 4.828357100486755371e-01
1.981006860733032227e-01 2.364568710327148438e-01
3.271335363388061523e-02 8.801847696304321289e-02
-1.192428469657897949e-01 -3.385994434356689453e-01
1.406644582748413086e-01 -2.066210508346557617e-01
3.976404666900634766e-02 3.634506464004516602e-01
4.371677041053771973e-01 3.001811504364013672e-01
4.269037246704101562e-01 1.902320981025695801e-01
2.582647800445556641e-01 -3.382698297500610352e-01
3.283445835113525391e-01 -2.062276005744934082e-01
-4.716405272483825684e-01 -1.817268133163452148e-02
-2.072028517723083496e-01 4.720944166183471680e-01
-5.250030755996704102e-02 -1.712027192115783691e-01
-3.302726745605468750e-01 3.185400962829589844e-01
-4.747769236564636230e-01 4.972308874130249023e-02
6.291067600250244141e-02 1.089399456977844238e-01
4.896277189254760742e-02 -4.115754365921020508e-02
-2.714877128601074219e-01 2.278310656547546387e-01
2.450188398361206055e-01 -3.566212058067321777e-01
-3.460798859596252441e-01 4.744299650192260742e-01
3.197968006134033203e-02 4.750512838363647461e-01
-1.088659167289733887e-01 4.988387227058410645e-01
4.570505023002624512e-01 2.056506872177124023e-01
4.405993223190307617e-01 -3.010094761848449707e-01
4.462862014770507812e-01 -3.162488937377929688e-01
-3.389139175415039062e-01 -3.407661318778991699e-01
-1.147104501724243164e-01 -3.376104235649108887e-01
-2.318346500396728516e-01 2.599627971649169922e-01
-1.871001124382019043e-01 -1.212424635887145996e-01
9.242314100265502930e-02 3.960388898849487305e-02
2.282863259315490723e-01 3.061884641647338867e-01
-4.234434962272644043e-01 -4.149841666221618652e-01
1.416194438934326172e-02 -4.749974608421325684e-01
3.523195981979370117e-01 -3.473274707794189453e-01
-2.592983841896057129e-01 2.500458359718322754e-01
-2.277141809463500977e-01 -1.677925586700439453e-01
-4.242115020751953125e-01 4.566599726676940918e-01
2.672271728515625000e-01 -2.968419194221496582e-01
-3.768373727798461914e-01 1.927978396415710449e-01
-1.033524870872497559e-01 -3.944117426872253418e-01
3.705662488937377930e-02 1.212407946586608887e-01
3.609389066696166992e-02 -3.564552068710327148e-01
-1.187894940376281738e-01 -2.931202054023742676e-01
2.128453254699707031e-01 4.438549876213073730e-01
-3.061714768409729004e-01 3.316320776939392090e-01
-4.279063344001770020e-01 7.252871990203857422e-02
2.782640457153320312e-01 4.588149189949035645e-01
1.040425896644592285e-01 -3.071586489677429199e-01
1.024550795555114746e-01 -3.416563868522644043e-01
1.260434389114379883e-01 -9.892165660858154297e-02
4.524453878402709961e-01 -1.793771982192993164e-02
2.819692492485046387e-01 -3.493142724037170410e-01
9.195178747177124023e-02 2.093175649642944336e-01
-3.965008258819580078e-02 2.476054430007934570e-01
-3.353068828582763672e-01 -3.587947487831115723e-01
-3.977507948875427246e-01 2.375326752662658691e-01
-3.081096410751342773e-01 -1.663923859596252441e-01
-2.452907562255859375e-01 -3.025056123733520508e-01
1.714901328086853027e-01 -1.365453004837036133e-01
-4.462702274322509766e-01 -3.589684963226318359e-01
-3.839132785797119141e-01 1.986311078071594238e-01
2.218357920646667480e-01 -4.962412714958190918e-01
1.485955715179443359e-01 1.309649944305419922e-01
-1.120132207870483398e-02 4.253320693969726562e-01
4.754773378372192383e-01 1.600777506828308105e-01
-3.354960083961486816e-01 4.661849141120910645e-01
6.153178215026855469e-02 3.096862435340881348e-01
2.103118896484375000e-01 4.664075970649719238e-01
4.668802022933959961e-02 1.797557473182678223e-01
1.147181391716003418e-01 -4.102904200553894043e-01
-3.779193162918090820e-01 1.809040904045104980e-01
-3.977912068367004395e-01 -3.048673868179321289e-01
2.296038866043090820e-01 -2.576995491981506348e-01
2.298350930213928223e-01 4.424511194229125977e-01
-3.503897786140441895e-01 1.074677705764770508e-01
-3.686172366142272949e-01 3.501917123794555664e-01
-3.253757357597351074e-01 1.260266900062561035e-01
-9.123682975769042969e-03 -2.895740270614624023e-01
4.765945672988891602e-02 -5.286008119583129883e-02
-2.445510625839233398e-01 2.081309556961059570e-01
2.586265206336975098e-01 -7.918286323547363281e-02
-4.001672267913818359e-01 4.975277185440063477e-01
4.605649113655090332e-01 -1.548658609390258789e-01
-1.900042891502380371e-01 3.447514772415161133e-01
-1.316184997558593750e-01 -1.529543399810791016e-01
-3.656906485557556152e-01 -4.612765908241271973e-01
-2.968242168426513672e-01 1.329951882362365723e-01
3.097940087318420410e-01 -9.988403320312500000e-02
-1.513580679893493652e-01 -1.309630870819091797e-01
-2.304874062538146973e-01 3.761379122734069824e-01
2.317125201225280762e-01 1.036093235015869141e-01
-4.241228699684143066e-01 -2.235031723976135254e-01
4.266758561134338379e-01 -4.639468193054199219e-01
2.821298241615295410e-01 -4.648215174674987793e-01
-3.637683391571044922e-02 3.062808513641357422e-01
5.016803741455078125e-02 1.173663139343261719e-01
3.161455988883972168e-01 2.041250467300415039e-01
4.711158871650695801e-01 3.894700407981872559e-01
-3.261259198188781738e-01 2.142407298088073730e-01
3.187233209609985352e-02 4.657460451126098633e-01
1.926208734512329102e-01 -4.743722677230834961e-01
2.046139836311340332e-01 -4.474886059761047363e-01
-4.898759722709655762e-01 2.904236912727355957e-01
4.568127989768981934e-01 -3.978897929191589355e-01
-3.022643327713012695e-01 -3.222057819366455078e-01
-4.956227540969848633e-01 -4.074169993400573730e-01
-9.769380092620849609e-03 8.264642953872680664e-02
1.192718744277954102e-02 -3.329852819442749023e-01
-1.216315031051635742e-01 -3.819033503532409668e-01
3.600946068763732910e-01 -4.679088592529296875e-01
4.612882137298583984e-01 4.324786067008972168e-01
-1.702120900154113770e-01 -3.732550144195556641e-02
4.537771940231323242e-01 4.592574834823608398e-01
-3.703534603118896484e-01 -3.685815930366516113e-01
-4.511944651603698730e-01 4.015973210334777832e-01
3.530005216598510742e-01 -4.746521711349487305e-01
-4.671522378921508789e-01 1.805399060249328613e-01
3.294632434844970703e-01 1.195513010025024414e-01
-3.096894621849060059e-01 3.688088655471801758e-01
2.208158969879150391e-01 -3.440743684768676758e-01
1.254400014877319336e-01 1.601050496101379395e-01
2.906010150909423828e-01 -6.865733861923217773e-02
4.734551906585693359e-01 -2.380700707435607910e-01
-2.053156495094299316e-01 1.904844045639038086e-01
2.275131344795227051e-01 -3.231388330459594727e-02
-6.927818059921264648e-02 -1.104723811149597168e-01
-1.247959733009338379e-01 -3.295161724090576172e-01
7.195526361465454102e-02 -3.304388523101806641e-01
-1.903455257415771484e-01 2.798809409141540527e-01
-2.996097803115844727e-01 2.869499921798706055e-01
1.736156344413757324e-01 4.679950475692749023e-01
-2.392747402191162109e-01 3.655650019645690918e-01
-1.627933979034423828e-02 1.562644839286804199e-01
-2.249475121498107910e-01 -4.229635000228881836e-02
-3.302811980247497559e-01 1.899729371070861816e-01
3.866184949874877930e-01 4.035164117813110352e-01
-7.670015096664428711e-02 3.065130710601806641e-01
4.400306940078735352e-02 -2.471077442169189453e-02
-5.602365732192993164e-02 -1.196628808975219727e-02
3.004803061485290527e-01 -2.199721932411193848e-01
-1.881391406059265137e-01 3.728865385055541992e-01
-2.467406988143920898e-01 3.168331980705261230e-01
2.525816559791564941e-01 -1.539093255996704102e-01
4.009593725204467773e-01 -2.231581211090087891e-01
4.873909354209899902e-01 2.252466082572937012e-01
-3.417240381240844727e-01 -8.615374565124511719e-03
-3.898239135742187500e-02 1.549641489982604980e-01
-1.777732372283935547e-01 -2.051983475685119629e-01
-7.259374856948852539e-02 -6.663107872009277344e-02
2.809589505195617676e-01 1.966460347175598145e-01
4.453164935111999512e-01 9.894686937332153320e-02
-3.468156456947326660e-01 3.176454901695251465e-01
-2.538508176803588867e-02 4.965005517005920410e-01
-2.064377665519714355e-01 -2.932599186897277832e-01
4.555439949035644531e-02 1.474014520645141602e-01
-4.455860853195190430e-01 9.937876462936401367e-02
-3.035432696342468262e-01 3.259893655776977539e-01
-8.275175094604492188e-02 2.123614549636840820e-01
-1.693350076675415039e-02 -3.265662789344787598e-01
-3.105534315109252930e-01 -4.406339526176452637e-01
4.652585387229919434e-01 -4.840797781944274902e-01
-9.158772230148315430e-02 1.881241798400878906e-03
-2.420403957366943359e-01 3.093405365943908691e-01
-1.614335775375366211e-01 -2.402172088623046875e-01
1.147985458374023438e-02 2.282685041427612305e-02
2.618358731269836426e-01 -7.547217607498168945e-02
-4.460304975509643555e-01 3.064892292022705078e-01
-3.835133314132690430e-01 2.374488115310668945e-02
-1.712486743927001953e-01 3.402684926986694336e-01
-3.535124063491821289e-01 -2.330308556556701660e-01
-4.943440556526184082e-01 3.255480527877807617e-02
4.168621301651000977e-01 -1.597259640693664551e-01
-1.057594418525695801e-01 -1.040526032447814941e-01
-2.870498895645141602e-01 -4.095723628997802734e-01
2.037587761878967285e-01 -3.221505880355834961e-01
1.589417457580566406e-02 1.778596639633178711e-02
-3.984107971191406250e-01 -1.905878782272338867e-01
3.411489725112915039e-02 4.168133735656738281e-01
-4.677442908287048340e-01 -2.639538049697875977e-02
4.056469798088073730e-01 3.839694857597351074e-01
-1.938532590866088867e-01 -2.679380178451538086e-01
4.612293243408203125e-01 4.364079236984252930e-02
-2.927863597869873047e-01 -4.466050863265991211e-01
-7.166850566864013672e-02 -2.864548563957214355e-01
1.467674970626831055e-02 -3.944570422172546387e-01
1.198813319206237793e-01 -3.554019927978515625e-01
-6.362032890319824219e-02 2.973713874816894531e-01
-4.365882873535156250e-01 3.700925111770629883e-01
-2.619916796684265137e-01 4.756533503532409668e-01
-4.914492368698120117e-01 3.910759687423706055e-01
-1.063139438629150391e-01 -4.717739224433898926e-01
4.018580317497253418e-01 3.641220331192016602e-01
-1.229051947593688965e-01 -6.895220279693603516e-02
3.501003980636596680e-01 1.695455908775329590e-01
1.206151843070983887e-01 2.978099584579467773e-01
-3.278567194938659668e-01 -6.990462541580200195e-02
4.198461771011352539e-02 -3.916885852813720703e-01
1.439965367317199707e-01 4.009207487106323242e-01
-3.833765983581542969e-01 -4.100465774536132812e-02
-4.141039848327636719e-01 3.408044576644897461e-01
3.252408504486083984e-01 -2.193509340286254883e-01
-5.599653720855712891e-02 -2.378675341606140137e-01
2.240330576896667480e-01 -1.291817426681518555e-01
1.056851148605346680e-01 -1.135136485099792480e-01
4.240847826004028320e-01 -3.316223621368408203e-01
-3.322446346282958984e-01 -1.864958405494689941e-01
-2.001302242279052734e-01 -1.611599922180175781e-01
3.398855924606323242e-01 2.664517164230346680e-01
7.345551252365112305e-02 4.694792628288269043e-01
-7.268846035003662109e-03 8.713901042938232422e-03
2.721184492111206055e-02 1.740276813507080078e-03
2.802208662033081055e-01 2.574675083160400391e-01
-1.333755254745483398e-01 2.760387659072875977e-01
-3.832434415817260742e-01 4.723443984985351562e-01
-3.597276806831359863e-01 1.237269043922424316e-01
-8.111947774887084961e-02 3.680106401443481445e-01
-1.369659304618835449e-01 1.314836144447326660e-01
1.915034055709838867e-01 2.196193933486938477e-01
-4.018177390098571777e-01 4.877436161041259766e-02
4.387370944023132324e-01 -2.030580639839172363e-01
-3.721888065338134766e-01 3.010917901992797852e-01
4.107330441474914551e-01 -2.426429390907287598e-01
-1.815770864486694336e-01 -3.741399645805358887e-01
1.353040933609008789e-01 -2.792716026306152344e-02
-4.142177104949951172e-02 -2.092401981353759766e-01
-3.892056941986083984e-01 2.271389961242675781e-02
-4.379885792732238770e-01 1.655619144439697266e-01
-1.960241794586181641e-01 6.954014301300048828e-03
-4.051406383514404297e-01 -3.403012752532958984e-01
-1.530879735946655273e-02 -4.805938601493835449e-01
3.548233509063720703e-01 9.052819013595581055e-02
4.889259934425354004e-01 -6.385189294815063477e-02
4.252198934555053711e-01 2.659469842910766602e-01
1.746226549148559570e-01 -1.704226136207580566e-01
-1.623144745826721191e-01 9.511601924896240234e-02
-4.091460704803466797e-01 4.633345603942871094e-01
-7.904267311096191406e-02 2.357488870620727539e-02
9.325611591339111328e-02 4.630310535430908203e-01
4.095629453659057617e-01 4.986985325813293457e-01
-3.799812197685241699e-01 3.341293334960937500e-02
-2.690185904502868652e-01 -4.268658161163330078e-02
-2.140164971351623535e-01 4.085085391998291016e-01
-4.613935351371765137e-01 2.859950065612792969e-03
-2.532494068145751953e-01 4.682157039642333984e-01
-1.828635334968566895e-01 7.794660329818725586e-02
5.455309152603149414e-02 1.031448245048522949e-01
7.000833749771118164e-02 1.825314760208129883e-01
1.857288479804992676e-01 3.995800018310546875e-01
4.388206005096435547e-01 -6.024932861328125000e-02
-4.721642732620239258e-01 2.407332658767700195e-01
1.349167823791503906e-01 4.013135433197021484e-01
-3.966974020004272461e-01 3.885691165924072266e-01
4.698675870895385742e-01 2.166436910629272461e-01
4.131306409835815430e-01 -3.021460771560668945e-02
-2.742943167686462402e-01 -3.009571433067321777e-01
1.266844868659973145e-01 -1.300520896911621094e-01
-1.618474721908569336e-01 1.359986066818237305e-01
2.189596891403198242e-01 -4.471084475517272949e-01
-2.537666559219360352e-01 -1.397226452827453613e-01
-1.821742653846740723e-01 3.632472157478332520e-01
4.096583724021911621e-01 3.152841925621032715e-01
-3.617153763771057129e-01 1.433491706848144531e-02
3.774626255035400391e-01 4.694579243659973145e-01
1.956651210784912109e-01 2.895486354827880859e-02
-1.923745870590209961e-01 1.501333117485046387e-01
2.831268310546875000e-02 -3.679651021957397461e-02
-3.352701663970947266e-02 4.800731539726257324e-01
-4.678471088409423828e-01 3.813043236732482910e-01
7.303649187088012695e-02 -1.139499545097351074e-01
-3.438441753387451172e-01 2.823956012725830078e-01
-1.362520456314086914e-01 -1.502934694290161133e-01
-3.895223140716552734e-01 -3.432746529579162598e-01
2.707010507583618164e-02 -3.549696803092956543e-01
-3.062852025032043457e-01 3.728680610656738281e-01
1.084459424018859863e-01 2.479127049446105957e-01
3.377166390419006348e-01 2.081550359725952148e-01
-4.863081574440002441e-01 4.202463626861572266e-01
1.550872921943664551e-01 -3.182761073112487793e-01
1.879578828811645508e-02 -1.408595442771911621e-01
-7.407581806182861328e-02 3.414167761802673340e-01
6.760782003402709961e-02 4.571089148521423340e-01
3.055596351623535156e-02 -2.733687758445739746e-01
-2.749804258346557617e-01 -1.242378950119018555e-01
-1.285955309867858887e-01 -2.144703269004821777e-01
-2.253507971763610840e-01 -9.857732057571411133e-02
2.933068871498107910e-01 -3.412332534790039062e-01
1.040684580802917480e-01 2.791538238525390625e-01
-4.616628885269165039e-01 1.125096678733825684e-01
-1.619262695312500000e-01 -1.496505141258239746e-01
2.709203958511352539e-02 3.546668887138366699e-01
4.674825668334960938e-01 -1.234875321388244629e-01
1.512308716773986816e-01 1.138300895690917969e-01
-2.168707847595214844e-01 -3.149838447570800781e-01
-2.201731801033020020e-01 7.455807924270629883e-02
-1.034417748451232910e-01 -3.388476371765136719e-01
-4.099884629249572754e-01 1.358505487442016602e-01
5.052673816680908203e-02 -2.769540548324584961e-01
3.519388437271118164e-01 -2.228588461875915527e-01
-2.101697325706481934e-01 -4.380689859390258789e-01
-2.125203013420104980e-01 1.219196915626525879e-01
7.428538799285888672e-02 -2.781700491905212402e-01
3.016009926795959473e-01 -2.081018090248107910e-01
8.697098493576049805e-02 -2.668440937995910645e-01
3.812062740325927734e-01 3.658416271209716797e-01
3.492388129234313965e-01 -2.947496771812438965e-01
9.643894433975219727e-02 4.682937860488891602e-01
3.077435493469238281e-02 -4.135566949844360352e-02
4.396519660949707031e-01 1.096975803375244141e-01
4.029309749603271484e-01 2.792536616325378418e-01
4.136812686920166016e-02 3.879601359367370605e-01
4.308850765228271484e-01 -1.770891547203063965e-01
2.770000696182250977e-02 3.613734245300292969e-01
1.952712535858154297e-01 2.353429794311523438e-03
2.549886107444763184e-01 2.816455364227294922e-01
1.679700613021850586e-02 -1.986331343650817871e-01
1.241570711135864258e-01 -3.821318149566650391e-01
-4.783613681793212891e-01 -3.293133974075317383e-01
4.373713135719299316e-01 4.264222383499145508e-01
5.766397714614868164e-02 -3.742279410362243652e-01
3.682445287704467773e-01 9.079867601394653320e-02
-6.870919466018676758e-02 -2.876664996147155762e-01
-2.658385038375854492e-01 1.814383268356323242e-02
2.635912895202636719e-01 -3.823568224906921387e-01
-5.824124813079833984e-02 5.530071258544921875e-02
-3.337666988372802734e-01 3.204560875892639160e-01
4.033322334289550781e-01 -4.270070195198059082e-01
-1.516314744949340820e-01 -3.253446221351623535e-01
-3.967964649200439453e-01 -4.759055972099304199e-01
7.877230644226074219e-03 2.749212384223937988e-01
1.064910888671875000e-01 4.621393084526062012e-01
7.140535116195678711e-02 -1.870682835578918457e-01
4.242074489593505859e-01 -3.259344696998596191e-01
-1.120993494987487793e-01 4.180884957313537598e-01
7.292598485946655273e-02 3.414261341094970703e-01
-3.998045921325683594e-01 -2.803018093109130859e-01
2.717719078063964844e-01 -2.446494698524475098e-01
1.993249654769897461e-01 -4.742264747619628906e-02
3.557032942771911621e-01 -2.157300114631652832e-01
2.852364182472229004e-01 1.577836275100708008e-01
4.835498332977294922e-01 1.874096989631652832e-01
3.154650926589965820e-01 -2.006230950355529785e-01
4.142689704895019531e-02 -4.140832424163818359e-01
-3.873678445816040039e-01 -3.229151368141174316e-01
-3.096659183502197266e-01 -4.759107232093811035e-01
-2.232946753501892090e-01 2.680913805961608887e-01
-1.218026876449584961e-01 -2.201156020164489746e-01
1.330778002738952637e-01 -3.193330168724060059e-01
-3.457068800926208496e-01 -2.742110490798950195e-01
-4.013549685478210449e-01 -3.364233970642089844e-01
-1.161931753158569336e-01 -4.138931035995483398e-01
1.465222835540771484e-01 1.711923480033874512e-01
4.603928327560424805e-02 2.906267642974853516e-01
4.955192208290100098e-01 3.175792694091796875e-01
-1.689434051513671875e-03 2.823710441589355469e-02
-2.129966020584106445e-02 -3.318189978599548340e-01
-3.046984076499938965e-01 -1.245117187500000000e-02
-1.737344264984130859e-01 -5.692672729492187500e-02
5.159223079681396484e-02 4.065235257148742676e-01
4.842993021011352539e-01 -4.232670664787292480e-01
2.233113050460815430e-01 -1.226724982261657715e-01
-3.153677582740783691e-01 1.671549677848815918e-01
1.140582561492919922e-02 3.595548868179321289e-02
-4.100699424743652344e-01 -5.933958292007446289e-02
-3.378106951713562012e-01 -1.802553534507751465e-01
2.020054459571838379e-01 3.912402391433715820e-01
4.664821028709411621e-01 -1.557164788246154785e-01
-2.251897454261779785e-01 -2.503534555435180664e-01
-3.985432982444763184e-01 3.687518239021301270e-01
1.785596013069152832e-01 -1.619959473609924316e-01
-1.026824116706848145e-01 -3.631348609924316406e-01
4.773185253143310547e-01 -3.992947936058044434e-01
4.944416880607604980e-01 1.041153669357299805e-01
2.701304554939270020e-01 8.217614889144897461e-02
1.252875924110412598e-01 -1.714605689048767090e-01
2.090424895286560059e-01 4.571425914764404297e-02
3.807306289672851562e-01 4.194923639297485352e-01
-4.679055809974670410e-01 4.580162167549133301e-01
1.013943552970886230e-01 -3.408199548721313477e-01
-2.509426474571228027e-01 -1.215104460716247559e-01
-4.814460873603820801e-01 -3.193775415420532227e-01
4.509717226028442383e-02 1.782343983650207520e-01
-3.753731250762939453e-01 -1.409004926681518555e-01
-4.491511583328247070e-01 -4.419198632240295410e-01
-2.591233253479003906e-01 -2.942651510238647461e-01
1.480569243431091309e-01 -3.238921165466308594e-01
3.415644168853759766e-02 -5.434668064117431641e-02
4.925482273101806641e-01 -2.126435041427612305e-01
2.457188367843627930e-01 3.024536967277526855e-01
6.605696678161621094e-02 -2.483162283897399902e-01
6.387096643447875977e-02 3.535959720611572266e-01
-4.521249532699584961e-01 3.719725608825683594e-01
1.027244329452514648e-01 3.516558408737182617e-01
-3.195774555206298828e-01 1.785829067230224609e-01
-4.503601193428039551e-01 1.946792006492614746e-01
-1.533360481262207031e-01 4.032797813415527344e-01
9.745365381240844727e-02 -2.325010299682617188e-02
-3.201434612274169922e-01 2.333456277847290039e-02
-3.224719166755676270e-01 8.297324180603027344e-02
-2.250859141349792480e-01 1.274207830429077148e-01
-1.085826754570007324e-01 2.079335451126098633e-01
3.210169672966003418e-01 -2.065343260765075684e-01
3.128093481063842773e-01 4.951699376106262207e-01
-1.421216130256652832e-01 1.671487092971801758e-01
2.108044028282165527e-01 2.743546962738037109e-01
2.908097505569458008e-01 -3.482587337493896484e-01
-4.090141057968139648e-01 1.845170259475708008e-01
1.843875646591186523e-01 2.981209754943847656e-02
-2.770186662673950195e-01 2.231921553611755371e-01
2.066485285758972168e-01 2.293787598609924316e-01
3.271108865737915039e-01 -4.346186518669128418e-01
4.362950325012207031e-01 4.326408505439758301e-01
-4.571267962455749512e-01 -4.101490974426269531e-01
-1.549115180969238281e-01 -2.335125207901000977e-01
-4.868581295013427734e-01 -1.147819757461547852e-01
2.127343416213989258e-01 -2.957751750946044922e-01
3.237527608871459961e-02 -1.401908993721008301e-01
1.712446808815002441e-01 4.964465498924255371e-01
4.204256534576416016e-01 2.955847382545471191e-01
-4.194906353950500488e-01 2.678499817848205566e-01
8.062350749969482422e-02 -7.848387956619262695e-02
3.490484952926635742e-01 4.852366447448730469e-01
4.757680892944335938e-01 -1.872311830520629883e-01
1.756341457366943359e-01 3.736285567283630371e-01
-1.096777319908142090e-01 2.026811838150024414e-01
-2.454233169555664062e-02 4.988536238670349121e-01
-2.613822221755981445e-01 1.067663431167602539e-01
-4.502959251403808594e-01 -7.442045211791992188e-02
3.131667375564575195e-01 -3.749224543571472168e-01
1.465173959732055664e-01 -2.132244110107421875e-01
-3.815261125564575195e-01 -2.729487419128417969e-02
-3.085657358169555664e-01 -2.230145335197448730e-01
-4.909077882766723633e-01 -2.764028310775756836e-02
-2.012739777565002441e-01 3.768078088760375977e-01
4.261258244514465332e-01 1.757107377052307129e-01
-3.652201294898986816e-01 -8.979934453964233398e-02
-2.035088539123535156e-01 2.085983753204345703e-02
-4.366682171821594238e-01 -2.677369713783264160e-01
-4.891318082809448242e-01 -3.855460286140441895e-01
3.189098834991455078e-01 8.242720365524291992e-02
-9.975206851959228516e-02 -1.262211203575134277e-01
-3.664013147354125977e-01 -2.887907028198242188e-01
-2.011114358901977539e-01 3.977744579315185547e-01
2.617743611335754395e-01 -4.040052890777587891e-01
-1.939278244972229004e-01 -1.860024929046630859e-01
2.666347622871398926e-01 -1.123982667922973633e-02
-2.900304794311523438e-01 -2.820575237274169922e-02
1.613285541534423828e-01 -3.214532136917114258e-02
-2.609087824821472168e-01 -2.252776622772216797e-01
-4.401150941848754883e-01 4.935926795005798340e-01
-1.821901798248291016e-01 -2.715021371841430664e-01
-3.279440999031066895e-01 -3.904855847358703613e-01
9.230554103851318359e-02 4.215710759162902832e-01
-3.257479071617126465e-01 -4.649631381034851074e-01
-9.153425693511962891e-03 1.272114515304565430e-01
-3.991353511810302734e-02 -5.346906185150146484e-02
4.979337453842163086e-01 -2.983367443084716797e-02
-3.445219993591308594e-02 -3.349509239196777344e-01
-3.025895953178405762e-01 4.632019996643066406e-02
-5.954229831695556641e-02 9.884256124496459961e-02
-2.218998074531555176e-01 -4.099250435829162598e-01
-2.828066945075988770e-01 -2.544311881065368652e-01
-3.420490026473999023e-01 -1.267610192298889160e-01
-2.708390951156616211e-01 -3.534092307090759277e-01
-4.268723726272583008e-02 -2.356074452400207520e-01
-3.365643024444580078e-01 1.897898912429809570e-01
-1.130992770195007324e-01 3.208948373794555664e-01
-2.836281657218933105e-01 -4.870571494102478027e-01
2.330139279365539551e-01 -4.277461767196655273e-01
-8.172702789306640625e-02 2.399644255638122559e-01
2.106476426124572754e-01 -2.065514922142028809e-01
2.725281119346618652e-01 2.255546450614929199e-01
4.330440163612365723e-01 4.103059768676757812e-01
6.567078828811645508e-02 3.498017787933349609e-01
-1.736859679222106934e-01 -4.496073722839355469e-02
-8.669704198837280273e-02 7.987618446350097656e-04
4.985601305961608887e-01 4.225850105285644531e-01
-4.862796664237976074e-01 -4.827719926834106445e-01
-3.429844975471496582e-01 3.444046974182128906e-01
-1.634799242019653320e-01 2.393516302108764648e-01
3.155379891395568848e-01 3.451440930366516113e-01
3.682784438133239746e-01 -3.859629034996032715e-01
3.050865530967712402e-01 3.191011548042297363e-01
-4.490913152694702148e-01 4.188227057456970215e-01
-1.445446610450744629e-01 4.278610348701477051e-01
3.093209266662597656e-01 2.498073577880859375e-01
4.764718413352966309e-01 3.300660252571105957e-01
-7.443988323211669922e-02 -4.839529395103454590e-01
-1.770915985107421875e-01 -4.325748682022094727e-01
-3.535629510879516602e-01 1.927639842033386230e-01
5.482232570648193359e-02 -2.861461043357849121e-01
1.447060704231262207e-01 2.389332056045532227e-01
-1.583025455474853516e-01 -3.688633441925048828e-01
-1.142514944076538086e-01 -2.793111801147460938e-01
-3.666731715202331543e-01 1.087569594383239746e-01
2.884819507598876953e-01 -4.589851498603820801e-01
-1.511418223381042480e-01 3.817051649093627930e-02
4.971997141838073730e-01 3.390568494796752930e-02
1.553286314010620117e-01 -2.095699310302734375e-03
5.000400543212890625e-02 -1.531308293342590332e-01
7.673323154449462891e-02 -4.756205081939697266e-01
2.093095183372497559e-01 2.682907581329345703e-01
-3.185532689094543457e-01 2.794912457466125488e-01
-3.255316019058227539e-01 -2.832372188568115234e-01
3.973269462585449219e-02 -1.786763072013854980e-01
1.711123585700988770e-01 3.057288527488708496e-01
-1.805120706558227539e-02 1.193525195121765137e-01
1.269865632057189941e-01 -5.698788166046142578e-02
-1.348618865013122559e-01 -1.208308935165405273e-01
3.040153384208679199e-01 2.318860292434692383e-01
-1.374512910842895508e-02 5.749177932739257812e-02
2.893494367599487305e-01 4.050372242927551270e-01
-5.839335918426513672e-02 2.459594011306762695e-01
1.758700609207153320e-02 7.493191957473754883e-02
2.546891570091247559e-01 -1.904820203781127930e-01
1.424461007118225098e-01 4.949278235435485840e-01
3.875016570091247559e-01 4.348438978195190430e-01
2.452394366264343262e-01 6.244438886642456055e-02
-7.779085636138916016e-02 -5.410075187683105469e-02
-4.255362749099731445e-01 -2.343297004699707031e-01
-3.670946955680847168e-01 3.788778781890869141e-01
4.999372959136962891e-01 5.911177396774291992e-02
2.633825540542602539e-01 -2.159094214439392090e-01
-6.942802667617797852e-02 4.891723990440368652e-01
-4.154925942420959473e-01 -4.547314643859863281e-01
-1.616001725196838379e-01 2.033687829971313477e-01
6.359994411468505859e-02 4.814673066139221191e-01
-2.330851554870605469e-02 -1.316195130348205566e-01
-4.215378165245056152e-01 3.996618986129760742e-01
2.279212474822998047e-01 -3.552154302597045898e-01
-1.575422286987304688e-02 4.279026985168457031e-01
1.871201992034912109e-01 -3.624979257583618164e-01
2.880388498306274414e-02 4.675411581993103027e-01
3.451858162879943848e-01 1.561946272850036621e-01
-1.912578344345092773e-01 4.189634919166564941e-01
3.674039840698242188e-01 4.480683207511901855e-01
4.741024971008300781e-02 -4.881894588470458984e-02
-4.261494278907775879e-01 4.037339091300964355e-01
1.792216897010803223e-01 2.760533094406127930e-01
-2.299097776412963867e-01 1.942605376243591309e-01
4.519025087356567383e-01 -4.462868571281433105e-01
-3.220529556274414062e-01 -2.373844981193542480e-01
4.945149421691894531e-01 2.715283632278442383e-01
-1.747937202453613281e-01 3.308860063552856445e-01
2.894031405448913574e-01 3.818638920783996582e-01
4.463114142417907715e-01 2.073976993560791016e-01
1.535068154335021973e-01 4.040782451629638672e-01
3.006260395050048828e-01 -3.251290321350097656e-02
3.326378464698791504e-01 5.198001861572265625e-03
4.311660528182983398e-01 1.895338296890258789e-01
-1.553119421005249023e-01 1.711097955703735352e-01
2.776747941970825195e-01 -1.413591504096984863e-01
1.804623603820800781e-01 3.754088282585144043e-01
5.835497379302978516e-02 3.544044494628906250e-02
-4.988611936569213867e-01 -1.201369762420654297e-01
1.219210624694824219e-01 3.446292877197265625e-01
8.763843774795532227e-02 4.994432330131530762e-01
2.927908301353454590e-01 2.978891134262084961e-02
2.630284428596496582e-01 4.882066845893859863e-01
4.318472146987915039e-01 2.962963581085205078e-01
3.216611742973327637e-01 -3.661469221115112305e-01
-3.070814013481140137e-01 3.332741856575012207e-01
3.692564368247985840e-01 3.029217720031738281e-01
-2.519207000732421875e-01 -2.745175957679748535e-01
5.943685770034790039e-02 -4.359872937202453613e-01
-1.093453764915466309e-01 -5.431687831878662109e-02
-2.321228981018066406e-01 3.953291773796081543e-01
-3.169003725051879883e-01 -2.902134060859680176e-01
3.241852521896362305e-01 -4.975719451904296875e-01
2.754431366920471191e-01 9.202510118484497070e-02
-1.479004025459289551e-01 -2.512226104736328125e-01
-2.161123752593994141e-01 -1.646042466163635254e-01
-3.220187425613403320e-01 4.992828965187072754e-01
8.201956748962402344e-03 -2.446604967117309570e-01
-3.424862027168273926e-01 4.785269498825073242e-02
-2.730810046195983887e-01 -1.993245482444763184e-01
-4.582934975624084473e-01 3.108592629432678223e-01
-1.891246438026428223e-01 -3.214110136032104492e-01
6.676769256591796875e-02 -7.660859823226928711e-02
2.933160662651062012e-01 -3.130716681480407715e-01
-3.880603909492492676e-01 2.118242979049682617e-01
3.924565911293029785e-01 2.358956336975097656e-01
4.859693050384521484e-01 -3.554823994636535645e-01
-3.652030825614929199e-01 -4.876273870468139648e-01
4.897010922431945801e-01 -3.510603904724121094e-01
3.528258204460144043e-01 9.800767898559570312e-02
1.218501925468444824e-01 -3.284347653388977051e-01
-9.007072448730468750e-02 1.915087103843688965e-01
-9.370160102844238281e-02 6.938838958740234375e-02
-2.236890792846679688e-01 8.045983314514160156e-02
-1.952537894248962402e-01 4.772579669952392578e-01
-3.971029520034790039e-01 -5.350947380065917969e-02
-1.581680774688720703e-02 -3.244951367378234863e-01
-3.313923478126525879e-01 -1.706838607788085938e-01
5.801999568939208984e-02 1.503283381462097168e-01
-3.904215693473815918e-01 9.903252124786376953e-03
3.598034381866455078e-03 -1.527493596076965332e-01
1.522626280784606934e-01 -2.132652401924133301e-01
-4.682686328887939453e-01 4.532362222671508789e-01
-3.764348030090332031e-01 3.146225214004516602e-01
-2.304076552391052246e-01 -3.988199830055236816e-01
-4.227558970451354980e-01 6.640934944152832031e-02
8.054292201995849609e-02 2.336819767951965332e-01
1.357255578041076660e-01 -3.100662827491760254e-01
-3.988965749740600586e-01 2.583436369895935059e-01
3.962904214859008789e-02 3.135811090469360352e-01
5.372822284698486328e-02 4.418118596076965332e-01
9.084492921829223633e-02 -8.594661951065063477e-02
4.266808032989501953e-01 7.368922233581542969e-02
1.775503754615783691e-01 -4.729998707771301270e-01
1.207476854324340820e-02 1.534485220909118652e-01
3.271446824073791504e-01 -1.633298397064208984e-01
-1.740586161613464355e-01 3.478367328643798828e-01
7.433629035949707031e-02 -3.107829689979553223e-01
2.959043383598327637e-01 -2.796490192413330078e-01
5.635917186737060547e-03 -4.120324850082397461e-01
-1.926950216293334961e-01 -4.824364185333251953e-02
-9.601294994354248047e-02 -1.578227281570434570e-01
1.572614908218383789e-02 -4.647995829582214355e-01
-4.272758364677429199e-01 -7.455611228942871094e-02
1.876801252365112305e-01 2.760661244392395020e-01
2.374648451805114746e-01 -4.565841555595397949e-01
-7.510948181152343750e-02 -2.482708692550659180e-01
-1.942145228385925293e-01 7.917666435241699219e-02
-2.671099901199340820e-01 4.180430769920349121e-01
2.942569255828857422e-01 -4.990452527999877930e-02
3.426882028579711914e-01 3.705939650535583496e-01
2.738649249076843262e-01 -3.841561675071716309e-01
-1.903753876686096191e-01 -4.629887938499450684e-01
-2.071583271026611328e-01 2.783654332160949707e-01
-9.780442714691162109e-02 3.750461935997009277e-01
-1.717227697372436523e-01 1.478773355484008789e-02
3.211575746536254883e-02 -4.442179203033447266e-01
-3.640059232711791992e-01 9.760916233062744141e-03
-5.642056465148925781e-03 6.794345378875732422e-02
-2.316359281539916992e-01 -1.409503221511840820e-01
3.952541947364807129e-01 -4.100310802459716797e-01
2.134178876876831055e-01 -4.182333946228027344e-01
-2.143172025680541992e-01 -4.938337802886962891e-01
-3.587985634803771973e-01 3.624185919761657715e-01
-5.132019519805908203e-02 -2.974749207496643066e-01
-1.713815331459045410e-01 2.534995675086975098e-01
-2.861602902412414551e-01 2.118335366249084473e-01
3.692100048065185547e-01 -5.166065692901611328e-02
-4.969039559364318848e-01 9.242665767669677734e-02
-3.682045936584472656e-01 -3.725194931030273438e-02
-1.161991953849792480e-01 -2.771222591400146484e-01
-1.415463685989379883e-01 -2.483637928962707520e-01
-2.197822928428649902e-01 -4.031475186347961426e-01
4.331374168395996094e-02 -5.556821823120117188e-03
4.242238402366638184e-01 1.174682378768920898e-02
3.402335643768310547e-01 2.740657329559326172e-02
-4.684081673622131348e-01 4.698501825332641602e-01
-1.334550380706787109e-01 3.872339725494384766e-01
-4.748854041099548340e-01 -4.330986738204956055e-01
-2.708588242530822754e-01 2.823444604873657227e-01
-2.850319743156433105e-01 1.372590065002441406e-01
-4.033735394477844238e-01 2.648801207542419434e-01
-7.149320840835571289e-02 -2.183172106742858887e-01
2.704411149024963379e-01 2.762520909309387207e-01
1.258595585823059082e-01 -3.478099703788757324e-01
-1.867163777351379395e-01 -4.209766387939453125e-01
1.346150636672973633e-01 -2.008593082427978516e-01
-2.799634337425231934e-01 -1.590403914451599121e-01
1.346772909164428711e-01 3.871973752975463867e-01
1.153042912483215332e-01 -2.656912803649902344e-02
-4.175792932510375977e-01 8.585101366043090820e-02
2.782621979713439941e-01 -4.883437752723693848e-01
8.135181665420532227e-02 3.863041400909423828e-01
-2.143350839614868164e-01 -4.360846281051635742e-01
-4.855290651321411133e-01 -2.720581293106079102e-01
-3.235936164855957031e-02 -1.636475324630737305e-02
4.908095002174377441e-01 -1.043424010276794434e-01
3.502575755119323730e-01 -3.546925187110900879e-01
-3.990607857704162598e-01 1.726347208023071289e-01
1.281321048736572266e-01 3.106788992881774902e-01
2.132403850555419922e-02 3.605916500091552734e-01
-3.780141472816467285e-01 -1.339683532714843750e-01
-3.674857020378112793e-01 1.730382442474365234e-03
-1.589120626449584961e-01 -3.718068003654479980e-01
4.431688785552978516e-01 4.205318093299865723e-01
9.835445880889892578e-02 -4.253088831901550293e-01
1.590794324874877930e-01 -1.308858394622802734e-03
-3.088979721069335938e-01 3.273481726646423340e-01
-3.692891001701354980e-01 -2.129076123237609863e-01
-4.577690362930297852e-01 3.180457353591918945e-01
-2.905396223068237305e-01 6.113797426223754883e-02
2.997267246246337891e-01 3.189969062805175781e-01
-1.285138726234436035e-01 -3.171190023422241211e-01
1.737112402915954590e-01 -2.693992853164672852e-02
-3.084654211997985840e-01 5.564463138580322266e-02
2.394820451736450195e-01 -1.134659647941589355e-01
-3.354019522666931152e-01 1.498519778251647949e-01
1.311831474304199219e-01 -2.854096889495849609e-02
4.258581399917602539e-01 -1.081073284149169922e-01
1.717236042022705078e-01 -1.734188199043273926e-01
-2.850893139839172363e-01 -3.328675627708435059e-01
2.867475748062133789e-01 3.596582412719726562e-01
2.208615541458129883e-01 1.314905285835266113e-01
-3.046602010726928711e-02 -6.226140260696411133e-02
2.389917373657226562e-01 4.363713860511779785e-01
1.396242976188659668e-01 -1.700989007949829102e-01
8.750396966934204102e-02 -5.670070648193359375e-02
3.988828063011169434e-01 1.944099068641662598e-01
-9.225350618362426758e-02 -1.530855298042297363e-01
4.377331733703613281e-01 2.650753259658813477e-01
-3.712145090103149414e-01 -4.091248512268066406e-01
-7.388222217559814453e-02 -2.573794126510620117e-02
4.745256304740905762e-01 -4.827476739883422852e-01
-2.351283431053161621e-01 -2.980777621269226074e-01
3.894990086555480957e-01 -4.891774654388427734e-01
-3.082664608955383301e-01 -7.672131061553955078e-03
4.658172130584716797e-01 1.122469902038574219e-01
1.651884317398071289e-01 1.894020438194274902e-01
3.624038696289062500e-01 -4.303766489028930664e-01
-4.550086855888366699e-01 -1.358755230903625488e-01
-2.843936681747436523e-01 -3.394219875335693359e-01
1.942693591117858887e-01 2.005922198295593262e-01
4.183956980705261230e-01 -9.216272830963134766e-02
-3.149075508117675781e-01 -4.459261894226074219e-01
-3.800213336944580078e-03 8.330619335174560547e-02
-1.427704095840454102e-01 2.272882461547851562e-01
-2.870672941207885742e-01 -2.176650762557983398e-01
-8.379626274108886719e-02 2.232273817062377930e-01
-2.299860119819641113e-01 -8.444952964782714844e-02
-4.576530456542968750e-01 -3.272483348846435547e-01
1.815240383148193359e-01 -1.465557217597961426e-01
2.344596982002258301e-01 4.046592116355895996e-01
-4.887195825576782227e-01 -3.459954261779785156e-02
3.590486049652099609e-01 -5.543369054794311523e-02
-1.253322362899780273e-01 2.772076725959777832e-01
-8.956366777420043945e-02 -3.071323633193969727e-01
-4.058046936988830566e-01 1.564111709594726562e-01
1.452409625053405762e-01 -4.477395415306091309e-01
-1.589602231979370117e-02 -3.942358493804931641e-02
1.572601199150085449e-01 3.722643256187438965e-01
-2.149071693420410156e-01 -3.066595792770385742e-01
9.883564710617065430e-02 1.354206800460815430e-01
-2.090855240821838379e-01 3.040142059326171875e-01
7.676178216934204102e-02 -2.904202342033386230e-01
6.049436330795288086e-02 3.622813224792480469e-01
-1.860104203224182129e-01 1.658970713615417480e-01
2.197500467300415039e-01 4.115269184112548828e-01
-4.302356243133544922e-01 4.269232153892517090e-01
-1.339582800865173340e-01 3.206561803817749023e-01
1.767584681510925293e-01 4.521769285202026367e-02
-3.557020425796508789e-02 4.893205761909484863e-01
-4.183869957923889160e-01 4.917730689048767090e-01
-1.961632966995239258e-01 9.556519985198974609e-02
1.947616338729858398e-01 4.221820831298828125e-01
8.558869361877441406e-02 -3.413494825363159180e-01
2.856290936470031738e-01 4.541929364204406738e-01
1.018539667129516602e-01 -1.496905684471130371e-01
-1.264960765838623047e-01 -2.818940281867980957e-01
-1.101717948913574219e-01 -1.860519647598266602e-01
-7.039088010787963867e-02 2.746601104736328125e-01
1.335720419883728027e-01 -1.644079685211181641e-01
-2.996472716331481934e-01 4.808585643768310547e-01
-3.124637007713317871e-01 4.223913550376892090e-01
3.260103464126586914e-01 -9.165382385253906250e-02
-4.330641031265258789e-01 3.032515048980712891e-01
2.229675650596618652e-01 4.511864185333251953e-01
-2.548059821128845215e-01 -2.640205025672912598e-01
3.413128852844238281e-02 -4.745427966117858887e-01
4.004134535789489746e-01 3.328576683998107910e-01
3.505825400352478027e-01 -3.797488808631896973e-01
-2.338359355926513672e-01 -1.163153648376464844e-01
-4.394691586494445801e-01 -6.220740079879760742e-02
1.799339056015014648e-02 -2.203271389007568359e-01
1.855666637420654297e-01 1.260578632354736328e-01
-4.650949835777282715e-01 -3.541575670242309570e-01
1.583785414695739746e-01 1.884337663650512695e-01
-2.371999621391296387e-01 -4.282167553901672363e-01
-2.268636226654052734e-02 3.766116499900817871e-01
2.737883925437927246e-01 -5.552989244461059570e-02
-4.187405109405517578e-02 4.839895963668823242e-01
4.494289755821228027e-01 -2.475624084472656250e-01
-3.027679920196533203e-01 2.199363708496093750e-01
1.577070355415344238e-01 4.074838757514953613e-01
2.983773350715637207e-01 -4.475736618041992188e-01
4.193100333213806152e-01 4.736311435699462891e-01
4.036592841148376465e-01 -1.644901037216186523e-01
2.552123069763183594e-01 -4.359626173973083496e-01
3.966432809829711914e-01 2.811288237571716309e-01
-1.385954618453979492e-01 8.753955364227294922e-02
3.910642266273498535e-01 4.369502067565917969e-01
3.179025650024414062e-01 2.483358979225158691e-01
-5.694192647933959961e-02 4.672743678092956543e-01
7.373070716857910156e-02 -4.420968890190124512e-01
1.304739117622375488e-01 2.265483736991882324e-01
2.100778818130493164e-01 -5.924707651138305664e-02
3.128512501716613770e-01 5.847072601318359375e-02
3.334277868270874023e-02 1.969416737556457520e-01
4.816756844520568848e-01 -2.626711726188659668e-01
-1.713569760322570801e-01 -1.858368515968322754e-01
1.370978355407714844e-02 2.392312884330749512e-01
-3.300729990005493164e-01 1.707143783569335938e-01
2.135205268859863281e-02 -4.846169948577880859e-01
-7.728081941604614258e-02 -2.096728682518005371e-01
-2.503287196159362793e-01 -9.932428598403930664e-02
-2.971907258033752441e-01 2.853477001190185547e-01
-2.967815399169921875e-01 4.146557450294494629e-01
1.940031051635742188e-01 -1.440442800521850586e-01
-2.331408262252807617e-01 3.979351520538330078e-01
-3.632070422172546387e-01 4.446062445640563965e-01
-1.752477288246154785e-01 -2.384529113769531250e-01
-1.768991351127624512e-01 -2.254447937011718750e-01
-4.659980535507202148e-02 -8.573961257934570312e-02
1.014079451560974121e-01 3.920672535896301270e-01
1.659864187240600586e-01 -1.102107167243957520e-01
7.843315601348876953e-02 -4.354029893875122070e-02
2.275557518005371094e-01 -2.480475902557373047e-01
3.827772736549377441e-01 3.643658161163330078e-01
3.713557720184326172e-01 -2.530476450920104980e-01
3.167785406112670898e-01 -6.754297018051147461e-02
1.746704578399658203e-01 2.303725481033325195e-01
1.390895247459411621e-01 3.916737437248229980e-01
-2.276024818420410156e-01 -1.370772123336791992e-01
1.275734901428222656e-01 1.620607376098632812e-01
-2.613451480865478516e-01 -6.334757804870605469e-02
-4.983668327331542969e-01 3.251411318778991699e-01
8.969980478286743164e-02 -1.882008314132690430e-01
-3.979158401489257812e-01 -3.365216255187988281e-01
3.713139295578002930e-01 4.101858139038085938e-01
3.754011988639831543e-01 -2.851026654243469238e-01
1.457628607749938965e-01 -1.459587812423706055e-01
-4.245133996009826660e-01 1.757126450538635254e-01
-1.060800552368164062e-01 -4.501605033874511719e-01
4.267295598983764648e-01 -1.570535302162170410e-01
9.636694192886352539e-02 1.658833622932434082e-01
-3.644594550132751465e-01 2.004535794258117676e-01
-1.469511389732360840e-01 -6.920188665390014648e-02
3.568785190582275391e-01 -4.060127139091491699e-01
8.143633604049682617e-02 4.376598000526428223e-01
1.551159024238586426e-01 -1.105885505676269531e-01
2.435089945793151855e-01 -3.088584542274475098e-01
4.854319691658020020e-01 -1.875184178352355957e-01
-2.929805517196655273e-01 -4.709604978561401367e-01
4.264283776283264160e-01 3.040264844894409180e-01
-4.610665440559387207e-01 2.567371129989624023e-01
3.069834113121032715e-01 -4.465011358261108398e-01
9.800714254379272461e-02 -4.133999943733215332e-01
-4.556900262832641602e-01 4.506539106369018555e-01
-2.315239310264587402e-01 3.472597599029541016e-01
-5.287486314773559570e-02 2.270988821983337402e-01
-2.308903932571411133e-01 1.192776560783386230e-01
3.255392909049987793e-01 -4.916322231292724609e-02
-3.874865770339965820e-01 3.120294809341430664e-01
-3.520475029945373535e-01 2.230284810066223145e-01
-3.443313241004943848e-01 3.342042565345764160e-01
3.640314340591430664e-01 -2.191189527511596680e-01
-3.506507873535156250e-01 4.446536302566528320e-02
-4.101714491844177246e-01 1.676697134971618652e-01
4.968381524085998535e-01 -2.637405395507812500e-01
3.586822748184204102e-02 -4.397299289703369141e-01
-3.272349238395690918e-01 -4.414644837379455566e-01
-1.304572820663452148e-01 -4.018524885177612305e-01
-2.757843732833862305e-01 -3.412811160087585449e-01
-3.101746439933776855e-01 4.478116035461425781e-01
-1.518427729606628418e-01 1.603313088417053223e-01
1.006426215171813965e-01 2.364780306816101074e-01
-6.168496608734130859e-02 -1.394036412239074707e-01
8.943021297454833984e-03 2.312840223312377930e-01
1.296335458755493164e-01 1.121715307235717773e-01
-3.354411721229553223e-01 3.716611862182617188e-02
-3.048095703125000000e-01 3.448665142059326172e-02
-4.982822537422180176e-01 -2.410991787910461426e-01
3.682705163955688477e-01 1.264935135841369629e-01
2.935764789581298828e-01 9.468555450439453125e-02
1.319522261619567871e-01 3.881900906562805176e-01
-6.996816396713256836e-02 -6.919312477111816406e-02
1.699749827384948730e-01 3.010886907577514648e-01
-2.491774559020996094e-01 -4.992905259132385254e-01
-4.537721276283264160e-01 1.731965541839599609e-01
-4.799030423164367676e-01 2.753834128379821777e-01
4.956415295600891113e-01 -4.753701090812683105e-01
-1.065623760223388672e-02 -2.287676930427551270e-01
-3.653726577758789062e-01 -3.282853364944458008e-01
-4.084225296974182129e-01 4.375648498535156250e-01
4.837555885314941406e-01 3.965016007423400879e-01
-1.324476599693298340e-01 4.373543262481689453e-01
-1.806287169456481934e-01 8.322560787200927734e-02
-2.426891326904296875e-01 6.667673587799072266e-02
3.041822314262390137e-01 3.790200352668762207e-01
3.401528596878051758e-01 4.244719743728637695e-01
-1.853248476982116699e-01 3.649121522903442383e-02
-3.267966508865356445e-01 1.679298877716064453e-01
-3.208099603652954102e-01 -1.538929343223571777e-01
-3.973481059074401855e-01 3.143900632858276367e-02
-4.887705445289611816e-01 3.682129979133605957e-01
1.662933230400085449e-01 2.111319303512573242e-01
4.992383122444152832e-01 -3.499540686607360840e-01
-3.959565758705139160e-01 2.405642867088317871e-01
