-4.934030771255493164e-01 -3.306719064712524414e-01
1.746571063995361328e-02 -8.854722976684570312e-02
4.656471014022827148e-01 -1.942788362503051758e-01
-3.823895454406738281e-01 -5.117762088775634766e-02
-1.503438353538513184e-01 -1.104198098182678223e-01
-9.919762611389160156e-03 -1.358739733695983887e-01
-4.536104202270507812e-02 -1.020560860633850098e-01
1.178260445594787598e-01 4.167531132698059082e-01
-2.543233633041381836e-01 5.716347694396972656e-02
-1.451840400695800781e-01 -2.957429289817810059e-01
-1.415436863899230957e-01 3.651533126831054688e-01
4.263108372688293457e-01 3.988314867019653320e-01
3.352783918380737305e-01 3.798232674598693848e-01
5.247563123703002930e-02 -2.973638772964477539e-01
3.763155341148376465e-01 -4.441449046134948730e-01
-7.447314262390136719e-02 -1.807719469070434570e-02
1.262557506561279297e-01 -2.782744765281677246e-01
-7.255631685256958008e-02 9.982198476791381836e-02
-4.615578055381774902e-01 1.199133992195129395e-01
2.324345707893371582e-01 4.283199906349182129e-01
-8.824580907821655273e-02 -1.779224276542663574e-01
4.554557800292968750e-02 -3.155258297920227051e-01
4.920119047164916992e-02 4.368507862091064453e-02
-4.909902215003967285e-01 -3.032358288764953613e-01
-1.223362684249877930e-01 4.364266991615295410e-01
-1.070178151130676270e-01 8.123612403869628906e-02
4.403957128524780273e-01 -1.970220208168029785e-01
-1.091837882995605469e-02 -2.515709400177001953e-02
2.411051392555236816e-01 -4.036794304847717285e-01
2.072846293449401855e-01 -3.897442221641540527e-01
-5.199909210205078125e-03 2.620742321014404297e-01
-1.974594593048095703e-01 -4.247884154319763184e-01
-3.646526336669921875e-01 -7.087969779968261719e-02
-1.590940356254577637e-01 -8.514350652694702148e-02
1.596707105636596680e-02 3.232094645500183105e-01
1.608493924140930176e-01 3.978616595268249512e-01
-3.492970466613769531e-01 -1.378380656242370605e-01
1.140076518058776855e-01 -1.502447128295898438e-01
-2.657193541526794434e-01 -1.336022019386291504e-01
2.060593962669372559e-01 1.232822537422180176e-01
-1.361466050148010254e-01 -1.094897389411926270e-01
-7.146000862121582031e-03 1.390410065650939941e-01
4.569476842880249023e-01 -8.299636840820312500e-02
-3.418983817100524902e-01 2.528036236763000488e-01
-2.393369078636169434e-01 1.971768736839294434e-01
3.405426144599914551e-01 -4.578291773796081543e-01
2.312651276588439941e-01 4.154792428016662598e-01
-2.668286561965942383e-01 2.058243751525878906e-02
-6.369960308074951172e-02 1.408016681671142578e-01
-4.795458316802978516e-01 4.254149198532104492e-01
-1.026799678802490234e-01 4.482963681221008301e-01
1.392104625701904297e-01 1.819244623184204102e-01
1.674151420593261719e-01 -2.958685159683227539e-02
-4.538768529891967773e-02 -4.511700272560119629e-01
3.933370113372802734e-03 -3.400258421897888184e-01
-3.288711309432983398e-01 -5.887317657470703125e-02
-2.358346581459045410e-01 -3.738905787467956543e-01
-4.395868778228759766e-01 5.507576465606689453e-02
-1.962089538574218750e-02 4.456843137741088867e-01
-2.466542720794677734e-01 -2.631616592407226562e-01
1.379570960998535156e-01 -1.327039003372192383e-01
4.785469770431518555e-01 3.738749027252197266e-02
5.317211151123046875e-03 9.462505578994750977e-02
1.061658859252929688e-01 4.581207036972045898e-02
-1.560556888580322266e-01 2.810961008071899414e-02
3.775250911712646484e-01 2.774974107742309570e-01
-6.108415126800537109e-02 -1.905601620674133301e-01
7.082182168960571289e-02 -4.059999585151672363e-01
3.884449005126953125e-01 1.335144639015197754e-01
-3.128604888916015625e-01 -2.674918770790100098e-01
-2.060829997062683105e-01 -3.219504952430725098e-01
-8.559054136276245117e-02 3.386169672012329102e-02
-3.931778073310852051e-01 -4.230796694755554199e-01
-4.869628548622131348e-01 -1.528450250625610352e-01
-2.328386902809143066e-01 1.844005584716796875e-01
1.050274372100830078e-01 4.873582124710083008e-01
-1.687678694725036621e-01 1.019432544708251953e-01
1.340138912200927734e-01 1.522861719131469727e-01
-2.885864973068237305e-01 -1.867753863334655762e-01
-1.745389103889465332e-01 3.784781694412231445e-02
4.265410304069519043e-01 2.446894049644470215e-01
-2.006415128707885742e-01 3.302342891693115234e-01
4.955016374588012695e-01 4.483282566070556641e-03
-3.337245583534240723e-01 1.710656881332397461e-01
8.381664752960205078e-03 1.506657600402832031e-01
-4.847151637077331543e-01 -3.502786755561828613e-01
3.951565623283386230e-01 -1.647928357124328613e-01
-2.636395096778869629e-01 3.758720159530639648e-01
3.333646059036254883e-02 -2.059634923934936523e-01
2.188152670860290527e-01 -6.688416004180908203e-02
3.584800958633422852e-01 -3.453660011291503906e-01
-4.930180311203002930e-02 -2.351343035697937012e-01
9.810745716094970703e-02 4.911807179450988770e-01
4.315892457962036133e-01 1.620981097221374512e-01
2.442002296447753906e-04 2.592580318450927734e-01
3.444051742553710938e-02 -1.303594112396240234e-01
-1.627683639526367188e-01 -3.893814682960510254e-01
1.545959711074829102e-02 -4.021850228309631348e-01
3.295555710792541504e-01 -3.811914920806884766e-01
-3.055160045623779297e-01 3.967358469963073730e-01
-1.230985522270202637e-01 -4.525703191757202148e-02
-3.229957222938537598e-01 1.355777978897094727e-01
1.847552061080932617e-01 4.553207755088806152e-01
2.264676690101623535e-01 3.008973002433776855e-01
-4.476653337478637695e-01 -1.724873781204223633e-01
-2.087800502777099609e-01 3.963695764541625977e-01
3.440321683883666992e-01 -3.747802972793579102e-01
2.652901411056518555e-01 1.633831262588500977e-01
-1.694824099540710449e-01 4.751412868499755859e-01
-1.467871665954589844e-01 -2.688313722610473633e-01
2.331810593605041504e-01 6.481766700744628906e-02
-2.845711112022399902e-01 3.243085741996765137e-01
2.134491205215454102e-01 4.195790290832519531e-01
5.497187376022338867e-02 -3.019057512283325195e-01
-4.410374164581298828e-01 -4.524477720260620117e-01
3.867414593696594238e-01 -4.275563955307006836e-01
-3.763335347175598145e-01 5.654203891754150391e-02
-4.514884948730468750e-01 4.194162487983703613e-01
-4.879172444343566895e-01 3.511795401573181152e-01
2.826684117317199707e-01 -3.737007975578308105e-01
1.618202924728393555e-01 3.133569955825805664e-01
-4.377310872077941895e-01 -2.915186285972595215e-01
4.594786167144775391e-01 -1.239986419677734375e-01
-2.508520483970642090e-01 2.674651145935058594e-02
5.858087539672851562e-02 -4.695063233375549316e-01
-4.804605841636657715e-01 -1.289596557617187500e-01
2.294153571128845215e-01 4.439949989318847656e-04
-3.957758545875549316e-01 1.691898107528686523e-01
8.887851238250732422e-02 2.946215867996215820e-02
-4.846966862678527832e-01 -4.868952631950378418e-01
-3.760225176811218262e-01 -2.276663780212402344e-01
-3.211861848831176758e-01 2.343868613243103027e-01
1.255449652671813965e-01 -3.628247976303100586e-02
-2.149770855903625488e-01 -3.769592642784118652e-01
-3.131909966468811035e-01 4.339526295661926270e-01
4.439875483512878418e-01 -4.849683642387390137e-01
-4.169638156890869141e-01 -2.494834065437316895e-01
4.983926415443420410e-01 -3.500456213951110840e-01
-1.076136231422424316e-01 -7.111126184463500977e-02
-2.605942487716674805e-01 1.646939516067504883e-01
4.442867636680603027e-01 4.582781195640563965e-01
-4.525727629661560059e-01 -4.695464968681335449e-01
2.911476492881774902e-01 3.573672175407409668e-01
2.203829288482666016e-01 -1.288691163063049316e-01
1.380105018615722656e-01 7.448977231979370117e-02
1.770669221878051758e-02 2.732742428779602051e-01
3.875619173049926758e-01 1.169593334197998047e-01
4.122845530509948730e-01 9.438389539718627930e-02
-2.617973089218139648e-02 -1.568473577499389648e-01
2.544369101524353027e-01 -1.732129454612731934e-01
-4.944109320640563965e-01 1.602595448493957520e-01
-4.450066685676574707e-01 -4.531626105308532715e-01
8.350378274917602539e-02 -2.417349219322204590e-01
-1.379163861274719238e-01 -2.470797896385192871e-01
-4.022436141967773438e-01 -2.734455466270446777e-01
-4.812425374984741211e-02 2.457494735717773438e-01
1.959579586982727051e-01 4.159700870513916016e-01
9.896326065063476562e-02 2.841801047325134277e-01
2.835419178009033203e-01 1.715515255928039551e-01
-3.380537033081054688e-01 2.854273915290832520e-01
2.986494302749633789e-01 -2.078204751014709473e-01
-7.605826854705810547e-02 -4.068818092346191406e-01
1.492849588394165039e-01 3.932369947433471680e-01
3.370187282562255859e-01 1.680071353912353516e-01
-5.510222911834716797e-02 3.212974071502685547e-01
-4.148231148719787598e-01 2.859704494476318359e-01
-1.429966688156127930e-01 1.610803008079528809e-01
-1.499816179275512695e-01 4.573011398315429688e-02
2.834278345108032227e-01 3.688287734985351562e-02
-1.221000552177429199e-01 -5.800706148147583008e-02
-4.898364543914794922e-01 2.614271640777587891e-01
2.170246243476867676e-01 2.742168307304382324e-01
-4.756587743759155273e-01 -4.156131744384765625e-01
-3.411093950271606445e-01 -4.369944930076599121e-01
3.814697265625000000e-01 -3.820957541465759277e-01
-3.922591805458068848e-01 3.907806873321533203e-01
1.279832720756530762e-01 -4.450348615646362305e-01
3.379286527633666992e-01 -3.267535567283630371e-01
1.980124711990356445e-01 -1.225633621215820312e-01
1.198797821998596191e-01 -2.466638088226318359e-01
-1.491188406944274902e-01 -2.650581002235412598e-01
4.982349276542663574e-01 -7.588922977447509766e-02
-3.271485567092895508e-01 -4.964792132377624512e-01
2.313134670257568359e-01 1.473971009254455566e-01
-2.184778451919555664e-02 -2.761562466621398926e-01
-2.673532366752624512e-01 -3.618431091308593750e-02
-9.451383352279663086e-02 -6.333595514297485352e-02
-1.355469226837158203e-02 -1.929676532745361328e-02
2.025288939476013184e-01 1.369410753250122070e-01
-2.712812423706054688e-01 -2.180904746055603027e-01
3.717696666717529297e-02 3.751611709594726562e-01
-2.660334110260009766e-02 -7.730513811111450195e-02
1.254884600639343262e-01 2.202910184860229492e-02
-6.005823612213134766e-02 2.908337116241455078e-02
1.488572359085083008e-02 -1.544609665870666504e-01
4.041053056716918945e-01 -2.595971226692199707e-01
5.928486585617065430e-02 3.590500354766845703e-02
-3.043079376220703125e-01 2.337386012077331543e-01
-1.806133985519409180e-02 4.769123196601867676e-01
5.717021226882934570e-02 1.498093008995056152e-01
2.029560208320617676e-01 -3.962045311927795410e-01
1.910237669944763184e-01 -4.888756871223449707e-01
-3.586296439170837402e-01 -2.281904220581054688e-03
1.632075309753417969e-01 3.467056751251220703e-01
1.161483526229858398e-01 2.128849029541015625e-01
-4.042531251907348633e-01 -1.056165695190429688e-01
3.669465184211730957e-01 -8.556497097015380859e-02
1.652160882949829102e-01 3.649336695671081543e-01
2.404938936233520508e-01 -4.527247548103332520e-01
2.025750279426574707e-01 -3.627882003784179688e-01
-3.382804393768310547e-01 -4.817525148391723633e-01
-4.078330993652343750e-01 2.523733377456665039e-01
4.997292757034301758e-01 -1.565803885459899902e-01
-7.084596157073974609e-02 -7.806599140167236328e-03
-1.819135546684265137e-01 2.275531291961669922e-01
1.619730591773986816e-01 -2.619834542274475098e-01
-1.377593874931335449e-01 4.854534268379211426e-01
2.684187889099121094e-02 4.441258311271667480e-01
1.700335741043090820e-01 -3.436431288719177246e-01
-8.994460105895996094e-02 2.498839497566223145e-01
-2.951413989067077637e-01 -3.840222954750061035e-01
3.904994130134582520e-01 4.007703065872192383e-02
-4.881165623664855957e-01 2.336683869361877441e-01
1.724932789802551270e-01 2.708224654197692871e-01
-4.265818595886230469e-01 -2.797007560729980469e-01
2.026692032814025879e-01 4.993104934692382812e-02
1.954102516174316406e-02 -1.796481609344482422e-01
-4.814047813415527344e-01 4.194027185440063477e-02
3.280183076858520508e-01 -9.759277105331420898e-02
-3.305992484092712402e-01 1.559996008872985840e-01
1.389235258102416992e-02 8.056133985519409180e-02
9.376043081283569336e-02 2.135444879531860352e-01
4.870184063911437988e-01 -2.791351079940795898e-02
-3.808254003524780273e-02 3.300613760948181152e-01
-1.751280426979064941e-01 -3.342425823211669922e-01
3.929955959320068359e-01 -2.137443423271179199e-01
4.089069962501525879e-01 -4.451721906661987305e-02
3.841026425361633301e-01 -3.504767417907714844e-01
3.351688385009765625e-02 1.781482696533203125e-01
8.976799249649047852e-02 4.075003862380981445e-01
-1.916398406028747559e-01 8.655172586441040039e-02
-1.223566532135009766e-01 4.548342227935791016e-01
-1.100102663040161133e-01 -1.815482378005981445e-01
1.385184526443481445e-01 -9.228545427322387695e-02
1.235640048980712891e-02 1.909909844398498535e-01
-3.092350959777832031e-01 -1.591852307319641113e-01
-9.885758161544799805e-02 -3.073087930679321289e-01
3.279163837432861328e-01 -2.376390695571899414e-01
4.974617362022399902e-01 -3.921880125999450684e-01
3.840336799621582031e-01 -2.476470470428466797e-01
3.091976046562194824e-01 7.768011093139648438e-02
-1.279664039611816406e-02 1.353318691253662109e-01
-1.853162050247192383e-02 4.567816853523254395e-01
-2.789645791053771973e-01 1.596520543098449707e-01
-2.388823628425598145e-01 1.661159992218017578e-01
4.157644510269165039e-02 4.541469216346740723e-01
-4.085834026336669922e-01 -3.447556495666503906e-01
2.389318346977233887e-01 4.748753309249877930e-01
1.245483756065368652e-01 2.072055935859680176e-01
-2.428126335144042969e-02 -6.789338588714599609e-02
1.340526938438415527e-01 4.867805242538452148e-01
-2.067069411277770996e-01 -3.712546825408935547e-01
-4.845095276832580566e-01 -3.540417551994323730e-01
2.400009036064147949e-01 -1.556575298309326172e-02
2.495631575584411621e-01 4.326385259628295898e-02
2.653294205665588379e-01 -3.304416537284851074e-01
2.187374830245971680e-01 6.401717662811279297e-03
2.478513717651367188e-01 4.227064847946166992e-01
-6.381762027740478516e-02 2.457934617996215820e-01
3.813208341598510742e-01 -1.983676552772521973e-01
-3.007404208183288574e-01 -4.279548525810241699e-01
-4.185097217559814453e-01 3.030251264572143555e-01
-1.606107354164123535e-01 -2.007004618644714355e-01
-1.480357050895690918e-01 -1.348417997360229492e-02
-7.376778125762939453e-02 -4.747045636177062988e-01
2.888238430023193359e-02 2.279233932495117188e-02
1.726885437965393066e-01 -4.457129836082458496e-01
-4.047085046768188477e-01 -8.204019069671630859e-02
-3.598268032073974609e-01 -1.551757454872131348e-01
1.043186783790588379e-01 3.428710699081420898e-01
-1.200022101402282715e-01 -1.648172140121459961e-01
4.440098404884338379e-01 3.895330429077148438e-02
3.852856755256652832e-01 -3.563228249549865723e-01
-4.601106643676757812e-01 1.533346176147460938e-01
1.096231937408447266e-01 -4.330853223800659180e-01
4.683568477630615234e-01 -4.024702310562133789e-01
4.129036664962768555e-01 -3.592717051506042480e-01
-1.913917064666748047e-02 -4.950893521308898926e-01
3.287664055824279785e-01 -4.991604089736938477e-01
-2.857710123062133789e-01 -9.065806865692138672e-02
2.785871624946594238e-01 1.385840177536010742e-01
-9.896099567413330078e-03 -4.233212471008300781e-01
-4.363062381744384766e-01 3.372123241424560547e-01
1.289508938789367676e-01 -4.674397706985473633e-01
-2.797842025756835938e-01 -2.503406405448913574e-01
3.121784925460815430e-01 -3.336743712425231934e-01
5.977970361709594727e-02 1.956501007080078125e-01
-5.115312337875366211e-02 1.248757243156433105e-01
1.015298366546630859e-01 1.552367210388183594e-02
-1.929216384887695312e-01 -1.588673591613769531e-01
8.445751667022705078e-02 3.528794646263122559e-01
3.280630111694335938e-01 -4.082082509994506836e-01
-2.982842922210693359e-02 1.853269934654235840e-01
1.588814854621887207e-01 4.264629483222961426e-01
-4.481537342071533203e-01 2.773105502128601074e-01
-4.991561174392700195e-01 2.346174120903015137e-01
1.868236064910888672e-02 -1.497815251350402832e-01
-1.457058787345886230e-01 -1.773017644882202148e-01
4.825111627578735352e-01 -2.447391748428344727e-01
-4.915658831596374512e-01 1.187593340873718262e-01
1.047176122665405273e-01 -8.936226367950439453e-02
-3.100087642669677734e-01 -1.698985099792480469e-01
1.739079356193542480e-01 -4.054497480392456055e-01
2.485058903694152832e-01 4.788215160369873047e-01
3.043854832649230957e-01 -7.399868965148925781e-02
1.036816239356994629e-01 8.812248706817626953e-03
-1.864321231842041016e-01 2.892888784408569336e-01
9.963166713714599609e-02 2.021632194519042969e-01
1.514182686805725098e-01 5.484437942504882812e-02
3.089544177055358887e-01 -2.335200309753417969e-01
3.081681132316589355e-01 -2.501614093780517578e-01
2.837856411933898926e-01 -2.798256874084472656e-01
-1.529445052146911621e-01 -1.079974174499511719e-01
-1.604605913162231445e-01 -2.805191874504089355e-01
-1.930759549140930176e-01 -4.264039993286132812e-01
-1.577014923095703125e-01 -3.431409001350402832e-01
-4.135294556617736816e-01 -1.955698132514953613e-01
1.426161527633666992e-01 2.863985300064086914e-01
4.197104573249816895e-01 -2.691410183906555176e-01
2.733671069145202637e-01 3.268759250640869141e-01
3.279684185981750488e-01 -2.983009815216064453e-02
2.160207629203796387e-01 1.782576441764831543e-01
-4.629639983177185059e-01 -2.037799358367919922e-02
4.375159740447998047e-02 -4.057328104972839355e-01
-2.425316572189331055e-01 -4.671626091003417969e-01
-4.975377321243286133e-01 1.202424168586730957e-01
9.918844699859619141e-02 2.696966528892517090e-01
-3.783181309700012207e-01 1.586123108863830566e-01
-2.953675389289855957e-01 -3.075459003448486328e-01
-3.809980750083923340e-01 -4.352647066116333008e-01
8.520615100860595703e-02 3.641341924667358398e-01
2.095732688903808594e-01 4.308398365974426270e-01
-7.848691940307617188e-02 -4.253585338592529297e-01
1.194671392440795898e-01 3.551015853881835938e-01
-1.595367789268493652e-01 2.323560118675231934e-01
-2.811546921730041504e-01 2.116565704345703125e-01
-2.948784828186035156e-02 1.935529708862304688e-01
-1.890219449996948242e-01 7.995331287384033203e-02
-9.525108337402343750e-02 4.227667450904846191e-01
-7.000654935836791992e-02 1.056219339370727539e-01
1.900728344917297363e-01 -6.188833713531494141e-02
-5.928891897201538086e-02 4.952927827835083008e-01
1.934573054313659668e-01 -2.197823524475097656e-01
-3.918259739875793457e-01 4.843631386756896973e-01
-5.385947227478027344e-02 -4.450485110282897949e-01
-2.370253205299377441e-01 4.384211897850036621e-01
-4.876320958137512207e-01 4.840242862701416016e-02
6.338834762573242188e-02 -3.448108434677124023e-01
2.048416733741760254e-01 -2.816888689994812012e-01
-3.828809261322021484e-01 -4.503626227378845215e-01
-2.916367650032043457e-01 1.371664404869079590e-01
4.794260859489440918e-01 4.411869049072265625e-01
-4.805916547775268555e-02 -1.445196866989135742e-01
-1.558781266212463379e-01 3.285924196243286133e-01
2.843933701515197754e-01 -1.458057165145874023e-01
2.552980184555053711e-01 -2.716916799545288086e-01
3.833494782447814941e-01 4.040998816490173340e-01
-3.202967643737792969e-01 -2.548926472663879395e-01
-4.759401679039001465e-01 2.994424104690551758e-02
-3.276408910751342773e-01 -2.464816570281982422e-01
-4.646234512329101562e-01 1.637049913406372070e-01
-1.181999444961547852e-01 -4.514510035514831543e-01
1.056056022644042969e-01 -8.465987443923950195e-02
1.747881770133972168e-01 -2.951163649559020996e-01
-1.432510018348693848e-01 3.306830525398254395e-01
2.281250953674316406e-01 -1.127824187278747559e-01
1.512646675109863281e-03 -1.556206345558166504e-01
-4.450343251228332520e-01 2.680813074111938477e-01
4.170370697975158691e-01 4.855076074600219727e-01
-8.165788650512695312e-02 2.516546249389648438e-01
4.649699330329895020e-01 4.604300260543823242e-01
-1.606381535530090332e-01 -2.364505529403686523e-01
-4.223300814628601074e-01 3.043528795242309570e-01
-2.604262828826904297e-01 -4.065102934837341309e-01
-6.201767921447753906e-02 4.950426816940307617e-01
-1.537381410598754883e-01 1.447073221206665039e-01
1.563876867294311523e-02 -4.607900977134704590e-01
4.980482459068298340e-01 4.043393731117248535e-01
2.040705084800720215e-01 -2.913290858268737793e-01
-1.789531707763671875e-01 -3.194758892059326172e-01
7.301729917526245117e-02 -2.648352384567260742e-01
9.185308218002319336e-02 1.286250352859497070e-01
-3.354341387748718262e-01 1.756459474563598633e-02
1.672693490982055664e-01 2.064494490623474121e-01
-1.552533507347106934e-01 -1.862686276435852051e-01
-1.413800716400146484e-01 -9.565353393554687500e-03
-5.858039855957031250e-02 1.666966676712036133e-01
8.607798814773559570e-02 -2.926350831985473633e-01
-4.786152243614196777e-01 -4.476565122604370117e-01
4.477115869522094727e-01 8.360385894775390625e-02
-3.025130033493041992e-01 1.397851705551147461e-01
-4.311193823814392090e-01 -1.908363103866577148e-01
-3.247609734535217285e-01 1.764733791351318359e-01
-4.307368993759155273e-01 4.838721156120300293e-01
3.638781309127807617e-01 2.734243869781494141e-03
2.365201115608215332e-01 3.746169805526733398e-02
-2.324259281158447266e-01 -2.103155255317687988e-01
-2.323493361473083496e-01 -4.636097550392150879e-01
-3.844119310379028320e-01 4.413775801658630371e-01
-3.244410753250122070e-01 3.484541177749633789e-02
5.272173881530761719e-02 -3.698416948318481445e-01
3.100091218948364258e-01 3.616178035736083984e-02
3.792164921760559082e-01 2.117236256599426270e-01
-4.650917053222656250e-01 6.611686944961547852e-02
-3.980982303619384766e-01 -4.468248486518859863e-01
-1.397034525871276855e-01 -4.850655794143676758e-01
1.891768574714660645e-01 4.296540617942810059e-01
-2.247030138969421387e-01 -2.517361640930175781e-01
3.319531679153442383e-01 -5.259454250335693359e-02
-4.813064336776733398e-01 2.337580919265747070e-01
-3.362113237380981445e-01 3.470913171768188477e-01
1.279240846633911133e-01 1.052622795104980469e-01
3.185230493545532227e-02 -2.409251332283020020e-01
-2.227650880813598633e-01 4.943414330482482910e-01
-2.699279189109802246e-01 -3.762036561965942383e-02
2.549445629119873047e-01 2.509821653366088867e-01
1.340758800506591797e-01 2.846355438232421875e-01
-4.104602336883544922e-01 3.200716972351074219e-01
4.046148061752319336e-02 -1.598046422004699707e-01
1.392619013786315918e-01 3.419595956802368164e-02
-9.027260541915893555e-02 -3.918386101722717285e-01
1.763237714767456055e-01 -4.166125655174255371e-01
3.063431978225708008e-01 -1.692306995391845703e-02
4.965066313743591309e-01 1.855031847953796387e-01
2.698254585266113281e-02 4.420242309570312500e-01
3.204896450042724609e-01 2.359702587127685547e-01
6.709545850753784180e-02 1.126225590705871582e-01
3.804605007171630859e-01 -4.876677989959716797e-01
-4.416816830635070801e-01 -3.816309571266174316e-01
-4.254358410835266113e-01 9.639388322830200195e-02
3.645366430282592773e-02 -2.373272180557250977e-02
4.389359354972839355e-01 -1.945056915283203125e-01
-1.085268259048461914e-01 -2.904995679855346680e-01
4.643777012825012207e-01 -1.786154508590698242e-01
5.682784318923950195e-02 -3.998700976371765137e-01
-1.682512164115905762e-01 3.857169747352600098e-01
2.961133122444152832e-01 4.862072467803955078e-01
3.519718050956726074e-01 -4.049021601676940918e-01
3.263317346572875977e-01 3.230319619178771973e-01
-3.360428810119628906e-01 4.697102308273315430e-02
6.544363498687744141e-02 -1.831154823303222656e-01
1.156401634216308594e-01 6.649392843246459961e-02
1.931774020195007324e-01 4.808991551399230957e-01
-1.959003210067749023e-01 1.235626339912414551e-01
-2.246043682098388672e-01 -3.607920408248901367e-01
3.788759112358093262e-01 -2.097660303115844727e-01
3.100810647010803223e-01 3.680497407913208008e-01
-2.741180658340454102e-01 1.360797882080078125e-01
-4.705579876899719238e-01 3.870145678520202637e-01
-1.712892055511474609e-01 -3.487387299537658691e-01
1.644790768623352051e-01 -3.564363718032836914e-01
8.159869909286499023e-02 3.179684281349182129e-01
-6.809610128402709961e-02 -3.572890758514404297e-01
-1.590444445610046387e-01 -2.894862890243530273e-01
1.956952810287475586e-01 1.083843708038330078e-01
2.937574386596679688e-01 -4.919941425323486328e-01
-3.824259638786315918e-01 8.900493383407592773e-02
-9.834229946136474609e-03 6.129854917526245117e-02
-4.805086255073547363e-01 3.670576214790344238e-01
-1.787539124488830566e-01 2.622886896133422852e-01
-2.459502816200256348e-01 1.985491514205932617e-01
-6.940871477127075195e-02 4.303703904151916504e-01
1.800611019134521484e-01 -3.309427499771118164e-01
4.348295927047729492e-02 3.656837940216064453e-01
4.208729267120361328e-01 1.985444426536560059e-01
-1.673930883407592773e-01 1.099269390106201172e-01
-4.646035432815551758e-01 -3.918026685714721680e-01
4.190213084220886230e-01 -2.158921957015991211e-01
1.385101079940795898e-01 -1.616103649139404297e-01
1.154316067695617676e-01 2.794547677040100098e-01
-4.716585278511047363e-01 -2.863237857818603516e-01
4.142055511474609375e-01 4.726856946945190430e-02
-3.042354583740234375e-01 2.138797640800476074e-01
2.479275465011596680e-01 -9.732902050018310547e-02
-4.987405538558959961e-01 -3.160079121589660645e-01
4.890060424804687500e-02 -1.067668795585632324e-01
4.492820501327514648e-01 4.140564799308776855e-01
4.828061461448669434e-01 -4.169859290122985840e-01
-1.514745950698852539e-01 3.017039895057678223e-01
-2.554178237915039062e-03 4.979895949363708496e-01
-4.530903697013854980e-01 -2.586117982864379883e-01
1.022316813468933105e-01 4.983002543449401855e-01
-4.207499623298645020e-01 3.107322454452514648e-01
4.242591261863708496e-01 4.484984874725341797e-01
4.275035858154296875e-01 3.193628787994384766e-02
1.816087365150451660e-01 2.311080098152160645e-01
-1.740376353263854980e-01 -5.709558725357055664e-02
3.342774510383605957e-01 2.656474709510803223e-01
1.406222581863403320e-01 4.632818102836608887e-01
2.012665271759033203e-01 4.278530478477478027e-01
2.897717952728271484e-01 3.420644998550415039e-01
4.890203475952148438e-02 2.619639635086059570e-01
-3.035927414894104004e-01 3.722673058509826660e-01
2.044923901557922363e-01 2.851791977882385254e-01
4.057952761650085449e-01 -2.955994009971618652e-01
1.306787729263305664e-01 -2.226879000663757324e-01
7.960516214370727539e-02 -2.826154232025146484e-02
2.630891799926757812e-01 3.648817539215087891e-03
-4.537693262100219727e-01 4.242247939109802246e-01
-4.796520471572875977e-01 1.811939477920532227e-01
-4.702621698379516602e-02 -1.181527972221374512e-01
-4.805725812911987305e-02 1.230829954147338867e-02
2.231923341751098633e-01 1.705868244171142578e-01
-2.309877872467041016e-01 -4.569591879844665527e-01
-3.766812682151794434e-01 -4.372600317001342773e-01
-3.393703699111938477e-01 3.289187550544738770e-01
1.841444969177246094e-01 1.940029263496398926e-01
-1.247316598892211914e-01 -1.366776823997497559e-01
-1.020130515098571777e-01 -2.091319561004638672e-01
9.852278232574462891e-02 -4.572151899337768555e-01
-3.154295682907104492e-02 -2.825644016265869141e-01
2.451645135879516602e-01 -4.103515148162841797e-01
-3.738443255424499512e-01 -1.071382761001586914e-01
-3.632116317749023438e-02 1.482621431350708008e-01
7.765018939971923828e-02 1.404858231544494629e-01
2.605157494544982910e-01 -3.414705395698547363e-01
-4.851795434951782227e-01 -5.444145202636718750e-02
3.158490657806396484e-01 1.289786696434020996e-01
1.821935176849365234e-02 4.251491427421569824e-01
4.596858620643615723e-01 -2.430941462516784668e-01
-4.961327314376831055e-01 4.070453047752380371e-01
-4.849786162376403809e-01 -1.767244935035705566e-01
9.412533044815063477e-02 -3.149397373199462891e-01
3.320973515510559082e-01 5.487120151519775391e-02
2.398114204406738281e-01 -2.692950367927551270e-01
6.632310152053833008e-02 -2.114374041557312012e-01
3.094312548637390137e-01 4.950634837150573730e-01
-3.327268362045288086e-02 3.943023085594177246e-01
-3.745059967041015625e-01 -2.350963950157165527e-01
2.455242872238159180e-01 -1.022631525993347168e-01
1.625896096229553223e-01 -3.519058823585510254e-01
3.792330622673034668e-01 2.039676904678344727e-02
3.946252465248107910e-01 3.941797614097595215e-01
-2.629911303520202637e-01 2.550454735755920410e-01
5.779069662094116211e-02 -3.178601861000061035e-01
-3.671354055404663086e-01 3.315737843513488770e-01
5.082279443740844727e-02 4.996871352195739746e-01
1.372674107551574707e-01 -4.709000587463378906e-01
-1.493473649024963379e-01 -3.986613154411315918e-01
-1.408750414848327637e-01 -1.798295378684997559e-01
1.892440915107727051e-01 8.397668600082397461e-02
-3.377318382263183594e-02 3.715595006942749023e-01
3.014786243438720703e-01 3.943810462951660156e-01
3.216779232025146484e-01 5.055391788482666016e-02
-9.417897462844848633e-02 4.142652153968811035e-01
-4.105585813522338867e-01 4.959869384765625000e-02
-2.933688759803771973e-01 4.379947781562805176e-01
4.860471487045288086e-01 1.016902327537536621e-01
3.814156055450439453e-01 1.562883257865905762e-01
-1.597989201545715332e-01 -9.708583354949951172e-02
-1.446914672851562500e-01 4.173060655593872070e-01
-1.094967126846313477e-01 1.966064572334289551e-01
3.183371424674987793e-01 -1.773271560668945312e-01
-2.467209100723266602e-02 4.526248574256896973e-01
1.372283697128295898e-02 4.984443187713623047e-01
-4.428319931030273438e-01 -2.425709962844848633e-01
-2.843812704086303711e-01 2.112688422203063965e-01
-3.717685341835021973e-01 -1.221550703048706055e-01
-3.462281823158264160e-01 3.709760308265686035e-01
-2.208231687545776367e-01 -3.185011148452758789e-01
4.322141408920288086e-02 3.084552288055419922e-02
1.672804951667785645e-01 -4.242763519287109375e-01
-4.182112216949462891e-01 4.230278730392456055e-02
-1.880067586898803711e-02 3.233358860015869141e-01
1.613053083419799805e-01 4.315658211708068848e-01
-4.703227877616882324e-01 -6.563091278076171875e-02
-7.074695825576782227e-02 -3.527297973632812500e-01
-1.829623579978942871e-01 2.361716032028198242e-01
-2.870957255363464355e-01 4.756867885589599609e-02
-1.868550181388854980e-01 4.583252668380737305e-01
2.205868959426879883e-01 1.699608564376831055e-01
1.692974567413330078e-02 4.634955525398254395e-01
-9.159088134765625000e-03 2.774328589439392090e-01
-2.677745819091796875e-01 -3.588825464248657227e-02
-4.335938096046447754e-01 8.560574054718017578e-02
5.154609680175781250e-03 8.340597152709960938e-02
-3.631482720375061035e-01 2.688626646995544434e-01
1.070815324783325195e-02 -3.779747486114501953e-01
1.421063542366027832e-01 2.797479629516601562e-01
-4.627737998962402344e-01 3.131312727928161621e-01
-3.740551471710205078e-01 -3.039349913597106934e-01
-2.729571461677551270e-01 -5.931496620178222656e-02
-1.102694869041442871e-01 -2.269726395606994629e-01
-2.501171231269836426e-01 4.553686380386352539e-01
9.940069913864135742e-02 -3.078504204750061035e-01
2.452352643013000488e-01 -3.228775858879089355e-01
-1.465320587158203125e-02 1.983377933502197266e-01
-4.587154388427734375e-01 2.839785218238830566e-01
-5.705398321151733398e-02 4.371092319488525391e-01
-3.430061936378479004e-01 4.902335405349731445e-01
1.457300186157226562e-01 -1.505237817764282227e-02
2.079728841781616211e-01 -2.959631681442260742e-01
-3.341787457466125488e-01 -2.369759678840637207e-01
-4.943704605102539062e-02 5.410194396972656250e-03
-2.818457484245300293e-01 -4.228734970092773438e-02
3.056371808052062988e-01 -4.654548168182373047e-01
-1.089785695075988770e-01 -3.581011295318603516e-02
-4.169854521751403809e-01 -3.984818458557128906e-01
3.257137537002563477e-01 -4.056245684623718262e-01
-1.737451553344726562e-02 -3.517446517944335938e-01
-2.702593803405761719e-02 -1.280795335769653320e-01
-1.570239663124084473e-01 3.404489159584045410e-01
4.578595161437988281e-01 1.124904751777648926e-01
3.034234046936035156e-02 -4.701014161109924316e-01
-2.427904605865478516e-01 1.121812462806701660e-01
1.438814401626586914e-01 -4.668542742729187012e-01
-5.369395017623901367e-02 1.253616809844970703e-01
4.921436309814453125e-02 8.996152877807617188e-02
-3.094150424003601074e-01 -4.792661666870117188e-01
4.036104679107666016e-02 -2.496778964996337891e-01
4.759743809700012207e-01 -1.101250052452087402e-01
-9.240108728408813477e-02 1.471164226531982422e-01
3.655457496643066406e-02 -4.111247658729553223e-01
9.632670879364013672e-02 -5.459201335906982422e-02
-4.629151225090026855e-01 3.581187129020690918e-01
-4.709529280662536621e-01 -3.785423636436462402e-01
9.653085470199584961e-02 1.487430334091186523e-01
4.509746432304382324e-01 -3.060239553451538086e-02
-2.685101628303527832e-01 4.920232295989990234e-02
2.393950223922729492e-01 3.483394980430603027e-01
-4.088996052742004395e-01 2.324044108390808105e-01
1.545858383178710938e-02 -2.216543555259704590e-01
1.854392886161804199e-01 4.860131740570068359e-01
-3.050488233566284180e-02 -1.774709820747375488e-01
-2.162927985191345215e-01 1.554791927337646484e-01
4.122358560562133789e-02 -4.256226420402526855e-01
-4.853476881980895996e-01 -8.229637145996093750e-02
2.213616371154785156e-01 1.691866517066955566e-01
2.355802059173583984e-02 2.046591043472290039e-01
-1.249208450317382812e-01 -4.571244716644287109e-01
-2.139537930488586426e-01 -2.031805515289306641e-01
4.461442232131958008e-01 -1.012732386589050293e-01
-4.504851698875427246e-01 2.034716606140136719e-01
3.970435261726379395e-01 9.726274013519287109e-02
-1.686367392539978027e-01 -2.022899389266967773e-01
2.490025162696838379e-01 4.461365342140197754e-01
9.418046474456787109e-02 -4.752875566482543945e-01
4.860000610351562500e-01 -1.555662155151367188e-01
-1.229047775268554688e-04 4.649629592895507812e-01
-1.027355194091796875e-01 -4.961075186729431152e-01
3.450389504432678223e-01 1.712192893028259277e-01
3.159922361373901367e-02 3.342739343643188477e-01
-1.143696904182434082e-01 -4.543231725692749023e-01
-4.892631769180297852e-01 -1.052159070968627930e-02
-1.098243594169616699e-01 1.889184713363647461e-01
1.803904175758361816e-01 -2.206142544746398926e-01
-1.295906305313110352e-01 1.091014146804809570e-01
3.544538617134094238e-01 -4.315686225891113281e-02
3.111011385917663574e-01 -4.679292440414428711e-01
-1.394297480583190918e-01 -4.313766956329345703e-02
-3.619040250778198242e-01 -3.575015664100646973e-01
2.151268124580383301e-01 1.215180158615112305e-01
5.680102109909057617e-02 3.160941600799560547e-01
-2.133415937423706055e-01 -3.817427158355712891e-01
-4.293128252029418945e-01 -3.224841356277465820e-01
-2.748095393180847168e-01 2.108041644096374512e-01
1.034624576568603516e-01 -4.563663005828857422e-01
8.470994234085083008e-02 1.884009838104248047e-01
-4.782154560089111328e-01 9.176397323608398438e-02
-4.804553389549255371e-01 3.303308486938476562e-01
2.582906484603881836e-01 -9.778732061386108398e-02
1.002359390258789062e-01 -2.549137473106384277e-01
-3.330424427986145020e-01 6.380194425582885742e-02
3.808653354644775391e-02 -2.317667603492736816e-01
2.928072214126586914e-02 2.649487853050231934e-01
-2.511674165725708008e-02 -8.539968729019165039e-02
-6.309700012207031250e-02 9.479391574859619141e-02
2.994215488433837891e-02 1.380497813224792480e-01
3.503380417823791504e-01 2.464469075202941895e-01
3.050720691680908203e-01 -1.414694786071777344e-01
-1.498380303382873535e-01 -9.678512811660766602e-02
3.821790218353271484e-03 -3.071236610412597656e-01
2.106885910034179688e-01 -8.641296625137329102e-02
3.693779706954956055e-01 -3.049188852310180664e-02
-1.169626116752624512e-01 7.242286205291748047e-02
4.171824455261230469e-01 1.158318519592285156e-01
-6.262922286987304688e-02 2.165765762329101562e-01
-2.418638467788696289e-01 -4.960417747497558594e-03
4.656850695610046387e-01 -2.762792110443115234e-01
-2.679045796394348145e-01 1.210116744041442871e-01
-4.432230591773986816e-01 -2.068986296653747559e-01
-2.141773700714111328e-02 1.646950840950012207e-01
-1.450862884521484375e-01 -3.722193837165832520e-01
-4.806417226791381836e-01 -4.340791106224060059e-01
2.797144651412963867e-02 3.326821923255920410e-01
3.449672460556030273e-02 4.081892967224121094e-01
-1.560819149017333984e-02 -1.677151918411254883e-01
-6.162804365158081055e-02 -5.629485845565795898e-02
-2.596610188484191895e-01 -2.422375679016113281e-01
-1.691266298294067383e-01 -1.643077731132507324e-01
-1.197457313537597656e-02 3.653566837310791016e-01
-3.273199200630187988e-01 -1.645520329475402832e-01
4.663518667221069336e-01 1.804562211036682129e-01
-3.978888988494873047e-01 1.681499481201171875e-01
-1.901593208312988281e-01 3.768314123153686523e-01
-1.949982643127441406e-01 3.141052722930908203e-01
4.029768705368041992e-02 -4.622268676757812500e-02
3.377414345741271973e-01 1.118122339248657227e-01
-5.669122934341430664e-02 -3.927813172340393066e-01
-3.610087633132934570e-01 -8.023273944854736328e-02
6.762307882308959961e-02 4.588665962219238281e-01
-4.965425133705139160e-01 -1.813191771507263184e-01
1.145381927490234375e-01 3.551905751228332520e-01
2.326828241348266602e-02 -2.732775807380676270e-01
7.109838724136352539e-02 4.924417138099670410e-01
4.208680391311645508e-01 4.781078100204467773e-01
2.514123320579528809e-01 -4.769729971885681152e-01
-2.318634986877441406e-01 -6.323516368865966797e-03
-4.803550243377685547e-01 -3.514510989189147949e-01
4.275377988815307617e-01 4.349976778030395508e-02
2.446961998939514160e-01 3.287194967269897461e-01
1.191861033439636230e-01 -3.200960755348205566e-01
6.402462720870971680e-02 2.254878282546997070e-01
-3.989175558090209961e-01 -4.020458459854125977e-01
-3.478776812553405762e-01 1.496505737304687500e-02
-2.919161319732666016e-02 -4.281995892524719238e-01
1.253855228424072266e-02 1.199994087219238281e-01
3.120594024658203125e-01 -2.009094953536987305e-01
-3.887796998023986816e-01 2.832055687904357910e-01
2.612144351005554199e-01 -1.055746674537658691e-01
2.757845520973205566e-01 -7.061231136322021484e-02
-3.236534595489501953e-01 -3.454052805900573730e-01
-4.547334909439086914e-01 1.132504940032958984e-01
2.465873956680297852e-01 -3.575134277343750000e-02
4.375696182250976562e-03 2.344800233840942383e-01
-9.234571456909179688e-02 -4.315518140792846680e-01
3.988813161849975586e-01 3.749027252197265625e-01
-4.138779640197753906e-02 1.940695047378540039e-01
4.130368828773498535e-01 -2.914822697639465332e-01
3.273924589157104492e-01 2.139175534248352051e-01
-2.693418264389038086e-01 -1.417293548583984375e-01
3.321508765220642090e-01 -1.720023155212402344e-02
-5.238759517669677734e-02 2.772635221481323242e-01
-2.722529172897338867e-01 4.632256627082824707e-01
1.620169878005981445e-01 -2.366153597831726074e-01
2.453460693359375000e-01 4.162924885749816895e-01
3.116589188575744629e-01 1.054596900939941406e-01
-2.923560738563537598e-01 3.504722118377685547e-01
-4.265816211700439453e-01 3.554241061210632324e-01
3.704936504364013672e-01 -1.235448718070983887e-01
3.162093162536621094e-01 5.400055646896362305e-02
-4.959306716918945312e-01 2.473104596138000488e-01
-3.453555703163146973e-01 -1.479897499084472656e-01
-1.065016388893127441e-01 4.119212627410888672e-01
-3.228199481964111328e-02 -3.692489266395568848e-01
-2.552077770233154297e-01 4.008634090423583984e-01
-1.320263743400573730e-01 4.234080910682678223e-01
-3.402619957923889160e-01 2.969415187835693359e-01
-2.863375544548034668e-01 2.155011892318725586e-02
-7.163166999816894531e-02 -6.010204553604125977e-02
1.146034002304077148e-01 2.919712662696838379e-01
-4.600846767425537109e-01 -4.599906206130981445e-01
3.106006979942321777e-01 1.458263993263244629e-01
4.411850571632385254e-01 4.537284374237060547e-01
1.483553051948547363e-01 -4.308838844299316406e-01
2.539125680923461914e-01 -6.298053264617919922e-02
-6.632721424102783203e-02 -3.429091572761535645e-01
3.157969117164611816e-01 2.492930293083190918e-01
2.979026436805725098e-01 8.932042121887207031e-02
4.373384714126586914e-01 -2.194945812225341797e-01
1.133533716201782227e-01 2.867228388786315918e-01
-5.588167905807495117e-02 4.562654495239257812e-01
2.854250669479370117e-01 -2.726166248321533203e-01
2.850993275642395020e-01 4.890721440315246582e-01
-4.747369885444641113e-01 2.672274708747863770e-01
-3.114125728607177734e-01 1.831783652305603027e-01
-1.496213674545288086e-01 -2.646011114120483398e-01
-1.312078833580017090e-01 2.232111096382141113e-01
6.758284568786621094e-02 1.658206582069396973e-01
3.022705316543579102e-01 -1.815301775932312012e-01
-4.515700340270996094e-01 -1.837076544761657715e-01
4.600722193717956543e-01 -2.781359553337097168e-01
-9.765470027923583984e-02 -2.382193207740783691e-01
1.095765829086303711e-02 2.027849555015563965e-01
1.463806629180908203e-02 7.125478982925415039e-02
1.679801940917968750e-01 1.668767929077148438e-01
2.539124488830566406e-01 -1.461799740791320801e-01
-2.400677800178527832e-01 -4.854082465171813965e-01
2.991068959236145020e-01 1.574092507362365723e-01
-1.473065614700317383e-01 -4.596182107925415039e-01
3.599578142166137695e-02 2.816330790519714355e-01
-1.464653015136718750e-02 3.633076548576354980e-01
-2.483725547790527344e-04 3.742308020591735840e-01
3.471164107322692871e-01 -3.466477990150451660e-01
2.618695497512817383e-01 -3.814119100570678711e-02
-6.327927112579345703e-03 1.015697121620178223e-01
2.686900496482849121e-01 3.433585166931152344e-02
2.356413006782531738e-01 -2.363839745521545410e-01
-1.641227602958679199e-01 -1.629525423049926758e-02
-4.909549355506896973e-01 -2.945092320442199707e-01
1.687114834785461426e-01 4.062961339950561523e-01
-4.047345519065856934e-01 -1.270952224731445312e-01
-1.743437051773071289e-01 -4.830917119979858398e-01
-2.508872747421264648e-01 -4.947624206542968750e-01
2.206047177314758301e-01 2.123929262161254883e-01
-3.249772787094116211e-01 -3.523170948028564453e-02
5.883991718292236328e-03 -1.217663288116455078e-01
1.036746501922607422e-01 4.957376718521118164e-01
1.339646577835083008e-01 3.298559188842773438e-01
-1.609816551208496094e-01 -2.321494817733764648e-01
-3.772360682487487793e-01 4.683920741081237793e-01
-4.999061226844787598e-01 -1.785597205162048340e-01
3.592830896377563477e-01 -1.029642820358276367e-01
-2.194398641586303711e-01 1.099703311920166016e-01
2.522013187408447266e-01 -4.507012367248535156e-01
-4.889784455299377441e-01 -9.207159280776977539e-02
-4.364946484565734863e-01 -3.878462910652160645e-01
4.559992551803588867e-01 -3.852491378784179688e-01
1.638402342796325684e-01 -3.650084137916564941e-01
1.362456679344177246e-01 4.600086808204650879e-01
-3.429085016250610352e-02 3.997095227241516113e-01
2.548550963401794434e-01 -4.762666225433349609e-01
1.291790008544921875e-01 3.043726682662963867e-01
-3.185487389564514160e-01 3.149603009223937988e-01
4.955800771713256836e-01 -1.014204025268554688e-01
2.387145161628723145e-01 -2.322888374328613281e-01
-3.979820013046264648e-01 1.524721384048461914e-01
-1.555997133255004883e-01 -8.027714490890502930e-02
2.033606767654418945e-01 -2.300208210945129395e-01
2.615709304809570312e-01 3.566065430641174316e-01
4.407510757446289062e-01 2.417625188827514648e-01
-1.036783456802368164e-01 -9.628057479858398438e-02
-4.070881605148315430e-01 -3.247188329696655273e-01
-4.510458111763000488e-01 -1.140675544738769531e-01
-2.264976501464843750e-02 3.199656009674072266e-01
-3.937878608703613281e-01 -6.923192739486694336e-02
4.504545331001281738e-01 -3.156225085258483887e-01
3.433476090431213379e-01 3.295244574546813965e-01
5.276393890380859375e-02 -4.437464475631713867e-02
1.988121271133422852e-01 4.047650098800659180e-01
-4.966453313827514648e-01 -3.394406437873840332e-01
6.443077325820922852e-02 -3.446602821350097656e-02
-9.446573257446289062e-02 -4.602196216583251953e-01
-1.508858203887939453e-01 4.595590233802795410e-01
-2.863255739212036133e-01 -1.323263645172119141e-01
-3.666550517082214355e-01 2.873403429985046387e-01
2.970244884490966797e-01 9.284311532974243164e-02
-3.089125156402587891e-01 3.038584589958190918e-01
2.181263566017150879e-01 4.180427789688110352e-01
-1.593947410583496094e-01 -3.107437491416931152e-01
-2.141135931015014648e-02 -3.444554209709167480e-01
-1.378074288368225098e-01 -1.053924560546875000e-01
2.714097499847412109e-01 -3.341996073722839355e-01
-3.424252271652221680e-01 3.573342561721801758e-01
-2.504771947860717773e-01 3.938202857971191406e-01
2.296328544616699219e-03 -2.154340744018554688e-01
-3.930062055587768555e-02 1.941210031509399414e-02
1.530873179435729980e-01 -2.050662636756896973e-01
-3.670340180397033691e-01 1.195528507232666016e-01
1.020392775535583496e-01 -4.455560445785522461e-02
1.545876860618591309e-01 -3.991798758506774902e-01
4.291986227035522461e-01 4.384561777114868164e-01
-4.611114859580993652e-01 -2.568722367286682129e-01
4.511698484420776367e-01 -9.612423181533813477e-02
9.600788354873657227e-02 2.591499090194702148e-01
-2.616908550262451172e-01 3.248212337493896484e-01
-4.918108582496643066e-01 -1.711291074752807617e-01
-3.513837456703186035e-01 4.549323916435241699e-01
4.216503500938415527e-01 1.630195379257202148e-01
9.892660379409790039e-02 2.961516380310058594e-01
-1.506733894348144531e-01 -2.597463726997375488e-01
-3.318174481391906738e-01 3.725899457931518555e-01
-3.903162479400634766e-01 3.097264766693115234e-01
-3.187091350555419922e-01 1.730930209159851074e-01
-4.583950638771057129e-01 5.605393648147583008e-02
7.645845413208007812e-03 -6.228661537170410156e-02
-4.232009649276733398e-01 3.500190377235412598e-01
-9.344714879989624023e-02 -2.236868143081665039e-01
3.292909860610961914e-01 -1.250454783439636230e-01
4.573733210563659668e-01 -2.510460019111633301e-01
-1.875274181365966797e-01 2.378684282302856445e-01
-4.470206499099731445e-01 2.805089354515075684e-01
-1.319107413291931152e-01 -1.224263906478881836e-01
1.887581348419189453e-01 -7.194161415100097656e-02
1.369683146476745605e-01 4.017464518547058105e-01
-2.571047544479370117e-01 -1.515073776245117188e-01
3.075305223464965820e-01 1.713261604309082031e-01
6.450742483139038086e-02 8.786439895629882812e-03
4.933522343635559082e-01 1.398649215698242188e-01
-1.755699515342712402e-01 3.847674727439880371e-01
-5.408686399459838867e-02 -2.692317366600036621e-01
-3.950731754302978516e-01 -4.434602260589599609e-01
-1.747505664825439453e-01 -4.983281493186950684e-01
4.740560650825500488e-01 2.757357358932495117e-01
-4.985173344612121582e-01 -2.499167323112487793e-01
1.902771592140197754e-01 3.304395079612731934e-01
-2.225565314292907715e-01 -3.851414918899536133e-01
-8.393889665603637695e-02 1.320095062255859375e-01
4.640259146690368652e-01 -1.343961954116821289e-01
-4.319245219230651855e-01 -1.217867136001586914e-01
3.130481243133544922e-01 -3.405326008796691895e-01
5.268800258636474609e-02 -1.833320856094360352e-01
-2.610256671905517578e-01 -8.161741495132446289e-02
6.889015436172485352e-02 -2.324110865592956543e-01
8.963483572006225586e-02 -5.835843086242675781e-02
4.837642312049865723e-01 2.591135501861572266e-01
-4.793016314506530762e-01 1.706094145774841309e-01
4.424704909324645996e-01 -6.495547294616699219e-02
2.838420867919921875e-02 4.816427826881408691e-01
-3.078569173812866211e-01 2.690962553024291992e-01
-5.934911966323852539e-02 -4.149356484413146973e-01
1.630282402038574219e-01 3.784917593002319336e-01
4.722901582717895508e-01 -3.752679228782653809e-01
4.449599981307983398e-02 -1.637798547744750977e-02
4.949420690536499023e-02 3.423778414726257324e-01
-2.660419344902038574e-01 -1.218169927597045898e-02
-1.631640791893005371e-01 3.377693891525268555e-01
-1.711058020591735840e-01 -2.947883009910583496e-01
4.726694226264953613e-01 2.226939201354980469e-01
3.312035799026489258e-01 4.371460080146789551e-01
-3.158941864967346191e-01 8.563995361328125000e-03
-4.533234834671020508e-01 -3.633111715316772461e-01
-4.969859123229980469e-02 -2.348502278327941895e-01
-4.525649547576904297e-02 2.019698619842529297e-01
-6.330817937850952148e-02 3.455585837364196777e-01
-3.394896388053894043e-01 -3.700850605964660645e-01
-1.525982022285461426e-01 1.657211780548095703e-01
-2.262165546417236328e-01 -4.027515053749084473e-01
-1.883395314216613770e-01 -4.514698386192321777e-01
-1.144189238548278809e-01 3.839695453643798828e-01
4.682357311248779297e-01 -5.893784761428833008e-02
-3.277904391288757324e-01 4.969829320907592773e-01
2.026181221008300781e-01 4.540991187095642090e-01
-2.835776209831237793e-01 -1.458125114440917969e-01
8.421504497528076172e-02 -4.395514130592346191e-01
2.786701321601867676e-01 2.998125553131103516e-01
3.221541047096252441e-01 -4.916259050369262695e-01
-3.040744066238403320e-01 4.879977107048034668e-01
2.621138691902160645e-01 -1.435076594352722168e-01
4.816238880157470703e-01 -2.541726827621459961e-01
-4.151125550270080566e-01 -2.732329368591308594e-01
-3.713670969009399414e-01 4.363272786140441895e-01
-9.294277429580688477e-02 2.363210916519165039e-01
-9.310334920883178711e-02 -7.176941633224487305e-02
4.059928655624389648e-01 9.788048267364501953e-02
1.720547080039978027e-01 1.656872630119323730e-01
-1.964252591133117676e-01 -3.342902660369873047e-02
4.629149436950683594e-01 9.603798389434814453e-03
6.722384691238403320e-02 3.420553803443908691e-01
-2.639247775077819824e-01 -3.373247981071472168e-01
4.811076521873474121e-01 2.362782955169677734e-01
-5.311834812164306641e-02 2.068099379539489746e-01
-1.857621073722839355e-01 -9.440737962722778320e-02
8.010315895080566406e-02 -3.494127988815307617e-01
-4.833953976631164551e-01 -3.925936818122863770e-01
3.232386112213134766e-01 2.153369188308715820e-01
1.538331508636474609e-01 1.604842543601989746e-01
3.820114135742187500e-01 2.141355276107788086e-01
-4.969851970672607422e-01 3.126616477966308594e-01
-3.078718781471252441e-01 5.766230821609497070e-02
8.518612384796142578e-02 -3.081916570663452148e-01
-4.158412814140319824e-01 2.259167432785034180e-01
-2.542000412940979004e-01 4.962134361267089844e-01
-2.864128351211547852e-01 1.139623522758483887e-01
-3.799500465393066406e-01 3.274710774421691895e-01
4.182406067848205566e-01 3.255848884582519531e-01
7.596170902252197266e-02 4.047164916992187500e-01
-4.793158173561096191e-01 2.208050489425659180e-01
1.327535510063171387e-01 -1.295617818832397461e-01
-1.960015296936035156e-02 1.262786388397216797e-01
-3.058850765228271484e-03 1.247882843017578125e-01
4.112684130668640137e-01 3.299459815025329590e-01
-2.001593112945556641e-01 -6.172955036163330078e-03
2.955449819564819336e-01 4.188503026962280273e-01
1.506844758987426758e-01 -4.511806964874267578e-01
-1.193467974662780762e-01 2.835064530372619629e-01
-2.333301305770874023e-01 1.443088054656982422e-02
4.296808838844299316e-01 3.444277644157409668e-01
-5.025959014892578125e-02 2.773547172546386719e-01
2.252193689346313477e-01 -4.093385338783264160e-01
1.312655210494995117e-02 3.858888745307922363e-01
-4.127362966537475586e-01 -4.166296124458312988e-01
-2.144652605056762695e-02 1.385999321937561035e-01
1.164459586143493652e-01 7.035601139068603516e-02
3.704816102981567383e-01 -1.552336812019348145e-01
-7.247686386108398438e-03 4.731241464614868164e-01
-7.718294858932495117e-02 3.752557635307312012e-01
-1.606554388999938965e-01 -4.573460817337036133e-01
4.812528491020202637e-01 4.873808026313781738e-01
-1.022517681121826172e-01 -3.689824938774108887e-01
-2.792493700981140137e-01 -4.364696145057678223e-01
-1.641386747360229492e-02 -2.533537745475769043e-01
