4.073554873466491699e-01 6.346904039382934570e-01
4.788857102394104004e-01 6.404888033866882324e-01
3.914870619773864746e-01 5.857766270637512207e-01
6.213037371635437012e-01 7.043924331665039062e-01
7.452220916748046875e-01 4.730268716812133789e-01
6.340507864952087402e-01 4.696525633335113525e-01
5.516992807388305664e-01 6.408373713493347168e-01
5.798186659812927246e-01 5.830516815185546875e-01
6.546726822853088379e-01 6.589534878730773926e-01
6.597992181777954102e-01 6.419191956520080566e-01
6.441953778266906738e-01 7.780829071998596191e-01
5.435352921485900879e-01 6.062131524085998535e-01
5.549303293228149414e-01 8.065150380134582520e-01
4.546060264110565186e-01 6.859840154647827148e-01
8.310605883598327637e-01 5.784493088722229004e-01
8.343170881271362305e-01 6.331977844238281250e-01
7.754693031311035156e-01 6.714900732040405273e-01
4.581671655178070068e-01 6.440579891204833984e-01
5.740270614624023438e-01 8.159835934638977051e-01
6.992066502571105957e-01 6.767644286155700684e-01
7.296833992004394531e-01 4.631882905960083008e-01
6.147955060005187988e-01 6.706587076187133789e-01
6.031513214111328125e-01 7.235655188560485840e-01
6.256995201110839844e-01 7.760768532752990723e-01
4.241821467876434326e-01 6.413797736167907715e-01
6.047673225402832031e-01 4.214419126510620117e-01
5.763506889343261719e-01 4.270116388797760010e-01
7.294916510581970215e-01 6.967628002166748047e-01
6.708056926727294922e-01 4.479637742042541504e-01
8.251785635948181152e-01 6.696127057075500488e-01
4.100209176540374756e-01 5.540164709091186523e-01
6.100429296493530273e-01 3.810579478740692139e-01
7.403905391693115234e-01 7.292506694793701172e-01
6.043269038200378418e-01 8.009580969810485840e-01
7.687929272651672363e-01 7.097429633140563965e-01
4.151237308979034424e-01 6.636278033256530762e-01
5.924389958381652832e-01 7.018057703971862793e-01
4.475904703140258789e-01 5.602102875709533691e-01
5.097270011901855469e-01 6.794821619987487793e-01
7.028107643127441406e-01 5.676788687705993652e-01
4.451690316200256348e-01 5.417656898498535156e-01
4.840300381183624268e-01 6.098142862319946289e-01
7.792801856994628906e-01 5.334591269493103027e-01
7.383818626403808594e-01 7.020722627639770508e-01
4.224193692207336426e-01 6.039317846298217773e-01
8.253288865089416504e-01 5.998863577842712402e-01
6.392285227775573730e-01 6.805104017257690430e-01
5.079131126403808594e-01 6.654877066612243652e-01
6.252418756484985352e-01 8.102141022682189941e-01
6.579442024230957031e-01 4.811227023601531982e-01
5.337427258491516113e-01 6.870057582855224609e-01
6.895580291748046875e-01 7.194479107856750488e-01
6.310636401176452637e-01 5.046373605728149414e-01
7.572656869888305664e-01 5.297661423683166504e-01
5.063693523406982422e-01 6.589954495429992676e-01
6.358222961425781250e-01 6.454150676727294922e-01
4.980702400207519531e-01 7.400375008583068848e-01
4.917778074741363525e-01 6.554452180862426758e-01
4.107177555561065674e-01 5.999340415000915527e-01
4.208688139915466309e-01 6.574708223342895508e-01
7.979897856712341309e-01 5.773695111274719238e-01
4.667208194732666016e-01 4.866069853305816650e-01
5.179906487464904785e-01 7.357420921325683594e-01
7.255045175552368164e-01 7.385203838348388672e-01
5.655788779258728027e-01 5.144575834274291992e-01
5.077853202819824219e-01 6.102701425552368164e-01
5.268212556838989258e-01 4.654194116592407227e-01
5.284693241119384766e-01 7.770413160324096680e-01
5.341103076934814453e-01 6.655516028404235840e-01
5.621465444564819336e-01 7.306973934173583984e-01
4.059610068798065186e-01 5.826100111007690430e-01
7.267625927925109863e-01 7.121552824974060059e-01
6.491646766662597656e-01 6.792935132980346680e-01
4.426644742488861084e-01 7.379045486450195312e-01
5.524912476539611816e-01 6.199216246604919434e-01
6.915106773376464844e-01 8.050878047943115234e-01
6.638038158416748047e-01 6.252155303955078125e-01
6.255676746368408203e-01 4.373918473720550537e-01
8.096947669982910156e-01 6.600531339645385742e-01
6.563239097595214844e-01 5.582042932510375977e-01
6.911614537239074707e-01 5.468675494194030762e-01
4.965526461601257324e-01 7.592864036560058594e-01
5.925598144531250000e-01 5.355440378189086914e-01
6.762604713439941406e-01 5.089854001998901367e-01
7.438322305679321289e-01 6.495333313941955566e-01
4.628467261791229248e-01 5.678309202194213867e-01
7.776210308074951172e-01 6.234862804412841797e-01
4.716611504554748535e-01 6.413639783859252930e-01
6.090155243873596191e-01 5.497779250144958496e-01
6.692652106285095215e-01 7.046322226524353027e-01
5.670020580291748047e-01 5.186148881912231445e-01
5.526840686798095703e-01 5.897279381752014160e-01
6.912670731544494629e-01 6.225105524063110352e-01
6.628377437591552734e-01 5.809503197669982910e-01
6.836516261100769043e-01 4.124940931797027588e-01
6.805211901664733887e-01 7.749968767166137695e-01
7.618618011474609375e-01 5.098237395286560059e-01
5.644665956497192383e-01 7.211907505989074707e-01
7.223033308982849121e-01 6.967111229896545410e-01
5.429377555847167969e-01 7.687792778015136719e-01
5.888466238975524902e-01 5.076481699943542480e-01
5.720137357711791992e-01 6.775611042976379395e-01
4.553851187229156494e-01 6.855006814002990723e-01
5.172435045242309570e-01 7.376150488853454590e-01
5.821396112442016602e-01 3.999395668506622314e-01
6.399487257003784180e-01 4.596541821956634521e-01
4.457193613052368164e-01 5.150387287139892578e-01
6.916187405586242676e-01 8.064423203468322754e-01
6.465208530426025391e-01 5.385432839393615723e-01
7.497014403343200684e-01 6.904724836349487305e-01
6.733723878860473633e-01 7.960735559463500977e-01
5.725191831588745117e-01 5.005492568016052246e-01
6.979329586029052734e-01 7.254550457000732422e-01
3.741131424903869629e-01 5.830782651901245117e-01
6.828969120979309082e-01 4.788073003292083740e-01
6.536261439323425293e-01 4.098103940486907959e-01
5.099397301673889160e-01 4.434629380702972412e-01
6.666419506072998047e-01 6.049814224243164062e-01
5.799027085304260254e-01 4.857213795185089111e-01
5.246676206588745117e-01 7.045477032661437988e-01
5.639826059341430664e-01 5.214966535568237305e-01
5.844321846961975098e-01 7.593155503273010254e-01
7.631721496582031250e-01 4.961590468883514404e-01
7.939803600311279297e-01 6.913010478019714355e-01
7.132995128631591797e-01 7.418983578681945801e-01
6.579978466033935547e-01 4.942986071109771729e-01
4.880700409412384033e-01 4.427784383296966553e-01
6.946607232093811035e-01 7.016274333000183105e-01
5.630007982254028320e-01 7.224990129470825195e-01
4.603233635425567627e-01 5.723061561584472656e-01
8.391071557998657227e-01 6.694015860557556152e-01
5.894868373870849609e-01 4.141671061515808105e-01
8.229607343673706055e-01 5.972165465354919434e-01
6.303183436393737793e-01 4.333236515522003174e-01
6.545733809471130371e-01 3.976007401943206787e-01
7.541215419769287109e-01 5.353117585182189941e-01
8.298621177673339844e-01 6.260174512863159180e-01
8.229580521583557129e-01 6.409054398536682129e-01
6.463323831558227539e-01 7.784714698791503906e-01
5.573868751525878906e-01 6.388459205627441406e-01
5.423572659492492676e-01 4.133772552013397217e-01
7.725627422332763672e-01 6.822916865348815918e-01
6.051731705665588379e-01 6.680901050567626953e-01
5.659741163253784180e-01 6.114948391914367676e-01
4.176628589630126953e-01 6.970090866088867188e-01
6.327910423278808594e-01 6.719197630882263184e-01
6.282525658607482910e-01 4.885560572147369385e-01
6.404224634170532227e-01 5.274603366851806641e-01
7.274834513664245605e-01 7.410248517990112305e-01
7.157999873161315918e-01 7.406414747238159180e-01
5.905079841613769531e-01 7.509939074516296387e-01
4.848396480083465576e-01 6.399043798446655273e-01
6.806825399398803711e-01 6.644158959388732910e-01
5.209747552871704102e-01 7.172463536262512207e-01
6.052292585372924805e-01 4.352944791316986084e-01
8.009831905364990234e-01 6.814588904380798340e-01
7.964003682136535645e-01 6.530475020408630371e-01
8.018198609352111816e-01 5.289494991302490234e-01
4.410108327865600586e-01 6.691038012504577637e-01
6.274167299270629883e-01 5.200416445732116699e-01
6.772852540016174316e-01 6.745092272758483887e-01
5.414264202117919922e-01 5.833477377891540527e-01
6.421075463294982910e-01 8.184161782264709473e-01
6.048427820205688477e-01 4.290218651294708252e-01
6.140750050544738770e-01 5.603361129760742188e-01
6.675198674201965332e-01 6.269200444221496582e-01
7.259758710861206055e-01 5.239789485931396484e-01
5.372478365898132324e-01 6.556403636932373047e-01
6.487530469894409180e-01 7.697992920875549316e-01
4.763416051864624023e-01 6.233837604522705078e-01
5.742002725601196289e-01 7.847453951835632324e-01
4.584160745143890381e-01 4.855141043663024902e-01
8.149179220199584961e-01 6.512512564659118652e-01
7.243272066116333008e-01 7.139531373977661133e-01
7.351185679435729980e-01 5.779684185981750488e-01
6.645866632461547852e-01 4.460371434688568115e-01
7.665489912033081055e-01 6.417071223258972168e-01
4.622436761856079102e-01 5.891460776329040527e-01
5.040984153747558594e-01 4.562882483005523682e-01
4.938390254974365234e-01 6.454332470893859863e-01
7.672691345214843750e-01 5.287890434265136719e-01
7.504435777664184570e-01 6.797729730606079102e-01
3.973977267742156982e-01 6.085692048072814941e-01
4.586113095283508301e-01 7.701435089111328125e-01
5.578266978263854980e-01 8.438763022422790527e-01
6.042032241821289062e-01 6.835135817527770996e-01
5.687054991722106934e-01 5.416900515556335449e-01
7.728766202926635742e-01 6.280499696731567383e-01
7.690532803535461426e-01 6.473551392555236816e-01
6.226420998573303223e-01 5.443422794342041016e-01
3.580383062362670898e-01 5.958600640296936035e-01
6.940247416496276855e-01 5.275478959083557129e-01
7.861507534980773926e-01 6.036100387573242188e-01
5.404073596000671387e-01 5.836968421936035156e-01
7.301715016365051270e-01 5.758202672004699707e-01
5.627326965332031250e-01 7.274022698402404785e-01
3.869884610176086426e-01 6.302772164344787598e-01
4.852495789527893066e-01 5.746836662292480469e-01
4.750342965126037598e-01 5.736132264137268066e-01
6.246636509895324707e-01 5.124598741531372070e-01
5.784640312194824219e-01 5.111664533615112305e-01
5.214641690254211426e-01 5.709666013717651367e-01
4.776662290096282959e-01 5.043566226959228516e-01
5.546695590019226074e-01 7.196138501167297363e-01
7.605518102645874023e-01 6.332939863204956055e-01
3.573622107505798340e-01 5.613234639167785645e-01
7.425517439842224121e-01 7.071094512939453125e-01
4.523282051086425781e-01 5.085439682006835938e-01
6.115258336067199707e-01 5.868131518363952637e-01
5.339798927307128906e-01 5.717501044273376465e-01
6.795974969863891602e-01 7.314376831054687500e-01
8.247097730636596680e-01 6.780750751495361328e-01
8.185080885887145996e-01 6.248766183853149414e-01
7.879233360290527344e-01 5.168657898902893066e-01
6.073416471481323242e-01 7.880589365959167480e-01
5.326536893844604492e-01 4.430357515811920166e-01
8.442870974540710449e-01 6.349064111709594727e-01
5.442228913307189941e-01 6.341031193733215332e-01
6.914607882499694824e-01 4.264807403087615967e-01
5.844658017158508301e-01 7.024002075195312500e-01
7.008540630340576172e-01 7.353841662406921387e-01
6.762120723724365234e-01 6.486890912055969238e-01
6.590922474861145020e-01 4.233319163322448730e-01
5.378189086914062500e-01 7.507439851760864258e-01
5.736147165298461914e-01 6.104921102523803711e-01
3.661253154277801514e-01 6.152399778366088867e-01
4.485599994659423828e-01 7.239531278610229492e-01
7.385623455047607422e-01 7.725837826728820801e-01
7.330558896064758301e-01 6.359428763389587402e-01
5.698063969612121582e-01 7.635805606842041016e-01
6.929355263710021973e-01 6.333355307579040527e-01
7.221115231513977051e-01 6.931091547012329102e-01
6.311232447624206543e-01 4.209869503974914551e-01
3.971813917160034180e-01 5.680268406867980957e-01
5.838673710823059082e-01 6.679005026817321777e-01
7.536162137985229492e-01 6.635698676109313965e-01
7.699789404869079590e-01 5.769540071487426758e-01
3.838171362876892090e-01 5.805115103721618652e-01
6.736366748809814453e-01 4.907836616039276123e-01
8.274666070938110352e-01 6.796763539314270020e-01
5.435321927070617676e-01 5.308007597923278809e-01
3.791828155517578125e-01 6.105532050132751465e-01
6.973783969879150391e-01 5.868273377418518066e-01
6.079105734825134277e-01 5.426847934722900391e-01
6.928854584693908691e-01 5.474051237106323242e-01
5.585711002349853516e-01 4.511279165744781494e-01
4.365863502025604248e-01 6.201565265655517578e-01
7.384959459304809570e-01 5.916870832443237305e-01
5.360306501388549805e-01 4.739109575748443604e-01
4.789321720600128174e-01 6.581619977951049805e-01
7.329528927803039551e-01 5.267791152000427246e-01
8.359775543212890625e-01 6.009306907653808594e-01
3.532061576843261719e-01 6.023778915405273438e-01
4.757264256477355957e-01 5.517279505729675293e-01
5.445825457572937012e-01 4.885882437229156494e-01
7.832571864128112793e-01 5.846780538558959961e-01
6.129757761955261230e-01 4.639055728912353516e-01
6.383469104766845703e-01 4.114232659339904785e-01
6.931084394454956055e-01 4.717278480529785156e-01
4.322593510150909424e-01 6.552559733390808105e-01
7.341130971908569336e-01 6.784693002700805664e-01
4.187726378440856934e-01 6.358755230903625488e-01
6.831427216529846191e-01 4.744260609149932861e-01
7.102006077766418457e-01 5.261949300765991211e-01
7.437164187431335449e-01 4.666956663131713867e-01
4.585683941841125488e-01 6.329478025436401367e-01
4.042795300483703613e-01 5.527785420417785645e-01
5.255314707756042480e-01 4.384852647781372070e-01
6.021295785903930664e-01 7.180974483489990234e-01
6.115217208862304688e-01 3.736895620822906494e-01
7.697961330413818359e-01 7.026497721672058105e-01
7.825977206230163574e-01 6.553589105606079102e-01
6.540182828903198242e-01 4.503656923770904541e-01
7.293640375137329102e-01 6.630342006683349609e-01
6.246008872985839844e-01 3.895125389099121094e-01
4.942623972892761230e-01 6.284248828887939453e-01
4.650038182735443115e-01 6.119669079780578613e-01
7.285830974578857422e-01 7.597993612289428711e-01
6.020274162292480469e-01 7.331531643867492676e-01
8.129212856292724609e-01 6.252909898757934570e-01
5.774237513542175293e-01 4.377904236316680908e-01
6.654281616210937500e-01 7.073128223419189453e-01
8.244637250900268555e-01 6.546117067337036133e-01
6.411967277526855469e-01 4.589115083217620850e-01
5.479140877723693848e-01 4.995512664318084717e-01
5.418705940246582031e-01 7.344844937324523926e-01
4.443057179450988770e-01 7.483409047126770020e-01
4.735721051692962646e-01 5.031502842903137207e-01
7.788000106811523438e-01 5.774137377738952637e-01
6.634716391563415527e-01 5.240075588226318359e-01
7.676246762275695801e-01 6.530166268348693848e-01
4.706092476844787598e-01 6.338254213333129883e-01
4.710633456707000732e-01 4.802237749099731445e-01
7.539615631103515625e-01 5.178396105766296387e-01
5.609812140464782715e-01 4.212601482868194580e-01
6.858965754508972168e-01 5.763584971427917480e-01
7.939017415046691895e-01 5.422718524932861328e-01
6.032686829566955566e-01 7.957559823989868164e-01
8.432011008262634277e-01 6.563135981559753418e-01
8.396523594856262207e-01 6.789932250976562500e-01
6.856372952461242676e-01 7.478489279747009277e-01
3.763775527477264404e-01 6.598225831985473633e-01
6.851829290390014648e-01 4.681094586849212646e-01
6.414937376976013184e-01 7.942503690719604492e-01
5.663037300109863281e-01 5.107134580612182617e-01
6.008321046829223633e-01 7.259526252746582031e-01
7.258421182632446289e-01 6.781709790229797363e-01
6.123557686805725098e-01 3.780167400836944580e-01
5.485410094261169434e-01 7.686042189598083496e-01
6.259142160415649414e-01 5.727640986442565918e-01
5.973920226097106934e-01 6.506772637367248535e-01
3.960340321063995361e-01 5.308070778846740723e-01
8.260139822959899902e-01 6.265013217926025391e-01
3.930338919162750244e-01 5.791994929313659668e-01
6.829863786697387695e-01 6.621861457824707031e-01
6.296736001968383789e-01 4.621288776397705078e-01
5.755105018615722656e-01 7.816433906555175781e-01
3.802331387996673584e-01 6.112802028656005859e-01
6.630554795265197754e-01 4.925524890422821045e-01
4.428673982620239258e-01 5.454747080802917480e-01
5.278484821319580078e-01 7.880396246910095215e-01
7.156621217727661133e-01 5.683518052101135254e-01
8.363106250762939453e-01 6.049989461898803711e-01
5.034373998641967773e-01 5.631529688835144043e-01
4.643125832080841064e-01 5.875719189643859863e-01
6.430789232254028320e-01 5.136079788208007812e-01
5.367478132247924805e-01 6.694019436836242676e-01
6.623317599296569824e-01 7.035567760467529297e-01
5.807099938392639160e-01 5.285863280296325684e-01
7.281870245933532715e-01 5.222262740135192871e-01
7.206411361694335938e-01 7.606673240661621094e-01
5.359611511230468750e-01 7.497440576553344727e-01
6.402484774589538574e-01 6.417836546897888184e-01
4.841836690902709961e-01 4.578186869621276855e-01
6.342100501060485840e-01 5.821470022201538086e-01
5.709987282752990723e-01 5.578765273094177246e-01
7.011522054672241211e-01 6.376413106918334961e-01
4.376256167888641357e-01 5.460597276687622070e-01
5.955447554588317871e-01 7.154952883720397949e-01
5.679933428764343262e-01 7.499102354049682617e-01
8.051316142082214355e-01 5.913167595863342285e-01
5.908689498901367188e-01 6.413878798484802246e-01
5.420355796813964844e-01 6.197347044944763184e-01
5.739360451698303223e-01 5.835194587707519531e-01
5.302816629409790039e-01 7.798954248428344727e-01
6.713958382606506348e-01 5.519475936889648438e-01
6.527057886123657227e-01 5.529989004135131836e-01
5.658879280090332031e-01 6.293805837631225586e-01
4.446056485176086426e-01 7.199292778968811035e-01
6.807996034622192383e-01 5.252308845520019531e-01
7.145007848739624023e-01 6.792178153991699219e-01
5.809711813926696777e-01 5.021977424621582031e-01
5.597018599510192871e-01 6.231070756912231445e-01
5.796480774879455566e-01 6.335068941116333008e-01
7.394685745239257812e-01 5.548613667488098145e-01
5.469374060630798340e-01 6.622505187988281250e-01
5.591624975204467773e-01 6.427695751190185547e-01
5.606311559677124023e-01 8.034889698028564453e-01
6.868290901184082031e-01 7.097494006156921387e-01
7.150572538375854492e-01 5.874619483947753906e-01
6.483843326568603516e-01 7.943736314773559570e-01
4.071730077266693115e-01 5.450327992439270020e-01
6.569987535476684570e-01 7.557657957077026367e-01
7.362451553344726562e-01 4.489193558692932129e-01
4.629664123058319092e-01 5.943057537078857422e-01
7.662076950073242188e-01 7.063518762588500977e-01
8.296163082122802734e-01 6.983099579811096191e-01
5.271283388137817383e-01 4.244028925895690918e-01
6.081403493881225586e-01 7.079420089721679688e-01
4.441657662391662598e-01 5.448559522628784180e-01
5.384520888328552246e-01 7.628151774406433105e-01
6.773504614830017090e-01 4.160507917404174805e-01
4.211042225360870361e-01 5.391948819160461426e-01
7.314121723175048828e-01 5.930863618850708008e-01
6.360841393470764160e-01 6.310820579528808594e-01
5.850922465324401855e-01 8.366050124168395996e-01
7.305731773376464844e-01 7.935595512390136719e-01
6.616019010543823242e-01 5.717006921768188477e-01
7.058681249618530273e-01 5.770624279975891113e-01
7.435782551765441895e-01 6.753864288330078125e-01
5.471518039703369141e-01 5.189101696014404297e-01
4.336255788803100586e-01 5.154459476470947266e-01
6.765640974044799805e-01 5.033908486366271973e-01
5.171798467636108398e-01 7.818275094032287598e-01
4.028088748455047607e-01 6.322507262229919434e-01
4.568524360656738281e-01 7.589971423149108887e-01
7.160801887512207031e-01 5.057743787765502930e-01
5.553302168846130371e-01 6.012952327728271484e-01
6.889657378196716309e-01 6.941188573837280273e-01
6.713994145393371582e-01 6.844780445098876953e-01
6.973695755004882812e-01 4.198064804077148438e-01
6.073026061058044434e-01 8.471217155456542969e-01
6.359307169914245605e-01 6.271016597747802734e-01
6.931287050247192383e-01 6.164499521255493164e-01
6.321016550064086914e-01 5.057833790779113770e-01
7.074837088584899902e-01 7.655951976776123047e-01
5.139932632446289062e-01 4.492110610008239746e-01
6.879400610923767090e-01 4.967714250087738037e-01
3.879722058773040771e-01 6.050815582275390625e-01
6.112968921661376953e-01 5.845304727554321289e-01
5.506478548049926758e-01 8.223880529403686523e-01
4.772397875785827637e-01 6.796009540557861328e-01
5.994747281074523926e-01 7.925895452499389648e-01
5.850266218185424805e-01 8.518512248992919922e-01
6.034079790115356445e-01 7.171713113784790039e-01
5.233825445175170898e-01 5.161247253417968750e-01
6.985455155372619629e-01 6.858102679252624512e-01
7.666729688644409180e-01 6.190357208251953125e-01
5.362513661384582520e-01 8.061305284500122070e-01
6.458509564399719238e-01 7.435832023620605469e-01
8.242822885513305664e-01 5.564815402030944824e-01
4.973133802413940430e-01 7.029395699501037598e-01
5.733731389045715332e-01 8.370904922485351562e-01
6.122862696647644043e-01 7.460340261459350586e-01
5.463854670524597168e-01 7.786122560501098633e-01
4.602538347244262695e-01 4.879061579704284668e-01
5.299828052520751953e-01 4.164826571941375732e-01
4.640500843524932861e-01 6.739616990089416504e-01
4.357257485389709473e-01 6.819601058959960938e-01
5.918194651603698730e-01 3.979285955429077148e-01
6.822491288185119629e-01 4.416925609111785889e-01
4.709029495716094971e-01 7.592216730117797852e-01
8.438789248466491699e-01 5.984791517257690430e-01
5.549716949462890625e-01 7.861211299896240234e-01
6.951515674591064453e-01 4.599841237068176270e-01
6.180540919303894043e-01 8.158145546913146973e-01
5.914670228958129883e-01 7.464089989662170410e-01
5.756296515464782715e-01 7.918155193328857422e-01
4.166682958602905273e-01 5.483713746070861816e-01
6.191702485084533691e-01 7.310752272605895996e-01
4.351848661899566650e-01 5.915921926498413086e-01
4.198975563049316406e-01 7.157219052314758301e-01
6.448656320571899414e-01 6.468235254287719727e-01
5.343916416168212891e-01 4.718704819679260254e-01
7.215360403060913086e-01 4.989179670810699463e-01
8.156421780586242676e-01 6.049001812934875488e-01
7.760626673698425293e-01 5.648022890090942383e-01
7.961582541465759277e-01 5.456315875053405762e-01
6.662372350692749023e-01 7.239038348197937012e-01
7.823700308799743652e-01 6.244367957115173340e-01
5.337856411933898926e-01 8.022338747978210449e-01
6.963515877723693848e-01 6.364189386367797852e-01
7.698031663894653320e-01 7.204707860946655273e-01
5.628607273101806641e-01 5.614239573478698730e-01
7.129626274108886719e-01 7.262213826179504395e-01
6.983702182769775391e-01 8.058496713638305664e-01
7.875527143478393555e-01 6.185204386711120605e-01
6.229563355445861816e-01 4.785320460796356201e-01
5.230457186698913574e-01 4.880328774452209473e-01
7.101001143455505371e-01 6.712132692337036133e-01
6.913150548934936523e-01 6.264570355415344238e-01
8.324919939041137695e-01 6.144070029258728027e-01
4.737973213195800781e-01 6.211866736412048340e-01
7.822247743606567383e-01 5.600050091743469238e-01
5.851191282272338867e-01 4.862540364265441895e-01
4.253882467746734619e-01 6.661608815193176270e-01
4.963780939579010010e-01 5.457353591918945312e-01
5.264129638671875000e-01 7.392648458480834961e-01
7.837366461753845215e-01 6.084057092666625977e-01
6.433753967285156250e-01 7.358658909797668457e-01
6.176820397377014160e-01 8.085755705833435059e-01
7.750495672225952148e-01 5.351540446281433105e-01
4.364791512489318848e-01 5.067675709724426270e-01
6.484431624412536621e-01 6.181845664978027344e-01
5.732020735740661621e-01 5.552972555160522461e-01
7.363478541374206543e-01 6.489502787590026855e-01
4.384343326091766357e-01 5.463924407958984375e-01
7.589917778968811035e-01 6.328445672988891602e-01
6.362009644508361816e-01 7.454671263694763184e-01
4.892302751541137695e-01 4.840039908885955811e-01
7.304676771163940430e-01 7.727765440940856934e-01
4.709933102130889893e-01 7.557839155197143555e-01
4.985619783401489258e-01 6.943570971488952637e-01
6.477833986282348633e-01 6.348485350608825684e-01
5.120998024940490723e-01 5.328559279441833496e-01
6.735906600952148438e-01 6.103464961051940918e-01
6.474726200103759766e-01 6.198193430900573730e-01
6.433439850807189941e-01 5.609549880027770996e-01
6.743789911270141602e-01 5.216437578201293945e-01
4.595321118831634521e-01 5.492457747459411621e-01
4.495790302753448486e-01 6.836719512939453125e-01
6.990638971328735352e-01 7.194197177886962891e-01
5.059850215911865234e-01 7.002664208412170410e-01
6.749992966651916504e-01 7.491623759269714355e-01
5.297333002090454102e-01 5.923188328742980957e-01
6.604430675506591797e-01 7.453559637069702148e-01
6.724491715431213379e-01 4.323017895221710205e-01
6.566270589828491211e-01 4.115383327007293701e-01
7.745110392570495605e-01 6.385117769241333008e-01
5.179658532142639160e-01 7.349134087562561035e-01
7.803076505661010742e-01 5.716285705566406250e-01
6.852315664291381836e-01 5.070973634719848633e-01
5.488814115524291992e-01 5.751643180847167969e-01
5.436202883720397949e-01 6.715143918991088867e-01
6.158198714256286621e-01 7.272639870643615723e-01
4.877326488494873047e-01 6.052837967872619629e-01
3.758165538311004639e-01 5.592653155326843262e-01
5.978054404258728027e-01 5.452082753181457520e-01
4.722640514373779297e-01 6.449990868568420410e-01
5.499117970466613770e-01 7.815521955490112305e-01
4.742583036422729492e-01 5.843333601951599121e-01
6.173769235610961914e-01 4.088531732559204102e-01
7.015239596366882324e-01 4.700717329978942871e-01
7.389250993728637695e-01 4.533117115497589111e-01
7.629612088203430176e-01 6.979071497917175293e-01
4.661195874214172363e-01 7.377620339393615723e-01
7.231640219688415527e-01 5.437266826629638672e-01
6.864380240440368652e-01 6.178702712059020996e-01
3.940991759300231934e-01 6.129333376884460449e-01
5.548160672187805176e-01 8.248027563095092773e-01
6.416249871253967285e-01 4.362343251705169678e-01
7.137002348899841309e-01 5.028452277183532715e-01
6.664732098579406738e-01 5.276141762733459473e-01
6.184684634208679199e-01 4.994673430919647217e-01
6.935552358627319336e-01 7.747835516929626465e-01
7.611030340194702148e-01 5.887484550476074219e-01
7.168312072753906250e-01 5.491740703582763672e-01
4.966918528079986572e-01 5.578486323356628418e-01
6.879234910011291504e-01 4.193849563598632812e-01
6.346031427383422852e-01 3.922920823097229004e-01
4.472725391387939453e-01 5.553526282310485840e-01
6.891323328018188477e-01 6.000599265098571777e-01
5.794215202331542969e-01 4.411810636520385742e-01
6.857689023017883301e-01 4.829426705837249756e-01
7.679420113563537598e-01 5.749734044075012207e-01
5.235013961791992188e-01 5.372562408447265625e-01
4.276972413063049316e-01 6.506113409996032715e-01
7.662957906723022461e-01 5.538397431373596191e-01
5.450428128242492676e-01 5.732139348983764648e-01
5.848199725151062012e-01 6.888105869293212891e-01
5.169242620468139648e-01 5.748465061187744141e-01
6.721912026405334473e-01 5.482504367828369141e-01
6.484234333038330078e-01 5.075381398200988770e-01
3.955978751182556152e-01 6.404921412467956543e-01
6.195297241210937500e-01 6.075732707977294922e-01
6.038677096366882324e-01 5.391250848770141602e-01
7.641253471374511719e-01 6.139866709709167480e-01
3.634952008724212646e-01 5.901024937629699707e-01
5.792614817619323730e-01 5.617688894271850586e-01
5.859832167625427246e-01 3.387445807456970215e-01
7.445986866950988770e-01 6.433353424072265625e-01
8.401100039482116699e-01 5.942598581314086914e-01
5.864239931106567383e-01 5.970182418823242188e-01
5.322758555412292480e-01 7.722011208534240723e-01
7.488916516304016113e-01 7.417703270912170410e-01
7.072272896766662598e-01 5.812197327613830566e-01
4.958868920803070068e-01 5.877293348312377930e-01
4.676948487758636475e-01 5.928916335105895996e-01
5.900545716285705566e-01 4.157755374908447266e-01
5.169924497604370117e-01 5.097262859344482422e-01
7.393078804016113281e-01 6.183148026466369629e-01
7.637253403663635254e-01 6.535658836364746094e-01
5.824667811393737793e-01 3.899237513542175293e-01
3.610071837902069092e-01 5.625368952751159668e-01
7.778847813606262207e-01 5.571928620338439941e-01
7.055354714393615723e-01 6.476429700851440430e-01
6.338382363319396973e-01 7.089024782180786133e-01
5.681055784225463867e-01 4.405924379825592041e-01
7.116383910179138184e-01 5.183452963829040527e-01
7.032333016395568848e-01 6.773508191108703613e-01
4.489803910255432129e-01 5.709546804428100586e-01
6.549436450004577637e-01 7.817392945289611816e-01
6.137072443962097168e-01 5.338546037673950195e-01
6.474637985229492188e-01 6.873726844787597656e-01
4.816189706325531006e-01 7.496135830879211426e-01
7.457070350646972656e-01 7.270083427429199219e-01
4.259238541126251221e-01 5.784438848495483398e-01
7.057560086250305176e-01 7.739646434783935547e-01
4.374140799045562744e-01 5.347680449485778809e-01
6.680020689964294434e-01 4.553868770599365234e-01
6.297732591629028320e-01 4.876573681831359863e-01
7.801986932754516602e-01 6.804655790328979492e-01
6.728819608688354492e-01 5.577424168586730957e-01
6.440729498863220215e-01 4.633015096187591553e-01
7.087486982345581055e-01 6.208002567291259766e-01
6.787730455398559570e-01 6.428726315498352051e-01
5.307082533836364746e-01 7.689300179481506348e-01
7.899888753890991211e-01 5.718953609466552734e-01
5.443831086158752441e-01 4.322594702243804932e-01
5.715169310569763184e-01 3.806974589824676514e-01
3.808123767375946045e-01 5.915193557739257812e-01
7.376294732093811035e-01 7.044030427932739258e-01
6.022392511367797852e-01 6.311886310577392578e-01
6.812965273857116699e-01 6.649024486541748047e-01
4.963770508766174316e-01 6.528713107109069824e-01
6.974417567253112793e-01 4.856454432010650635e-01
6.471447944641113281e-01 8.361309170722961426e-01
6.068495512008666992e-01 7.315452098846435547e-01
7.444243431091308594e-01 5.553629398345947266e-01
7.029301524162292480e-01 7.156221866607666016e-01
4.991475939750671387e-01 4.592305719852447510e-01
7.234401106834411621e-01 6.095176935195922852e-01
5.236470103263854980e-01 5.547577738761901855e-01
5.574702620506286621e-01 4.054959416389465332e-01
5.863677859306335449e-01 4.591470062732696533e-01
3.989845514297485352e-01 6.192968487739562988e-01
5.719707012176513672e-01 4.302678108215332031e-01
4.765836596488952637e-01 7.343017458915710449e-01
6.196750998497009277e-01 7.385540008544921875e-01
6.356484293937683105e-01 7.986001968383789062e-01
6.074939966201782227e-01 8.098876476287841797e-01
6.066969633102416992e-01 4.218406081199645996e-01
4.289399981498718262e-01 5.196013450622558594e-01
4.593046307563781738e-01 6.531162858009338379e-01
5.224307179450988770e-01 5.899258255958557129e-01
6.101918816566467285e-01 5.241645574569702148e-01
7.339203953742980957e-01 4.414933323860168457e-01
6.884028315544128418e-01 5.925000905990600586e-01
6.471558809280395508e-01 6.220555305480957031e-01
6.374476552009582520e-01 4.973911643028259277e-01
7.596916556358337402e-01 5.522552132606506348e-01
6.248539686203002930e-01 5.314407348632812500e-01
3.589298129081726074e-01 5.532423853874206543e-01
6.481830477714538574e-01 8.242529630661010742e-01
7.000597119331359863e-01 5.250011086463928223e-01
7.802993655204772949e-01 5.078064203262329102e-01
7.578585147857666016e-01 6.043944954872131348e-01
5.215963721275329590e-01 5.133049488067626953e-01
7.822259664535522461e-01 5.268657207489013672e-01
5.216583013534545898e-01 5.550143718719482422e-01
7.694818973541259766e-01 5.742197632789611816e-01
6.298968791961669922e-01 6.020084619522094727e-01
5.988587737083435059e-01 4.469760656356811523e-01
5.286259055137634277e-01 7.040153145790100098e-01
6.388949751853942871e-01 6.060535311698913574e-01
7.163701653480529785e-01 4.975571632385253906e-01
4.357779622077941895e-01 6.531011462211608887e-01
7.546509504318237305e-01 5.402143597602844238e-01
6.632397174835205078e-01 4.926479458808898926e-01
7.873353362083435059e-01 6.111161708831787109e-01
3.621209561824798584e-01 6.252931356430053711e-01
5.467947125434875488e-01 4.044112861156463623e-01
6.430881023406982422e-01 6.295144557952880859e-01
6.472591161727905273e-01 6.986611485481262207e-01
7.679045200347900391e-01 5.766917467117309570e-01
4.555382430553436279e-01 6.312547326087951660e-01
4.815550446510314941e-01 5.652324557304382324e-01
6.598160862922668457e-01 4.045704603195190430e-01
4.130855798721313477e-01 6.345593333244323730e-01
5.055894851684570312e-01 7.776241302490234375e-01
7.618852853775024414e-01 5.935561656951904297e-01
6.698819994926452637e-01 7.885583639144897461e-01
5.886049866676330566e-01 7.331511974334716797e-01
5.672124028205871582e-01 7.380905151367187500e-01
4.349685311317443848e-01 5.287024974822998047e-01
4.520119130611419678e-01 5.518561005592346191e-01
5.874140858650207520e-01 7.997186779975891113e-01
8.036370277404785156e-01 6.088041663169860840e-01
6.264783143997192383e-01 4.668180048465728760e-01
7.532723546028137207e-01 6.292406320571899414e-01
7.392721176147460938e-01 7.457224726676940918e-01
5.621050596237182617e-01 5.393984913825988770e-01
7.064205408096313477e-01 7.855091094970703125e-01
4.218496978282928467e-01 6.148005127906799316e-01
6.384548544883728027e-01 4.240191280841827393e-01
7.915406823158264160e-01 6.692662239074707031e-01
4.940702915191650391e-01 4.926866590976715088e-01
8.322052955627441406e-01 5.855896472930908203e-01
5.176764130592346191e-01 4.670151472091674805e-01
4.116677641868591309e-01 5.909736156463623047e-01
5.559909939765930176e-01 7.819163799285888672e-01
7.483940720558166504e-01 5.963289141654968262e-01
4.762232601642608643e-01 4.692034423351287842e-01
7.510514855384826660e-01 6.249849796295166016e-01
4.599728882312774658e-01 7.467388510704040527e-01
6.357085704803466797e-01 5.905217528343200684e-01
6.116321682929992676e-01 6.841537356376647949e-01
6.269077062606811523e-01 4.041150510311126709e-01
7.166913747787475586e-01 5.033385753631591797e-01
5.753836035728454590e-01 4.411652088165283203e-01
7.139970064163208008e-01 4.996461868286132812e-01
4.601781070232391357e-01 7.186297774314880371e-01
6.481330394744873047e-01 4.146887958049774170e-01
4.678278565406799316e-01 5.115286707878112793e-01
6.184192895889282227e-01 7.130030989646911621e-01
6.214523315429687500e-01 5.366367697715759277e-01
8.112360239028930664e-01 7.495792508125305176e-01
5.080538392066955566e-01 6.177278161048889160e-01
6.438728570938110352e-01 6.094877719879150391e-01
4.821714162826538086e-01 7.548832893371582031e-01
4.299167692661285400e-01 5.795813202857971191e-01
4.238904416561126709e-01 6.993095874786376953e-01
5.934234261512756348e-01 4.555624723434448242e-01
6.442071199417114258e-01 7.659544944763183594e-01
7.120001316070556641e-01 4.158721566200256348e-01
5.996463298797607422e-01 5.747931599617004395e-01
5.436057448387145996e-01 7.082650065422058105e-01
6.271835565567016602e-01 7.184149622917175293e-01
6.251174211502075195e-01 7.269538640975952148e-01
6.571100950241088867e-01 5.437791347503662109e-01
8.409574627876281738e-01 6.136375665664672852e-01
7.386813759803771973e-01 6.130102872848510742e-01
4.675231575965881348e-01 7.353748679161071777e-01
6.770992875099182129e-01 4.681062698364257812e-01
6.512016057968139648e-01 4.010344743728637695e-01
6.328584551811218262e-01 7.292084693908691406e-01
6.677920222282409668e-01 4.686579704284667969e-01
5.363160967826843262e-01 4.981866478919982910e-01
7.475018501281738281e-01 7.635646462440490723e-01
4.786694943904876709e-01 7.352249622344970703e-01
7.168920040130615234e-01 6.336978077888488770e-01
7.698329687118530273e-01 6.030713915824890137e-01
5.805639624595642090e-01 3.782269954681396484e-01
6.991289854049682617e-01 7.975760102272033691e-01
5.713392496109008789e-01 5.692296624183654785e-01
5.841329097747802734e-01 4.034404456615447998e-01
4.736871123313903809e-01 7.120824456214904785e-01
6.933160424232482910e-01 5.691157579421997070e-01
7.417366504669189453e-01 6.502188444137573242e-01
8.072736859321594238e-01 6.722999811172485352e-01
6.843288540840148926e-01 5.109776258468627930e-01
6.671540141105651855e-01 7.564986944198608398e-01
6.712876558303833008e-01 6.687784194946289062e-01
5.963626503944396973e-01 8.283751606941223145e-01
5.178985595703125000e-01 6.640688776969909668e-01
4.992884099483489990e-01 7.304885983467102051e-01
5.527874827384948730e-01 8.329223990440368652e-01
5.147081017494201660e-01 4.315508306026458740e-01
6.035442352294921875e-01 7.941228151321411133e-01
7.219421863555908203e-01 5.971749424934387207e-01
5.225198864936828613e-01 6.383785009384155273e-01
7.692430615425109863e-01 5.698313713073730469e-01
7.296348214149475098e-01 6.461722850799560547e-01
6.708456277847290039e-01 4.158429205417633057e-01
6.990305185317993164e-01 6.920541524887084961e-01
5.955955982208251953e-01 7.869544625282287598e-01
5.137571692466735840e-01 7.910425662994384766e-01
5.291268229484558105e-01 7.830033302307128906e-01
8.046548366546630859e-01 5.657873749732971191e-01
3.752761781215667725e-01 6.373161077499389648e-01
3.932377994060516357e-01 5.869961380958557129e-01
6.419242024421691895e-01 7.924814224243164062e-01
6.447034478187561035e-01 4.726410806179046631e-01
3.868336975574493408e-01 5.665540695190429688e-01
7.950425148010253906e-01 5.739336013793945312e-01
6.508166193962097168e-01 6.954262256622314453e-01
5.685381889343261719e-01 5.156774520874023438e-01
5.342349410057067871e-01 4.379816353321075439e-01
7.278155088424682617e-01 6.655543446540832520e-01
6.177802681922912598e-01 7.644990086555480957e-01
6.165963411331176758e-01 3.856811523437500000e-01
6.800982952117919922e-01 6.150787472724914551e-01
6.544757485389709473e-01 4.503678381443023682e-01
4.897679686546325684e-01 6.961015462875366211e-01
5.560563802719116211e-01 7.882491350173950195e-01
6.402626633644104004e-01 7.549175024032592773e-01
7.094927430152893066e-01 5.311784744262695312e-01
6.842029094696044922e-01 4.302952289581298828e-01
6.205760240554809570e-01 6.030041575431823730e-01
7.065638899803161621e-01 7.456429600715637207e-01
5.722244381904602051e-01 6.830795407295227051e-01
6.404030323028564453e-01 7.599341273307800293e-01
4.356255829334259033e-01 6.398770213127136230e-01
3.766769766807556152e-01 5.752270221710205078e-01
5.913932919502258301e-01 7.953822016716003418e-01
6.347622275352478027e-01 6.121661663055419922e-01
6.093583106994628906e-01 5.174795389175415039e-01
5.838937759399414062e-01 8.290496468544006348e-01
6.116589307785034180e-01 6.237001419067382812e-01
5.729026198387145996e-01 6.162181496620178223e-01
5.412721633911132812e-01 6.616497039794921875e-01
6.129964590072631836e-01 6.771514415740966797e-01
5.891333818435668945e-01 4.381830990314483643e-01
4.913514554500579834e-01 4.634626209735870361e-01
6.742687821388244629e-01 7.278941869735717773e-01
6.883164644241333008e-01 5.142581462860107422e-01
3.802978098392486572e-01 6.522960066795349121e-01
5.403228998184204102e-01 5.499120950698852539e-01
6.250661015510559082e-01 7.508860826492309570e-01
6.728877425193786621e-01 7.641776800155639648e-01
4.895305633544921875e-01 4.661019146442413330e-01
5.620057582855224609e-01 8.418288230895996094e-01
8.187835812568664551e-01 5.811567306518554688e-01
7.120537757873535156e-01 4.518058598041534424e-01
5.580574274063110352e-01 4.471038877964019775e-01
4.686096012592315674e-01 7.807235121726989746e-01
4.435090422630310059e-01 6.437341570854187012e-01
6.894167661666870117e-01 6.863407492637634277e-01
6.397044658660888672e-01 8.196993470191955566e-01
5.314251780509948730e-01 4.429259300231933594e-01
6.077842116355895996e-01 4.571427404880523682e-01
7.440981864929199219e-01 5.971419215202331543e-01
8.251267075538635254e-01 6.250179409980773926e-01
5.257645249366760254e-01 4.299485683441162109e-01
5.903611779212951660e-01 4.620284736156463623e-01
7.522357106208801270e-01 5.832157135009765625e-01
7.344125509262084961e-01 5.983103513717651367e-01
5.590611100196838379e-01 4.252221584320068359e-01
8.143010735511779785e-01 7.289730906486511230e-01
8.198069930076599121e-01 6.523567438125610352e-01
4.234960973262786865e-01 6.669972538948059082e-01
4.880751967430114746e-01 7.256647944450378418e-01
4.223361015319824219e-01 7.166199684143066406e-01
7.450042366981506348e-01 7.664461731910705566e-01
8.181368112564086914e-01 6.317440271377563477e-01
4.369251430034637451e-01 5.192086100578308105e-01
6.317684054374694824e-01 4.322417974472045898e-01
6.145924925804138184e-01 8.047552108764648438e-01
5.895850062370300293e-01 7.920376062393188477e-01
4.369637370109558105e-01 5.732524394989013672e-01
4.673302769660949707e-01 7.368733882904052734e-01
7.694799900054931641e-01 5.317275524139404297e-01
7.191447615623474121e-01 5.954377651214599609e-01
7.249898910522460938e-01 5.076389908790588379e-01
4.384676814079284668e-01 5.834881663322448730e-01
7.756543159484863281e-01 6.038783788681030273e-01
6.505966782569885254e-01 7.904214859008789062e-01
6.382727622985839844e-01 7.993043065071105957e-01
5.971571207046508789e-01 8.245210051536560059e-01
7.742065191268920898e-01 4.832847416400909424e-01
6.170929074287414551e-01 7.740615010261535645e-01
3.782306611537933350e-01 5.974498987197875977e-01
6.989511847496032715e-01 7.008705735206604004e-01
5.699381828308105469e-01 5.106022953987121582e-01
6.510532498359680176e-01 5.858059525489807129e-01
8.016554713249206543e-01 6.214923262596130371e-01
7.444943785667419434e-01 6.545460820198059082e-01
4.786135554313659668e-01 4.723635613918304443e-01
6.447358131408691406e-01 4.144327044486999512e-01
6.602523922920227051e-01 6.829417347908020020e-01
6.490343809127807617e-01 3.792673051357269287e-01
5.163586735725402832e-01 4.477537572383880615e-01
8.122922182083129883e-01 5.509338378906250000e-01
5.962485074996948242e-01 4.233019649982452393e-01
6.124487519264221191e-01 7.704925537109375000e-01
6.989674568176269531e-01 6.713974475860595703e-01
6.537069082260131836e-01 8.135202527046203613e-01
7.198994755744934082e-01 4.893197119235992432e-01
6.397736072540283203e-01 4.113525152206420898e-01
7.968084812164306641e-01 5.399638414382934570e-01
5.366045832633972168e-01 3.954998254776000977e-01
4.420230686664581299e-01 6.848635673522949219e-01
6.111555099487304688e-01 4.036765098571777344e-01
6.754624247550964355e-01 7.819955348968505859e-01
7.613169550895690918e-01 6.726529598236083984e-01
7.246907353401184082e-01 4.883061945438385010e-01
4.360340535640716553e-01 4.919128715991973877e-01
7.261263132095336914e-01 5.644158124923706055e-01
8.249141573905944824e-01 7.309570908546447754e-01
7.040949463844299316e-01 7.509647607803344727e-01
7.084897160530090332e-01 6.919146180152893066e-01
6.077947020530700684e-01 7.286815047264099121e-01
8.118845224380493164e-01 6.341553330421447754e-01
7.001882195472717285e-01 7.489293217658996582e-01
7.126241922378540039e-01 7.351143956184387207e-01
4.977988302707672119e-01 6.506633162498474121e-01
5.561341047286987305e-01 7.584973573684692383e-01
7.469306588172912598e-01 6.763530969619750977e-01
7.239850163459777832e-01 4.909938871860504150e-01
4.436163604259490967e-01 6.225897669792175293e-01
5.540590286254882812e-01 4.021601676940917969e-01
4.657113254070281982e-01 6.574539542198181152e-01
5.574921369552612305e-01 5.639033913612365723e-01
6.527850627899169922e-01 6.702265739440917969e-01
4.557469487190246582e-01 6.733876466751098633e-01
6.121849417686462402e-01 4.310820996761322021e-01
3.989198803901672363e-01 5.468569993972778320e-01
6.558814048767089844e-01 5.251702070236206055e-01
6.217421293258666992e-01 4.254558682441711426e-01
4.803400933742523193e-01 4.782171845436096191e-01
4.955340027809143066e-01 6.761208772659301758e-01
4.932566881179809570e-01 7.097241282463073730e-01
6.381643414497375488e-01 4.233608245849609375e-01
8.362725973129272461e-01 6.367471814155578613e-01
6.234249472618103027e-01 4.078451097011566162e-01
6.512272357940673828e-01 3.696977496147155762e-01
6.612882614135742188e-01 6.940569281578063965e-01
7.745208144187927246e-01 6.605728268623352051e-01
6.241666674613952637e-01 7.364543080329895020e-01
4.274808764457702637e-01 6.500266194343566895e-01
5.955469608306884766e-01 7.775974869728088379e-01
4.090675413608551025e-01 5.443120002746582031e-01
6.409938931465148926e-01 5.111602544784545898e-01
7.829603552818298340e-01 5.750260353088378906e-01
8.175463676452636719e-01 6.827462911605834961e-01
7.527363896369934082e-01 6.017118096351623535e-01
6.313350200653076172e-01 6.477583050727844238e-01
5.114190578460693359e-01 6.397719383239746094e-01
7.519873976707458496e-01 6.811087131500244141e-01
5.830686688423156738e-01 4.005864560604095459e-01
7.027301192283630371e-01 4.050263762474060059e-01
6.727572083473205566e-01 7.877914905548095703e-01
6.526904106140136719e-01 8.029075264930725098e-01
5.768172740936279297e-01 6.781353950500488281e-01
7.670071125030517578e-01 6.821306347846984863e-01
5.814579129219055176e-01 6.958031654357910156e-01
5.371642708778381348e-01 7.360823750495910645e-01
6.440010070800781250e-01 7.881864309310913086e-01
7.321607470512390137e-01 6.825134158134460449e-01
5.863941907882690430e-01 4.101690351963043213e-01
4.550186395645141602e-01 5.853495001792907715e-01
5.442421436309814453e-01 5.297899246215820312e-01
5.238588452339172363e-01 4.766054451465606689e-01
6.684906482696533203e-01 6.451486349105834961e-01
8.097323179244995117e-01 6.439277529716491699e-01
3.994283974170684814e-01 5.894480943679809570e-01
6.651143431663513184e-01 5.414744019508361816e-01
5.645019412040710449e-01 3.767050206661224365e-01
5.474904179573059082e-01 7.277280688285827637e-01
7.289130091667175293e-01 5.335964560508728027e-01
6.096636056900024414e-01 6.451986432075500488e-01
7.022265791893005371e-01 5.351077914237976074e-01
6.930714845657348633e-01 6.819478869438171387e-01
6.510478854179382324e-01 6.433318257331848145e-01
8.199838995933532715e-01 6.041955351829528809e-01
5.776726007461547852e-01 4.007271826267242432e-01
5.973516702651977539e-01 5.610956549644470215e-01
5.597228407859802246e-01 7.478545308113098145e-01
6.586051583290100098e-01 5.572763681411743164e-01
4.515395462512969971e-01 6.465735435485839844e-01
5.641074776649475098e-01 5.816471576690673828e-01
4.320913553237915039e-01 5.072512030601501465e-01
6.615677475929260254e-01 7.069004178047180176e-01
4.007890224456787109e-01 5.872709751129150391e-01
6.752694249153137207e-01 4.553394317626953125e-01
7.182881832122802734e-01 5.221225619316101074e-01
5.351049304008483887e-01 7.707918286323547363e-01
5.429405570030212402e-01 5.563242435455322266e-01
7.212896347045898438e-01 6.406929492950439453e-01
7.861884832382202148e-01 5.536938309669494629e-01
6.687548756599426270e-01 4.614554941654205322e-01
6.830639839172363281e-01 4.162665903568267822e-01
5.102966427803039551e-01 5.125674605369567871e-01
7.910546660423278809e-01 5.228506922721862793e-01
5.886667966842651367e-01 4.733205735683441162e-01
7.491760253906250000e-01 5.315881371498107910e-01
4.628333151340484619e-01 5.658807754516601562e-01
4.063914716243743896e-01 6.652613878250122070e-01
4.385976195335388184e-01 5.679404735565185547e-01
7.282204031944274902e-01 6.223378777503967285e-01
6.982071995735168457e-01 7.324661016464233398e-01
3.804783523082733154e-01 5.690925121307373047e-01
6.997399926185607910e-01 5.144847035408020020e-01
5.517109036445617676e-01 6.312139034271240234e-01
6.736765503883361816e-01 6.521440148353576660e-01
6.305017471313476562e-01 7.565993666648864746e-01
4.233434498310089111e-01 6.506441831588745117e-01
4.289968609809875488e-01 5.751177668571472168e-01
6.786482930183410645e-01 5.089821219444274902e-01
5.510367751121520996e-01 4.715260267257690430e-01
6.942898035049438477e-01 4.101497828960418701e-01
6.999348402023315430e-01 4.319078028202056885e-01
6.779981851577758789e-01 4.142977297306060791e-01
7.394918799400329590e-01 6.939898729324340820e-01
7.423862814903259277e-01 6.853467822074890137e-01
8.223619461059570312e-01 6.577284336090087891e-01
5.971804261207580566e-01 4.642309546470642090e-01
8.108572363853454590e-01 6.643674969673156738e-01
4.945521950721740723e-01 4.209945797920227051e-01
6.360118985176086426e-01 6.515963673591613770e-01
7.563450932502746582e-01 6.217133998870849609e-01
5.652022361755371094e-01 7.158684730529785156e-01
5.109492540359497070e-01 4.191035032272338867e-01
6.968817710876464844e-01 7.860766649246215820e-01
6.310873627662658691e-01 5.153586268424987793e-01
6.008827090263366699e-01 8.135345578193664551e-01
5.227354764938354492e-01 4.970224201679229736e-01
6.480792164802551270e-01 3.867882788181304932e-01
7.024202942848205566e-01 5.403089523315429688e-01
6.800424456596374512e-01 5.582337379455566406e-01
6.651524305343627930e-01 4.196936190128326416e-01
5.548437833786010742e-01 4.937410652637481689e-01
5.824280381202697754e-01 3.429899215698242188e-01
5.954068899154663086e-01 7.476384043693542480e-01
5.848546028137207031e-01 4.792481660842895508e-01
4.414390325546264648e-01 6.413078904151916504e-01
7.113252878189086914e-01 7.326590418815612793e-01
5.608444809913635254e-01 4.937717914581298828e-01
7.338176369667053223e-01 5.254632830619812012e-01
3.561461567878723145e-01 5.844444632530212402e-01
8.120495080947875977e-01 6.081742048263549805e-01
4.589167833328247070e-01 6.763534545898437500e-01
5.962141156196594238e-01 8.132230639457702637e-01
6.076385974884033203e-01 5.125189423561096191e-01
7.021217346191406250e-01 4.529137611389160156e-01
6.578804850578308105e-01 4.735350906848907471e-01
5.508438348770141602e-01 7.331519722938537598e-01
5.461295843124389648e-01 5.184674263000488281e-01
6.879514455795288086e-01 4.976456761360168457e-01
7.195104360580444336e-01 5.902317762374877930e-01
5.461658239364624023e-01 4.969998002052307129e-01
4.690048098564147949e-01 5.140088200569152832e-01
5.197948217391967773e-01 7.020383477210998535e-01
6.768208146095275879e-01 7.456293702125549316e-01
8.052874207496643066e-01 6.875542998313903809e-01
4.693971872329711914e-01 7.591638565063476562e-01
5.539342164993286133e-01 5.185229182243347168e-01
7.781041264533996582e-01 5.768450498580932617e-01
5.394273996353149414e-01 4.651276469230651855e-01
6.506155133247375488e-01 6.307340860366821289e-01
5.384383797645568848e-01 5.717678070068359375e-01
5.784255862236022949e-01 4.162658452987670898e-01
