3.056602478027343750e-01 -3.109627962112426758e-01
-9.526556730270385742e-02 3.477721810340881348e-01
-6.206333637237548828e-03 -3.930948972702026367e-01
-1.411849260330200195e-02 3.631332516670227051e-01
-3.960460424423217773e-02 -1.495126485824584961e-01
-4.031511545181274414e-01 -4.386621117591857910e-01
4.367768764495849609e-01 -4.422143101692199707e-01
1.176384091377258301e-01 3.210920095443725586e-02
-3.056998252868652344e-01 2.101586461067199707e-01
1.162469983100891113e-01 -2.405142784118652344e-01
-3.511143326759338379e-01 4.088282585144042969e-01
1.392533183097839355e-01 3.204849958419799805e-01
3.962957859039306641e-01 9.790408611297607422e-02
2.645945549011230469e-01 3.223504424095153809e-01
1.185381412506103516e-01 -4.095351696014404297e-01
-1.876156330108642578e-01 -2.347436547279357910e-01
3.869506716728210449e-01 4.053603410720825195e-01
1.495627164840698242e-01 -1.453583836555480957e-01
-4.350945353507995605e-01 4.010847210884094238e-01
3.167513012886047363e-01 3.042290210723876953e-01
-5.567181110382080078e-02 3.136046528816223145e-01
1.726307868957519531e-01 -1.422564387321472168e-01
2.091160416603088379e-01 2.257382869720458984e-02
2.891144156455993652e-01 -7.791584730148315430e-02
2.517266869544982910e-01 -3.059477806091308594e-01
-3.831719160079956055e-01 -2.796128392219543457e-01
3.526072502136230469e-01 -6.415909528732299805e-02
-2.897709608078002930e-01 -4.405571818351745605e-01
-4.832810759544372559e-01 -4.281437993049621582e-01
-7.204031944274902344e-02 -3.883672356605529785e-01
-7.674235105514526367e-02 -5.065739154815673828e-02
4.932276606559753418e-01 -2.402871847152709961e-02
-4.482043981552124023e-01 -2.878475189208984375e-02
3.201391696929931641e-01 1.523156762123107910e-01
4.758081436157226562e-01 -1.786175966262817383e-01
-1.087588071823120117e-02 -2.318375706672668457e-01
-3.971284627914428711e-01 -4.893055558204650879e-01
-1.557989716529846191e-01 -4.074859619140625000e-01
1.722653508186340332e-01 -2.384887933731079102e-01
2.107453346252441406e-01 2.003590464591979980e-01
-4.315480589866638184e-01 -4.372215270996093750e-01
-4.949926733970642090e-01 -4.008294343948364258e-01
3.130527734756469727e-01 2.159998416900634766e-01
4.956951141357421875e-01 -2.827489376068115234e-02
3.201995491981506348e-01 -4.924649596214294434e-01
4.319250583648681641e-02 2.180904746055603027e-01
2.483196258544921875e-01 3.694730997085571289e-01
1.328356266021728516e-01 1.493244171142578125e-01
-4.790521264076232910e-01 1.254224181175231934e-01
5.307954549789428711e-02 -4.805502891540527344e-01
-2.260585427284240723e-01 -6.306195259094238281e-02
-1.217872500419616699e-01 -7.366359233856201172e-03
4.810250997543334961e-01 4.139060974121093750e-01
3.903993964195251465e-01 -2.388279438018798828e-01
-4.198188185691833496e-01 -1.832965612411499023e-01
-2.660718560218811035e-01 -1.666463017463684082e-01
1.745648980140686035e-01 -9.226942062377929688e-02
-1.679592728614807129e-01 -1.886091828346252441e-01
2.833567857742309570e-01 -3.799596428871154785e-01
1.473164558410644531e-02 -4.767482280731201172e-01
-1.113656759262084961e-01 4.385662078857421875e-01
2.553492784500122070e-02 -4.079321622848510742e-01
7.696866989135742188e-02 2.317565679550170898e-02
-3.440729975700378418e-01 -1.551842093467712402e-01
3.266555070877075195e-02 8.731216192245483398e-02
-1.735026836395263672e-01 -1.290246844291687012e-01
1.816138029098510742e-01 -4.491776227951049805e-01
2.204486131668090820e-01 1.754019856452941895e-01
-2.081683278083801270e-01 4.777553081512451172e-01
2.820456027984619141e-01 -3.006094098091125488e-01
1.691102385520935059e-01 1.332461237907409668e-01
-2.314566969871520996e-01 2.406941652297973633e-01
9.392976760864257812e-02 -4.180822968482971191e-01
5.710452795028686523e-02 2.275061011314392090e-01
-3.231545090675354004e-01 -3.256120681762695312e-01
2.627905011177062988e-01 -1.112868785858154297e-01
3.660691976547241211e-01 -8.003377914428710938e-02
-4.984664916992187500e-02 -1.661292314529418945e-01
1.687400341033935547e-01 -1.978626251220703125e-01
-2.383415102958679199e-01 3.173658251762390137e-01
4.233625531196594238e-01 5.485725402832031250e-02
-3.088489174842834473e-01 1.229833960533142090e-01
-1.043338179588317871e-01 1.507688760757446289e-01
-4.600603580474853516e-01 -1.226435899734497070e-01
2.792322635650634766e-02 3.062737584114074707e-01
-3.954870700836181641e-01 8.553653955459594727e-02
2.419857382774353027e-01 8.390253782272338867e-02
-7.754564285278320312e-05 2.761070728302001953e-01
-3.896741867065429688e-01 1.678881049156188965e-01
2.451985478401184082e-01 -1.320257782936096191e-01
-4.381447434425354004e-01 -2.328306436538696289e-01
-4.106431007385253906e-01 -1.622837781906127930e-02
-1.169831156730651855e-01 1.626210808753967285e-01
-2.322918772697448730e-01 1.331084966659545898e-02
-2.014719247817993164e-01 1.759659051895141602e-01
1.060245633125305176e-01 -9.435009956359863281e-02
-3.966842293739318848e-01 1.090561151504516602e-01
4.399067759513854980e-01 -2.464490532875061035e-01
5.612158775329589844e-02 4.478523135185241699e-01
3.684665560722351074e-01 1.789487600326538086e-01
-4.583653807640075684e-01 -1.584291458129882812e-01
-1.293908357620239258e-01 -4.533426761627197266e-01
-1.867263913154602051e-01 -5.475771427154541016e-02
1.808451414108276367e-01 1.346661448478698730e-01
-4.332554340362548828e-02 1.391025781631469727e-01
-1.345745921134948730e-01 4.001224637031555176e-01
1.664083003997802734e-01 4.475854039192199707e-01
-2.842248678207397461e-01 4.547870755195617676e-01
-2.465645670890808105e-01 1.326250433921813965e-01
4.585470557212829590e-01 -3.758262395858764648e-01
-4.546287655830383301e-01 -2.286084890365600586e-01
-3.677511215209960938e-01 1.869565844535827637e-01
3.010804057121276855e-01 7.076263427734375000e-03
2.885138988494873047e-01 7.367128133773803711e-02
8.553957939147949219e-02 2.975565195083618164e-01
-1.121562719345092773e-02 -3.269786238670349121e-01
3.643444776535034180e-01 -1.826664805412292480e-01
-1.000307798385620117e-01 -1.579906940460205078e-01
-1.070829629898071289e-01 -3.350852727890014648e-01
1.941765546798706055e-01 2.807616591453552246e-01
1.652995347976684570e-01 1.133745908737182617e-02
2.940135002136230469e-01 4.751533865928649902e-01
-2.237455248832702637e-01 3.391636610031127930e-01
3.325550556182861328e-01 1.808018684387207031e-01
-5.345648527145385742e-02 8.474677801132202148e-02
4.160339236259460449e-01 2.797991633415222168e-01
-4.877728223800659180e-01 -5.362629890441894531e-02
-1.890708208084106445e-01 -2.597271800041198730e-01
3.733820915222167969e-01 -4.089279770851135254e-01
8.975780010223388672e-02 1.636346578598022461e-01
-1.675486564636230469e-03 -2.812085747718811035e-01
1.167792081832885742e-02 1.028118133544921875e-01
4.489684104919433594e-02 -3.311256170272827148e-01
-1.547068357467651367e-02 -4.762709736824035645e-01
4.619396328926086426e-01 5.214571952819824219e-03
-3.489444255828857422e-01 1.722958683967590332e-01
2.151240110397338867e-01 -3.393940329551696777e-01
4.093125462532043457e-01 4.760606288909912109e-01
-3.257887959480285645e-01 -4.559205174446105957e-01
4.093815088272094727e-01 6.560206413269042969e-02
3.335210084915161133e-01 -2.876654267311096191e-01
-4.099534153938293457e-01 2.387547492980957031e-02
4.652544260025024414e-01 -1.377327442169189453e-01
3.343530297279357910e-01 -3.439961671829223633e-01
3.829110264778137207e-01 3.048118948936462402e-01
-4.445677399635314941e-01 -4.903073310852050781e-01
3.738219738006591797e-01 -3.768287897109985352e-01
-2.382630109786987305e-01 -1.993715763092041016e-02
-2.863547205924987793e-01 -2.678645253181457520e-01
-1.958371400833129883e-01 4.364589452743530273e-01
-4.108089208602905273e-02 -4.362192749977111816e-01
4.720236659049987793e-01 -6.545531749725341797e-02
-4.328992366790771484e-01 -2.795310020446777344e-01
-6.002014875411987305e-02 -4.586411714553833008e-01
2.747261524200439453e-02 3.111993074417114258e-01
4.550158977508544922e-02 2.429413795471191406e-02
-3.844000697135925293e-01 3.635668754577636719e-01
-3.943768143653869629e-01 -2.197815775871276855e-01
1.425812840461730957e-01 -1.106907129287719727e-01
-1.580712795257568359e-01 4.880797863006591797e-01
1.844821572303771973e-01 -3.168665766716003418e-01
-3.730067610740661621e-01 3.709591031074523926e-01
-1.582688093185424805e-02 3.001309633255004883e-01
3.944992423057556152e-01 -1.853970289230346680e-01
-3.826915025711059570e-01 3.279292583465576172e-02
2.704511284828186035e-01 1.912959218025207520e-01
-3.786259889602661133e-02 -1.399472951889038086e-01
3.810242414474487305e-01 3.279274702072143555e-02
-2.648923397064208984e-01 -2.595075964927673340e-01
-2.457129955291748047e-01 -2.423095703125000000e-02
-3.085948228836059570e-01 1.139974594116210938e-02
4.928675293922424316e-01 2.861725687980651855e-01
2.861737608909606934e-01 -1.306042075157165527e-01
4.740077853202819824e-01 4.011799097061157227e-01
3.331273794174194336e-01 2.836422920227050781e-01
-4.752340316772460938e-01 -4.739379882812500000e-01
-7.161355018615722656e-02 2.430357933044433594e-01
-1.664075851440429688e-01 -2.230302095413208008e-01
-9.950441122055053711e-02 -3.945260643959045410e-01
-7.158035039901733398e-02 6.039762496948242188e-02
3.438225388526916504e-01 -3.764067292213439941e-01
8.397328853607177734e-02 2.883353829383850098e-01
1.527056097984313965e-01 1.060732007026672363e-01
-3.079205751419067383e-02 -1.838867664337158203e-01
-1.332288980484008789e-02 -3.422262668609619141e-01
3.722175955772399902e-01 4.707038402557373047e-01
1.552513241767883301e-01 -1.244848370552062988e-01
-1.002451181411743164e-01 3.500846624374389648e-01
2.125310897827148438e-01 4.970586895942687988e-01
-2.890515327453613281e-01 -2.184771299362182617e-01
4.647865891456604004e-01 1.740323305130004883e-01
-2.313331365585327148e-01 -2.670288681983947754e-01
-2.245551943778991699e-01 4.504084587097167969e-02
3.748209476470947266e-01 -2.856153249740600586e-02
-4.616389870643615723e-01 -3.628796935081481934e-01
1.102617979049682617e-01 -2.991901636123657227e-01
1.608563065528869629e-01 -4.319704174995422363e-01
-2.895793914794921875e-01 -3.813433647155761719e-01
7.477641105651855469e-03 -2.906648516654968262e-01
2.554522156715393066e-01 4.666957855224609375e-01
-2.038306593894958496e-01 -6.270408630371093750e-02
9.986865520477294922e-02 4.443715214729309082e-01
-2.342432737350463867e-01 3.566516637802124023e-01
2.176862955093383789e-02 -2.074798941612243652e-01
-8.424979448318481445e-02 -2.223739027976989746e-01
-2.433440685272216797e-01 -3.926705718040466309e-01
-7.907396554946899414e-02 -1.305135488510131836e-01
-2.824643254280090332e-01 3.454948663711547852e-01
5.885636806488037109e-02 3.612341880798339844e-01
3.295561075210571289e-01 -2.201516032218933105e-01
4.873645305633544922e-01 6.003975868225097656e-02
-1.362562179565429688e-02 -3.077677488327026367e-01
4.941864609718322754e-01 -2.269271016120910645e-01
9.341895580291748047e-02 -2.729776501655578613e-01
3.783189058303833008e-01 -2.939683198928833008e-02
-3.954490423202514648e-01 -4.251368641853332520e-01
-2.391991615295410156e-01 1.017099618911743164e-02
-4.105849862098693848e-01 -3.381919860839843750e-01
3.899065256118774414e-01 3.855352997779846191e-01
3.353647589683532715e-01 -2.767419219017028809e-01
5.270701646804809570e-02 3.845267891883850098e-01
-5.570244789123535156e-02 1.798093318939208984e-02
-8.599054813385009766e-02 -1.162618398666381836e-02
-4.726977944374084473e-01 2.963585257530212402e-01
-1.983743309974670410e-01 2.728934884071350098e-01
-2.618250250816345215e-01 3.667842745780944824e-01
-9.007573127746582031e-03 -3.536306619644165039e-01
-3.581676483154296875e-01 -7.569777965545654297e-02
3.307003974914550781e-01 -1.507394909858703613e-01
-2.344753742218017578e-01 2.181852459907531738e-01
-2.828161716461181641e-01 -3.069292306900024414e-01
-3.499202728271484375e-01 2.447521090507507324e-01
-3.702470064163208008e-01 -3.019392490386962891e-01
3.098449110984802246e-01 1.258944272994995117e-01
-1.074000000953674316e-01 -3.541111946105957031e-01
-3.685787320137023926e-01 3.628841042518615723e-01
-2.210230231285095215e-01 -1.280222535133361816e-01
1.605631113052368164e-01 -3.352738618850708008e-01
-4.206343293190002441e-01 -4.614894390106201172e-01
1.632562279701232910e-01 -1.506364345550537109e-01
2.712942361831665039e-01 1.102523803710937500e-01
-3.857288360595703125e-01 4.873569607734680176e-01
1.610398888587951660e-01 3.333050608634948730e-01
-2.969227433204650879e-01 -1.386460065841674805e-01
4.082254767417907715e-01 -3.961280584335327148e-01
-1.299765110015869141e-01 -1.763342618942260742e-01
4.714915752410888672e-01 4.978087544441223145e-01
2.181366086006164551e-01 -2.039556503295898438e-01
-3.629364371299743652e-01 2.328037619590759277e-01
4.460752010345458984e-03 2.927578091621398926e-01
4.818449616432189941e-01 3.428294658660888672e-01
3.874709010124206543e-01 -2.114490270614624023e-01
-5.130356550216674805e-02 4.204950332641601562e-01
-5.750530958175659180e-02 4.499544501304626465e-01
-4.215177297592163086e-01 -4.436881542205810547e-01
1.565635800361633301e-01 2.277714014053344727e-02
-3.556054234504699707e-01 4.264540672302246094e-01
2.182593345642089844e-01 -4.931788444519042969e-01
3.439043760299682617e-01 4.559996724128723145e-01
-2.086291313171386719e-01 3.286630511283874512e-01
-2.113741040229797363e-01 -1.471999883651733398e-01
3.005461692810058594e-01 -1.806175708770751953e-01
-3.606992959976196289e-01 -1.554179191589355469e-01
3.423697948455810547e-01 6.655514240264892578e-02
-2.269886732101440430e-01 -3.447955250740051270e-01
3.243572711944580078e-01 -2.932192683219909668e-01
6.031775474548339844e-02 2.097381353378295898e-01
2.833384275436401367e-02 -1.373597383499145508e-01
-3.261308073997497559e-01 -1.047030687332153320e-01
2.857002019882202148e-01 7.176482677459716797e-02
-3.810086846351623535e-01 -1.653836965560913086e-01
2.329391241073608398e-02 -7.554179430007934570e-02
-3.940759897232055664e-01 4.929223060607910156e-01
-3.961851596832275391e-01 1.639180183410644531e-01
4.517972469329833984e-01 4.087609648704528809e-01
-2.144157290458679199e-01 -2.890656590461730957e-01
-4.916713833808898926e-01 -3.758000135421752930e-01
-2.865868210792541504e-01 -2.480039596557617188e-01
4.943176507949829102e-01 9.864497184753417969e-02
2.679182887077331543e-01 -3.016459345817565918e-01
-4.826347827911376953e-01 3.647042512893676758e-01
8.354842662811279297e-03 4.163343310356140137e-01
9.075844287872314453e-02 1.301734447479248047e-01
1.347842812538146973e-01 4.517635703086853027e-01
-3.502091765403747559e-01 -3.523844480514526367e-01
-3.402120471000671387e-01 2.464906573295593262e-01
-1.983305811882019043e-01 -4.929358363151550293e-01
4.861602783203125000e-01 3.667137622833251953e-01
-4.060316681861877441e-01 1.662963628768920898e-02
-4.728475213050842285e-01 -4.678446054458618164e-02
4.695324301719665527e-01 -4.636862874031066895e-01
-3.266038298606872559e-01 -4.027278423309326172e-01
-1.530634760856628418e-01 -3.590816259384155273e-01
1.433036923408508301e-01 -2.756141424179077148e-01
4.446194171905517578e-01 -4.088063240051269531e-01
3.171755075454711914e-01 7.807850837707519531e-03
-1.459309458732604980e-01 -2.200297117233276367e-01
4.047356843948364258e-01 -4.068752527236938477e-01
1.075435876846313477e-01 -3.520892858505249023e-01
-1.632339358329772949e-01 -2.487179040908813477e-01
-3.147940635681152344e-01 4.687358736991882324e-01
-2.099663019180297852e-02 -2.605116367340087891e-01
-2.256074547767639160e-01 -4.362973570823669434e-01
-2.421949505805969238e-01 -1.653659343719482422e-01
3.995835781097412109e-02 2.252181172370910645e-01
-3.779085278511047363e-01 4.132790565490722656e-01
3.693376779556274414e-01 4.114878177642822266e-01
-2.410215139389038086e-02 1.003781557083129883e-01
2.488087415695190430e-01 -4.671866297721862793e-01
-5.345773696899414062e-02 1.556419134140014648e-01
-1.971694827079772949e-01 3.211818933486938477e-01
2.875864505767822266e-02 8.356326818466186523e-02
4.212502837181091309e-01 -8.610725402832031250e-03
4.086616039276123047e-01 1.989542841911315918e-01
2.315211892127990723e-01 1.868543624877929688e-01
-2.075510025024414062e-01 3.578453660011291504e-01
-1.052486300468444824e-01 -9.686708450317382812e-03
1.868606209754943848e-01 2.898368239402770996e-01
-8.925086259841918945e-02 -1.519771814346313477e-01
3.987967967987060547e-03 -2.565366625785827637e-01
-4.048526287078857422e-03 -1.721752285957336426e-01
2.488356828689575195e-01 2.160958647727966309e-01
-2.205365896224975586e-01 7.660150527954101562e-02
3.528869748115539551e-01 -5.375373363494873047e-02
-3.478278517723083496e-01 -2.256498932838439941e-01
3.844357728958129883e-01 2.922680974006652832e-01
-3.534492850303649902e-01 -3.952717185020446777e-01
3.067039251327514648e-01 -7.448840141296386719e-02
5.125772953033447266e-02 -2.508074045181274414e-01
2.465054392814636230e-01 -4.389840960502624512e-01
-6.636857986450195312e-02 -7.610201835632324219e-03
3.984025716781616211e-01 -3.667913079261779785e-01
3.712455034255981445e-01 3.040689229965209961e-02
3.662529587745666504e-01 3.403475284576416016e-01
1.012595891952514648e-01 -1.259266138076782227e-01
-2.896495461463928223e-01 4.625672698020935059e-01
2.509115934371948242e-01 -1.837983131408691406e-01
-9.983277320861816406e-02 -5.060052871704101562e-02
1.647695899009704590e-01 -2.262505292892456055e-01
4.190623760223388672e-02 1.674371361732482910e-01
-1.433554887771606445e-01 -4.450722336769104004e-01
4.486308097839355469e-01 5.243378877639770508e-02
-4.775992035865783691e-01 1.028820276260375977e-01
1.674443483352661133e-02 -2.677908539772033691e-01
2.359545230865478516e-01 -2.608709335327148438e-01
2.220138311386108398e-01 -2.485406398773193359e-01
-3.156763911247253418e-01 1.333727240562438965e-01
3.382474184036254883e-01 -3.892118930816650391e-01
-3.776691555976867676e-01 5.566716194152832031e-03
1.782016754150390625e-01 1.105918288230895996e-01
-4.954255223274230957e-01 -4.893118739128112793e-01
-4.165437221527099609e-01 -2.476779222488403320e-01
2.575529813766479492e-01 3.924453854560852051e-01
-4.478111267089843750e-01 -1.519428491592407227e-01
-1.350292563438415527e-01 -1.272205710411071777e-01
-2.096556425094604492e-01 -3.019348978996276855e-01
3.762515783309936523e-01 7.247567176818847656e-03
-2.078728079795837402e-01 1.341664195060729980e-01
2.165436744689941406e-04 3.894898295402526855e-01
-4.707267880439758301e-01 -6.126767396926879883e-02
-4.337942600250244141e-02 -1.663218140602111816e-01
2.367213368415832520e-01 -9.684544801712036133e-02
6.531888246536254883e-02 -3.167923092842102051e-01
-8.149039745330810547e-02 2.002261877059936523e-01
-4.350984096527099609e-01 -2.698606848716735840e-01
-2.721925973892211914e-01 -3.817665576934814453e-02
1.354528069496154785e-01 5.065184831619262695e-02
8.689630031585693359e-02 -5.540227890014648438e-02
2.627834677696228027e-01 -9.204840660095214844e-02
4.512715935707092285e-01 -6.254577636718750000e-02
-3.042574524879455566e-01 4.898107051849365234e-02
-2.396270632743835449e-01 4.503305554389953613e-01
2.822530269622802734e-01 -3.188152313232421875e-01
2.771968841552734375e-01 -2.673893570899963379e-01
5.465567111968994141e-03 -4.197300672531127930e-01
-3.559221029281616211e-01 -2.561146020889282227e-01
4.888116121292114258e-01 2.134364843368530273e-02
2.430188059806823730e-01 -3.845193982124328613e-01
-1.393452286720275879e-01 -3.947226405143737793e-01
-1.057044267654418945e-01 -1.993066668510437012e-01
4.757583141326904297e-03 -3.514922261238098145e-01
3.815036416053771973e-01 4.193385243415832520e-01
1.813879609107971191e-01 -3.644924759864807129e-01
-2.490420341491699219e-01 -3.809860944747924805e-01
-4.673760533332824707e-01 6.737768650054931641e-03
1.703242063522338867e-01 -4.178392887115478516e-02
3.324359655380249023e-01 -1.709995269775390625e-01
2.872223854064941406e-01 1.353162527084350586e-01
3.868086338043212891e-01 1.844662427902221680e-02
1.503089070320129395e-01 5.915933847427368164e-02
3.980585336685180664e-01 8.868056535720825195e-02
3.988617658615112305e-02 -2.265608310699462891e-02
2.815345525741577148e-01 9.779852628707885742e-02
1.150205731391906738e-01 2.739345431327819824e-01
1.020349264144897461e-01 4.913668632507324219e-01
3.140884041786193848e-01 -4.599161148071289062e-01
-4.705727696418762207e-01 9.116810560226440430e-02
4.952506422996520996e-01 -6.374144554138183594e-02
-1.499379873275756836e-01 -1.341284513473510742e-01
-4.737240076065063477e-02 -2.816075086593627930e-02
-2.886064052581787109e-01 -3.018445968627929688e-01
-3.040763139724731445e-01 2.905124425888061523e-02
-3.595480918884277344e-01 -3.815290331840515137e-01
-2.581488490104675293e-01 -1.103194355964660645e-01
2.403234839439392090e-01 -1.148245334625244141e-01
1.111544370651245117e-01 -3.838642239570617676e-01
1.004517674446105957e-01 -4.629397392272949219e-01
1.940231323242187500e-01 -1.050986051559448242e-01
-2.837435007095336914e-01 -2.671508789062500000e-01
-2.673071622848510742e-02 -3.812169432640075684e-01
1.658751368522644043e-01 -1.794112324714660645e-01
-3.982374072074890137e-01 -3.097391128540039062e-02
-2.680747509002685547e-01 8.154648542404174805e-02
4.932789802551269531e-01 -2.566897273063659668e-01
-2.977836728096008301e-01 2.530989646911621094e-01
3.278350830078125000e-02 -2.099359035491943359e-01
1.355123519897460938e-02 1.870926618576049805e-01
-3.851773738861083984e-01 -4.013170003890991211e-01
-1.248760819435119629e-01 -4.662989377975463867e-01
4.651517868041992188e-01 1.917310953140258789e-01
2.619475126266479492e-02 3.781840205192565918e-01
-2.070857882499694824e-01 4.200710058212280273e-01
-2.974982261657714844e-01 -1.302413940429687500e-01
5.878841876983642578e-02 -7.795065641403198242e-02
3.803012967109680176e-01 -6.592023372650146484e-02
-4.433457851409912109e-01 -2.982372045516967773e-02
3.789371848106384277e-01 4.110839366912841797e-01
-1.091879010200500488e-01 3.934141993522644043e-01
-4.158433079719543457e-01 -1.591643691062927246e-01
-4.662669897079467773e-01 1.564934849739074707e-01
1.404935121536254883e-01 -4.956308007240295410e-01
4.855511784553527832e-01 -2.709129452705383301e-01
2.880389690399169922e-01 -1.292139291763305664e-02
-2.460666298866271973e-01 -3.416972160339355469e-01
1.493767499923706055e-01 -3.069604039192199707e-01
3.618437051773071289e-01 -1.401447057723999023e-01
-4.256366491317749023e-01 -4.451119899749755859e-01
1.625556349754333496e-01 -4.820637106895446777e-01
-1.482213735580444336e-01 9.950184822082519531e-02
-1.851654052734375000e-02 -7.604670524597167969e-02
-4.377850294113159180e-01 4.742604494094848633e-02
4.123042821884155273e-01 -2.150947451591491699e-01
-3.778870701789855957e-01 -3.930338621139526367e-01
-4.473095536231994629e-01 2.361776828765869141e-01
3.944262862205505371e-01 3.052229881286621094e-01
3.416479825973510742e-01 -2.145231962203979492e-01
-1.201938390731811523e-01 -1.417973041534423828e-01
-1.201715469360351562e-01 -4.549937844276428223e-01
2.242766618728637695e-01 4.407612085342407227e-01
3.961445689201354980e-01 -4.825373291969299316e-01
1.899552345275878906e-02 -4.735928773880004883e-02
1.321066617965698242e-01 -1.879287958145141602e-01
-1.467748284339904785e-01 4.419890642166137695e-01
-2.758259773254394531e-01 3.725932240486145020e-01
-1.959990262985229492e-01 -9.264773130416870117e-02
-3.467271924018859863e-01 3.115935325622558594e-01
1.792556643486022949e-01 3.436215519905090332e-01
-3.700322508811950684e-01 8.897680044174194336e-02
-9.247213602066040039e-02 -2.656540870666503906e-01
2.204291820526123047e-01 4.318230748176574707e-01
2.638353705406188965e-01 -2.633679509162902832e-01
2.703225016593933105e-01 -2.622820734977722168e-01
-4.273134469985961914e-02 -6.813961267471313477e-02
-2.565342187881469727e-01 -2.759872674942016602e-01
2.313250899314880371e-01 -4.266114830970764160e-01
4.759752750396728516e-01 4.935234189033508301e-01
1.238554120063781738e-01 7.385993003845214844e-02
-3.926755785942077637e-01 7.153671979904174805e-02
2.840731143951416016e-01 -1.081496477127075195e-02
9.712743759155273438e-02 4.699130654335021973e-01
6.192624568939208984e-03 3.976098895072937012e-01
5.420333147048950195e-02 1.383602619171142578e-03
-2.228879332542419434e-01 4.112330675125122070e-01
3.722120523452758789e-01 2.898956537246704102e-01
2.314798831939697266e-01 1.494443416595458984e-01
1.630648374557495117e-01 -2.224009633064270020e-01
-2.480814456939697266e-01 -4.408341646194458008e-02
3.184294104576110840e-01 3.070403337478637695e-01
-1.183761358261108398e-01 3.183180093765258789e-02
-9.572857618331909180e-02 3.190656900405883789e-01
4.848360419273376465e-01 -9.678292274475097656e-02
-4.393792152404785156e-02 2.926237583160400391e-01
-1.294757127761840820e-01 1.936509609222412109e-01
-4.531115293502807617e-01 -6.658512353897094727e-02
2.511382102966308594e-02 1.510995030403137207e-01
-2.502835392951965332e-01 -8.240014314651489258e-02
-2.117326855659484863e-01 1.172327995300292969e-02
-6.479799747467041016e-03 3.851373791694641113e-01
5.321210622787475586e-02 2.913347482681274414e-01
4.137231707572937012e-01 4.779801964759826660e-01
2.583791613578796387e-01 -1.126201152801513672e-01
-4.369339346885681152e-01 -3.099617958068847656e-01
1.454481482505798340e-01 2.292867898941040039e-01
-1.737138032913208008e-01 -1.903932094573974609e-01
-2.269476652145385742e-02 3.800799846649169922e-01
3.447685241699218750e-01 -4.314412474632263184e-01
-3.829951286315917969e-01 -2.486966252326965332e-01
-3.119339346885681152e-01 3.490133881568908691e-01
2.795956730842590332e-01 -3.531920909881591797e-01
-3.772782087326049805e-01 3.623606562614440918e-01
3.986449837684631348e-01 2.415934801101684570e-01
1.898510456085205078e-01 3.560220003128051758e-01
-2.417396903038024902e-01 -4.220913052558898926e-01
1.770614981651306152e-01 -4.056033492088317871e-01
-2.280765771865844727e-02 1.471650600433349609e-02
1.085923314094543457e-01 1.088545918464660645e-01
4.890596866607666016e-01 4.448316097259521484e-01
1.383966207504272461e-01 -3.930365443229675293e-01
-2.184734344482421875e-01 7.936620712280273438e-02
4.601815342903137207e-01 2.219650745391845703e-01
1.034462451934814453e-01 4.355554580688476562e-01
1.435958147048950195e-01 -3.725528120994567871e-01
-2.069626450538635254e-01 1.046780943870544434e-01
-4.028365015983581543e-01 5.401921272277832031e-02
-4.671853184700012207e-01 2.051380872726440430e-01
1.097543239593505859e-01 4.858091473579406738e-01
-4.378080964088439941e-01 2.032489180564880371e-01
4.475902318954467773e-01 -4.317362308502197266e-01
4.334875941276550293e-01 -2.334307432174682617e-01
3.820713162422180176e-01 -3.771633505821228027e-01
2.750877141952514648e-01 -2.115666866302490234e-02
3.007096052169799805e-01 3.526688814163208008e-01
-3.606600165367126465e-01 2.476444244384765625e-01
3.797503709793090820e-01 1.412584781646728516e-01
-5.351287126541137695e-02 2.139049768447875977e-02
-1.425577998161315918e-01 -9.273630380630493164e-02
-3.268538117408752441e-01 -1.562801003456115723e-01
-2.106930613517761230e-01 1.290954351425170898e-01
4.602951407432556152e-01 6.427907943725585938e-02
4.739403128623962402e-01 1.374650001525878906e-01
-2.851067185401916504e-01 2.064464092254638672e-01
-9.984195232391357422e-02 -4.937703013420104980e-01
2.022284269332885742e-02 -3.632103800773620605e-01
3.166022896766662598e-01 7.133543491363525391e-02
2.094300389289855957e-01 2.899754643440246582e-01
-3.016108274459838867e-02 -4.114440083503723145e-01
-1.886079907417297363e-01 -4.642354249954223633e-01
2.507025003433227539e-01 2.185096740722656250e-01
-3.062874674797058105e-01 4.866769909858703613e-01
-2.424861788749694824e-01 3.013736009597778320e-01
1.054295301437377930e-01 -1.894654035568237305e-01
-6.928950548171997070e-02 -3.467284440994262695e-01
3.277689218521118164e-02 3.460237979888916016e-01
-3.952689170837402344e-01 3.031110763549804688e-01
-2.342885136604309082e-01 3.341094851493835449e-01
2.515257596969604492e-01 2.328950762748718262e-01
-3.480109572410583496e-01 2.506982088088989258e-01
-1.079823374748229980e-01 4.644226431846618652e-01
3.314495086669921875e-03 -1.116824150085449219e-02
-1.213012933731079102e-01 -1.832493543624877930e-01
3.118510842323303223e-01 -2.420126199722290039e-01
2.577280998229980469e-01 -3.936193585395812988e-01
4.061460494995117188e-01 2.166320681571960449e-01
-9.139847755432128906e-02 -3.435204625129699707e-01
2.999698519706726074e-01 -1.569886207580566406e-01
1.725797057151794434e-01 2.596884965896606445e-01
1.650744080543518066e-01 -2.504618763923645020e-01
3.580261468887329102e-01 -4.750055074691772461e-02
-3.281927704811096191e-01 -3.769482374191284180e-01
3.130825757980346680e-01 -2.808081507682800293e-01
4.188912510871887207e-01 7.486927509307861328e-02
7.116442918777465820e-02 -1.287459135055541992e-01
-4.508168101310729980e-01 1.757340431213378906e-01
-6.275725364685058594e-02 -3.245983719825744629e-01
-4.198126792907714844e-01 -2.601379752159118652e-01
2.341068387031555176e-01 4.002679586410522461e-01
1.068961620330810547e-01 -7.097721099853515625e-03
-3.609009385108947754e-01 -7.956779003143310547e-02
2.739320993423461914e-01 -2.636628150939941406e-01
-4.442663788795471191e-01 -3.429395556449890137e-01
3.996868729591369629e-01 9.485274553298950195e-02
2.535145282745361328e-01 -1.583212614059448242e-02
2.463871240615844727e-01 1.840101480484008789e-01
1.610981822013854980e-01 3.628226518630981445e-01
-2.391071319580078125e-01 9.635818004608154297e-02
4.224283695220947266e-01 -1.883399486541748047e-02
-4.983488917350769043e-01 3.520709872245788574e-01
3.738482594490051270e-01 -4.079358577728271484e-01
4.627515673637390137e-01 4.188549518585205078e-02
4.031642079353332520e-01 1.798464655876159668e-01
4.792636036872863770e-01 -8.131808042526245117e-02
3.618253469467163086e-01 2.290907502174377441e-01
2.549529075622558594e-02 1.305869221687316895e-01
-1.518203020095825195e-01 1.661324501037597656e-01
4.475098252296447754e-01 1.636993288993835449e-01
5.755543708801269531e-02 1.112446188926696777e-01
-4.930068254470825195e-01 6.487649679183959961e-02
-4.063032269477844238e-01 4.172644019126892090e-01
-4.562477469444274902e-01 3.587344288825988770e-01
-8.374422788619995117e-02 -1.035054922103881836e-01
4.067196249961853027e-01 -3.697525262832641602e-01
1.562355756759643555e-01 -2.037373185157775879e-01
1.901854276657104492e-01 1.720365881919860840e-01
-4.874288439750671387e-01 9.168541431427001953e-02
-2.496137022972106934e-01 3.737725615501403809e-01
-3.705803155899047852e-01 -4.309008121490478516e-01
7.830965518951416016e-02 3.849558830261230469e-01
2.047823667526245117e-01 4.866989254951477051e-01
5.563139915466308594e-03 -2.477670311927795410e-01
1.313753724098205566e-01 -4.104930162429809570e-01
3.673980236053466797e-01 2.510554194450378418e-01
2.959588170051574707e-01 -4.850614070892333984e-02
4.243391156196594238e-01 4.993913769721984863e-01
-3.918583989143371582e-01 3.013470172882080078e-01
-1.830857396125793457e-01 -5.410712957382202148e-02
7.375657558441162109e-03 -2.107473611831665039e-01
2.320103645324707031e-01 1.909458637237548828e-01
-1.555616855621337891e-01 1.889967918395996094e-01
-3.778622150421142578e-01 4.870019555091857910e-01
-3.470596671104431152e-01 4.969796538352966309e-01
-3.276978731155395508e-01 4.816379547119140625e-01
-1.991971731185913086e-01 -4.132747650146484375e-02
-4.684202075004577637e-01 1.163780689239501953e-01
-4.128299355506896973e-01 -3.968119621276855469e-03
1.113368868827819824e-01 1.988769173622131348e-01
-2.839205265045166016e-01 -1.723077893257141113e-01
-2.406004667282104492e-01 4.995940327644348145e-01
-1.670233607292175293e-01 -3.441256284713745117e-02
1.392483711242675781e-01 -4.407831430435180664e-01
2.580528855323791504e-01 -3.952620029449462891e-01
1.320507526397705078e-01 -4.326288104057312012e-01
-4.010614156723022461e-01 1.152412295341491699e-01
-3.749790191650390625e-01 2.175883650779724121e-01
8.269435167312622070e-02 -2.062321901321411133e-01
1.989626884460449219e-01 -1.711583137512207031e-02
-4.275262355804443359e-01 3.580211997032165527e-01
2.451934814453125000e-01 2.325060367584228516e-01
-1.621606945991516113e-01 4.503256082534790039e-01
4.796562790870666504e-01 -2.589673399925231934e-01
1.251679062843322754e-01 -4.985946416854858398e-02
1.125887632369995117e-01 -3.926718831062316895e-01
-4.064978361129760742e-01 -4.681620597839355469e-01
-4.974952936172485352e-01 3.842385411262512207e-01
-3.942331671714782715e-01 -3.878923058509826660e-01
-3.494928479194641113e-01 3.704886436462402344e-01
2.004978060722351074e-01 4.174822568893432617e-01
1.157014966011047363e-01 8.633857965469360352e-02
-7.844871282577514648e-02 4.541440606117248535e-01
-2.769874930381774902e-01 1.147448420524597168e-01
1.868450641632080078e-02 -2.653454542160034180e-01
-5.807018280029296875e-02 3.732141852378845215e-01
1.428760290145874023e-01 -1.797180175781250000e-01
1.048672199249267578e-01 2.243767976760864258e-01
-3.527573943138122559e-01 -1.300440430641174316e-01
-3.586501479148864746e-01 3.261810541152954102e-01
4.852622747421264648e-02 2.733844518661499023e-02
-6.596523523330688477e-02 -2.959833741188049316e-01
-7.039612531661987305e-02 -2.931531071662902832e-01
4.972131848335266113e-01 2.235875129699707031e-01
1.901776790618896484e-01 1.495985984802246094e-01
1.045317649841308594e-01 -1.917614340782165527e-01
7.215499877929687500e-02 3.771638870239257812e-01
3.616636395454406738e-01 7.260751724243164062e-02
1.020863652229309082e-01 -1.489073038101196289e-01
3.223873972892761230e-01 -3.241573572158813477e-01
-3.247872591018676758e-01 -2.427049279212951660e-01
1.600936055183410645e-01 1.864927411079406738e-01
2.613631486892700195e-01 1.870157718658447266e-01
-1.621426343917846680e-01 -9.061276912689208984e-03
4.219903349876403809e-01 -4.921836256980895996e-01
-4.463628530502319336e-01 -2.564811706542968750e-02
-2.667232155799865723e-01 4.888308048248291016e-02
3.724264502525329590e-01 -2.509772777557373047e-01
-1.418757438659667969e-01 -6.715393066406250000e-02
2.566452622413635254e-01 5.186957120895385742e-02
-3.410735726356506348e-01 9.547078609466552734e-02
1.182265877723693848e-01 -8.587646484375000000e-02
3.163548707962036133e-01 8.209276199340820312e-02
-3.637455701828002930e-01 -4.201779365539550781e-01
4.281336069107055664e-01 -2.350991368293762207e-01
-2.638549208641052246e-01 9.892290830612182617e-02
-4.166958928108215332e-01 3.219881057739257812e-01
-3.326800465583801270e-01 2.800118327140808105e-01
-9.514820575714111328e-02 6.917428970336914062e-02
-4.663392305374145508e-01 -3.710731267929077148e-01
-2.372869849205017090e-01 -2.167177796363830566e-01
-1.000220179557800293e-01 -7.172459363937377930e-02
-2.039748430252075195e-02 -1.866064071655273438e-01
3.231395483016967773e-01 3.344170451164245605e-01
-1.099039912223815918e-01 3.941453099250793457e-01
-4.973539113998413086e-01 2.323901653289794922e-02
4.911571145057678223e-01 8.048665523529052734e-02
-4.795994162559509277e-01 1.692382693290710449e-01
-3.891059160232543945e-01 -4.709966778755187988e-01
-2.429802417755126953e-01 7.464259862899780273e-02
4.580286145210266113e-01 1.446213126182556152e-01
3.835861682891845703e-01 -1.472856402397155762e-01
3.538056612014770508e-01 1.154984235763549805e-01
-4.172440171241760254e-01 4.114277958869934082e-01
-2.897375822067260742e-01 -7.102495431900024414e-02
1.441782712936401367e-01 2.893257141113281250e-01
-5.941689014434814453e-02 -1.367587447166442871e-01
-1.240029931068420410e-01 -3.479382395744323730e-01
3.407953977584838867e-01 4.355246424674987793e-01
-3.912305831909179688e-01 1.235756874084472656e-01
-4.475527405738830566e-01 3.379442691802978516e-01
-2.980328202247619629e-01 2.444462180137634277e-01
-4.278789758682250977e-01 2.381130456924438477e-01
-3.242806196212768555e-01 -1.489746570587158203e-02
2.026827335357666016e-01 1.449897885322570801e-01
-4.863912463188171387e-01 6.073451042175292969e-02
-1.631477475166320801e-01 4.304641485214233398e-01
4.909068942070007324e-01 -2.478335499763488770e-01
-3.319007158279418945e-02 5.982148647308349609e-02
1.974661350250244141e-01 3.495097160339355469e-01
2.250144481658935547e-01 -3.162369728088378906e-01
2.440028786659240723e-01 2.052669525146484375e-01
2.237794399261474609e-01 2.441076636314392090e-01
4.585539698600769043e-01 1.292170882225036621e-01
-4.949099421501159668e-01 -1.302270293235778809e-01
2.751616239547729492e-01 3.937954902648925781e-01
-5.263650417327880859e-02 -4.805896282196044922e-01
-4.125846624374389648e-01 -3.273748755455017090e-01
-1.247569322586059570e-01 -5.391401052474975586e-02
3.702291250228881836e-01 1.919638514518737793e-01
-2.571709156036376953e-01 -2.698654532432556152e-01
-4.598668813705444336e-01 -4.095159173011779785e-01
2.084470987319946289e-01 2.065052986145019531e-01
-3.466894030570983887e-01 -2.285305857658386230e-01
-4.090855121612548828e-01 1.393067836761474609e-01
-4.986655712127685547e-02 -1.764521002769470215e-01
4.579284787178039551e-01 2.441371083259582520e-01
2.228605747222900391e-01 -6.596213579177856445e-02
-4.801937937736511230e-01 2.289263010025024414e-01
-4.631072282791137695e-01 9.838390350341796875e-02
2.048683762550354004e-01 -1.255135536193847656e-01
4.076568484306335449e-01 3.727865219116210938e-01
-2.539532184600830078e-01 3.695243000984191895e-01
-3.682630062103271484e-01 -2.665387988090515137e-01
6.646049022674560547e-02 1.485146284103393555e-01
1.287341117858886719e-03 2.199342846870422363e-01
3.441715240478515625e-02 -1.469155550003051758e-01
2.303076982498168945e-01 4.233747720718383789e-01
-2.558414936065673828e-01 -2.739870548248291016e-01
-3.507259488105773926e-01 -2.171862721443176270e-01
-4.973369836807250977e-02 -1.960980892181396484e-01
1.160860061645507812e-03 3.714874386787414551e-01
3.556340932846069336e-01 3.667142987251281738e-01
-5.173355340957641602e-02 -6.332039833068847656e-03
-1.322984695434570312e-02 1.053655147552490234e-02
7.560455799102783203e-02 -2.477160096168518066e-01
-4.390944838523864746e-01 -1.899964809417724609e-01
1.681858897209167480e-01 1.521121859550476074e-01
3.030950427055358887e-01 1.180461645126342773e-01
-5.521368980407714844e-02 -2.042952179908752441e-01
3.165378570556640625e-01 1.185005307197570801e-01
4.887560009956359863e-01 4.396452307701110840e-01
-3.084127902984619141e-01 2.692604064941406250e-01
2.317591905593872070e-01 -4.610462188720703125e-01
1.282353401184082031e-01 -3.631144762039184570e-01
-4.393064379692077637e-01 -6.089949607849121094e-02
-2.246105670928955078e-02 -3.934012055397033691e-01
-3.996309638023376465e-01 6.563335657119750977e-02
3.621234297752380371e-01 -7.973432540893554688e-02
1.019870042800903320e-01 -4.609261751174926758e-01
-9.052079916000366211e-02 4.476155638694763184e-01
4.701071381568908691e-01 -2.145254015922546387e-01
3.745984435081481934e-01 2.003651261329650879e-01
3.542658686637878418e-01 -1.479887962341308594e-02
-1.500267982482910156e-01 -5.082195997238159180e-02
-3.327470421791076660e-01 -7.638150453567504883e-02
4.759771227836608887e-01 4.625248908996582031e-02
9.019488096237182617e-02 4.601244926452636719e-01
-9.008044004440307617e-02 2.216606140136718750e-01
-2.898299098014831543e-01 -1.362659335136413574e-01
4.481776952743530273e-01 7.770478725433349609e-03
3.886883854866027832e-01 2.139625549316406250e-01
3.368541598320007324e-01 -3.047217130661010742e-01
4.084449410438537598e-01 -1.898210048675537109e-01
2.420299053192138672e-01 -3.130481839179992676e-01
3.786752223968505859e-01 -4.655862450599670410e-01
-2.445649504661560059e-01 -3.378267884254455566e-01
-3.659535646438598633e-01 4.818870425224304199e-01
-3.463871479034423828e-01 -5.377310514450073242e-02
-1.515348553657531738e-01 -3.706015944480895996e-01
-3.614549636840820312e-01 -2.782458066940307617e-01
-2.701410055160522461e-01 -4.307132959365844727e-02
2.213662266731262207e-01 2.508490085601806641e-01
3.334338665008544922e-01 -2.776735424995422363e-01
-3.194262981414794922e-01 1.555258035659790039e-01
-3.213277459144592285e-01 -1.130965352058410645e-01
3.973668813705444336e-01 1.646637320518493652e-01
-1.738224625587463379e-01 3.743879199028015137e-01
-4.922387003898620605e-01 -1.392732262611389160e-01
1.032615303993225098e-01 -8.370578289031982422e-02
-3.386688232421875000e-02 4.619756340980529785e-01
-2.927288413047790527e-01 7.257163524627685547e-02
-2.526912093162536621e-01 4.911029338836669922e-02
9.765934944152832031e-02 5.507707595825195312e-03
-4.274431467056274414e-01 1.627520322799682617e-01
2.926735877990722656e-01 2.553974986076354980e-01
-2.729632854461669922e-01 -1.848269104957580566e-01
-2.270019650459289551e-01 2.060019969940185547e-01
-3.552752733230590820e-02 -2.325640320777893066e-01
-3.592336177825927734e-01 3.582475185394287109e-01
2.305013537406921387e-01 3.415807485580444336e-01
3.489856719970703125e-01 4.510996341705322266e-01
-2.998946309089660645e-01 1.684502363204956055e-01
-2.941110730171203613e-01 4.174908399581909180e-01
-4.410948753356933594e-01 -3.610886335372924805e-01
2.624080777168273926e-01 -2.401961088180541992e-01
-8.362126350402832031e-02 -3.722996115684509277e-01
3.541123867034912109e-02 -4.030349254608154297e-01
-3.069400787353515625e-03 9.541708230972290039e-02
-2.229396104812622070e-01 2.209173440933227539e-01
4.133092761039733887e-01 1.312751173973083496e-01
-9.312510490417480469e-02 -2.272584438323974609e-01
4.913490414619445801e-01 -5.999577045440673828e-02
1.828227639198303223e-01 -4.275200963020324707e-01
2.229007482528686523e-01 2.742462158203125000e-01
2.567541003227233887e-01 -9.903186559677124023e-02
-8.301514387130737305e-02 -1.434111595153808594e-01
4.041995406150817871e-01 -4.443051218986511230e-01
-1.450423598289489746e-01 1.017237305641174316e-01
2.223464250564575195e-01 -4.730967879295349121e-01
-1.237262487411499023e-01 2.647501230239868164e-02
1.021429300308227539e-01 -3.024567365646362305e-01
-4.992802739143371582e-01 2.095326185226440430e-01
7.074886560440063477e-02 -2.848935127258300781e-01
3.965381383895874023e-01 -7.242548465728759766e-02
-2.993854284286499023e-01 3.888535499572753906e-02
-3.906978368759155273e-01 -2.649919390678405762e-01
2.857753038406372070e-01 -2.062978148460388184e-01
-2.658865451812744141e-01 -3.110215067863464355e-01
1.891369819641113281e-01 8.148211240768432617e-02
-6.444609165191650391e-02 4.039684534072875977e-01
3.586010336875915527e-01 3.775406479835510254e-01
-1.641239523887634277e-01 -2.781929373741149902e-01
5.979311466217041016e-02 3.585820198059082031e-01
-4.219365715980529785e-01 -3.956163525581359863e-01
4.708216786384582520e-01 1.563946604728698730e-01
1.216483116149902344e-01 4.757315516471862793e-01
-3.633208274841308594e-01 3.214308619499206543e-01
-2.624879479408264160e-01 -1.516902446746826172e-02
2.769607305526733398e-01 -4.895457625389099121e-01
6.145817041397094727e-02 -3.787900805473327637e-01
1.690291762351989746e-01 -2.926864027976989746e-01
1.805459260940551758e-01 4.010479450225830078e-01
-4.984050989151000977e-02 -2.134112119674682617e-01
4.826119542121887207e-01 4.427857398986816406e-01
3.654384016990661621e-01 -2.368723750114440918e-01
2.073170542716979980e-01 3.473985195159912109e-01
-3.822659254074096680e-01 4.902748465538024902e-01
6.133872270584106445e-02 3.041551709175109863e-01
2.890458106994628906e-01 3.869491219520568848e-01
4.363652467727661133e-01 3.839194774627685547e-01
1.158237457275390625e-03 7.784932851791381836e-02
2.603151202201843262e-01 -8.123779296875000000e-02
-4.139289259910583496e-01 -4.901597499847412109e-01
3.556187748908996582e-01 -2.636097073554992676e-01
1.935075521469116211e-01 7.242578268051147461e-02
-2.611796259880065918e-01 -2.838199138641357422e-01
1.418769955635070801e-01 1.769566535949707031e-01
2.206486463546752930e-01 3.599531650543212891e-01
4.521960020065307617e-01 -2.729713916778564453e-03
4.222710132598876953e-01 3.533270359039306641e-01
2.245014309883117676e-01 1.943528652191162109e-01
2.424681186676025391e-02 1.257014274597167969e-01
-2.177264094352722168e-01 4.724897742271423340e-01
3.077267408370971680e-01 -2.842782139778137207e-01
3.679317235946655273e-01 3.614093065261840820e-01
-5.412608385086059570e-02 -4.754614233970642090e-01
-4.643589258193969727e-01 1.860725879669189453e-01
-7.991194725036621094e-04 -1.014325618743896484e-01
4.014952778816223145e-01 3.488927483558654785e-01
1.666437983512878418e-01 1.314660310745239258e-01
5.687284469604492188e-02 3.297901749610900879e-01
1.996042728424072266e-01 3.194999694824218750e-02
-2.730867266654968262e-01 3.828825950622558594e-01
-4.835478067398071289e-01 2.515214681625366211e-01
-4.846493005752563477e-01 -3.806953430175781250e-01
2.764210700988769531e-01 -1.876417398452758789e-01
4.840514659881591797e-01 -2.117152810096740723e-01
1.435171365737915039e-01 -1.597818136215209961e-01
-1.695865988731384277e-01 2.081243991851806641e-01
3.626374602317810059e-01 -2.248250842094421387e-01
-3.526467680931091309e-01 -1.431396603584289551e-01
1.637586951255798340e-01 -2.135372161865234375e-02
-2.259269356727600098e-01 1.413618326187133789e-01
1.138674020767211914e-01 3.455503582954406738e-01
3.320612311363220215e-01 2.253874540328979492e-01
4.926556944847106934e-01 4.070833325386047363e-01
-1.661974191665649414e-01 3.504111766815185547e-01
3.334152698516845703e-02 3.181285262107849121e-01
-1.596907973289489746e-01 3.295856118202209473e-01
2.801195979118347168e-01 -4.444853663444519043e-01
-2.551758289337158203e-01 1.615856289863586426e-01
-3.253647685050964355e-01 -3.289508819580078125e-02
4.877217411994934082e-01 1.442553997039794922e-01
3.437075614929199219e-01 1.192219853401184082e-01
-3.774208426475524902e-01 -2.645248174667358398e-01
-2.380915880203247070e-01 -2.103424072265625000e-01
-2.736449241638183594e-04 -7.023811340332031250e-03
2.589076757431030273e-01 -3.399173021316528320e-01
1.359437704086303711e-01 1.128482818603515625e-01
1.054418087005615234e-02 4.904347658157348633e-01
8.186399936676025391e-03 -3.273063898086547852e-01
-1.097325086593627930e-01 3.263383507728576660e-01
1.961128115653991699e-01 -3.615078926086425781e-01
-4.672316312789916992e-01 1.472849249839782715e-01
-9.221386909484863281e-02 -9.345805644989013672e-02
2.919126152992248535e-01 -4.530429840087890625e-03
1.501682996749877930e-01 -2.122092247009277344e-02
2.486230134963989258e-01 4.227642416954040527e-01
-3.372597098350524902e-01 4.274842143058776855e-01
1.396611332893371582e-01 -2.230786681175231934e-01
-3.432688713073730469e-01 -3.009206652641296387e-01
2.394854426383972168e-01 1.321355104446411133e-01
-3.712261319160461426e-01 5.182415246963500977e-02
-3.883937001228332520e-01 4.217329621315002441e-01
3.997146487236022949e-01 1.363831758499145508e-01
-1.115792989730834961e-01 3.867968320846557617e-01
4.606664180755615234e-03 1.124151349067687988e-01
-2.393505573272705078e-01 3.030790686607360840e-01
2.197449803352355957e-01 1.272070407867431641e-01
1.756722927093505859e-01 1.259456872940063477e-01
2.312746644020080566e-01 3.963284492492675781e-01
-1.750082969665527344e-01 -3.565204739570617676e-01
4.647206068038940430e-01 3.692038655281066895e-01
-3.679727315902709961e-01 2.039831876754760742e-01
4.185211658477783203e-01 -4.167981743812561035e-01
-4.421558976173400879e-01 2.050583958625793457e-01
2.162503600120544434e-01 -1.337472796440124512e-01
1.781785488128662109e-02 -6.250798702239990234e-03
-8.300018310546875000e-02 1.712901592254638672e-01
3.869675993919372559e-01 -3.835971355438232422e-01
8.269214630126953125e-02 4.475504755973815918e-01
-1.124342083930969238e-01 4.099943637847900391e-01
-4.029456973075866699e-01 -1.059200763702392578e-01
-4.619025588035583496e-01 -3.213661313056945801e-01
-1.140847802162170410e-01 -3.389735817909240723e-01
-3.778275251388549805e-01 4.394084215164184570e-02
4.481889605522155762e-01 -9.662336111068725586e-02
1.879715919494628906e-02 1.890504360198974609e-02
-3.310835957527160645e-01 1.181341409683227539e-01
-2.572106122970581055e-01 -6.932312250137329102e-02
1.218435764312744141e-01 -1.058578491210937500e-02
-4.534787535667419434e-01 -3.466452360153198242e-01
2.181756496429443359e-02 -1.749908924102783203e-02
-6.738370656967163086e-02 -8.007246255874633789e-02
-4.940859675407409668e-01 -1.260687112808227539e-01
-3.616271018981933594e-01 -4.687975645065307617e-01
-2.864516973495483398e-01 -3.098692893981933594e-01
-4.146367311477661133e-01 -1.569398641586303711e-01
-1.291601061820983887e-01 1.453891992568969727e-01
-3.577519655227661133e-01 8.765357732772827148e-02
-3.221157193183898926e-01 3.741930723190307617e-01
4.806002974510192871e-01 5.051332712173461914e-02
3.057777285575866699e-01 -2.830460071563720703e-01
3.129867315292358398e-01 -1.994740962982177734e-01
-3.521322607994079590e-01 -2.783179283142089844e-01
-2.766237854957580566e-01 1.180273294448852539e-01
3.982484340667724609e-01 -4.437396526336669922e-01
4.395265579223632812e-01 3.956127762794494629e-01
4.897524118423461914e-01 4.054139256477355957e-01
-3.620576262474060059e-01 2.468232512474060059e-01
-1.657237410545349121e-01 2.037495374679565430e-01
-3.789191842079162598e-01 3.400113582611083984e-01
3.040726780891418457e-01 3.400954008102416992e-01
-3.723570108413696289e-01 4.598463177680969238e-01
3.069990873336791992e-01 3.081705570220947266e-01
-4.373120665550231934e-01 -4.684862494468688965e-01
2.108760476112365723e-01 9.098076820373535156e-02
1.937164068222045898e-01 -4.678960442543029785e-01
-3.625167608261108398e-01 3.039232492446899414e-01
-2.996569871902465820e-01 -4.017450213432312012e-01
4.777193069458007812e-03 -2.997970581054687500e-02
4.061340689659118652e-01 3.287241458892822266e-01
-3.166818618774414062e-01 1.658643484115600586e-01
3.237156271934509277e-01 -2.258466482162475586e-01
1.470642685890197754e-01 1.618954539299011230e-01
-2.363979816436767578e-02 1.030989289283752441e-01
3.264170885086059570e-01 5.466240644454956055e-02
-4.199577569961547852e-01 -1.179915666580200195e-01
6.724119186401367188e-03 -2.150240540504455566e-01
3.922172188758850098e-01 -4.461735486984252930e-02
-4.986796379089355469e-01 -1.971775293350219727e-01
-9.162306785583496094e-03 4.962363243103027344e-01
3.366096615791320801e-01 -4.049841165542602539e-01
1.816996335983276367e-01 3.950208425521850586e-01
4.461449980735778809e-01 2.484810352325439453e-01
3.898741006851196289e-01 -2.908788323402404785e-01
-1.311736106872558594e-01 -2.732726335525512695e-01
-2.655377984046936035e-01 -2.875293493270874023e-01
-2.602534294128417969e-01 -2.741417884826660156e-01
2.084851264953613281e-01 1.446977853775024414e-01
-2.341717481613159180e-02 1.106496453285217285e-01
4.932729601860046387e-01 1.623001694679260254e-01
2.765269279479980469e-01 4.816805124282836914e-01
3.305984735488891602e-01 -1.508283615112304688e-01
2.420576810836791992e-01 -1.418532133102416992e-01
4.796724915504455566e-01 -2.571994662284851074e-01
