1.528650522232055664e-02 -1.650980114936828613e-01
-2.006067037582397461e-01 -4.810076951980590820e-02
1.531419157981872559e-01 2.001876831054687500e-01
-3.821440339088439941e-01 -1.144786477088928223e-01
3.410679697990417480e-01 -8.779758214950561523e-02
1.330094337463378906e-01 -3.331659436225891113e-01
3.734177350997924805e-01 -1.662251353263854980e-01
2.269517183303833008e-01 -1.165409088134765625e-01
-4.278697967529296875e-01 -3.576074838638305664e-01
2.994155883789062500e-02 4.084588289260864258e-01
4.376163482666015625e-01 -3.570892214775085449e-01
-5.358880758285522461e-02 4.755557179450988770e-01
2.904000282287597656e-01 2.216675281524658203e-01
-3.683069348335266113e-01 -3.336291313171386719e-01
5.251741409301757812e-02 5.568623542785644531e-03
-1.381441950798034668e-01 3.795228600502014160e-01
7.533162832260131836e-02 -3.566783666610717773e-02
-2.310758233070373535e-01 2.058627009391784668e-01
1.572123765945434570e-01 -3.821822404861450195e-01
-3.415096402168273926e-01 4.309924244880676270e-01
6.697303056716918945e-02 3.912206292152404785e-01
1.372002959251403809e-01 4.815561771392822266e-01
-3.983594179153442383e-01 -3.159999251365661621e-01
-4.235615134239196777e-01 -1.089884042739868164e-01
-1.968669891357421875e-01 3.526390790939331055e-01
-4.151409864425659180e-01 -1.699066758155822754e-01
-4.387988448143005371e-01 1.850593686103820801e-01
-4.154037237167358398e-01 7.727587223052978516e-02
3.692602515220642090e-01 -4.336877465248107910e-01
4.654585123062133789e-01 -1.277023553848266602e-01
2.684611678123474121e-01 3.541772365570068359e-01
2.003183960914611816e-01 -2.452401518821716309e-01
4.354331493377685547e-01 -1.127522587776184082e-01
1.490507125854492188e-01 3.220157027244567871e-01
1.244825124740600586e-01 4.526351690292358398e-01
-3.320104479789733887e-01 1.742839813232421875e-04
1.606431603431701660e-01 2.561587095260620117e-01
-1.653805971145629883e-01 -7.657575607299804688e-02
-2.868795394897460938e-02 7.895457744598388672e-02
-3.576735854148864746e-01 1.369960308074951172e-01
-3.385478258132934570e-01 -4.893079400062561035e-01
3.377214670181274414e-01 -4.362221956253051758e-01
4.237227439880371094e-01 4.204401373863220215e-01
-4.667521715164184570e-01 1.110783815383911133e-01
4.942412972450256348e-01 -1.932996511459350586e-02
3.380750417709350586e-01 -3.536794185638427734e-01
1.849137544631958008e-01 3.337318897247314453e-01
-4.025429487228393555e-01 2.924110293388366699e-01
-1.125725507736206055e-01 2.558281421661376953e-01
-3.897953033447265625e-01 -2.489320635795593262e-01
-1.042847037315368652e-01 -2.200704813003540039e-01
3.084879517555236816e-01 2.388769388198852539e-01
3.012115359306335449e-01 2.317317724227905273e-01
4.937447905540466309e-01 4.364301562309265137e-01
4.341892004013061523e-01 -1.397343277931213379e-01
-1.619359850883483887e-01 -4.210383892059326172e-01
2.253314256668090820e-01 -1.896340847015380859e-01
-1.926926970481872559e-01 4.792194366455078125e-01
-4.875830411911010742e-01 2.962897419929504395e-01
-2.323069572448730469e-01 1.258817911148071289e-01
4.532451629638671875e-01 3.239643573760986328e-01
3.696916103363037109e-01 -3.790466785430908203e-01
-2.028071880340576172e-02 -1.273259520530700684e-01
-3.884656429290771484e-01 -2.221206426620483398e-01
3.749746680259704590e-01 1.290144324302673340e-01
4.163886308670043945e-01 2.067741155624389648e-01
-3.276930451393127441e-01 -1.976267695426940918e-01
-3.497213721275329590e-01 2.965126633644104004e-01
-3.218238949775695801e-01 1.819635033607482910e-01
1.769331097602844238e-01 1.004413962364196777e-01
-1.085549592971801758e-01 -2.478429675102233887e-01
-3.203303813934326172e-01 -2.440153360366821289e-01
-1.826786994934082031e-01 8.883833885192871094e-03
-2.712112665176391602e-01 1.026877164840698242e-01
1.611672639846801758e-01 -3.480843901634216309e-01
-3.405070304870605469e-01 -7.492077350616455078e-02
4.591437578201293945e-01 2.723472714424133301e-01
3.366361856460571289e-01 -1.815166473388671875e-01
4.928803443908691406e-02 2.402389049530029297e-01
4.948840141296386719e-01 -2.623227834701538086e-01
-6.359565258026123047e-02 4.341689348220825195e-01
4.107435345649719238e-01 9.273630380630493164e-02
-4.590868949890136719e-03 -8.096081018447875977e-02
1.638056635856628418e-01 -1.799532175064086914e-01
4.270586967468261719e-01 3.113182783126831055e-01
3.304426670074462891e-01 1.772491335868835449e-01
1.407140493392944336e-02 -3.424796462059020996e-01
3.035438656806945801e-01 2.327308058738708496e-01
-9.016633033752441406e-03 4.277959465980529785e-01
-1.361925601959228516e-01 3.178687691688537598e-01
3.128787875175476074e-01 -1.442490816116333008e-01
-2.686893939971923828e-02 -3.923235535621643066e-01
3.070802092552185059e-01 2.206268906593322754e-01
1.507049798965454102e-02 -2.871572971343994141e-03
-3.387424349784851074e-01 -3.132572770118713379e-01
4.274147152900695801e-01 -2.307499647140502930e-01
4.213462471961975098e-01 -4.716828465461730957e-01
-2.449821829795837402e-01 3.122383356094360352e-01
-1.581832170486450195e-01 1.273847222328186035e-01
-3.760149478912353516e-01 4.767483472824096680e-01
3.029584288597106934e-01 -2.435631752014160156e-01
-3.348028063774108887e-01 -3.176358342170715332e-01
-2.342816591262817383e-01 -2.102106809616088867e-01
7.080495357513427734e-02 -2.654373049736022949e-01
2.047298550605773926e-01 -4.007009267807006836e-01
-4.883766174316406250e-03 -9.833556413650512695e-02
-3.791733384132385254e-01 3.795367479324340820e-01
-3.321310877799987793e-01 -9.518599510192871094e-02
4.139863252639770508e-01 3.509296774864196777e-01
3.724641203880310059e-01 -3.725045323371887207e-01
4.331982135772705078e-01 -4.025435447692871094e-02
-4.157714247703552246e-01 2.437832951545715332e-01
-1.069740056991577148e-01 2.223501205444335938e-01
3.562211990356445312e-01 -1.071542501449584961e-02
4.980874657630920410e-01 -3.321284651756286621e-01
2.381993532180786133e-01 -1.158784627914428711e-01
-2.828264236450195312e-02 -2.899175882339477539e-02
-3.604590296745300293e-01 3.408951759338378906e-01
-3.504703044891357422e-01 -2.621001005172729492e-01
-2.594060897827148438e-01 -2.246267795562744141e-01
5.468809604644775391e-02 -1.458786725997924805e-01
1.756152510643005371e-01 -4.161524772644042969e-01
-4.768937826156616211e-02 8.920341730117797852e-02
-6.216287612915039062e-02 -4.361614584922790527e-01
-2.840765714645385742e-01 -3.349315524101257324e-01
5.333089828491210938e-02 6.451129913330078125e-02
-2.574506402015686035e-01 -2.100695967674255371e-01
1.585605740547180176e-01 1.040246486663818359e-01
3.183970451354980469e-01 -3.393194079399108887e-01
-1.760125160217285156e-04 1.993936300277709961e-01
-3.323948383331298828e-01 1.547970771789550781e-01
-1.495729088783264160e-01 -3.552303314208984375e-01
-2.171396613121032715e-01 2.484846711158752441e-01
-1.231690645217895508e-01 -6.977254152297973633e-02
-4.651112556457519531e-01 4.187333583831787109e-02
-4.138213992118835449e-01 1.875417232513427734e-01
-3.378807306289672852e-01 -4.122599959373474121e-01
1.769354343414306641e-01 2.810761928558349609e-01
4.134771227836608887e-01 -4.935650229454040527e-01
-1.265699863433837891e-01 1.406621932983398438e-01
-4.186773300170898438e-02 -1.355572938919067383e-01
2.554821968078613281e-01 -3.238921761512756348e-01
2.374299168586730957e-01 3.285748362541198730e-01
-1.653844714164733887e-01 -3.615883588790893555e-01
8.998185396194458008e-02 5.334687232971191406e-02
-2.304553389549255371e-01 -2.504575848579406738e-01
1.948114633560180664e-01 -1.336443424224853516e-01
-2.166215777397155762e-01 4.333655834197998047e-01
-2.623903751373291016e-01 -3.652470707893371582e-01
2.201984524726867676e-01 -4.578900337219238281e-02
-2.996905446052551270e-01 -1.168188452720642090e-01
-4.488467574119567871e-01 2.023096084594726562e-01
-3.354837894439697266e-01 -4.996227622032165527e-01
1.913902163505554199e-01 -4.927751421928405762e-01
1.415666341781616211e-01 4.854563474655151367e-01
5.114960670471191406e-02 -3.562583327293395996e-01
4.129487872123718262e-01 1.446472406387329102e-01
-4.472638964653015137e-01 -2.476694583892822266e-01
-3.802431821823120117e-01 1.913101673126220703e-01
-8.818250894546508789e-02 -3.065364956855773926e-01
5.943071842193603516e-02 -2.043778896331787109e-01
-2.286182045936584473e-01 3.427948951721191406e-01
3.231965303421020508e-01 -1.346455216407775879e-01
-3.716183304786682129e-01 4.214463233947753906e-01
3.256643414497375488e-01 1.612082719802856445e-01
3.814921975135803223e-01 1.389265060424804688e-02
-3.508033156394958496e-01 2.782487869262695312e-01
4.456897974014282227e-01 5.093246698379516602e-02
-2.049238681793212891e-01 5.678266286849975586e-02
3.264902830123901367e-01 3.022824525833129883e-01
3.817720413208007812e-01 4.072144031524658203e-01
4.616637229919433594e-01 -4.734540581703186035e-01
-1.563846468925476074e-01 -1.794989109039306641e-01
-3.095498681068420410e-01 -9.464448690414428711e-02
-1.904358267784118652e-01 3.073102235794067383e-02
-1.316678524017333984e-02 -3.379565477371215820e-01
-2.591543793678283691e-01 -3.634397387504577637e-01
-5.111825466156005859e-02 -1.678482294082641602e-01
5.885303020477294922e-03 -1.722036600112915039e-01
1.119972467422485352e-01 3.526684641838073730e-01
3.113820552825927734e-01 -3.141491413116455078e-01
4.600312113761901855e-01 -4.623696208000183105e-01
-4.393730759620666504e-01 2.405518293380737305e-02
5.454152822494506836e-02 1.475989818572998047e-03
4.890815615653991699e-01 -3.265556693077087402e-01
4.974288344383239746e-01 3.535819053649902344e-02
1.285092234611511230e-01 -4.979276657104492188e-01
-1.948099732398986816e-01 2.719104290008544922e-01
1.603438258171081543e-01 -2.729413509368896484e-01
-9.423857927322387695e-02 -1.965768337249755859e-01
3.727547526359558105e-01 -4.725622534751892090e-01
-4.623562097549438477e-02 -2.446656227111816406e-01
-6.752908229827880859e-03 6.603598594665527344e-04
5.451875925064086914e-02 -1.247664690017700195e-01
3.982627987861633301e-01 2.070994973182678223e-01
-1.080080866813659668e-01 7.644444704055786133e-02
1.635584831237792969e-01 1.182077527046203613e-01
-3.918981552124023438e-01 -2.468187212944030762e-01
3.541289567947387695e-01 -3.364605903625488281e-01
4.441941380500793457e-01 -1.030369997024536133e-01
1.774800419807434082e-01 -2.718533873558044434e-01
-1.194947957992553711e-01 9.450852870941162109e-02
-7.381391525268554688e-02 9.192931652069091797e-02
4.132382869720458984e-01 -1.046404838562011719e-01
-1.128864884376525879e-01 3.603130578994750977e-02
4.941242337226867676e-01 -4.363203644752502441e-01
2.859833836555480957e-01 2.362582087516784668e-01
-2.314388751983642578e-02 -7.349526882171630859e-02
-1.324939727783203125e-02 1.074365377426147461e-01
-7.984870672225952148e-02 -1.419959068298339844e-01
4.304051399230957031e-03 -1.240253448486328125e-03
9.418141841888427734e-02 4.833637475967407227e-01
-3.578205704689025879e-01 4.684526920318603516e-01
2.836979627609252930e-01 -7.604181766510009766e-02
1.746321320533752441e-01 1.679950356483459473e-01
-2.290523648262023926e-01 8.841192722320556641e-02
2.805661559104919434e-01 2.094155550003051758e-02
2.969574928283691406e-02 4.314437508583068848e-01
4.011169075965881348e-01 -1.701887249946594238e-01
3.844135999679565430e-02 3.708877563476562500e-01
4.630810022354125977e-02 -2.984074354171752930e-01
1.878329515457153320e-01 -3.980253934860229492e-01
2.351229786872863770e-01 1.109344959259033203e-01
-2.916351556777954102e-01 3.644500970840454102e-01
4.673550724983215332e-01 2.147418260574340820e-02
-3.063145279884338379e-01 -4.466093778610229492e-01
-3.282840847969055176e-01 -4.908226728439331055e-01
4.337615966796875000e-01 9.337556362152099609e-02
3.078591823577880859e-02 1.490976810455322266e-01
9.579658508300781250e-03 4.106954932212829590e-01
8.225041627883911133e-02 1.216761469841003418e-01
-3.356266021728515625e-02 2.994917035102844238e-01
-4.994301795959472656e-01 3.961432576179504395e-01
1.317433118820190430e-01 4.489258527755737305e-01
3.538875579833984375e-01 1.141639947891235352e-01
-4.196443557739257812e-01 1.724885702133178711e-01
-1.888003349304199219e-01 -2.458846569061279297e-02
6.236296892166137695e-02 5.180966854095458984e-02
-2.313644289970397949e-01 1.499398946762084961e-01
-3.606655597686767578e-01 1.327650547027587891e-01
-3.027555942535400391e-01 -1.261887550354003906e-01
4.274336099624633789e-01 4.159657955169677734e-01
-6.658458709716796875e-02 -3.905004858970642090e-01
4.871051311492919922e-01 -3.895748257637023926e-01
1.151790022850036621e-01 4.161698222160339355e-01
-3.623147606849670410e-01 1.878809928894042969e-02
4.245211482048034668e-01 -5.803626775741577148e-02
5.637156963348388672e-02 3.557479381561279297e-02
-1.450547575950622559e-01 4.860299825668334961e-01
4.814875125885009766e-01 -3.490902781486511230e-01
-8.477824926376342773e-02 2.569509744644165039e-01
3.979107141494750977e-01 4.670608043670654297e-02
-3.377091288566589355e-01 5.215710401535034180e-02
2.238417863845825195e-01 -2.530645728111267090e-01
2.265581488609313965e-01 -1.282107830047607422e-01
1.120094656944274902e-01 -4.022269248962402344e-01
3.844193220138549805e-01 -4.462209939956665039e-01
-4.437941908836364746e-01 4.048712253570556641e-01
-4.751928448677062988e-01 -4.266142845153808594e-03
-4.821083545684814453e-01 -2.986412644386291504e-01
-3.680120706558227539e-01 1.037700772285461426e-01
3.099672794342041016e-01 -4.728498458862304688e-01
-4.592512249946594238e-01 -1.197443008422851562e-01
-4.043986201286315918e-01 -1.878530383110046387e-01
-4.611943364143371582e-01 1.515007019042968750e-01
4.871079921722412109e-01 -7.185214757919311523e-02
5.904465913772583008e-02 -2.810501456260681152e-01
2.532272934913635254e-01 2.468048334121704102e-01
-3.993003368377685547e-01 4.456171393394470215e-01
1.023149490356445312e-02 9.615349769592285156e-02
-3.472268581390380859e-01 -2.800295948982238770e-01
1.641654372215270996e-01 4.808244109153747559e-01
-1.962000131607055664e-01 -3.905278444290161133e-02
-1.089109182357788086e-01 -2.409249544143676758e-02
-4.727829694747924805e-01 -3.587734699249267578e-02
1.156775355339050293e-01 -1.076033711433410645e-01
-4.365354180335998535e-01 -4.284246563911437988e-01
-2.522226572036743164e-01 -2.909690141677856445e-02
3.823673129081726074e-01 3.679703474044799805e-01
2.965211868286132812e-02 4.379504919052124023e-01
2.180427312850952148e-01 -6.987392902374267578e-03
4.596003890037536621e-01 -2.574711441993713379e-01
-9.398567676544189453e-02 1.017556190490722656e-01
-3.979152441024780273e-02 -4.499295949935913086e-01
-4.015651345252990723e-01 -3.033577799797058105e-01
-3.679794669151306152e-01 4.223450422286987305e-01
-8.086889982223510742e-02 2.740169167518615723e-01
1.663619279861450195e-01 2.400493621826171875e-01
4.505378007888793945e-01 -1.242700219154357910e-01
1.049864292144775391e-01 1.080082654953002930e-01
-3.219219446182250977e-01 -3.584969639778137207e-01
-2.782900929450988770e-01 -1.959372162818908691e-01
2.835333943367004395e-01 -1.689713597297668457e-01
1.670008897781372070e-02 4.226142168045043945e-02
-8.749121427536010742e-02 -4.149284958839416504e-01
3.728948235511779785e-01 -3.222136497497558594e-01
-1.635547280311584473e-01 -1.758943796157836914e-01
3.047249913215637207e-01 1.228630542755126953e-01
-3.403075933456420898e-01 -2.205028533935546875e-01
-3.710891604423522949e-01 -4.383432269096374512e-01
-1.511361598968505859e-01 2.496675252914428711e-01
4.842144250869750977e-01 4.615855813026428223e-01
3.033257722854614258e-01 -1.011489033699035645e-01
-3.852355480194091797e-02 -1.100533008575439453e-01
-4.450882077217102051e-01 -3.885575532913208008e-01
1.693120598793029785e-01 -2.928060293197631836e-01
-2.430346608161926270e-01 -5.096375942230224609e-02
-3.115054965019226074e-01 -2.148449420928955078e-01
-3.654756546020507812e-01 -4.989879727363586426e-01
-5.213648080825805664e-02 3.561429977416992188e-01
4.809696674346923828e-01 -4.443895816802978516e-02
1.322773098945617676e-01 -2.744639515876770020e-01
4.042710065841674805e-01 -3.676605224609375000e-02
2.574348449707031250e-02 3.249603509902954102e-02
-2.991778850555419922e-01 2.580922842025756836e-01
3.385944366455078125e-01 -1.245089173316955566e-01
1.877698302268981934e-01 -3.070935010910034180e-01
3.812433481216430664e-01 -1.872951984405517578e-01
-3.511174917221069336e-01 4.965316057205200195e-01
-4.390566945075988770e-01 3.074959516525268555e-01
-9.682518243789672852e-02 9.093874692916870117e-02
-4.635806679725646973e-01 9.522259235382080078e-02
-3.528070449829101562e-01 -1.924394369125366211e-01
3.433692455291748047e-01 -2.025656104087829590e-01
2.165030241012573242e-01 9.071588516235351562e-02
4.258361458778381348e-01 2.034501433372497559e-01
-4.810106754302978516e-02 6.451165676116943359e-02
4.084959626197814941e-01 1.325875520706176758e-01
-3.311061859130859375e-01 -2.611152529716491699e-01
-3.524894118309020996e-01 1.094428896903991699e-01
-3.463464379310607910e-01 -2.207285165786743164e-01
-4.937219619750976562e-01 1.655442118644714355e-01
7.724642753601074219e-03 -3.648850321769714355e-01
-2.440268993377685547e-01 4.932862520217895508e-02
-2.095701694488525391e-01 -1.703514456748962402e-01
-3.153530955314636230e-01 -2.885187864303588867e-01
2.742782831192016602e-01 2.048750519752502441e-01
4.206604361534118652e-01 -4.864161610603332520e-01
1.137190461158752441e-01 3.909031152725219727e-01
-3.134617209434509277e-01 1.019665002822875977e-01
3.400841355323791504e-01 1.305541396141052246e-01
4.388794898986816406e-01 3.225285410881042480e-01
3.681100606918334961e-01 4.070029854774475098e-01
3.797590732574462891e-01 1.187343001365661621e-01
1.094257235527038574e-01 -5.533510446548461914e-02
-3.748190402984619141e-02 -4.442064166069030762e-01
-6.110727787017822266e-03 -4.753672480583190918e-01
-2.962915897369384766e-01 -1.234651207923889160e-01
-2.559289336204528809e-01 2.694941759109497070e-01
-4.529235363006591797e-01 -1.179400682449340820e-01
1.954144835472106934e-01 -2.181398272514343262e-01
4.248149394989013672e-01 -2.266387939453125000e-01
4.851758480072021484e-01 4.001671671867370605e-01
-1.313021183013916016e-01 2.534401416778564453e-02
3.621280789375305176e-01 -5.760365724563598633e-02
-3.542723059654235840e-01 -4.209131002426147461e-01
4.012150764465332031e-01 -4.032154679298400879e-01
-4.075118899345397949e-01 -3.076818585395812988e-01
-5.462598800659179688e-02 3.845458030700683594e-01
-5.913913249969482422e-02 4.878622293472290039e-02
4.750367999076843262e-01 1.025325655937194824e-01
2.029670476913452148e-01 1.748977899551391602e-01
-3.803884387016296387e-01 2.216749787330627441e-01
2.846460938453674316e-01 1.807304024696350098e-01
-1.407265663146972656e-01 -1.060710549354553223e-01
3.695910573005676270e-01 -1.916063427925109863e-01
1.597259640693664551e-01 -3.705647587776184082e-01
-2.745140194892883301e-01 -2.314038872718811035e-01
-9.520715475082397461e-02 4.221988916397094727e-01
-3.185908198356628418e-01 3.373032808303833008e-01
-3.039895892143249512e-01 4.896258711814880371e-01
1.322892904281616211e-01 4.676631689071655273e-01
3.356208205223083496e-01 1.402616500854492188e-01
2.338961362838745117e-01 -3.839664459228515625e-01
-5.395275354385375977e-02 3.925611972808837891e-01
2.932492494583129883e-01 2.899258732795715332e-01
4.911055564880371094e-01 7.043790817260742188e-02
-1.969671249389648438e-01 -3.451098799705505371e-01
-4.241308569908142090e-01 3.179212808609008789e-01
-3.632736802101135254e-01 -4.641369581222534180e-01
-1.207779049873352051e-01 1.993066668510437012e-01
-7.547873258590698242e-02 -4.591168761253356934e-01
-3.385887742042541504e-01 4.834262728691101074e-01
-3.328078389167785645e-01 8.220511674880981445e-02
4.764057397842407227e-01 3.241809010505676270e-01
-8.042657375335693359e-02 3.395097851753234863e-01
3.759642243385314941e-01 9.729564189910888672e-02
3.545440435409545898e-01 -9.450882673263549805e-02
3.025750517845153809e-01 -2.116706371307373047e-01
-3.650689721107482910e-01 -4.152778983116149902e-01
3.133095502853393555e-01 -2.875372171401977539e-01
3.490298390388488770e-01 -4.123649001121520996e-01
-8.748191595077514648e-02 -4.627957940101623535e-01
-1.414225697517395020e-01 3.492013216018676758e-01
4.887671470642089844e-01 -1.878945231437683105e-01
-3.305990695953369141e-01 -1.600313186645507812e-02
3.025438189506530762e-01 -1.825611591339111328e-01
-4.309404492378234863e-01 -2.416081428527832031e-01
3.988984823226928711e-01 4.694938659667968750e-03
9.911262989044189453e-02 2.066436409950256348e-01
3.419660925865173340e-01 -3.730404376983642578e-02
4.272856712341308594e-01 1.453284621238708496e-01
-3.935598731040954590e-01 -2.533734440803527832e-01
-3.532980680465698242e-01 -1.960627436637878418e-01
-1.150909066200256348e-01 -2.875068783760070801e-01
2.177311182022094727e-01 3.703913688659667969e-01
-4.982363581657409668e-01 -1.794161200523376465e-01
-4.623413085937500000e-02 3.543757200241088867e-01
-8.652502298355102539e-02 4.538245201110839844e-01
3.534736633300781250e-01 -2.447360754013061523e-01
-3.468179702758789062e-02 4.550887942314147949e-01
-1.328691244125366211e-01 1.208860874176025391e-01
2.987718582153320312e-01 3.658858537673950195e-01
3.514286279678344727e-01 1.652994751930236816e-01
4.186329841613769531e-01 -1.316638588905334473e-01
3.538830876350402832e-01 4.104883074760437012e-01
8.613806962966918945e-02 4.157853126525878906e-01
4.342921972274780273e-01 -1.240586042404174805e-01
2.339416742324829102e-02 -1.845357418060302734e-01
3.422732353210449219e-01 -8.334279060363769531e-02
4.804151058197021484e-01 -4.150190353393554688e-01
-4.358237981796264648e-02 3.251938223838806152e-01
-5.240005254745483398e-02 3.272160291671752930e-01
1.245914101600646973e-01 1.935375332832336426e-01
-1.892554163932800293e-01 -6.203186511993408203e-02
1.578343510627746582e-01 -6.445562839508056641e-02
-3.646975755691528320e-01 3.147373795509338379e-01
-3.078666925430297852e-01 2.533465623855590820e-02
3.747841715812683105e-01 2.727961540222167969e-02
-2.031478285789489746e-01 -6.804388761520385742e-02
1.701670289039611816e-01 2.531224489212036133e-02
4.201829433441162109e-03 -3.949141502380371094e-01
4.205244183540344238e-01 -1.524128913879394531e-01
4.133532047271728516e-01 8.347493410110473633e-02
-6.754332780838012695e-02 3.410330414772033691e-01
-1.804867386817932129e-01 2.790223360061645508e-01
-3.713071942329406738e-01 -2.470386028289794922e-01
-2.001583576202392578e-02 4.270904660224914551e-01
2.115302085876464844e-01 3.886815905570983887e-01
-1.028614044189453125e-01 -2.635894417762756348e-01
1.937303543090820312e-01 1.847895979881286621e-01
-4.058234095573425293e-01 -1.905809640884399414e-01
-2.562502026557922363e-01 2.491317987442016602e-01
-3.315505385398864746e-01 -4.972479939460754395e-01
3.037859201431274414e-01 3.914353847503662109e-01
-3.156477212905883789e-01 1.387573480606079102e-01
1.246733665466308594e-01 4.171595573425292969e-01
4.385834932327270508e-02 -1.124500632286071777e-01
-7.283973693847656250e-02 4.292957186698913574e-01
-1.996573209762573242e-01 -2.668246030807495117e-01
4.668416380882263184e-01 -4.405004978179931641e-01
8.571428060531616211e-02 -2.504891753196716309e-01
-3.747266530990600586e-02 -1.079084277153015137e-01
-4.765963554382324219e-01 -4.881014227867126465e-01
-4.427922964096069336e-01 -2.381539344787597656e-02
1.982294917106628418e-01 4.751569628715515137e-01
4.944006204605102539e-01 -3.595975041389465332e-01
2.661831378936767578e-01 1.650446057319641113e-01
1.467869281768798828e-01 -3.885936737060546875e-01
9.461182355880737305e-02 -1.249573826789855957e-01
3.667997717857360840e-01 -3.388855457305908203e-01
5.722045898437500000e-03 4.090051651000976562e-01
-2.299339771270751953e-01 -7.868868112564086914e-02
3.257910609245300293e-01 1.979475021362304688e-01
-4.392715692520141602e-01 -2.159321904182434082e-01
4.753622412681579590e-01 -4.074591398239135742e-01
-3.690463304519653320e-01 3.630452156066894531e-01
6.732255220413208008e-02 -1.010229587554931641e-01
4.160577058792114258e-01 -1.552364826202392578e-01
-1.468606591224670410e-01 -2.423816919326782227e-02
2.998259663581848145e-01 -3.604717850685119629e-01
-5.314499139785766602e-02 -4.304002523422241211e-01
-3.961061835289001465e-01 7.009327411651611328e-02
4.761414527893066406e-01 -4.864014387130737305e-01
7.090377807617187500e-02 1.326077580451965332e-01
1.199317574501037598e-01 2.016277313232421875e-01
4.538795351982116699e-01 -9.423959255218505859e-02
4.611239433288574219e-01 4.298248291015625000e-01
3.594434261322021484e-02 -8.435809612274169922e-02
7.135391235351562500e-02 -1.735907196998596191e-01
2.161079645156860352e-02 2.384158968925476074e-01
1.073673963546752930e-01 -3.876932859420776367e-01
-4.190570712089538574e-01 3.657956123352050781e-01
1.228074431419372559e-01 -1.138424873352050781e-02
-1.556757092475891113e-01 2.045534253120422363e-01
-4.167601466178894043e-01 -3.402287960052490234e-01
-8.073073625564575195e-02 6.900382041931152344e-02
-2.391241788864135742e-01 -1.299486160278320312e-01
7.945251464843750000e-02 -4.450429677963256836e-01
3.759968280792236328e-01 2.598754763603210449e-01
-4.134153723716735840e-01 -4.285817146301269531e-01
-1.113556027412414551e-01 -3.315126895904541016e-02
-4.480117559432983398e-01 -2.217620015144348145e-01
-1.253401041030883789e-01 3.897179961204528809e-01
-4.690330028533935547e-01 2.054172754287719727e-02
2.481766939163208008e-01 -3.963688015937805176e-01
-4.085398316383361816e-01 4.384299516677856445e-01
-1.408687829971313477e-01 3.582090139389038086e-02
-1.987954378128051758e-01 -4.611097574234008789e-01
4.269188642501831055e-01 2.708203196525573730e-01
3.233388662338256836e-01 -1.672011613845825195e-02
3.945714235305786133e-01 -4.380103945732116699e-01
3.145691156387329102e-01 -4.076833724975585938e-01
2.303725481033325195e-01 2.826591730117797852e-01
-2.794386744499206543e-01 3.529895544052124023e-01
2.911789417266845703e-01 -4.294962882995605469e-01
-3.857172727584838867e-01 1.719768643379211426e-01
-1.109663844108581543e-01 -2.174365520477294922e-02
3.458541035652160645e-01 -3.248918652534484863e-01
-2.950698137283325195e-01 -5.403512716293334961e-02
-4.019284248352050781e-01 -2.584388256072998047e-01
-1.590217351913452148e-01 1.113356351852416992e-01
1.346495747566223145e-01 -4.259070158004760742e-01
3.696408867835998535e-01 3.983628153800964355e-01
-2.984122633934020996e-01 -2.466185092926025391e-01
1.464628577232360840e-01 -4.541617631912231445e-01
4.712998867034912109e-03 -1.362667083740234375e-01
3.614488840103149414e-01 2.973768711090087891e-01
-2.337604761123657227e-02 4.622308015823364258e-01
-3.666889667510986328e-02 3.047572970390319824e-01
-1.813573837280273438e-01 -3.487688302993774414e-01
4.989367127418518066e-01 4.327369332313537598e-01
4.817751049995422363e-01 -4.531257748603820801e-01
-1.462209820747375488e-01 -2.444543242454528809e-01
1.205780506134033203e-01 7.574713230133056641e-02
-4.923794269561767578e-01 1.767535209655761719e-01
4.247908592224121094e-01 -2.711527347564697266e-01
-2.768239974975585938e-01 -2.484465837478637695e-01
1.673858761787414551e-01 -3.246575593948364258e-01
4.383500814437866211e-01 1.167666316032409668e-01
2.835184931755065918e-01 1.255971789360046387e-01
1.289392709732055664e-01 -1.660675406455993652e-01
4.710038304328918457e-01 2.844558954238891602e-01
-4.382177591323852539e-01 -2.535457611083984375e-01
-4.627994298934936523e-01 4.448505640029907227e-01
-2.257366776466369629e-01 1.166679859161376953e-01
2.439237833023071289e-01 9.829574823379516602e-02
-1.672977209091186523e-01 2.634262442588806152e-01
1.219428181648254395e-01 2.471963763236999512e-01
-3.129647374153137207e-01 -4.042739868164062500e-01
-1.561716794967651367e-01 2.917796373367309570e-01
3.038753271102905273e-01 -1.670191884040832520e-01
3.991723060607910156e-01 6.357669830322265625e-03
-6.671881675720214844e-02 1.438850164413452148e-01
-8.854413032531738281e-02 -4.969792366027832031e-01
-4.483265280723571777e-01 -9.590792655944824219e-02
4.064041376113891602e-02 -2.952505946159362793e-01
3.700597882270812988e-01 -4.111909270286560059e-01
-2.504052519798278809e-01 4.530639052391052246e-01
-4.023284316062927246e-01 -3.968295454978942871e-01
-2.689170241355895996e-01 6.263893842697143555e-02
-2.109304666519165039e-01 -2.018486857414245605e-01
-1.896185278892517090e-01 -9.275376796722412109e-02
-1.844522953033447266e-01 4.596265554428100586e-01
2.281010150909423828e-03 -2.204672098159790039e-01
3.174561858177185059e-01 8.459895849227905273e-02
-3.834825754165649414e-01 -4.383358955383300781e-01
-2.771260738372802734e-01 -1.043815612792968750e-01
-3.404464721679687500e-01 2.323260903358459473e-01
-2.691478133201599121e-01 -3.255926966667175293e-01
-3.369876742362976074e-01 -1.410768628120422363e-01
-4.905562400817871094e-01 -1.735073328018188477e-02
3.938080668449401855e-01 1.124455928802490234e-01
-3.725151419639587402e-01 3.140993118286132812e-01
-1.753705739974975586e-01 -1.812624931335449219e-01
-4.483982920646667480e-01 -1.016575098037719727e-01
3.456530570983886719e-01 2.390248179435729980e-01
6.996959447860717773e-02 -1.873367428779602051e-01
-2.836362123489379883e-01 -4.551523923873901367e-01
4.959152340888977051e-01 -2.633329629898071289e-01
3.601094484329223633e-01 2.815987467765808105e-01
8.207434415817260742e-02 8.505702018737792969e-03
1.983772516250610352e-01 2.345598340034484863e-01
2.864730954170227051e-01 3.771495819091796875e-02
-2.054861187934875488e-01 2.179759740829467773e-02
3.115059137344360352e-01 3.878903388977050781e-01
1.286321282386779785e-01 -3.653872609138488770e-01
6.586694717407226562e-02 -3.214854001998901367e-02
1.156079173088073730e-01 -4.310845136642456055e-01
-3.866167664527893066e-01 -4.490131139755249023e-02
4.756669402122497559e-01 2.853856086730957031e-01
2.714819908142089844e-01 6.400710344314575195e-02
3.370044827461242676e-01 2.236534357070922852e-01
-4.338691234588623047e-01 3.919387459754943848e-01
3.169536590576171875e-02 8.356773853302001953e-02
3.027598857879638672e-01 -9.770977497100830078e-02
4.528801441192626953e-01 -2.896935939788818359e-01
-1.488028168678283691e-01 -2.306332588195800781e-01
4.743465185165405273e-01 1.388974785804748535e-01
-1.962418556213378906e-01 1.734721660614013672e-02
1.488673090934753418e-01 2.331683635711669922e-01
-2.546789050102233887e-01 1.937987208366394043e-01
9.944629669189453125e-02 -7.371634244918823242e-02
-1.083729863166809082e-01 4.883158206939697266e-01
3.916357755661010742e-01 4.546843767166137695e-01
-1.034855842590332031e-01 7.355761528015136719e-02
3.286009430885314941e-01 -4.831986427307128906e-01
4.972465634346008301e-01 -1.575999855995178223e-01
-3.343229293823242188e-01 -1.170757412910461426e-01
-2.219215631484985352e-01 3.113155364990234375e-01
-3.121655583381652832e-01 -2.434736490249633789e-01
3.237864971160888672e-01 4.041209816932678223e-01
4.304171204566955566e-01 -4.216799736022949219e-01
2.239760160446166992e-01 3.022699952125549316e-01
-2.787892222404479980e-01 5.467349290847778320e-02
-3.482308983802795410e-01 -3.002967238426208496e-01
-3.599817752838134766e-01 -1.958603858947753906e-01
8.477753400802612305e-02 -2.578927874565124512e-01
-5.703687667846679688e-03 -6.047981977462768555e-02
2.960571050643920898e-01 2.767965793609619141e-01
4.227370023727416992e-01 -8.367937803268432617e-02
-5.452579259872436523e-02 1.975822448730468750e-01
4.464282989501953125e-01 4.627341032028198242e-01
1.001371741294860840e-01 -5.103486776351928711e-02
3.923484683036804199e-01 -4.916337728500366211e-01
-4.328895211219787598e-01 4.375499486923217773e-02
4.935157895088195801e-01 1.109561920166015625e-01
-4.054411053657531738e-01 3.810924887657165527e-01
-1.112539768218994141e-01 -4.032080769538879395e-01
3.627268075942993164e-01 -1.486779451370239258e-01
-4.217448234558105469e-01 -4.685342311859130859e-03
1.823450922966003418e-01 1.654227375984191895e-01
-1.905847787857055664e-01 5.650699138641357422e-03
-3.369321823120117188e-01 -3.077598810195922852e-01
-3.593231439590454102e-01 -1.246024370193481445e-01
1.407201290130615234e-01 4.494178295135498047e-01
-2.606052160263061523e-02 8.753424882888793945e-02
-2.561703920364379883e-01 -1.057575941085815430e-01
1.050452589988708496e-01 4.921596646308898926e-01
-1.814004778861999512e-01 2.164318561553955078e-01
-2.415012121200561523e-01 -4.582464694976806641e-03
-3.724663853645324707e-01 4.718095064163208008e-02
-7.784485816955566406e-02 -3.961460590362548828e-01
4.585392475128173828e-01 -1.882001757621765137e-01
-2.916455268859863281e-03 -3.790323734283447266e-01
-8.907943964004516602e-02 -3.436942696571350098e-01
-3.333947658538818359e-01 4.370287656784057617e-01
3.487920761108398438e-02 -3.299433588981628418e-01
4.488092064857482910e-01 -3.149905204772949219e-01
1.640557050704956055e-01 -9.532946348190307617e-02
-3.640152812004089355e-01 4.798083901405334473e-01
-1.462144851684570312e-01 1.847305297851562500e-01
3.959246277809143066e-01 1.399351954460144043e-01
-4.299533367156982422e-01 3.647912740707397461e-01
-3.927686214447021484e-01 4.116286039352416992e-01
-3.549885749816894531e-02 4.026178717613220215e-01
2.176903486251831055e-01 2.223063111305236816e-01
-2.217545509338378906e-01 1.716610789299011230e-01
4.586391448974609375e-01 -6.397932767868041992e-02
2.412784099578857422e-02 2.994330525398254395e-01
7.642358541488647461e-02 1.341038942337036133e-01
2.856572270393371582e-01 2.786239981651306152e-01
-2.899235486984252930e-02 2.173066139221191406e-03
5.807656049728393555e-02 1.296145319938659668e-01
7.955330610275268555e-02 -2.396283149719238281e-01
3.556765317916870117e-01 2.538536787033081055e-01
-4.159327745437622070e-01 -1.123416423797607422e-02
-1.801533699035644531e-01 4.296528100967407227e-01
-1.490517258644104004e-01 1.452846527099609375e-01
4.487097263336181641e-02 -3.009222745895385742e-01
1.090153455734252930e-01 2.605409026145935059e-01
-4.295845031738281250e-01 -2.244898676872253418e-01
-4.439931511878967285e-01 -3.470917940139770508e-01
2.026261687278747559e-01 1.629423499107360840e-01
1.201812624931335449e-01 2.948387265205383301e-01
-4.442417621612548828e-01 1.380801200866699219e-02
1.191006302833557129e-01 -2.045674920082092285e-01
4.884226918220520020e-01 -2.076970338821411133e-01
-4.751577377319335938e-01 3.481456041336059570e-01
2.605594992637634277e-01 4.465431571006774902e-01
1.891016960144042969e-02 -1.413706541061401367e-01
-3.398486375808715820e-01 6.010276079177856445e-02
9.002202749252319336e-02 3.886590003967285156e-01
-9.869462251663208008e-02 -4.071692824363708496e-01
2.411616444587707520e-01 -3.414705991744995117e-01
-4.034591317176818848e-01 -4.315733313560485840e-01
-6.864529848098754883e-02 -1.417415738105773926e-01
-4.573661088943481445e-02 4.805130958557128906e-01
-1.729538440704345703e-01 -4.615881443023681641e-01
2.834501862525939941e-01 -2.305622100830078125e-01
4.265387058258056641e-01 -2.293263673782348633e-01
-2.935080528259277344e-01 -3.328649997711181641e-01
1.302024722099304199e-01 3.641546368598937988e-01
-3.841691613197326660e-01 -4.344224333763122559e-01
2.999135851860046387e-01 3.483744263648986816e-01
-4.866707921028137207e-01 -2.809190750122070312e-01
4.148387908935546875e-02 -2.716596722602844238e-01
-1.977128386497497559e-01 -1.434570550918579102e-02
2.498565912246704102e-01 -2.049133777618408203e-01
2.633218765258789062e-01 2.112664580345153809e-01
1.090677976608276367e-01 -6.375157833099365234e-02
1.674370169639587402e-01 -1.228088736534118652e-01
8.333718776702880859e-02 8.633941411972045898e-02
-1.322192549705505371e-01 -4.469852447509765625e-01
-2.514700293540954590e-01 -4.143943190574645996e-01
4.228497743606567383e-01 -3.501561880111694336e-01
-1.567436456680297852e-01 -2.606022357940673828e-02
-4.225221872329711914e-01 -1.639577746391296387e-01
2.895015478134155273e-01 -3.535729646682739258e-02
2.890339493751525879e-01 -1.581791639328002930e-01
4.575039744377136230e-01 -1.888259649276733398e-01
-1.952451467514038086e-02 7.407855987548828125e-02
1.068440675735473633e-01 2.250166535377502441e-01
1.522927284240722656e-01 -3.139458298683166504e-01
-3.874210715293884277e-01 3.383153080940246582e-01
-2.508043646812438965e-01 3.953375220298767090e-01
3.652048110961914062e-01 2.935581803321838379e-01
-4.664306640625000000e-01 -4.997372627258300781e-02
-3.562991023063659668e-01 1.371341347694396973e-01
1.116251945495605469e-02 -1.837236881256103516e-01
4.180105924606323242e-01 -4.881300926208496094e-01
-1.308197379112243652e-01 2.516189813613891602e-01
1.701841950416564941e-01 -4.312226772308349609e-01
4.503125548362731934e-01 -2.130803465843200684e-01
-4.053689241409301758e-01 -1.284779906272888184e-01
4.329749345779418945e-01 -1.908081173896789551e-01
-2.399632930755615234e-01 3.556387424468994141e-01
-3.526856899261474609e-01 1.744899749755859375e-01
-3.326907753944396973e-01 -3.997482061386108398e-01
-1.013382673263549805e-01 3.523536920547485352e-01
3.595417141914367676e-01 4.767928719520568848e-01
3.437144756317138672e-01 -4.988598823547363281e-01
7.900428771972656250e-02 -4.203048944473266602e-01
2.030545473098754883e-02 3.356958627700805664e-01
-4.597365856170654297e-01 -2.561984658241271973e-01
4.841649532318115234e-02 -2.597242593765258789e-01
-7.581949234008789062e-02 8.902144432067871094e-02
3.760629296302795410e-01 3.065482974052429199e-01
-7.919383049011230469e-02 -7.527476549148559570e-02
-2.971192598342895508e-01 3.824291825294494629e-01
3.559544086456298828e-01 -6.468641757965087891e-02
-1.204678416252136230e-01 -3.851584792137145996e-01
4.549039602279663086e-01 -1.030233502388000488e-01
-1.144375801086425781e-01 1.572562456130981445e-01
2.226706743240356445e-01 -3.867548704147338867e-02
-8.893990516662597656e-02 4.595451951026916504e-01
1.988149881362915039e-01 -1.114209890365600586e-01
-2.244651317596435547e-01 -1.072955131530761719e-02
8.084237575531005859e-02 7.004165649414062500e-02
-5.006390810012817383e-02 4.226744771003723145e-01
-3.540235161781311035e-01 -2.991369962692260742e-01
7.345807552337646484e-02 -3.377743363380432129e-01
-2.215880155563354492e-01 -1.757518053054809570e-01
3.595563769340515137e-01 4.946280121803283691e-01
6.542199850082397461e-02 3.937346339225769043e-01
3.647118210792541504e-01 1.228300333023071289e-01
-1.125651597976684570e-02 -2.936065793037414551e-01
2.058736681938171387e-01 -1.092660427093505859e-02
2.358162403106689453e-02 -9.360849857330322266e-02
3.728945255279541016e-01 3.704577684402465820e-02
-3.150097131729125977e-01 2.308274507522583008e-01
-3.966909646987915039e-01 -2.666024565696716309e-01
4.741907715797424316e-01 8.286941051483154297e-02
-4.754188656806945801e-01 6.159973144531250000e-02
-3.546396493911743164e-01 -3.358389139175415039e-01
4.900686144828796387e-01 -2.932572364807128906e-02
2.705270051956176758e-02 -5.734020471572875977e-02
3.505870699882507324e-01 -2.985781431198120117e-01
-3.975783586502075195e-01 -3.553870916366577148e-01
1.061775088310241699e-01 4.598265886306762695e-02
1.445019245147705078e-02 1.515377163887023926e-01
1.729851961135864258e-02 -9.813201427459716797e-02
-1.491611599922180176e-01 3.295844197273254395e-01
2.522976398468017578e-01 -2.244189381599426270e-01
4.162533879280090332e-01 -1.126807332038879395e-01
-9.273606538772583008e-02 -3.540060520172119141e-01
-2.447128295898437500e-02 4.363330006599426270e-01
3.566171526908874512e-01 1.229179501533508301e-01
1.793124079704284668e-01 -4.753178954124450684e-01
3.376112580299377441e-01 -4.927074909210205078e-01
-1.954866051673889160e-01 -3.389510512351989746e-01
-3.751556873321533203e-01 1.913447976112365723e-01
-4.719918966293334961e-02 9.614580869674682617e-02
-1.710837483406066895e-01 -4.672157764434814453e-02
3.352178931236267090e-01 -1.455706357955932617e-02
-2.857028245925903320e-01 2.587779760360717773e-01
-2.382255196571350098e-01 4.792997241020202637e-01
4.045350551605224609e-01 2.901265621185302734e-01
-8.168399333953857422e-02 4.497950077056884766e-01
2.322602272033691406e-02 -1.385009884834289551e-01
2.644571065902709961e-01 -3.068738579750061035e-01
4.108119606971740723e-01 2.031128406524658203e-01
-9.383010864257812500e-02 4.317743778228759766e-01
-3.302116990089416504e-01 2.439521551132202148e-01
-4.617845416069030762e-01 1.457965970039367676e-01
-2.336673140525817871e-01 4.574638009071350098e-01
-2.437249422073364258e-01 3.030157089233398438e-02
1.208701729774475098e-01 2.490358948707580566e-01
-2.840692996978759766e-01 3.566769957542419434e-01
-7.804155349731445312e-03 -3.152518272399902344e-01
-3.349089622497558594e-01 -3.809979557991027832e-01
3.606107831001281738e-01 2.147734165191650391e-01
-4.547080993652343750e-01 3.770037889480590820e-01
-2.318191528320312500e-01 -4.957452416419982910e-01
-4.761439561843872070e-01 -2.186554670333862305e-02
-9.420782327651977539e-02 2.876273393630981445e-01
-4.429397583007812500e-01 -4.305404424667358398e-01
-4.854122400283813477e-01 -2.971819043159484863e-01
1.654628515243530273e-01 3.270459175109863281e-02
1.273131370544433594e-01 -2.564635276794433594e-01
3.145989775657653809e-01 -3.294520378112792969e-01
3.502108454704284668e-01 -3.770207762718200684e-01
-2.708275318145751953e-01 -3.712369799613952637e-01
2.515141963958740234e-01 3.498729467391967773e-01
-1.020589470863342285e-01 3.657946586608886719e-01
-1.119099259376525879e-01 1.466576457023620605e-01
-1.281901597976684570e-01 -3.695082664489746094e-01
4.592761397361755371e-01 -4.223965406417846680e-01
1.169338226318359375e-01 2.484502196311950684e-01
-3.789233565330505371e-01 4.088816046714782715e-01
7.784843444824218750e-03 -2.162913084030151367e-01
1.913470029830932617e-02 1.660679578781127930e-01
-3.469328284263610840e-01 -3.573635220527648926e-01
4.679807424545288086e-01 1.291385293006896973e-01
3.633775711059570312e-01 -1.294862031936645508e-01
2.551352977752685547e-01 1.012893319129943848e-01
-1.613076329231262207e-01 -2.564805746078491211e-01
-4.245979189872741699e-01 -1.333009004592895508e-01
1.867043972015380859e-02 8.462899923324584961e-02
1.066499948501586914e-02 -1.243459582328796387e-01
1.942880749702453613e-01 1.373344659805297852e-01
-2.138073444366455078e-01 1.907789111137390137e-01
-2.431144714355468750e-01 -3.727527856826782227e-01
2.244888544082641602e-01 1.282709836959838867e-01
1.969209313392639160e-01 -4.883458018302917480e-01
4.358784556388854980e-01 1.316060423851013184e-01
1.528341770172119141e-01 -1.644790172576904297e-03
1.660894155502319336e-01 -4.439224004745483398e-01
-3.226685523986816406e-01 -4.893243312835693359e-03
1.481637358665466309e-01 3.598851561546325684e-01
4.655587077140808105e-01 -4.695069193840026855e-01
-1.690180897712707520e-01 -3.336013555526733398e-01
2.866750359535217285e-01 -5.058228969573974609e-02
4.934874176979064941e-01 -1.515536308288574219e-01
-5.593299865722656250e-04 1.501935720443725586e-01
-3.172528743743896484e-02 1.876095533370971680e-01
-4.849988818168640137e-01 8.077204227447509766e-02
-1.239340901374816895e-01 4.366257190704345703e-01
-2.398016452789306641e-01 2.538481950759887695e-01
-1.955440044403076172e-01 2.658168673515319824e-01
2.792343497276306152e-01 1.850981116294860840e-01
9.455174207687377930e-02 -4.992498755455017090e-01
-1.769261956214904785e-01 -4.519234895706176758e-01
-2.177172303199768066e-01 -3.423412442207336426e-01
-4.108122587203979492e-01 -2.854722738265991211e-02
4.429966211318969727e-01 -2.261044979095458984e-01
4.543613195419311523e-01 2.828276157379150391e-02
1.588157415390014648e-01 -9.291189908981323242e-02
-1.101921796798706055e-01 3.869201540946960449e-01
5.142664909362792969e-02 -3.603732585906982422e-01
-1.037197709083557129e-01 -4.278966188430786133e-01
3.642141819000244141e-01 2.510377764701843262e-01
4.809341430664062500e-01 3.491860628128051758e-02
3.356626629829406738e-01 3.377326726913452148e-01
-3.845105171203613281e-01 4.207899570465087891e-01
-1.007308959960937500e-01 -8.440083265304565430e-02
-6.227481365203857422e-02 -4.038054943084716797e-01
-2.100203037261962891e-01 1.491125822067260742e-01
2.537607550621032715e-01 -2.468194961547851562e-01
1.611049175262451172e-01 2.484530210494995117e-01
-1.132769584655761719e-01 3.737872838973999023e-02
-1.330311298370361328e-01 1.060116291046142578e-01
1.454806327819824219e-01 -1.862800121307373047e-01
-3.328251838684082031e-01 1.986443996429443359e-03
-4.612036347389221191e-01 -2.077071070671081543e-01
-6.164097785949707031e-02 -4.769642949104309082e-01
-2.388359904289245605e-01 -2.652058005332946777e-01
-2.415868639945983887e-01 4.332059621810913086e-02
4.564567208290100098e-01 -4.791899919509887695e-01
-1.251302957534790039e-01 -3.296626210212707520e-01
1.445972323417663574e-01 6.285113096237182617e-02
4.143337607383728027e-01 1.253441572189331055e-01
4.970825910568237305e-01 9.465146064758300781e-02
-2.631036043167114258e-01 4.171014428138732910e-01
2.874829173088073730e-01 1.411048769950866699e-01
-4.190376996994018555e-01 3.172548413276672363e-01
-4.068048000335693359e-01 -4.452388286590576172e-01
-4.506601095199584961e-01 2.005576491355895996e-01
2.120998501777648926e-01 -3.848615288734436035e-01
-4.671845436096191406e-01 3.199951648712158203e-01
-1.715211868286132812e-01 -3.269313573837280273e-01
-4.702178835868835449e-01 2.305400371551513672e-02
2.709180712699890137e-01 -4.683744311332702637e-01
3.551230430603027344e-01 3.995460271835327148e-01
-1.927518248558044434e-01 1.046429276466369629e-01
-5.907791852951049805e-02 -3.360715508460998535e-01
2.753906846046447754e-01 -4.990335106849670410e-01
-3.536807298660278320e-01 1.882719397544860840e-01
2.737448215484619141e-01 -7.386744022369384766e-02
-3.100308775901794434e-01 1.225768327713012695e-01
-2.516749501228332520e-01 3.976584672927856445e-01
-2.160545587539672852e-01 2.467051148414611816e-01
-1.601966619491577148e-01 4.715808629989624023e-01
-2.604817748069763184e-01 -6.552743911743164062e-02
1.788851022720336914e-01 -3.769078850746154785e-01
4.565736055374145508e-01 -1.313743591308593750e-01
2.319645881652832031e-02 -9.871065616607666016e-03
-4.331820011138916016e-01 -2.761417627334594727e-01
4.269818663597106934e-01 -3.653973937034606934e-01
1.196479201316833496e-01 3.216879963874816895e-01
2.389017343521118164e-01 2.015975117683410645e-01
-4.741971492767333984e-01 -4.911898970603942871e-01
-2.924828529357910156e-01 -4.953722357749938965e-01
3.033947944641113281e-02 2.634733319282531738e-01
3.609856963157653809e-01 -4.834189414978027344e-01
-2.275124192237854004e-01 -1.638280153274536133e-01
3.020983338356018066e-01 -4.913066029548645020e-01
2.383587956428527832e-01 -2.012674808502197266e-01
1.201921105384826660e-01 3.928037881851196289e-01
-4.420455098152160645e-01 2.357710599899291992e-01
-3.585358858108520508e-01 -3.040601015090942383e-01
-2.467105388641357422e-01 -2.534289956092834473e-01
1.183917522430419922e-01 2.676789164543151855e-01
-1.386988759040832520e-01 -2.217590808868408203e-03
-1.548302173614501953e-02 3.634296059608459473e-01
-2.268590331077575684e-01 -1.998958587646484375e-01
-4.404962062835693359e-02 2.308130264282226562e-02
3.962564468383789062e-01 2.471221685409545898e-01
6.102925539016723633e-02 4.589285254478454590e-01
-4.737818241119384766e-01 -2.658739089965820312e-01
1.616476774215698242e-01 8.888226747512817383e-02
-3.143263459205627441e-01 2.559645771980285645e-01
4.913882017135620117e-01 3.426827192306518555e-01
-4.192035198211669922e-01 4.619416594505310059e-01
2.874525189399719238e-01 -7.213211059570312500e-02
-3.800902962684631348e-01 -8.832293748855590820e-02
3.011132478713989258e-01 2.357718348503112793e-01
-9.430903196334838867e-02 1.577882170677185059e-01
3.871655464172363281e-01 -4.916462898254394531e-01
-6.766915321350097656e-02 4.640530347824096680e-01
-1.392226219177246094e-01 -2.546298503875732422e-02
-3.690276145935058594e-01 8.216285705566406250e-02
3.033754229545593262e-01 -8.704972267150878906e-02
-9.744662046432495117e-02 8.662503957748413086e-02
4.343595504760742188e-01 1.552374362945556641e-01
4.758028388023376465e-01 9.933966398239135742e-02
4.742562174797058105e-01 -2.441816926002502441e-01
3.779131174087524414e-02 1.906708478927612305e-01
-4.218075275421142578e-01 5.821925401687622070e-02
-3.868482708930969238e-01 7.101488113403320312e-02
-3.722978830337524414e-01 4.938586950302124023e-01
-1.083248853683471680e-02 -1.598832607269287109e-01
-2.131593823432922363e-01 -9.095454216003417969e-02
-7.437187433242797852e-02 -4.739043712615966797e-01
5.715590715408325195e-02 -1.240965723991394043e-01
-4.676045775413513184e-01 -1.952109932899475098e-01
-3.808551430702209473e-01 -2.971143722534179688e-01
-3.483522534370422363e-01 3.368364572525024414e-01
5.073124170303344727e-02 1.611025333404541016e-01
2.277300953865051270e-01 -4.396679401397705078e-01
5.448526144027709961e-02 2.393317818641662598e-01
9.609317779541015625e-02 4.732231497764587402e-01
-2.312333583831787109e-01 2.935016155242919922e-01
1.335351467132568359e-01 -4.080012440681457520e-01
-2.454404830932617188e-01 4.640951752662658691e-01
-1.573163270950317383e-02 4.634499549865722656e-01
-2.787305712699890137e-01 2.704867720603942871e-01
-1.170313954353332520e-01 -3.875441551208496094e-01
4.405158758163452148e-02 -1.923902630805969238e-01
2.450120449066162109e-02 -1.368628144264221191e-01
1.474310159683227539e-01 -1.001563668251037598e-01
2.686577439308166504e-01 -1.097715497016906738e-01
-1.225070953369140625e-01 4.011307358741760254e-01
3.097491860389709473e-01 2.285632491111755371e-01
4.541164040565490723e-01 -1.165086030960083008e-01
-4.415981769561767578e-01 3.656904697418212891e-01
2.039012312889099121e-01 1.750975847244262695e-01
1.643341779708862305e-01 4.223307967185974121e-01
-3.185579776763916016e-01 -3.330497741699218750e-01
-4.922832250595092773e-01 -2.012693285942077637e-01
-1.905727386474609375e-02 -2.454102635383605957e-01
-3.282493948936462402e-01 5.986201763153076172e-02
-8.030742406845092773e-02 -2.082790136337280273e-01
-3.683540821075439453e-01 3.069410324096679688e-01
1.643764972686767578e-01 3.788715004920959473e-01
-4.731084704399108887e-01 3.521928787231445312e-01
-2.586191296577453613e-01 -4.669919013977050781e-01
1.829682588577270508e-01 -3.468691706657409668e-01
-4.448967576026916504e-01 -9.788107872009277344e-02
3.470813035964965820e-01 1.708873510360717773e-01
4.942094087600708008e-01 5.378848314285278320e-02
-4.447656869888305664e-02 -4.959195852279663086e-01
3.918384313583374023e-01 3.127841949462890625e-01
-2.068657875061035156e-01 -3.968667984008789062e-02
-8.099967241287231445e-02 -4.606240391731262207e-01
2.448356747627258301e-01 -1.535877585411071777e-01
4.592030644416809082e-01 -4.076931476593017578e-01
-1.426764726638793945e-01 3.533352017402648926e-01
1.937120556831359863e-01 -2.139493227005004883e-01
3.098921775817871094e-01 -1.228703856468200684e-01
-4.609861969947814941e-01 7.293367385864257812e-02
-4.906046390533447266e-02 -2.903836369514465332e-01
