7.005428671836853027e-01 4.667280018329620361e-01
6.686517000198364258e-01 4.080835580825805664e-01
7.596054077148437500e-01 6.695678830146789551e-01
5.964176058769226074e-01 8.302713036537170410e-01
5.077298879623413086e-01 5.919778943061828613e-01
5.094867348670959473e-01 6.448088884353637695e-01
5.353841185569763184e-01 4.309333860874176025e-01
5.557785630226135254e-01 4.050658047199249268e-01
6.261616945266723633e-01 3.754882812500000000e-01
7.154651880264282227e-01 6.176401972770690918e-01
4.993059933185577393e-01 6.259486675262451172e-01
5.817646980285644531e-01 5.098151564598083496e-01
5.821073651313781738e-01 6.339812874794006348e-01
6.300883889198303223e-01 5.204929113388061523e-01
5.696391463279724121e-01 6.950460076332092285e-01
6.095887422561645508e-01 3.853738903999328613e-01
6.988945007324218750e-01 6.030443310737609863e-01
5.344818234443664551e-01 7.620854377746582031e-01
6.514267921447753906e-01 6.344028115272521973e-01
4.692487716674804688e-01 7.104889154434204102e-01
8.540761470794677734e-01 6.147022247314453125e-01
6.290107965469360352e-01 5.535588860511779785e-01
6.252409219741821289e-01 5.676703453063964844e-01
4.861502051353454590e-01 7.589815855026245117e-01
4.568268060684204102e-01 7.220278978347778320e-01
5.786738991737365723e-01 3.857629597187042236e-01
6.278998255729675293e-01 4.885068833827972412e-01
5.613601207733154297e-01 6.061845421791076660e-01
7.875255346298217773e-01 6.061713099479675293e-01
7.893633246421813965e-01 5.253447890281677246e-01
6.044724583625793457e-01 4.297660291194915771e-01
7.949908971786499023e-01 6.235650181770324707e-01
7.056667208671569824e-01 4.682150185108184814e-01
6.024132370948791504e-01 3.861624300479888916e-01
8.105540275573730469e-01 6.551965475082397461e-01
6.577864289283752441e-01 4.449546039104461670e-01
6.587556600570678711e-01 4.103155434131622314e-01
6.645479202270507812e-01 6.148883104324340820e-01
5.100668072700500488e-01 7.033793330192565918e-01
7.331837415695190430e-01 7.016816139221191406e-01
7.640336751937866211e-01 6.199249029159545898e-01
6.895774006843566895e-01 5.858898758888244629e-01
5.619254708290100098e-01 4.909348487854003906e-01
6.073940992355346680e-01 8.357207775115966797e-01
6.241729855537414551e-01 4.330074489116668701e-01
5.868990421295166016e-01 4.398586750030517578e-01
7.173410058021545410e-01 5.945867896080017090e-01
6.627916693687438965e-01 4.102738499641418457e-01
7.762926816940307617e-01 6.349379420280456543e-01
4.656689465045928955e-01 5.145714879035949707e-01
4.886431396007537842e-01 6.449930071830749512e-01
7.556472420692443848e-01 4.927525818347930908e-01
5.468024611473083496e-01 4.184421598911285400e-01
5.634304881095886230e-01 6.779299974441528320e-01
6.262569427490234375e-01 7.109891176223754883e-01
4.422532916069030762e-01 5.698317885398864746e-01
6.736365556716918945e-01 4.754661023616790771e-01
5.966213345527648926e-01 7.461928129196166992e-01
7.226496934890747070e-01 4.139772951602935791e-01
3.973649740219116211e-01 6.232398152351379395e-01
7.470040917396545410e-01 6.159675717353820801e-01
5.220283865928649902e-01 4.186052381992340088e-01
5.034318566322326660e-01 5.205145478248596191e-01
5.236893296241760254e-01 7.609910368919372559e-01
6.876431107521057129e-01 4.493108987808227539e-01
6.269519329071044922e-01 4.288226366043090820e-01
6.946867704391479492e-01 6.057006716728210449e-01
4.728734493255615234e-01 5.286412835121154785e-01
4.273428022861480713e-01 5.199245810508728027e-01
6.477965712547302246e-01 7.946977019309997559e-01
8.426420092582702637e-01 6.001219749450683594e-01
5.872827172279357910e-01 4.015872180461883545e-01
5.621348023414611816e-01 5.013811588287353516e-01
6.436861157417297363e-01 4.893668889999389648e-01
8.632979989051818848e-01 5.825393199920654297e-01
4.502289593219757080e-01 6.732883453369140625e-01
6.916490793228149414e-01 4.467729330062866211e-01
4.327186048030853271e-01 5.739203095436096191e-01
5.645340681076049805e-01 7.686998248100280762e-01
6.192086338996887207e-01 7.426939606666564941e-01
6.205194592475891113e-01 4.716953635215759277e-01
6.002419590950012207e-01 8.000676035881042480e-01
4.362481236457824707e-01 5.671925544738769531e-01
4.447652697563171387e-01 7.205257415771484375e-01
7.097654342651367188e-01 6.084613204002380371e-01
6.105257272720336914e-01 4.775292575359344482e-01
7.776274681091308594e-01 7.183258533477783203e-01
6.093523502349853516e-01 5.433001518249511719e-01
7.643430233001708984e-01 5.159814357757568359e-01
6.487086415290832520e-01 6.639790534973144531e-01
8.355910778045654297e-01 6.825233697891235352e-01
6.075973510742187500e-01 4.865527749061584473e-01
5.769852995872497559e-01 7.739583253860473633e-01
6.781550645828247070e-01 7.349799275398254395e-01
8.168569803237915039e-01 5.580976605415344238e-01
5.973907709121704102e-01 7.780300974845886230e-01
7.545506358146667480e-01 5.722466707229614258e-01
7.376531362533569336e-01 5.722361207008361816e-01
5.334866046905517578e-01 7.230582237243652344e-01
7.972261309623718262e-01 5.501407384872436523e-01
5.897865295410156250e-01 7.149571776390075684e-01
7.134407758712768555e-01 7.358434200286865234e-01
5.391280055046081543e-01 5.167180299758911133e-01
4.736144840717315674e-01 6.317648887634277344e-01
6.033308506011962891e-01 3.342416882514953613e-01
7.076305747032165527e-01 4.522077739238739014e-01
6.283940672874450684e-01 8.094222545623779297e-01
8.236778974533081055e-01 6.414200663566589355e-01
6.608349084854125977e-01 5.384962558746337891e-01
7.494860291481018066e-01 6.034063100814819336e-01
4.659763276576995850e-01 7.151551246643066406e-01
4.275448620319366455e-01 5.201810002326965332e-01
5.253855586051940918e-01 4.303502440452575684e-01
5.200987458229064941e-01 6.600773930549621582e-01
8.283550143241882324e-01 5.868673324584960938e-01
6.760029792785644531e-01 5.514876246452331543e-01
6.116308569908142090e-01 3.717601597309112549e-01
6.507698893547058105e-01 3.480057716369628906e-01
5.447191596031188965e-01 7.830173969268798828e-01
6.394619941711425781e-01 7.116379141807556152e-01
4.931460320949554443e-01 7.686778306961059570e-01
6.605945825576782227e-01 6.218664646148681641e-01
6.401475667953491211e-01 8.281323313713073730e-01
7.615805864334106445e-01 7.290110588073730469e-01
5.273386240005493164e-01 7.190805673599243164e-01
7.919681072235107422e-01 6.488603353500366211e-01
5.635284185409545898e-01 5.945578813552856445e-01
7.340073585510253906e-01 6.617816090583801270e-01
7.282102704048156738e-01 5.647389292716979980e-01
4.491686522960662842e-01 5.480521917343139648e-01
5.548825860023498535e-01 8.256762027740478516e-01
4.818955957889556885e-01 7.175007462501525879e-01
6.261289715766906738e-01 6.855023503303527832e-01
5.573201179504394531e-01 7.758994102478027344e-01
6.602853536605834961e-01 6.890754103660583496e-01
5.295654535293579102e-01 5.995362401008605957e-01
6.591477990150451660e-01 6.160798072814941406e-01
6.104428172111511230e-01 5.790004134178161621e-01
7.147364020347595215e-01 3.960088491439819336e-01
6.515672206878662109e-01 6.604465842247009277e-01
5.245368480682373047e-01 5.802000164985656738e-01
7.365381717681884766e-01 5.283477306365966797e-01
4.940784275531768799e-01 5.373868942260742188e-01
4.355258047580718994e-01 5.362757444381713867e-01
7.006522417068481445e-01 6.107418537139892578e-01
7.347412109375000000e-01 6.022533774375915527e-01
3.676255047321319580e-01 6.089920401573181152e-01
5.015996098518371582e-01 6.455677151679992676e-01
6.779477596282958984e-01 4.659630656242370605e-01
7.295237183570861816e-01 4.387961924076080322e-01
4.057978391647338867e-01 6.406897902488708496e-01
5.029374957084655762e-01 5.642545819282531738e-01
6.300806999206542969e-01 4.317268133163452148e-01
5.192148089408874512e-01 5.250154733657836914e-01
5.372051596641540527e-01 5.593824386596679688e-01
7.553049921989440918e-01 5.802378654479980469e-01
5.638672709465026855e-01 7.963485717773437500e-01
6.310471296310424805e-01 7.346518635749816895e-01
7.506634593009948730e-01 6.497319936752319336e-01
4.149881601333618164e-01 6.019595861434936523e-01
5.434114933013916016e-01 4.552565217018127441e-01
7.373318076133728027e-01 7.995906472206115723e-01
5.916306972503662109e-01 4.699089527130126953e-01
6.403527855873107910e-01 6.130333542823791504e-01
7.184154987335205078e-01 5.618159174919128418e-01
4.985387623310089111e-01 6.761506795883178711e-01
5.804944634437561035e-01 4.748730063438415527e-01
6.768557429313659668e-01 5.604835748672485352e-01
7.329167127609252930e-01 4.703553020954132080e-01
8.013281822204589844e-01 6.138666868209838867e-01
7.875660061836242676e-01 4.871383011341094971e-01
6.760131120681762695e-01 4.358705580234527588e-01
3.603089153766632080e-01 5.816814303398132324e-01
4.173596203327178955e-01 6.082278490066528320e-01
7.372974157333374023e-01 6.253342628479003906e-01
6.977225542068481445e-01 7.561919093132019043e-01
4.018136262893676758e-01 6.148613095283508301e-01
7.394712567329406738e-01 4.934421181678771973e-01
5.153129696846008301e-01 6.929466724395751953e-01
4.401169717311859131e-01 5.828951001167297363e-01
5.441089868545532227e-01 5.652561783790588379e-01
5.886402726173400879e-01 3.703692853450775146e-01
7.324646115303039551e-01 5.580600500106811523e-01
5.302634835243225098e-01 4.051454961299896240e-01
4.940055608749389648e-01 8.025455474853515625e-01
5.351814627647399902e-01 6.666520237922668457e-01
6.320576667785644531e-01 4.898732900619506836e-01
3.926481306552886963e-01 5.531715750694274902e-01
6.888532638549804688e-01 4.658806324005126953e-01
5.760399103164672852e-01 6.357200145721435547e-01
6.289031505584716797e-01 4.065950214862823486e-01
7.413368225097656250e-01 4.979019165039062500e-01
7.046186327934265137e-01 6.952021121978759766e-01
6.666510105133056641e-01 4.952851235866546631e-01
4.244376122951507568e-01 5.668795108795166016e-01
4.967704713344573975e-01 7.190043330192565918e-01
4.021133482456207275e-01 6.225478053092956543e-01
5.474830865859985352e-01 7.833259701728820801e-01
6.191756725311279297e-01 4.844441115856170654e-01
6.032827496528625488e-01 6.368557214736938477e-01
5.724340677261352539e-01 4.657197892665863037e-01
7.447705268859863281e-01 7.166719436645507812e-01
5.885117053985595703e-01 5.665321946144104004e-01
5.453637242317199707e-01 5.193874835968017578e-01
5.637962818145751953e-01 6.039992570877075195e-01
6.837104558944702148e-01 3.854584693908691406e-01
5.105670094490051270e-01 4.928962886333465576e-01
4.438586831092834473e-01 5.783317685127258301e-01
5.966554880142211914e-01 5.491791367530822754e-01
4.220317006111145020e-01 6.691471338272094727e-01
5.443174242973327637e-01 4.231950044631958008e-01
7.833219170570373535e-01 5.730013847351074219e-01
4.602117836475372314e-01 5.419855713844299316e-01
5.839579105377197266e-01 7.948267459869384766e-01
7.164887785911560059e-01 6.538178324699401855e-01
5.133523344993591309e-01 6.438357830047607422e-01
7.944469451904296875e-01 6.604763269424438477e-01
6.733953952789306641e-01 5.047909021377563477e-01
5.961470603942871094e-01 4.114579558372497559e-01
7.508223056793212891e-01 5.459173917770385742e-01
5.306763052940368652e-01 4.750660955905914307e-01
7.635688781738281250e-01 6.517716646194458008e-01
7.400119900703430176e-01 5.246438980102539062e-01
8.472904562950134277e-01 6.571397781372070312e-01
7.737194895744323730e-01 6.588611602783203125e-01
6.419687271118164062e-01 7.092363238334655762e-01
6.589599251747131348e-01 5.326458811759948730e-01
6.328223347663879395e-01 8.235754370689392090e-01
6.809692382812500000e-01 5.528113842010498047e-01
6.537294387817382812e-01 7.477068305015563965e-01
4.333897531032562256e-01 6.214138865470886230e-01
4.397737085819244385e-01 6.714534759521484375e-01
5.280080437660217285e-01 5.541772246360778809e-01
7.079045176506042480e-01 7.873991727828979492e-01
7.304921746253967285e-01 5.508224964141845703e-01
3.899637460708618164e-01 6.358906626701354980e-01
6.403769850730895996e-01 5.235150456428527832e-01
6.974472403526306152e-01 5.685021877288818359e-01
7.248202562332153320e-01 4.765582978725433350e-01
5.269936323165893555e-01 5.186435580253601074e-01
5.366131067276000977e-01 8.151764869689941406e-01
8.232085108757019043e-01 6.600586175918579102e-01
6.472207903861999512e-01 7.409529685974121094e-01
4.340474903583526611e-01 5.512552857398986816e-01
6.104136705398559570e-01 4.175344705581665039e-01
5.838655829429626465e-01 5.960249900817871094e-01
6.115130186080932617e-01 4.775078892707824707e-01
7.037195563316345215e-01 5.175790786743164062e-01
4.845845401287078857e-01 5.379662513732910156e-01
7.018040418624877930e-01 6.277369260787963867e-01
7.013712525367736816e-01 7.274766564369201660e-01
4.673172235488891602e-01 4.559174478054046631e-01
8.610066771507263184e-01 6.004608273506164551e-01
7.386769652366638184e-01 7.290808558464050293e-01
5.235114097595214844e-01 5.203196406364440918e-01
6.459051966667175293e-01 7.443954944610595703e-01
5.129093527793884277e-01 7.439860105514526367e-01
4.305627346038818359e-01 5.952472090721130371e-01
6.128135323524475098e-01 7.811102271080017090e-01
7.259178757667541504e-01 6.945763230323791504e-01
6.245616674423217773e-01 3.721821904182434082e-01
5.678592920303344727e-01 4.958066344261169434e-01
6.322587728500366211e-01 7.367679476737976074e-01
4.550272822380065918e-01 4.818425774574279785e-01
8.348216414451599121e-01 6.378055810928344727e-01
6.386160850524902344e-01 4.539111554622650146e-01
4.899598062038421631e-01 4.457049071788787842e-01
6.372540593147277832e-01 3.943780064582824707e-01
6.268094778060913086e-01 5.572572350502014160e-01
6.667350530624389648e-01 5.203014612197875977e-01
4.776325523853302002e-01 6.306469440460205078e-01
5.956825613975524902e-01 6.008948683738708496e-01
5.665102005004882812e-01 6.265112161636352539e-01
6.751132607460021973e-01 7.062644362449645996e-01
7.745920419692993164e-01 6.789382696151733398e-01
5.160101652145385742e-01 6.364558935165405273e-01
6.560183167457580566e-01 7.899941802024841309e-01
5.196877121925354004e-01 7.164577841758728027e-01
7.247736454010009766e-01 7.644935846328735352e-01
6.405034661293029785e-01 4.658913016319274902e-01
7.056418657302856445e-01 6.394249796867370605e-01
6.943756937980651855e-01 3.986397683620452881e-01
6.437895894050598145e-01 7.800844907760620117e-01
4.626300334930419922e-01 5.509211421012878418e-01
7.165526747703552246e-01 6.929904222488403320e-01
6.695718169212341309e-01 7.026340961456298828e-01
5.391937494277954102e-01 5.049993991851806641e-01
5.492590665817260742e-01 8.254914879798889160e-01
7.061114907264709473e-01 4.838788807392120361e-01
8.471446633338928223e-01 5.964660644531250000e-01
5.622660517692565918e-01 3.661998510360717773e-01
6.175596714019775391e-01 3.962258696556091309e-01
7.225981354713439941e-01 6.993231177330017090e-01
7.059594392776489258e-01 4.665673375129699707e-01
5.391105413436889648e-01 5.440206527709960938e-01
6.828907132148742676e-01 4.209963381290435791e-01
5.789607167243957520e-01 5.967417359352111816e-01
6.082574129104614258e-01 7.380592823028564453e-01
4.701875448226928711e-01 5.076326131820678711e-01
8.059919476509094238e-01 6.658986210823059082e-01
4.830208122730255127e-01 5.279237031936645508e-01
5.607864260673522949e-01 7.800627946853637695e-01
7.238335013389587402e-01 6.054527163505554199e-01
7.550902962684631348e-01 5.828545093536376953e-01
5.843466520309448242e-01 4.981023073196411133e-01
5.522931218147277832e-01 8.324505090713500977e-01
5.767716169357299805e-01 5.038449764251708984e-01
5.865295529365539551e-01 4.522422850131988525e-01
7.009378671646118164e-01 3.867819011211395264e-01
7.486775517463684082e-01 6.191854476928710938e-01
7.991246581077575684e-01 5.884118676185607910e-01
5.529529452323913574e-01 5.311008095741271973e-01
4.883086383342742920e-01 5.685159564018249512e-01
6.703333258628845215e-01 8.027746081352233887e-01
4.684160947799682617e-01 7.299176454544067383e-01
5.754278302192687988e-01 4.671795070171356201e-01
5.303421616554260254e-01 4.127629101276397705e-01
6.301636099815368652e-01 7.610504627227783203e-01
6.263984441757202148e-01 3.963541090488433838e-01
6.792945861816406250e-01 7.808374762535095215e-01
6.872440576553344727e-01 6.544495820999145508e-01
6.068060994148254395e-01 4.436625242233276367e-01
6.380467414855957031e-01 4.063375890254974365e-01
6.172245740890502930e-01 7.309637665748596191e-01
6.582757830619812012e-01 4.235486388206481934e-01
6.876676082611083984e-01 4.568686485290527344e-01
6.588096022605895996e-01 5.395621657371520996e-01
6.099895238876342773e-01 5.660750865936279297e-01
5.880398154258728027e-01 6.718707084655761719e-01
5.462599396705627441e-01 6.572134494781494141e-01
5.410159230232238770e-01 6.521717309951782227e-01
6.880300641059875488e-01 5.726856589317321777e-01
6.418546438217163086e-01 8.158499002456665039e-01
6.360707283020019531e-01 6.126633286476135254e-01
5.230414867401123047e-01 6.947678327560424805e-01
5.858801603317260742e-01 4.829067587852478027e-01
5.471525788307189941e-01 6.181088685989379883e-01
7.823038697242736816e-01 5.972573161125183105e-01
6.863095760345458984e-01 7.456151843070983887e-01
5.637260079383850098e-01 7.303648591041564941e-01
4.059398770332336426e-01 6.145142912864685059e-01
6.374137401580810547e-01 4.080579280853271484e-01
5.993223190307617188e-01 7.094262242317199707e-01
4.667207300662994385e-01 7.251639366149902344e-01
5.711594820022583008e-01 5.082540512084960938e-01
6.283825635910034180e-01 7.925074100494384766e-01
4.602118432521820068e-01 5.114858150482177734e-01
5.301170349121093750e-01 5.552216172218322754e-01
7.431311011314392090e-01 7.105861306190490723e-01
5.337459444999694824e-01 4.666765630245208740e-01
7.612749338150024414e-01 5.516121387481689453e-01
8.089785575866699219e-01 6.147721409797668457e-01
5.859450697898864746e-01 7.333012819290161133e-01
7.213518619537353516e-01 4.984952509403228760e-01
5.911126732826232910e-01 3.611369729042053223e-01
4.582438766956329346e-01 6.717033982276916504e-01
6.001235842704772949e-01 5.372577905654907227e-01
7.701528072357177734e-01 5.261551141738891602e-01
4.254652261734008789e-01 6.403607726097106934e-01
5.912953019142150879e-01 7.214946150779724121e-01
6.154416799545288086e-01 6.231009960174560547e-01
7.566149234771728516e-01 6.452465057373046875e-01
5.873172879219055176e-01 6.252359747886657715e-01
7.796598076820373535e-01 6.244896054267883301e-01
8.187220096588134766e-01 6.911635398864746094e-01
7.626137137413024902e-01 5.308346152305603027e-01
7.068079113960266113e-01 6.903703808784484863e-01
7.642052173614501953e-01 5.992509722709655762e-01
6.097410917282104492e-01 6.237481236457824707e-01
5.032701492309570312e-01 6.124509572982788086e-01
5.845507383346557617e-01 6.206848025321960449e-01
4.882389903068542480e-01 6.235974431037902832e-01
5.364190936088562012e-01 5.422042608261108398e-01
5.106971859931945801e-01 6.272281408309936523e-01
6.364623904228210449e-01 8.190119266510009766e-01
6.678769588470458984e-01 4.349112510681152344e-01
7.882530093193054199e-01 6.318997144699096680e-01
6.422977447509765625e-01 8.024395108222961426e-01
6.433404684066772461e-01 4.271662533283233643e-01
6.945760846138000488e-01 7.259019017219543457e-01
4.297999739646911621e-01 5.765857100486755371e-01
4.328530430793762207e-01 5.994037389755249023e-01
6.131908893585205078e-01 6.154440641403198242e-01
4.129866361618041992e-01 5.734143257141113281e-01
5.775429010391235352e-01 7.357994914054870605e-01
5.050136446952819824e-01 4.408454895019531250e-01
5.497974753379821777e-01 5.329531431198120117e-01
3.894813358783721924e-01 6.012193560600280762e-01
6.698213219642639160e-01 7.203346490859985352e-01
5.125092864036560059e-01 4.834199845790863037e-01
5.700198411941528320e-01 5.206201672554016113e-01
5.646812319755554199e-01 8.135944604873657227e-01
5.939531326293945312e-01 7.547048330307006836e-01
5.864725708961486816e-01 4.639762043952941895e-01
6.934396028518676758e-01 6.937607526779174805e-01
5.631725788116455078e-01 7.803269028663635254e-01
5.613436698913574219e-01 6.264047622680664062e-01
4.652318060398101807e-01 5.005279183387756348e-01
5.287318825721740723e-01 4.106793701648712158e-01
6.011953353881835938e-01 3.826604187488555908e-01
7.345160841941833496e-01 5.769383311271667480e-01
5.672621130943298340e-01 8.500785231590270996e-01
6.990829110145568848e-01 6.686812043190002441e-01
5.011830329895019531e-01 5.256575345993041992e-01
8.251233696937561035e-01 5.551590323448181152e-01
6.987166404724121094e-01 5.430504083633422852e-01
6.563662886619567871e-01 7.266263961791992188e-01
5.580600500106811523e-01 7.824711799621582031e-01
5.855084061622619629e-01 6.317762732505798340e-01
6.483555436134338379e-01 7.919575572013854980e-01
5.490301251411437988e-01 4.596286118030548096e-01
5.717734694480895996e-01 7.092196941375732422e-01
4.003251194953918457e-01 6.322039365768432617e-01
6.567444801330566406e-01 5.149475932121276855e-01
6.429430842399597168e-01 6.574658751487731934e-01
5.311609506607055664e-01 4.435348510742187500e-01
5.546894073486328125e-01 7.736036777496337891e-01
7.139926552772521973e-01 6.575109958648681641e-01
4.183529913425445557e-01 6.828770041465759277e-01
5.694929957389831543e-01 5.103253722190856934e-01
5.932194590568542480e-01 4.918502867221832275e-01
7.627801299095153809e-01 4.818469285964965820e-01
7.615274786949157715e-01 5.908524990081787109e-01
6.026943922042846680e-01 6.005994081497192383e-01
5.674383640289306641e-01 7.193502783775329590e-01
6.634033322334289551e-01 5.299704670906066895e-01
6.409320831298828125e-01 4.844375550746917725e-01
8.232749700546264648e-01 5.521976947784423828e-01
6.062727570533752441e-01 6.236467361450195312e-01
5.837597250938415527e-01 4.762689769268035889e-01
8.115547895431518555e-01 5.754730105400085449e-01
7.327736616134643555e-01 6.308873295783996582e-01
5.517717599868774414e-01 6.093733310699462891e-01
5.758890509605407715e-01 6.512446403503417969e-01
4.904973506927490234e-01 7.280303835868835449e-01
5.486213564872741699e-01 7.852895855903625488e-01
4.842932522296905518e-01 5.512228608131408691e-01
6.645958423614501953e-01 6.801413297653198242e-01
4.255083203315734863e-01 6.258397698402404785e-01
3.589505255222320557e-01 5.741242170333862305e-01
6.047782897949218750e-01 4.711423814296722412e-01
6.380503773689270020e-01 6.337413787841796875e-01
4.795169234275817871e-01 4.623789191246032715e-01
7.552022337913513184e-01 6.505207419395446777e-01
7.346920371055603027e-01 5.152977108955383301e-01
4.280157685279846191e-01 6.851768493652343750e-01
5.496321916580200195e-01 4.357090294361114502e-01
5.810968875885009766e-01 3.715153634548187256e-01
7.102975249290466309e-01 5.305934548377990723e-01
5.371832847595214844e-01 6.489470601081848145e-01
3.733927309513092041e-01 6.491939425468444824e-01
7.405188679695129395e-01 7.234492897987365723e-01
4.410413503646850586e-01 6.195155382156372070e-01
7.232725620269775391e-01 7.381227016448974609e-01
3.759604990482330322e-01 6.129845976829528809e-01
4.444026052951812744e-01 5.687521696090698242e-01
4.297673702239990234e-01 6.340695023536682129e-01
4.870526492595672607e-01 7.766981124877929688e-01
6.284128427505493164e-01 6.419761776924133301e-01
4.634199440479278564e-01 6.530204415321350098e-01
5.620218515396118164e-01 7.904490828514099121e-01
7.164672017097473145e-01 7.965009212493896484e-01
4.031915664672851562e-01 5.475842952728271484e-01
6.924721598625183105e-01 6.896486282348632812e-01
5.787469148635864258e-01 5.130448937416076660e-01
7.549383640289306641e-01 5.853802561759948730e-01
6.662409901618957520e-01 7.895832657814025879e-01
5.234506130218505859e-01 4.091632664203643799e-01
8.267545104026794434e-01 5.891269445419311523e-01
7.371184825897216797e-01 6.289349794387817383e-01
6.534972190856933594e-01 6.960826516151428223e-01
5.095146894454956055e-01 4.718857705593109131e-01
5.712572932243347168e-01 6.655922532081604004e-01
5.315175652503967285e-01 7.191913127899169922e-01
7.375937700271606445e-01 4.814360737800598145e-01
6.036170721054077148e-01 3.924498558044433594e-01
5.255779027938842773e-01 6.546249389648437500e-01
5.003763437271118164e-01 6.355139017105102539e-01
4.316387772560119629e-01 5.453885793685913086e-01
4.547887146472930908e-01 5.337793231010437012e-01
5.331849455833435059e-01 6.905626654624938965e-01
7.323948740959167480e-01 6.812077164649963379e-01
6.344712376594543457e-01 7.539724707603454590e-01
6.486688256263732910e-01 5.086012482643127441e-01
8.321943283081054688e-01 5.649479031562805176e-01
5.297506451606750488e-01 6.620328426361083984e-01
4.700119793415069580e-01 6.915423870086669922e-01
5.827530622482299805e-01 6.885375976562500000e-01
6.257594227790832520e-01 7.415508031845092773e-01
5.123214721679687500e-01 6.511170864105224609e-01
8.541191816329956055e-01 5.737122893333435059e-01
6.667075753211975098e-01 7.869938611984252930e-01
6.063496470451354980e-01 8.416485190391540527e-01
6.031449437141418457e-01 7.904701828956604004e-01
6.371637582778930664e-01 5.525394082069396973e-01
6.326786875724792480e-01 7.617583870887756348e-01
5.848357081413269043e-01 5.972709059715270996e-01
3.866744935512542725e-01 6.584600806236267090e-01
4.289432168006896973e-01 5.360319614410400391e-01
5.810742378234863281e-01 4.347944855690002441e-01
5.275359749794006348e-01 4.712497293949127197e-01
4.538554251194000244e-01 6.033200025558471680e-01
7.150971889495849609e-01 6.824601888656616211e-01
4.477751851081848145e-01 5.331355929374694824e-01
7.534741759300231934e-01 6.711220145225524902e-01
6.482222080230712891e-01 7.233124375343322754e-01
7.643034458160400391e-01 7.309811115264892578e-01
4.088834226131439209e-01 5.409665703773498535e-01
6.059378981590270996e-01 7.289356589317321777e-01
5.259804129600524902e-01 4.443211853504180908e-01
5.958526730537414551e-01 5.792455673217773438e-01
3.873381018638610840e-01 5.694910883903503418e-01
5.665860176086425781e-01 4.143849611282348633e-01
6.853728294372558594e-01 6.920406818389892578e-01
6.650850176811218262e-01 5.737653970718383789e-01
5.593365430831909180e-01 4.421720802783966064e-01
6.293082237243652344e-01 4.582232534885406494e-01
5.525653362274169922e-01 7.268717885017395020e-01
7.977164387702941895e-01 6.762635707855224609e-01
5.128832459449768066e-01 7.109732627868652344e-01
6.957147717475891113e-01 6.385405063629150391e-01
7.998479604721069336e-01 6.593028306961059570e-01
5.645757913589477539e-01 8.196697831153869629e-01
7.682420015335083008e-01 5.318202376365661621e-01
6.111707091331481934e-01 4.264205694198608398e-01
3.724088668823242188e-01 5.944494009017944336e-01
7.316907048225402832e-01 7.011400461196899414e-01
4.961695075035095215e-01 6.426323056221008301e-01
6.033515334129333496e-01 6.396744251251220703e-01
7.149546146392822266e-01 5.699442028999328613e-01
7.911739349365234375e-01 5.857054591178894043e-01
7.506884932518005371e-01 5.439843535423278809e-01
5.670812726020812988e-01 6.658589243888854980e-01
5.837513804435729980e-01 3.948772251605987549e-01
4.586254358291625977e-01 5.774767398834228516e-01
6.129478812217712402e-01 4.248653948307037354e-01
4.721487164497375488e-01 4.670465290546417236e-01
5.883454680442810059e-01 8.159914016723632812e-01
5.605511665344238281e-01 6.330363750457763672e-01
8.068259358406066895e-01 6.559879779815673828e-01
5.316880345344543457e-01 7.361420392990112305e-01
6.645817756652832031e-01 4.302695393562316895e-01
6.311991810798645020e-01 5.670619606971740723e-01
4.945805668830871582e-01 6.102634072303771973e-01
6.507209539413452148e-01 4.705185592174530029e-01
5.026047825813293457e-01 7.647059559822082520e-01
5.906379818916320801e-01 5.360139608383178711e-01
7.294529676437377930e-01 5.460761189460754395e-01
5.544660687446594238e-01 5.035184621810913086e-01
7.019522786140441895e-01 7.720587849617004395e-01
5.657969117164611816e-01 7.526473999023437500e-01
6.858264803886413574e-01 6.613110303878784180e-01
5.778540968894958496e-01 3.795489966869354248e-01
7.274453043937683105e-01 5.663165450096130371e-01
8.132479190826416016e-01 5.174048542976379395e-01
6.627458333969116211e-01 5.219299197196960449e-01
6.517209410667419434e-01 6.847352385520935059e-01
5.950369834899902344e-01 8.034604787826538086e-01
3.819916844367980957e-01 6.178950667381286621e-01
4.863278567790985107e-01 6.880134344100952148e-01
7.304024696350097656e-01 5.163589715957641602e-01
5.229682922363281250e-01 6.534238457679748535e-01
4.418255090713500977e-01 5.804595351219177246e-01
6.798082590103149414e-01 4.169684052467346191e-01
5.493157505989074707e-01 7.359099984169006348e-01
5.070291161537170410e-01 4.986417591571807861e-01
5.541157126426696777e-01 7.059813141822814941e-01
6.185640692710876465e-01 5.773363113403320312e-01
5.703011155128479004e-01 7.699877619743347168e-01
6.113748550415039062e-01 6.058347225189208984e-01
6.041786074638366699e-01 6.044152975082397461e-01
6.994485259056091309e-01 5.376753211021423340e-01
3.577313423156738281e-01 5.987760424613952637e-01
3.683491945266723633e-01 5.779469013214111328e-01
7.241387367248535156e-01 5.285695195198059082e-01
5.453008413314819336e-01 6.998951435089111328e-01
6.732663512229919434e-01 7.305680513381958008e-01
4.784049689769744873e-01 4.915512502193450928e-01
5.817850232124328613e-01 6.370435953140258789e-01
5.386348366737365723e-01 6.875545978546142578e-01
6.495747566223144531e-01 6.368434429168701172e-01
4.357854425907135010e-01 6.461644768714904785e-01
6.859900355339050293e-01 5.122272968292236328e-01
6.852635145187377930e-01 5.154275298118591309e-01
5.575973987579345703e-01 7.158452272415161133e-01
6.298721432685852051e-01 6.600907444953918457e-01
5.964773297309875488e-01 4.120445847511291504e-01
4.803053736686706543e-01 5.656765699386596680e-01
5.595101714134216309e-01 3.822670876979827881e-01
4.713675975799560547e-01 4.472263753414154053e-01
5.046321153640747070e-01 5.214270949363708496e-01
4.042339324951171875e-01 5.684036612510681152e-01
5.280185341835021973e-01 4.583798050880432129e-01
6.071638464927673340e-01 7.803329825401306152e-01
4.682004451751708984e-01 4.753710031509399414e-01
4.743457734584808350e-01 5.626428723335266113e-01
8.041713833808898926e-01 5.575406551361083984e-01
5.731976032257080078e-01 8.169344663619995117e-01
4.972840845584869385e-01 4.337026476860046387e-01
4.260488152503967285e-01 5.800651907920837402e-01
6.736403107643127441e-01 7.611568570137023926e-01
7.782937288284301758e-01 6.085167527198791504e-01
5.794959068298339844e-01 6.918677091598510742e-01
4.921147227287292480e-01 6.492646336555480957e-01
6.950421333312988281e-01 4.862249195575714111e-01
4.856531023979187012e-01 5.033854246139526367e-01
7.356995940208435059e-01 6.376292109489440918e-01
4.436440765857696533e-01 7.115672826766967773e-01
5.889796614646911621e-01 5.660026669502258301e-01
5.845056176185607910e-01 4.526176452636718750e-01
4.801129400730133057e-01 5.412074327468872070e-01
8.282351493835449219e-01 5.791920423507690430e-01
5.910238623619079590e-01 7.058313488960266113e-01
7.040795683860778809e-01 6.736665368080139160e-01
5.267789363861083984e-01 8.075623512268066406e-01
6.483406424522399902e-01 3.790080845355987549e-01
6.091384291648864746e-01 7.338189482688903809e-01
7.530786991119384766e-01 5.597623586654663086e-01
6.143134832382202148e-01 4.405600726604461670e-01
7.366453409194946289e-01 5.729913711547851562e-01
6.253775954246520996e-01 7.317496538162231445e-01
6.555786132812500000e-01 6.488935947418212891e-01
5.054828524589538574e-01 4.742150306701660156e-01
3.990608751773834229e-01 5.560190677642822266e-01
5.717107653617858887e-01 5.610356926918029785e-01
5.876705646514892578e-01 4.258561134338378906e-01
6.335808634757995605e-01 6.865411996841430664e-01
4.321241676807403564e-01 5.680364966392517090e-01
5.840373039245605469e-01 7.464261651039123535e-01
6.230406761169433594e-01 3.720973432064056396e-01
5.195475816726684570e-01 5.077540874481201172e-01
7.412832379341125488e-01 6.603820323944091797e-01
7.333202958106994629e-01 4.809125661849975586e-01
5.241454839706420898e-01 7.991328239440917969e-01
8.044215440750122070e-01 6.518957614898681641e-01
4.916126728057861328e-01 6.037844419479370117e-01
4.135023057460784912e-01 5.520147085189819336e-01
7.019671797752380371e-01 7.111355066299438477e-01
4.761438667774200439e-01 7.217908501625061035e-01
8.016116619110107422e-01 6.528832912445068359e-01
6.620746254920959473e-01 6.466557979583740234e-01
5.572710633277893066e-01 7.412841320037841797e-01
7.490071654319763184e-01 5.636239051818847656e-01
6.241661906242370605e-01 7.916647195816040039e-01
6.564202308654785156e-01 7.574250102043151855e-01
5.860377550125122070e-01 3.484430909156799316e-01
6.408063173294067383e-01 5.151877999305725098e-01
5.312905311584472656e-01 5.154051184654235840e-01
5.922424197196960449e-01 7.118200659751892090e-01
6.984497904777526855e-01 4.593674540519714355e-01
5.987646579742431641e-01 4.758555889129638672e-01
4.993106722831726074e-01 8.108116984367370605e-01
4.175147414207458496e-01 6.977037191390991211e-01
7.013731598854064941e-01 7.469585537910461426e-01
7.302631139755249023e-01 7.423864603042602539e-01
4.970092475414276123e-01 7.476537227630615234e-01
5.061945915222167969e-01 5.585587620735168457e-01
4.785276353359222412e-01 4.412072896957397461e-01
6.972820758819580078e-01 7.129138112068176270e-01
7.498183846473693848e-01 5.396212339401245117e-01
6.928839087486267090e-01 4.746833741664886475e-01
5.184618234634399414e-01 7.563630938529968262e-01
6.076564192771911621e-01 4.329143166542053223e-01
7.448880672454833984e-01 4.838077723979949951e-01
7.481021285057067871e-01 5.509434342384338379e-01
4.059024155139923096e-01 6.103069782257080078e-01
6.381357312202453613e-01 4.152075052261352539e-01
7.635641694068908691e-01 5.494654774665832520e-01
5.973682403564453125e-01 7.020577192306518555e-01
6.011266112327575684e-01 6.094879508018493652e-01
5.780700445175170898e-01 3.399329483509063721e-01
5.739994645118713379e-01 6.990785598754882812e-01
7.656803131103515625e-01 6.062079071998596191e-01
4.309274554252624512e-01 5.530140995979309082e-01
7.982591390609741211e-01 5.695733428001403809e-01
6.507155299186706543e-01 6.857897639274597168e-01
4.772875905036926270e-01 5.944809317588806152e-01
5.503157377243041992e-01 7.335999608039855957e-01
5.461812019348144531e-01 7.054511904716491699e-01
4.502180218696594238e-01 7.033163905143737793e-01
5.647034049034118652e-01 5.285232663154602051e-01
6.010356545448303223e-01 7.497064471244812012e-01
4.785485565662384033e-01 6.285694837570190430e-01
8.188245892524719238e-01 6.305360794067382812e-01
6.014313101768493652e-01 7.816936969757080078e-01
4.972119629383087158e-01 7.465497255325317383e-01
5.830937027931213379e-01 7.811800241470336914e-01
6.416871547698974609e-01 4.337305724620819092e-01
7.413978576660156250e-01 6.238270401954650879e-01
3.824576735496520996e-01 5.821570754051208496e-01
7.098355293273925781e-01 7.039383053779602051e-01
6.362808942794799805e-01 4.142414331436157227e-01
5.293089151382446289e-01 4.572238326072692871e-01
7.838405966758728027e-01 5.953049063682556152e-01
4.746840596199035645e-01 6.681097149848937988e-01
6.897916793823242188e-01 6.112769842147827148e-01
5.560277700424194336e-01 4.786076247692108154e-01
4.925474226474761963e-01 5.740322470664978027e-01
6.322393417358398438e-01 4.724427163600921631e-01
5.105351805686950684e-01 4.432893395423889160e-01
4.650066792964935303e-01 6.623499989509582520e-01
7.341380119323730469e-01 6.420510411262512207e-01
5.652166008949279785e-01 7.751141786575317383e-01
4.126080274581909180e-01 6.253435015678405762e-01
7.392178773880004883e-01 4.845897555351257324e-01
7.629367113113403320e-01 5.416980981826782227e-01
3.684302568435668945e-01 5.545266866683959961e-01
5.016939043998718262e-01 6.138643026351928711e-01
4.403216540813446045e-01 6.891759037971496582e-01
4.834705293178558350e-01 5.043967962265014648e-01
3.833922743797302246e-01 6.570118665695190430e-01
8.022683858871459961e-01 6.560180783271789551e-01
7.898893356323242188e-01 5.677578449249267578e-01
7.432512640953063965e-01 6.604177951812744141e-01
6.107944250106811523e-01 7.665575742721557617e-01
7.206846475601196289e-01 5.519831776618957520e-01
7.345403432846069336e-01 7.002316713333129883e-01
5.485603809356689453e-01 3.659493029117584229e-01
6.846987009048461914e-01 5.950111746788024902e-01
5.703033804893493652e-01 6.019478440284729004e-01
7.818626761436462402e-01 6.236159801483154297e-01
5.877283215522766113e-01 8.074891567230224609e-01
4.655953347682952881e-01 6.735829710960388184e-01
6.078908443450927734e-01 4.556064605712890625e-01
3.988319337368011475e-01 5.686340928077697754e-01
6.927012205123901367e-01 5.531572103500366211e-01
4.653381705284118652e-01 5.942751765251159668e-01
5.436637997627258301e-01 5.911710262298583984e-01
6.351886391639709473e-01 8.141717910766601562e-01
5.785375833511352539e-01 6.579626202583312988e-01
7.749589085578918457e-01 4.996491968631744385e-01
7.894266843795776367e-01 6.495210528373718262e-01
7.603825926780700684e-01 5.862597227096557617e-01
6.586953997611999512e-01 4.297635257244110107e-01
3.951550722122192383e-01 6.413341164588928223e-01
3.774254322052001953e-01 6.496685147285461426e-01
6.836381554603576660e-01 6.691476702690124512e-01
6.588008403778076172e-01 6.964731216430664062e-01
6.963455677032470703e-01 5.381929874420166016e-01
6.766205430030822754e-01 6.868523955345153809e-01
7.505885958671569824e-01 4.954002201557159424e-01
4.344032406806945801e-01 6.218154430389404297e-01
6.022671461105346680e-01 6.518552899360656738e-01
6.218223571777343750e-01 6.366605162620544434e-01
6.432970166206359863e-01 7.444783449172973633e-01
5.126150250434875488e-01 5.789850354194641113e-01
5.128635764122009277e-01 7.458387613296508789e-01
7.670531272888183594e-01 6.420686244964599609e-01
7.522800564765930176e-01 6.993918418884277344e-01
5.715565085411071777e-01 4.357025325298309326e-01
6.625775694847106934e-01 4.498738646507263184e-01
5.627204775810241699e-01 7.068386077880859375e-01
4.568528532981872559e-01 7.152900099754333496e-01
8.095936775207519531e-01 5.339929461479187012e-01
6.978361010551452637e-01 6.358533501625061035e-01
7.876751422882080078e-01 6.187422275543212891e-01
7.669626474380493164e-01 6.460279226303100586e-01
5.611245036125183105e-01 4.314416348934173584e-01
4.615393280982971191e-01 6.177250742912292480e-01
5.192413330078125000e-01 5.776339173316955566e-01
7.515794634819030762e-01 7.227554321289062500e-01
6.487793326377868652e-01 6.905565857887268066e-01
6.096521615982055664e-01 4.871751070022583008e-01
8.499528169631958008e-01 5.945365428924560547e-01
4.734961092472076416e-01 7.019330263137817383e-01
4.975543022155761719e-01 7.012944817543029785e-01
4.746145308017730713e-01 5.258485078811645508e-01
6.081160306930541992e-01 4.703524410724639893e-01
5.906847715377807617e-01 5.697150230407714844e-01
4.101169109344482422e-01 5.086725950241088867e-01
4.021116793155670166e-01 6.442190408706665039e-01
6.579289436340332031e-01 6.600155830383300781e-01
5.613980889320373535e-01 6.831707358360290527e-01
5.544258356094360352e-01 7.536339759826660156e-01
6.143226027488708496e-01 7.497795224189758301e-01
7.528308629989624023e-01 7.291625142097473145e-01
6.113669276237487793e-01 4.300636351108551025e-01
6.041938066482543945e-01 4.746238291263580322e-01
5.317111015319824219e-01 7.142086625099182129e-01
4.565712511539459229e-01 4.919784963130950928e-01
3.859076797962188721e-01 6.111003160476684570e-01
4.631550610065460205e-01 6.551791429519653320e-01
6.454825997352600098e-01 8.492723703384399414e-01
5.581486821174621582e-01 4.478180110454559326e-01
5.211020112037658691e-01 7.288774847984313965e-01
5.896208882331848145e-01 5.932632088661193848e-01
4.581410586833953857e-01 5.547725558280944824e-01
7.016441822052001953e-01 7.029581665992736816e-01
7.330499887466430664e-01 4.963947534561157227e-01
7.301567196846008301e-01 4.392608702182769775e-01
7.186246514320373535e-01 5.172736644744873047e-01
7.964146137237548828e-01 5.398327708244323730e-01
7.983489036560058594e-01 6.689420342445373535e-01
4.497500658035278320e-01 6.122081875801086426e-01
7.732301950454711914e-01 5.413242578506469727e-01
3.849770426750183105e-01 6.273309588432312012e-01
7.650465965270996094e-01 4.876225292682647705e-01
5.163629055023193359e-01 7.498872280120849609e-01
5.111590027809143066e-01 8.124587535858154297e-01
5.342900156974792480e-01 7.563699483871459961e-01
5.721884369850158691e-01 6.451755166053771973e-01
7.964879870414733887e-01 6.252830624580383301e-01
4.858039319515228271e-01 4.834590256214141846e-01
6.160830855369567871e-01 6.776394248008728027e-01
7.860909700393676758e-01 5.207384228706359863e-01
6.555702686309814453e-01 7.428652644157409668e-01
5.104069709777832031e-01 7.397399544715881348e-01
6.805469393730163574e-01 4.050055146217346191e-01
5.687266588211059570e-01 5.634800195693969727e-01
6.246498227119445801e-01 4.413656592369079590e-01
5.310001969337463379e-01 6.548793315887451172e-01
6.147247552871704102e-01 7.463990449905395508e-01
8.160685896873474121e-01 6.533216238021850586e-01
4.482960700988769531e-01 5.388193726539611816e-01
6.317585706710815430e-01 7.480366230010986328e-01
6.151192784309387207e-01 7.663292884826660156e-01
6.637594103813171387e-01 4.434806704521179199e-01
7.514130473136901855e-01 6.488465666770935059e-01
7.706884741783142090e-01 5.561397075653076172e-01
4.928090274333953857e-01 5.583505630493164062e-01
4.108088910579681396e-01 5.805430412292480469e-01
4.137153029441833496e-01 5.023333430290222168e-01
4.273079037666320801e-01 5.544575452804565430e-01
7.980867028236389160e-01 5.610073208808898926e-01
6.294117569923400879e-01 7.199229598045349121e-01
5.946746468544006348e-01 4.137439131736755371e-01
6.654135584831237793e-01 4.396542906761169434e-01
7.104994654655456543e-01 6.413001418113708496e-01
5.793136358261108398e-01 3.620702326297760010e-01
7.926104664802551270e-01 6.879194378852844238e-01
5.127903819084167480e-01 4.553444683551788330e-01
7.388187050819396973e-01 5.689834952354431152e-01
5.229634642601013184e-01 4.277959167957305908e-01
5.597543716430664062e-01 3.683210015296936035e-01
4.500173926353454590e-01 5.907953977584838867e-01
6.585636138916015625e-01 5.229206681251525879e-01
7.892014384269714355e-01 5.418419241905212402e-01
4.932726621627807617e-01 4.578076004981994629e-01
5.353475809097290039e-01 7.265311479568481445e-01
4.947675466537475586e-01 5.070343017578125000e-01
6.060934662818908691e-01 5.180950164794921875e-01
6.126050353050231934e-01 4.010073542594909668e-01
6.078624725341796875e-01 8.162618279457092285e-01
5.313556790351867676e-01 7.313346266746520996e-01
6.002181768417358398e-01 5.699982643127441406e-01
5.665329694747924805e-01 8.176741003990173340e-01
6.193181276321411133e-01 6.788246631622314453e-01
5.568022727966308594e-01 4.971012771129608154e-01
5.008822679519653320e-01 6.283419132232666016e-01
7.463105320930480957e-01 6.548871397972106934e-01
5.761578083038330078e-01 4.853228628635406494e-01
6.703707575798034668e-01 5.721452832221984863e-01
5.442612767219543457e-01 7.379729151725769043e-01
6.138254404067993164e-01 4.143728911876678467e-01
5.760882496833801270e-01 4.344375729560852051e-01
5.526992678642272949e-01 5.714374184608459473e-01
6.349133253097534180e-01 3.668837547302246094e-01
5.199369192123413086e-01 5.093976259231567383e-01
6.034669876098632812e-01 4.084730744361877441e-01
7.647920250892639160e-01 5.364433526992797852e-01
5.897857546806335449e-01 3.656330108642578125e-01
4.172125458717346191e-01 5.150248408317565918e-01
4.497454166412353516e-01 6.510006785392761230e-01
5.548453330993652344e-01 5.427016019821166992e-01
5.583028793334960938e-01 5.284062623977661133e-01
5.261987447738647461e-01 5.333591103553771973e-01
5.743709802627563477e-01 3.954339921474456787e-01
4.664158821105957031e-01 5.892398357391357422e-01
6.964163184165954590e-01 5.167050957679748535e-01
7.335767745971679688e-01 6.529384851455688477e-01
7.328155040740966797e-01 5.281191468238830566e-01
5.985277295112609863e-01 4.660787880420684814e-01
5.753658413887023926e-01 7.757315039634704590e-01
6.033717989921569824e-01 7.224096059799194336e-01
4.509187638759613037e-01 6.451945900917053223e-01
3.796457052230834961e-01 6.291340589523315430e-01
7.429947257041931152e-01 6.763553023338317871e-01
5.421841740608215332e-01 4.833317101001739502e-01
6.530391573905944824e-01 7.953488230705261230e-01
7.167676687240600586e-01 6.089342236518859863e-01
4.699929952621459961e-01 5.100272297859191895e-01
7.501022815704345703e-01 6.053767800331115723e-01
5.422284603118896484e-01 6.893168091773986816e-01
5.837078094482421875e-01 5.739338994026184082e-01
5.050861835479736328e-01 6.199872493743896484e-01
5.659818649291992188e-01 7.719160318374633789e-01
7.920141816139221191e-01 5.957201719284057617e-01
5.849307179450988770e-01 5.321883559226989746e-01
8.055785894393920898e-01 6.053350567817687988e-01
5.278809070587158203e-01 5.265426635742187500e-01
7.226088643074035645e-01 4.571718573570251465e-01
6.864650845527648926e-01 7.380909323692321777e-01
5.738775134086608887e-01 7.138302922248840332e-01
7.254374623298645020e-01 7.395190596580505371e-01
6.476852297782897949e-01 5.103148221969604492e-01
7.930642366409301758e-01 6.422250866889953613e-01
5.204138159751892090e-01 5.239300131797790527e-01
5.994979143142700195e-01 6.733156442642211914e-01
4.546173810958862305e-01 7.222291231155395508e-01
5.992091298103332520e-01 6.259691119194030762e-01
8.440808057785034180e-01 5.627450942993164062e-01
4.955753684043884277e-01 6.616993546485900879e-01
6.544381380081176758e-01 7.029768824577331543e-01
6.270306110382080078e-01 6.500129103660583496e-01
5.866780877113342285e-01 5.908309221267700195e-01
6.939619183540344238e-01 5.490803122520446777e-01
5.007408261299133301e-01 6.709679365158081055e-01
4.320505857467651367e-01 6.448802351951599121e-01
4.479246139526367188e-01 4.752928614616394043e-01
6.362045407295227051e-01 8.316383957862854004e-01
6.832631826400756836e-01 7.094027400016784668e-01
4.606280922889709473e-01 6.641309261322021484e-01
5.460777282714843750e-01 7.864022254943847656e-01
4.675109982490539551e-01 5.861150622367858887e-01
7.362642288208007812e-01 6.397837996482849121e-01
7.719745635986328125e-01 6.065893173217773438e-01
5.846477150917053223e-01 4.171300232410430908e-01
5.158224701881408691e-01 7.154175043106079102e-01
5.909593105316162109e-01 4.317061901092529297e-01
4.306259155273437500e-01 4.961391091346740723e-01
5.929963588714599609e-01 6.732013821601867676e-01
7.808842658996582031e-01 6.819157600402832031e-01
6.074207425117492676e-01 3.968002200126647949e-01
6.511707901954650879e-01 7.014710307121276855e-01
5.580911040306091309e-01 6.876894831657409668e-01
6.396661996841430664e-01 8.224252462387084961e-01
5.454238057136535645e-01 7.612259387969970703e-01
7.203710079193115234e-01 7.207263112068176270e-01
6.210750341415405273e-01 5.245189070701599121e-01
5.329489111900329590e-01 5.440988540649414062e-01
4.572272896766662598e-01 5.207067728042602539e-01
4.719611406326293945e-01 6.579146981239318848e-01
5.429177284240722656e-01 7.286012768745422363e-01
7.135759592056274414e-01 7.502309083938598633e-01
5.689967274665832520e-01 4.497106075286865234e-01
6.134817004203796387e-01 6.237525343894958496e-01
5.497545003890991211e-01 6.661798954010009766e-01
6.083477735519409180e-01 4.052055180072784424e-01
4.456690251827239990e-01 6.825253367424011230e-01
8.187580108642578125e-01 6.354297399520874023e-01
7.828284502029418945e-01 5.747231841087341309e-01
5.110132694244384766e-01 6.196491718292236328e-01
5.814278125762939453e-01 7.558976411819458008e-01
5.346803069114685059e-01 7.725456357002258301e-01
5.792298316955566406e-01 6.505309939384460449e-01
5.002517700195312500e-01 4.285723268985748291e-01
4.372157156467437744e-01 5.582682490348815918e-01
4.885750710964202881e-01 5.056303143501281738e-01
6.393537521362304688e-01 6.594966650009155273e-01
7.728691101074218750e-01 6.150271296501159668e-01
5.271973013877868652e-01 4.405268430709838867e-01
7.152000665664672852e-01 5.646136403083801270e-01
4.861379563808441162e-01 6.934407353401184082e-01
6.152176260948181152e-01 8.063088655471801758e-01
7.564663290977478027e-01 5.271747708320617676e-01
3.914615511894226074e-01 6.047608256340026855e-01
7.919234037399291992e-01 4.857277870178222656e-01
6.410727500915527344e-01 5.696139931678771973e-01
4.639399945735931396e-01 4.471150338649749756e-01
6.943815946578979492e-01 5.045347213745117188e-01
6.109107732772827148e-01 5.372710227966308594e-01
5.491243600845336914e-01 6.460012793540954590e-01
6.050568819046020508e-01 3.970770835876464844e-01
6.152510643005371094e-01 6.264799833297729492e-01
6.068210601806640625e-01 6.201212406158447266e-01
5.882545709609985352e-01 4.857495129108428955e-01
5.157116651535034180e-01 6.014992594718933105e-01
4.344853162765502930e-01 4.786810576915740967e-01
5.565069913864135742e-01 5.573828816413879395e-01
3.721936345100402832e-01 5.957501530647277832e-01
5.070121288299560547e-01 5.416633486747741699e-01
4.884483218193054199e-01 6.163430809974670410e-01
3.953784704208374023e-01 5.648770928382873535e-01
6.154003143310546875e-01 7.708469033241271973e-01
6.593462228775024414e-01 7.231475710868835449e-01
3.426966965198516846e-01 5.844711065292358398e-01
5.161403417587280273e-01 7.070908546447753906e-01
5.720512866973876953e-01 5.265076160430908203e-01
4.928585588932037354e-01 5.902963280677795410e-01
5.253117680549621582e-01 4.456309080123901367e-01
6.781448125839233398e-01 5.064403414726257324e-01
7.358285784721374512e-01 6.971789598464965820e-01
5.152711272239685059e-01 4.888483881950378418e-01
8.427667021751403809e-01 5.418382287025451660e-01
4.568595886230468750e-01 5.135946869850158691e-01
7.712793350219726562e-01 6.528405547142028809e-01
6.322596073150634766e-01 4.020687937736511230e-01
6.636095046997070312e-01 5.843490958213806152e-01
3.603272140026092529e-01 5.750268697738647461e-01
7.014406919479370117e-01 4.742164015769958496e-01
6.618998646736145020e-01 4.336903095245361328e-01
3.985604047775268555e-01 6.787502169609069824e-01
