6.199437379837036133e-01 7.370258569717407227e-01
7.635813951492309570e-01 5.858116745948791504e-01
5.811293125152587891e-01 5.814771652221679688e-01
5.676676630973815918e-01 7.563571333885192871e-01
4.106637835502624512e-01 7.743899226188659668e-01
6.968621015548706055e-01 7.358563542366027832e-01
6.440669894218444824e-01 4.360303282737731934e-01
7.230581641197204590e-01 7.386455535888671875e-01
7.658331394195556641e-01 5.682535767555236816e-01
6.633375883102416992e-01 7.138378620147705078e-01
7.594214081764221191e-01 6.090744137763977051e-01
7.393799424171447754e-01 6.707293987274169922e-01
6.680583357810974121e-01 6.512917876243591309e-01
5.281374454498291016e-01 5.830531120300292969e-01
7.848412394523620605e-01 5.431656241416931152e-01
7.378373146057128906e-01 7.289324998855590820e-01
7.449559569358825684e-01 7.395718693733215332e-01
6.453269720077514648e-01 6.385908126831054688e-01
4.258872866630554199e-01 4.708847701549530029e-01
5.612521767616271973e-01 6.681126952171325684e-01
6.271856427192687988e-01 4.838018715381622314e-01
5.722636580467224121e-01 7.127841711044311523e-01
4.151657819747924805e-01 6.290887594223022461e-01
6.086987853050231934e-01 7.001215815544128418e-01
5.281049013137817383e-01 5.938025712966918945e-01
6.291438341140747070e-01 6.595656871795654297e-01
4.564149081707000732e-01 5.001129508018493652e-01
4.403973817825317383e-01 6.378845572471618652e-01
4.850893616676330566e-01 7.387161254882812500e-01
5.345386862754821777e-01 6.865717172622680664e-01
5.822812914848327637e-01 4.269391000270843506e-01
4.624874591827392578e-01 6.149432063102722168e-01
5.189307332038879395e-01 5.990591645240783691e-01
6.543301343917846680e-01 5.550409555435180664e-01
6.030285358428955078e-01 6.149673461914062500e-01
6.228850483894348145e-01 5.508992671966552734e-01
4.937475621700286865e-01 5.924656987190246582e-01
5.109831690788269043e-01 7.173784971237182617e-01
4.845398962497711182e-01 5.913265347480773926e-01
5.886574387550354004e-01 7.110829353332519531e-01
6.243209242820739746e-01 7.235403656959533691e-01
5.787227749824523926e-01 6.646654605865478516e-01
7.365955710411071777e-01 5.023782253265380859e-01
4.988195598125457764e-01 4.710975587368011475e-01
3.829200267791748047e-01 7.306378483772277832e-01
4.945273995399475098e-01 5.561605691909790039e-01
4.595121741294860840e-01 6.653744578361511230e-01
5.841693282127380371e-01 7.089790105819702148e-01
7.298416495323181152e-01 6.270734667778015137e-01
7.097374200820922852e-01 7.323697209358215332e-01
6.327899694442749023e-01 6.733173131942749023e-01
6.086565256118774414e-01 5.192849636077880859e-01
6.991673111915588379e-01 7.137066721916198730e-01
4.587967991828918457e-01 6.246382594108581543e-01
7.106550335884094238e-01 5.228026509284973145e-01
4.035556018352508545e-01 6.700699925422668457e-01
5.667445063591003418e-01 4.959686100482940674e-01
6.869772076606750488e-01 5.962700843811035156e-01
6.640990972518920898e-01 5.470681786537170410e-01
5.391699671745300293e-01 6.492879390716552734e-01
6.274674534797668457e-01 5.167170763015747070e-01
6.509579420089721680e-01 6.403778791427612305e-01
3.473489880561828613e-01 6.457986831665039062e-01
8.136059641838073730e-01 7.850338816642761230e-01
7.830489873886108398e-01 7.687876820564270020e-01
7.018382549285888672e-01 5.392307639122009277e-01
6.470086574554443359e-01 6.216752529144287109e-01
4.993154704570770264e-01 5.651797056198120117e-01
7.340785861015319824e-01 7.059769630432128906e-01
4.559770524501800537e-01 7.493376731872558594e-01
5.808199644088745117e-01 6.006293892860412598e-01
6.421209573745727539e-01 4.756724238395690918e-01
7.020132541656494141e-01 5.937529206275939941e-01
5.684729814529418945e-01 5.225424170494079590e-01
6.161530613899230957e-01 4.292614459991455078e-01
5.639793276786804199e-01 7.046725153923034668e-01
6.113622784614562988e-01 5.078845024108886719e-01
6.280333995819091797e-01 6.701210141181945801e-01
7.251816391944885254e-01 6.177927851676940918e-01
3.959924280643463135e-01 6.428826451301574707e-01
7.145600318908691406e-01 7.118505239486694336e-01
5.785148739814758301e-01 4.546426236629486084e-01
6.718199849128723145e-01 5.662524104118347168e-01
5.347240567207336426e-01 5.873877406120300293e-01
5.326106548309326172e-01 6.532769203186035156e-01
4.245515167713165283e-01 6.876100301742553711e-01
6.600835919380187988e-01 4.685237109661102295e-01
4.744886159896850586e-01 5.172039866447448730e-01
7.327437400817871094e-01 7.219547033309936523e-01
6.195815205574035645e-01 4.820349216461181641e-01
6.490676999092102051e-01 7.547181248664855957e-01
5.395261049270629883e-01 6.344020366668701172e-01
6.141842603683471680e-01 6.120526790618896484e-01
5.845372080802917480e-01 5.880630016326904297e-01
5.527721643447875977e-01 5.976970791816711426e-01
7.053106427192687988e-01 6.639084815979003906e-01
3.475248217582702637e-01 7.943471074104309082e-01
6.144636869430541992e-01 4.565110802650451660e-01
6.693366765975952148e-01 4.696439802646636963e-01
4.089968204498291016e-01 6.171285510063171387e-01
3.519865274429321289e-01 7.543101310729980469e-01
4.472364485263824463e-01 6.693321466445922852e-01
6.817528009414672852e-01 4.546246826648712158e-01
7.288622856140136719e-01 6.686839461326599121e-01
7.305298447608947754e-01 4.808610677719116211e-01
6.970712542533874512e-01 6.962961554527282715e-01
4.890786707401275635e-01 5.495473742485046387e-01
6.980559825897216797e-01 6.782472133636474609e-01
6.073784232139587402e-01 4.641295969486236572e-01
5.190986990928649902e-01 4.872582256793975830e-01
7.166274189949035645e-01 6.400940418243408203e-01
6.192002892494201660e-01 7.368541955947875977e-01
6.484213471412658691e-01 6.097871065139770508e-01
4.653446376323699951e-01 7.525091767311096191e-01
6.844967603683471680e-01 4.086435437202453613e-01
6.580064296722412109e-01 4.973438978195190430e-01
5.623011589050292969e-01 6.550773978233337402e-01
7.023140788078308105e-01 5.408507585525512695e-01
5.181930065155029297e-01 6.521077752113342285e-01
5.626655220985412598e-01 5.224348306655883789e-01
6.489183902740478516e-01 5.164811015129089355e-01
7.336357831954956055e-01 5.454630851745605469e-01
5.228739976882934570e-01 7.655041813850402832e-01
6.126444339752197266e-01 6.186890006065368652e-01
7.499209046363830566e-01 7.671643495559692383e-01
6.664815545082092285e-01 5.212743878364562988e-01
5.120956897735595703e-01 7.075823545455932617e-01
3.479923307895660400e-01 8.293617367744445801e-01
5.933963656425476074e-01 7.247762084007263184e-01
5.163753032684326172e-01 5.921634435653686523e-01
6.252477169036865234e-01 6.612263917922973633e-01
7.372413873672485352e-01 5.422250032424926758e-01
4.665259122848510742e-01 5.502254962921142578e-01
7.532737255096435547e-01 6.802703738212585449e-01
5.563561916351318359e-01 6.057060360908508301e-01
5.312680602073669434e-01 6.870990991592407227e-01
6.815165877342224121e-01 4.986221790313720703e-01
5.404203534126281738e-01 6.498215794563293457e-01
3.852517604827880859e-01 5.757714509963989258e-01
7.549032568931579590e-01 6.006956100463867188e-01
7.254690527915954590e-01 8.146599531173706055e-01
6.538721919059753418e-01 6.397858858108520508e-01
6.684273481369018555e-01 5.513941645622253418e-01
4.708999395370483398e-01 5.892565250396728516e-01
4.670243859291076660e-01 6.739194393157958984e-01
5.721976757049560547e-01 4.927573800086975098e-01
5.757203102111816406e-01 5.247409343719482422e-01
6.064054965972900391e-01 5.700558423995971680e-01
6.962247490882873535e-01 5.551981925964355469e-01
5.782746076583862305e-01 5.972483158111572266e-01
6.532077193260192871e-01 5.014523267745971680e-01
7.014195322990417480e-01 6.666374802589416504e-01
7.137624025344848633e-01 4.794081449508666992e-01
4.739207923412322998e-01 6.870477795600891113e-01
5.032482147216796875e-01 5.571905374526977539e-01
4.771988093852996826e-01 4.576797187328338623e-01
7.386658191680908203e-01 4.591592848300933838e-01
6.023479700088500977e-01 6.766662001609802246e-01
7.671314477920532227e-01 7.414435148239135742e-01
6.622821688652038574e-01 5.719935297966003418e-01
6.243418455123901367e-01 4.812539517879486084e-01
7.254003882408142090e-01 7.050868272781372070e-01
4.644398093223571777e-01 7.415474653244018555e-01
6.814710497856140137e-01 6.014138460159301758e-01
6.564360857009887695e-01 4.212601482868194580e-01
5.981512069702148438e-01 4.428424537181854248e-01
6.234226822853088379e-01 6.734021902084350586e-01
6.425224542617797852e-01 7.334713339805603027e-01
7.376371026039123535e-01 7.051349878311157227e-01
6.447522640228271484e-01 7.578985691070556641e-01
6.369218230247497559e-01 5.206376314163208008e-01
7.961539030075073242e-01 7.252086400985717773e-01
5.704095363616943359e-01 6.046416759490966797e-01
7.815458774566650391e-01 6.887112855911254883e-01
7.180820107460021973e-01 5.907852053642272949e-01
6.055053472518920898e-01 7.140632271766662598e-01
5.633198618888854980e-01 5.414195060729980469e-01
7.360403537750244141e-01 6.901129484176635742e-01
5.350741744041442871e-01 7.619574666023254395e-01
3.350329697132110596e-01 6.343392133712768555e-01
7.158548235893249512e-01 5.771142840385437012e-01
6.036788225173950195e-01 6.773117780685424805e-01
6.728743910789489746e-01 6.896398067474365234e-01
6.096963286399841309e-01 5.233898162841796875e-01
4.609495699405670166e-01 6.772866845130920410e-01
4.588417410850524902e-01 5.531931519508361816e-01
6.963683962821960449e-01 5.950563549995422363e-01
6.682642102241516113e-01 6.437130570411682129e-01
7.579386234283447266e-01 6.530727148056030273e-01
6.770018935203552246e-01 4.310133755207061768e-01
6.503900289535522461e-01 5.632344484329223633e-01
5.537002086639404297e-01 6.139945387840270996e-01
4.655919075012207031e-01 5.129573345184326172e-01
6.836534738540649414e-01 5.120330452919006348e-01
5.554403662681579590e-01 6.874998211860656738e-01
4.821921885013580322e-01 7.199233770370483398e-01
7.885984778404235840e-01 4.653890728950500488e-01
5.695788860321044922e-01 7.127124071121215820e-01
4.995357692241668701e-01 4.755686819553375244e-01
4.073953032493591309e-01 6.645768284797668457e-01
3.906456530094146729e-01 6.721001863479614258e-01
6.511313915252685547e-01 5.929239988327026367e-01
7.291004061698913574e-01 6.820752024650573730e-01
6.168314814567565918e-01 4.569415748119354248e-01
5.893044471740722656e-01 6.301441788673400879e-01
3.926987946033477783e-01 7.173784375190734863e-01
6.813059449195861816e-01 6.516746878623962402e-01
5.893768072128295898e-01 7.307404279708862305e-01
8.023239970207214355e-01 6.808498501777648926e-01
4.906753301620483398e-01 5.538642406463623047e-01
4.924133718013763428e-01 4.789007902145385742e-01
7.363942265510559082e-01 7.390832901000976562e-01
6.797488331794738770e-01 4.182229340076446533e-01
4.038975834846496582e-01 5.110890865325927734e-01
7.381165623664855957e-01 6.623392105102539062e-01
6.179626584053039551e-01 7.498185634613037109e-01
6.818803548812866211e-01 4.458498358726501465e-01
6.797452569007873535e-01 4.297591149806976318e-01
6.616758704185485840e-01 6.294177174568176270e-01
4.406814575195312500e-01 4.434148371219635010e-01
7.530565857887268066e-01 5.075282454490661621e-01
5.752319693565368652e-01 5.327038764953613281e-01
6.055291295051574707e-01 5.046706199645996094e-01
7.388655543327331543e-01 5.454459786415100098e-01
4.489188790321350098e-01 5.915698409080505371e-01
7.546175122261047363e-01 7.274699807167053223e-01
5.546997785568237305e-01 5.360106825828552246e-01
5.685680508613586426e-01 6.203640699386596680e-01
6.356739997863769531e-01 6.102754473686218262e-01
4.060577750205993652e-01 7.906955480575561523e-01
6.384827494621276855e-01 3.895319700241088867e-01
4.740942716598510742e-01 6.349052786827087402e-01
6.524839401245117188e-01 5.861600041389465332e-01
7.025035023689270020e-01 6.520757079124450684e-01
7.282608151435852051e-01 7.330227494239807129e-01
4.390332102775573730e-01 5.895046591758728027e-01
4.042194783687591553e-01 5.895714163780212402e-01
8.280857801437377930e-01 6.565369963645935059e-01
4.688102006912231445e-01 7.374296784400939941e-01
4.642413854598999023e-01 5.702578425407409668e-01
6.456730365753173828e-01 5.072037577629089355e-01
7.095120549201965332e-01 7.405162453651428223e-01
5.274522304534912109e-01 5.915920734405517578e-01
3.510175943374633789e-01 4.759947359561920166e-01
3.947643637657165527e-01 7.422957420349121094e-01
6.484563946723937988e-01 7.607492208480834961e-01
6.254763603210449219e-01 6.326504945755004883e-01
4.222551584243774414e-01 6.840860843658447266e-01
4.307839572429656982e-01 5.926962494850158691e-01
6.223806738853454590e-01 6.067337393760681152e-01
5.616804957389831543e-01 4.487051367759704590e-01
5.081908106803894043e-01 6.228388547897338867e-01
6.230828762054443359e-01 6.389816403388977051e-01
4.327332079410552979e-01 4.890480637550354004e-01
5.700466036796569824e-01 6.350910067558288574e-01
5.167955160140991211e-01 5.349619388580322266e-01
6.984492540359497070e-01 4.787783026695251465e-01
5.354263186454772949e-01 6.039276719093322754e-01
4.749697446823120117e-01 4.679441452026367188e-01
6.259086132049560547e-01 5.939030051231384277e-01
5.334115624427795410e-01 5.012707710266113281e-01
5.987015962600708008e-01 4.067580997943878174e-01
7.383719086647033691e-01 5.332448482513427734e-01
4.265353381633758545e-01 7.534616589546203613e-01
5.526870489120483398e-01 4.871340095996856689e-01
5.407736897468566895e-01 6.902414560317993164e-01
6.068868637084960938e-01 3.883893191814422607e-01
5.501528382301330566e-01 6.504123806953430176e-01
3.180745542049407959e-01 6.547072529792785645e-01
7.007252573966979980e-01 7.178205847740173340e-01
5.097745060920715332e-01 5.688273310661315918e-01
6.910781860351562500e-01 3.674485385417938232e-01
3.930443823337554932e-01 5.108808279037475586e-01
4.355843961238861084e-01 5.289145708084106445e-01
6.483555436134338379e-01 5.527958869934082031e-01
6.290099024772644043e-01 6.363691091537475586e-01
4.834665954113006592e-01 6.415529251098632812e-01
6.262421607971191406e-01 6.367281675338745117e-01
3.532482981681823730e-01 8.012565970420837402e-01
7.543615698814392090e-01 5.528787970542907715e-01
6.459321975708007812e-01 6.729159355163574219e-01
5.994721651077270508e-01 6.964759230613708496e-01
6.736415624618530273e-01 6.009376645088195801e-01
3.608430624008178711e-01 6.173176765441894531e-01
7.245807647705078125e-01 5.770288705825805664e-01
4.709836542606353760e-01 5.820404887199401855e-01
6.604714989662170410e-01 7.089871168136596680e-01
4.158851802349090576e-01 6.290588974952697754e-01
7.280517816543579102e-01 7.011489272117614746e-01
3.823893666267395020e-01 6.941780447959899902e-01
3.828840851783752441e-01 7.250323295593261719e-01
6.859253048896789551e-01 6.228547096252441406e-01
4.379658699035644531e-01 5.936090350151062012e-01
4.701119959354400635e-01 5.942294001579284668e-01
3.968060314655303955e-01 6.123235821723937988e-01
6.756742596626281738e-01 4.927087724208831787e-01
5.041314363479614258e-01 5.645841360092163086e-01
6.161320209503173828e-01 7.208250761032104492e-01
7.529600262641906738e-01 4.540819525718688965e-01
4.741488397121429443e-01 6.034964323043823242e-01
6.150651574134826660e-01 5.141900777816772461e-01
3.821233212947845459e-01 6.856318712234497070e-01
7.712942361831665039e-01 6.150013804435729980e-01
7.838228344917297363e-01 7.635554671287536621e-01
5.376117229461669922e-01 4.206127822399139404e-01
5.679862499237060547e-01 4.499051272869110107e-01
7.518094182014465332e-01 7.208026647567749023e-01
4.663949906826019287e-01 6.770052313804626465e-01
7.138554453849792480e-01 6.962299346923828125e-01
5.610211491584777832e-01 4.376393556594848633e-01
5.413271188735961914e-01 5.869717597961425781e-01
5.249431133270263672e-01 5.338144302368164062e-01
5.792558789253234863e-01 3.868771791458129883e-01
5.124369859695434570e-01 5.943303704261779785e-01
4.587436318397521973e-01 5.390385389328002930e-01
7.569991946220397949e-01 7.234099507331848145e-01
4.756285250186920166e-01 5.835447311401367188e-01
6.208945512771606445e-01 5.842013955116271973e-01
6.095486283302307129e-01 6.498908996582031250e-01
5.532238483428955078e-01 6.549173593521118164e-01
6.375634670257568359e-01 4.632797837257385254e-01
5.986879467964172363e-01 5.938732624053955078e-01
5.950275659561157227e-01 6.391369700431823730e-01
6.796886324882507324e-01 3.623324632644653320e-01
5.844544172286987305e-01 5.713505744934082031e-01
5.367940068244934082e-01 5.178486704826354980e-01
6.695118546485900879e-01 6.829177141189575195e-01
5.539695620536804199e-01 6.912158131599426270e-01
5.662233829498291016e-01 5.039510726928710938e-01
5.000499486923217773e-01 6.709101796150207520e-01
7.440688014030456543e-01 6.383696198463439941e-01
5.563204288482666016e-01 4.827919304370880127e-01
5.682497620582580566e-01 5.688674449920654297e-01
3.679206967353820801e-01 5.510995984077453613e-01
6.047044396400451660e-01 4.059652388095855713e-01
6.448622941970825195e-01 5.436167120933532715e-01
4.585429131984710693e-01 5.171677470207214355e-01
6.780990958213806152e-01 5.781372785568237305e-01
5.972354412078857422e-01 6.047654747962951660e-01
7.709988355636596680e-01 5.679224133491516113e-01
4.177435040473937988e-01 7.091915011405944824e-01
6.808731555938720703e-01 5.847268700599670410e-01
4.791422784328460693e-01 6.494165658950805664e-01
6.640346050262451172e-01 5.059008002281188965e-01
7.358215451240539551e-01 5.483460426330566406e-01
5.182580351829528809e-01 5.636186003684997559e-01
3.453945219516754150e-01 6.469479203224182129e-01
5.295283198356628418e-01 5.936295390129089355e-01
5.163627862930297852e-01 5.936214923858642578e-01
6.464632749557495117e-01 6.651473045349121094e-01
8.245841860771179199e-01 6.712806820869445801e-01
4.112539291381835938e-01 5.332449078559875488e-01
6.749048829078674316e-01 5.304722189903259277e-01
8.058286905288696289e-01 6.369028091430664062e-01
5.948405861854553223e-01 6.315716505050659180e-01
5.223633646965026855e-01 5.816327333450317383e-01
6.138697266578674316e-01 4.287524223327636719e-01
7.910391688346862793e-01 5.924672484397888184e-01
6.252452135086059570e-01 5.252068042755126953e-01
4.630359411239624023e-01 4.388915002346038818e-01
6.424083709716796875e-01 6.510272026062011719e-01
4.844233691692352295e-01 7.549503445625305176e-01
6.222258806228637695e-01 3.931003808975219727e-01
5.357545614242553711e-01 6.198260784149169922e-01
5.603392124176025391e-01 4.354925453662872314e-01
5.624036788940429688e-01 4.170681238174438477e-01
6.585747599601745605e-01 5.785602927207946777e-01
6.498191356658935547e-01 4.654942750930786133e-01
5.430751442909240723e-01 4.900814592838287354e-01
5.946087241172790527e-01 4.945717751979827881e-01
6.749729514122009277e-01 5.161890983581542969e-01
5.922463536262512207e-01 4.752956032752990723e-01
7.168992757797241211e-01 7.229673862457275391e-01
6.844204664230346680e-01 5.412912368774414062e-01
6.021883487701416016e-01 4.777642190456390381e-01
4.351077973842620850e-01 4.705926477909088135e-01
4.856748878955841064e-01 5.828551650047302246e-01
5.059571266174316406e-01 6.019004583358764648e-01
4.858960509300231934e-01 5.498857498168945312e-01
6.607839465141296387e-01 6.273261904716491699e-01
4.905693531036376953e-01 5.413680076599121094e-01
5.779358744621276855e-01 5.215902328491210938e-01
5.433908104896545410e-01 5.812782645225524902e-01
5.682347416877746582e-01 6.302139163017272949e-01
6.186443567276000977e-01 5.943683981895446777e-01
6.651856899261474609e-01 4.578805863857269287e-01
6.637796759605407715e-01 4.390244483947753906e-01
3.905886411666870117e-01 7.051614522933959961e-01
6.019335985183715820e-01 4.456951618194580078e-01
4.711162149906158447e-01 4.994440078735351562e-01
4.589351713657379150e-01 5.778702497482299805e-01
7.075355648994445801e-01 5.268033742904663086e-01
5.835550427436828613e-01 6.008926630020141602e-01
6.038530468940734863e-01 5.639152526855468750e-01
5.821493268013000488e-01 5.750486254692077637e-01
4.346540868282318115e-01 4.682922959327697754e-01
7.038855552673339844e-01 4.987841248512268066e-01
5.791870355606079102e-01 4.451822936534881592e-01
6.606216430664062500e-01 5.008496046066284180e-01
7.326712012290954590e-01 5.123144984245300293e-01
4.290587007999420166e-01 7.053703069686889648e-01
4.298171103000640869e-01 5.326797366142272949e-01
6.332568526268005371e-01 4.642221927642822266e-01
6.003707051277160645e-01 4.533655941486358643e-01
7.317876815795898438e-01 6.951087117195129395e-01
4.646785557270050049e-01 4.231424927711486816e-01
4.380145967006683350e-01 7.517373561859130859e-01
6.174154281616210938e-01 4.613311886787414551e-01
6.940720081329345703e-01 4.030163288116455078e-01
7.016062140464782715e-01 6.061173081398010254e-01
6.185856461524963379e-01 6.801689863204956055e-01
4.122208952903747559e-01 5.040609836578369141e-01
4.242762625217437744e-01 6.018421053886413574e-01
5.114492177963256836e-01 6.960670351982116699e-01
5.963917374610900879e-01 7.250139117240905762e-01
6.013348102569580078e-01 6.682936549186706543e-01
5.478172302246093750e-01 6.565799713134765625e-01
6.099684238433837891e-01 7.079291939735412598e-01
5.456939935684204102e-01 4.536501765251159668e-01
5.855594873428344727e-01 6.169431209564208984e-01
4.254928827285766602e-01 7.092399001121520996e-01
6.910166144371032715e-01 5.502134561538696289e-01
7.253831624984741211e-01 7.158943414688110352e-01
5.472685098648071289e-01 4.234804809093475342e-01
6.406397819519042969e-01 4.029000997543334961e-01
6.195859313011169434e-01 4.449381232261657715e-01
5.766885876655578613e-01 5.326705574989318848e-01
6.175189614295959473e-01 3.969120085239410400e-01
6.247614026069641113e-01 3.455922007560729980e-01
6.000071167945861816e-01 4.741890430450439453e-01
7.338848114013671875e-01 6.073771715164184570e-01
5.728481411933898926e-01 5.086770057678222656e-01
4.800623059272766113e-01 6.196800470352172852e-01
3.912926018238067627e-01 5.854346752166748047e-01
7.690535187721252441e-01 5.559857487678527832e-01
7.038269042968750000e-01 5.375975370407104492e-01
4.264355897903442383e-01 5.875569581985473633e-01
6.783708333969116211e-01 5.132518410682678223e-01
6.736795306205749512e-01 5.927940011024475098e-01
5.610843300819396973e-01 3.727680742740631104e-01
5.795525312423706055e-01 5.091978907585144043e-01
5.008077025413513184e-01 5.362471342086791992e-01
6.026324629783630371e-01 4.944540858268737793e-01
6.235362887382507324e-01 6.345384120941162109e-01
4.858242571353912354e-01 6.002560853958129883e-01
5.380840897560119629e-01 5.575500130653381348e-01
6.445899009704589844e-01 5.289548635482788086e-01
5.700837969779968262e-01 4.917883574962615967e-01
7.392099499702453613e-01 7.402404546737670898e-01
4.537462890148162842e-01 5.713622570037841797e-01
6.275650858879089355e-01 4.025469422340393066e-01
6.630852222442626953e-01 5.971395969390869141e-01
6.630931496620178223e-01 6.327240467071533203e-01
6.205249428749084473e-01 5.259082317352294922e-01
6.759923100471496582e-01 5.359209179878234863e-01
7.324063181877136230e-01 4.832705557346343994e-01
6.463351249694824219e-01 4.724236428737640381e-01
6.763853430747985840e-01 7.395560145378112793e-01
4.341943562030792236e-01 4.660288691520690918e-01
6.643606424331665039e-01 7.298004627227783203e-01
6.682812571525573730e-01 2.970188558101654053e-01
5.400378704071044922e-01 4.430125653743743896e-01
4.362670481204986572e-01 4.381074011325836182e-01
7.566862702369689941e-01 4.037683606147766113e-01
8.126757740974426270e-01 6.452183127403259277e-01
6.254805326461791992e-01 4.552196562290191650e-01
3.428986668586730957e-01 7.408375144004821777e-01
4.788559675216674805e-01 4.420084953308105469e-01
6.801400184631347656e-01 6.070103049278259277e-01
6.341675519943237305e-01 6.791023612022399902e-01
4.399934113025665283e-01 4.886932969093322754e-01
6.293397545814514160e-01 4.858584702014923096e-01
5.487939119338989258e-01 6.770914196968078613e-01
7.393794655799865723e-01 6.359647512435913086e-01
6.381943821907043457e-01 6.957734227180480957e-01
4.785752892494201660e-01 5.136924982070922852e-01
6.245761513710021973e-01 4.768814742565155029e-01
6.801311969757080078e-01 6.124659180641174316e-01
5.297855138778686523e-01 6.082084774971008301e-01
5.409893393516540527e-01 3.695015609264373779e-01
7.056021094322204590e-01 7.355331182479858398e-01
5.685729384422302246e-01 5.161245465278625488e-01
7.552285790443420410e-01 5.456379055976867676e-01
4.763623476028442383e-01 5.983746647834777832e-01
6.217131614685058594e-01 5.411778688430786133e-01
5.825169086456298828e-01 4.073577523231506348e-01
4.703491628170013428e-01 4.328289628028869629e-01
5.626320838928222656e-01 5.227927565574645996e-01
4.341966211795806885e-01 4.467566609382629395e-01
4.761131405830383301e-01 4.854607880115509033e-01
8.304769992828369141e-01 5.505090355873107910e-01
5.471874475479125977e-01 4.514478743076324463e-01
6.852824687957763672e-01 4.647141695022583008e-01
6.005057096481323242e-01 5.392063856124877930e-01
6.541675329208374023e-01 4.802672863006591797e-01
6.678357720375061035e-01 3.796424269676208496e-01
6.849690079689025879e-01 4.917573034763336182e-01
5.513333678245544434e-01 5.324290394783020020e-01
4.688934385776519775e-01 6.259737610816955566e-01
4.528543949127197266e-01 3.964538276195526123e-01
5.196720957756042480e-01 5.654935240745544434e-01
7.422698736190795898e-01 6.610395908355712891e-01
6.346197724342346191e-01 6.396610140800476074e-01
5.213882327079772949e-01 3.574981689453125000e-01
4.415726661682128906e-01 4.326535463333129883e-01
6.717364788055419922e-01 4.726452529430389404e-01
6.532992124557495117e-01 4.814604222774505615e-01
7.114350795745849609e-01 6.237798929214477539e-01
5.772253274917602539e-01 5.674312710762023926e-01
6.546006202697753906e-01 3.751208782196044922e-01
4.745259582996368408e-01 7.074971795082092285e-01
6.609654426574707031e-01 5.577821135520935059e-01
5.830069780349731445e-01 5.663784742355346680e-01
6.164660453796386719e-01 5.046784281730651855e-01
6.219338178634643555e-01 5.497376322746276855e-01
5.692603588104248047e-01 4.202109873294830322e-01
4.972782135009765625e-01 5.747981667518615723e-01
6.285903453826904297e-01 5.981844067573547363e-01
5.589351058006286621e-01 5.946285724639892578e-01
5.214121341705322266e-01 4.214158058166503906e-01
7.529656291007995605e-01 5.778044462203979492e-01
5.837975740432739258e-01 4.410133659839630127e-01
6.239172220230102539e-01 5.929651856422424316e-01
4.434576928615570068e-01 4.641453325748443604e-01
6.021772027015686035e-01 4.273894727230072021e-01
4.739397168159484863e-01 6.519544720649719238e-01
4.681367874145507812e-01 6.993088722229003906e-01
7.001523375511169434e-01 6.895644068717956543e-01
4.652325809001922607e-01 4.768933951854705811e-01
7.311680912971496582e-01 6.421743631362915039e-01
4.791444242000579834e-01 6.289010643959045410e-01
6.694565415382385254e-01 4.832974076271057129e-01
7.645302414894104004e-01 6.527585983276367188e-01
7.327625155448913574e-01 5.614241361618041992e-01
6.352751255035400391e-01 5.401040315628051758e-01
6.291420459747314453e-01 3.640008866786956787e-01
6.581473350524902344e-01 5.625047087669372559e-01
6.259297728538513184e-01 6.105398535728454590e-01
5.247049927711486816e-01 4.606121182441711426e-01
4.945254325866699219e-01 3.498224318027496338e-01
4.271990060806274414e-01 6.942228078842163086e-01
6.737363338470458984e-01 6.852825284004211426e-01
4.215135872364044189e-01 6.182593703269958496e-01
5.842108130455017090e-01 4.979430139064788818e-01
6.765897870063781738e-01 6.508749723434448242e-01
6.691465973854064941e-01 4.921610355377197266e-01
3.818880021572113037e-01 7.485595941543579102e-01
6.021696329116821289e-01 3.284679353237152100e-01
6.334954500198364258e-01 4.382324814796447754e-01
5.707228779792785645e-01 5.229544639587402344e-01
7.217988967895507812e-01 4.148789644241333008e-01
6.800653338432312012e-01 4.899930953979492188e-01
5.852500200271606445e-01 4.196291565895080566e-01
5.401614308357238770e-01 3.628500401973724365e-01
6.450036168098449707e-01 5.172252058982849121e-01
6.371862888336181641e-01 6.843354701995849609e-01
7.116868495941162109e-01 6.607030630111694336e-01
4.328728914260864258e-01 7.955434918403625488e-01
6.658725142478942871e-01 5.567964911460876465e-01
5.703164339065551758e-01 3.836250603199005127e-01
4.207111299037933350e-01 4.126982390880584717e-01
7.015147209167480469e-01 6.305276751518249512e-01
5.371603965759277344e-01 3.597981929779052734e-01
6.236460804939270020e-01 4.332043826580047607e-01
3.825007975101470947e-01 6.406310796737670898e-01
6.146988868713378906e-01 4.843747317790985107e-01
6.851664185523986816e-01 5.834370851516723633e-01
5.034167766571044922e-01 4.665873944759368896e-01
5.956787467002868652e-01 3.786196708679199219e-01
6.519903540611267090e-01 4.487158954143524170e-01
6.050150990486145020e-01 5.693017244338989258e-01
6.786442995071411133e-01 5.034962296485900879e-01
6.333810687065124512e-01 5.297908186912536621e-01
5.959405899047851562e-01 5.245522260665893555e-01
5.672200918197631836e-01 5.521984696388244629e-01
6.511482596397399902e-01 4.274503886699676514e-01
6.129706501960754395e-01 5.248998403549194336e-01
5.039045810699462891e-01 5.616546869277954102e-01
5.656421184539794922e-01 5.868803858757019043e-01
6.459783911705017090e-01 6.158965229988098145e-01
6.160415410995483398e-01 3.486648499965667725e-01
7.480970025062561035e-01 5.263388752937316895e-01
6.117227673530578613e-01 4.647642374038696289e-01
6.266871094703674316e-01 4.513919949531555176e-01
7.374835610389709473e-01 6.867566704750061035e-01
5.427406430244445801e-01 4.006319046020507812e-01
5.075554251670837402e-01 7.684619426727294922e-01
6.138477921485900879e-01 4.165514409542083740e-01
4.956990480422973633e-01 6.005361676216125488e-01
5.337249636650085449e-01 6.010234951972961426e-01
5.601770281791687012e-01 5.375062823295593262e-01
4.040969312191009521e-01 5.622872710227966309e-01
5.301380753517150879e-01 5.200456380844116211e-01
6.280314922332763672e-01 4.464967846870422363e-01
4.916260838508605957e-01 7.065340280532836914e-01
4.893770813941955566e-01 5.218065977096557617e-01
5.539986491203308105e-01 6.921238899230957031e-01
4.913298189640045166e-01 4.557573199272155762e-01
3.348319530487060547e-01 6.694871187210083008e-01
5.919632911682128906e-01 3.383552730083465576e-01
6.306768655776977539e-01 4.483863711357116699e-01
7.778584957122802734e-01 4.301589131355285645e-01
6.419292092323303223e-01 5.388532876968383789e-01
3.706743121147155762e-01 5.299369692802429199e-01
4.591059684753417969e-01 6.066494584083557129e-01
6.354512572288513184e-01 4.769590795040130615e-01
4.806584417819976807e-01 6.838112473487854004e-01
5.138174295425415039e-01 5.897502303123474121e-01
6.939076781272888184e-01 7.191315889358520508e-01
7.325281500816345215e-01 4.194625318050384521e-01
6.348468065261840820e-01 5.303973555564880371e-01
6.197077035903930664e-01 4.790039360523223877e-01
4.290720820426940918e-01 7.022024989128112793e-01
4.842858612537384033e-01 3.811711668968200684e-01
6.652784347534179688e-01 5.769085884094238281e-01
6.245191097259521484e-01 5.856154561042785645e-01
4.972173869609832764e-01 5.084294080734252930e-01
5.671542882919311523e-01 4.554792642593383789e-01
5.973324179649353027e-01 4.564228355884552002e-01
5.364626646041870117e-01 4.272331893444061279e-01
4.950984120368957520e-01 6.694399714469909668e-01
5.667495727539062500e-01 4.970614314079284668e-01
5.339004397392272949e-01 4.475172758102416992e-01
6.056438088417053223e-01 3.778966367244720459e-01
7.814325094223022461e-01 6.185745596885681152e-01
6.573404669761657715e-01 4.391857087612152100e-01
6.310403943061828613e-01 4.412786066532135010e-01
5.611134171485900879e-01 3.906926512718200684e-01
5.823538899421691895e-01 5.102388858795166016e-01
5.491123199462890625e-01 6.153583526611328125e-01
3.668067157268524170e-01 6.807634234428405762e-01
6.711906790733337402e-01 4.773606657981872559e-01
8.078138828277587891e-01 6.228193044662475586e-01
3.940587937831878662e-01 5.780181288719177246e-01
5.940027236938476562e-01 6.148832440376281738e-01
5.081846714019775391e-01 3.389184474945068359e-01
4.131503105163574219e-01 4.342488348484039307e-01
5.258668065071105957e-01 5.389354228973388672e-01
6.526950597763061523e-01 5.991849899291992188e-01
6.425052881240844727e-01 7.230794429779052734e-01
5.050465464591979980e-01 6.515511274337768555e-01
7.948976755142211914e-01 7.192507386207580566e-01
5.398835539817810059e-01 3.907741904258728027e-01
5.697678327560424805e-01 3.352637588977813721e-01
6.097159385681152344e-01 4.463594257831573486e-01
4.535995125770568848e-01 4.162904024124145508e-01
6.230110526084899902e-01 3.936258554458618164e-01
6.968008279800415039e-01 3.181350231170654297e-01
6.275700926780700684e-01 5.344557762145996094e-01
5.520682334899902344e-01 3.654078543186187744e-01
6.112939715385437012e-01 5.195817947387695312e-01
5.891550779342651367e-01 4.488677382469177246e-01
3.620158731937408447e-01 5.118268132209777832e-01
6.695626974105834961e-01 4.595646858215332031e-01
6.581757068634033203e-01 3.018358647823333740e-01
4.961492419242858887e-01 5.481870174407958984e-01
7.198646068572998047e-01 6.283801794052124023e-01
5.920575261116027832e-01 3.343961536884307861e-01
3.825165629386901855e-01 5.848799943923950195e-01
5.532324314117431641e-01 7.307152748107910156e-01
6.266890764236450195e-01 3.857488632202148438e-01
7.994332909584045410e-01 5.259730219841003418e-01
5.567365288734436035e-01 3.964471817016601562e-01
6.051789522171020508e-01 4.965015947818756104e-01
3.939393758773803711e-01 5.439711213111877441e-01
5.937989354133605957e-01 6.334229111671447754e-01
4.683601558208465576e-01 3.796896636486053467e-01
4.912467002868652344e-01 3.871669769287109375e-01
3.975685536861419678e-01 5.559143424034118652e-01
6.151848435401916504e-01 3.994894623756408691e-01
5.456646084785461426e-01 4.869292378425598145e-01
6.544742584228515625e-01 4.084865748882293701e-01
6.862545013427734375e-01 3.327526748180389404e-01
4.932528436183929443e-01 4.139285981655120850e-01
6.807277798652648926e-01 4.411136806011199951e-01
6.019337177276611328e-01 4.259233474731445312e-01
7.370548248291015625e-01 6.031360030174255371e-01
5.383591055870056152e-01 5.833868384361267090e-01
5.419294238090515137e-01 4.152735471725463867e-01
5.910878181457519531e-01 4.747816026210784912e-01
5.700052976608276367e-01 4.053730368614196777e-01
4.356983602046966553e-01 5.150566697120666504e-01
5.105868577957153320e-01 5.429427623748779297e-01
4.609694778919219971e-01 6.324304342269897461e-01
6.459215879440307617e-01 6.466214656829833984e-01
5.449408888816833496e-01 4.336947798728942871e-01
7.331983447074890137e-01 4.492293298244476318e-01
4.154054820537567139e-01 5.788846611976623535e-01
6.217032670974731445e-01 5.063749551773071289e-01
5.546208024024963379e-01 5.441632866859436035e-01
6.853693723678588867e-01 4.383997619152069092e-01
6.140831708908081055e-01 5.335815548896789551e-01
5.913282036781311035e-01 5.000914335250854492e-01
6.401261091232299805e-01 5.389096140861511230e-01
4.417873919010162354e-01 5.176051855087280273e-01
5.935872793197631836e-01 5.486108660697937012e-01
5.938344597816467285e-01 4.186179041862487793e-01
5.892792940139770508e-01 3.782597184181213379e-01
6.066232919692993164e-01 3.804541230201721191e-01
7.326934933662414551e-01 6.368074417114257812e-01
5.619845390319824219e-01 5.085673332214355469e-01
5.846354365348815918e-01 6.255296468734741211e-01
6.517445445060729980e-01 3.896589279174804688e-01
5.162137150764465332e-01 5.751371383666992188e-01
5.597488284111022949e-01 6.093881726264953613e-01
6.902647018432617188e-01 4.193823039531707764e-01
6.327463388442993164e-01 7.107223272323608398e-01
4.446771442890167236e-01 6.088344454765319824e-01
3.998025059700012207e-01 4.679156541824340820e-01
5.639605522155761719e-01 4.708339869976043701e-01
7.164700627326965332e-01 4.794554710388183594e-01
7.194456458091735840e-01 6.584544777870178223e-01
5.546334385871887207e-01 6.233445405960083008e-01
6.123669743537902832e-01 4.759577214717864990e-01
6.204788088798522949e-01 4.914308786392211914e-01
6.308065652847290039e-01 5.751767158508300781e-01
4.880342185497283936e-01 4.951970875263214111e-01
5.058389306068420410e-01 4.627235233783721924e-01
7.372211217880249023e-01 6.743785738945007324e-01
3.806780278682708740e-01 6.368497014045715332e-01
4.771412312984466553e-01 5.109367370605468750e-01
4.309282004833221436e-01 5.010206103324890137e-01
4.564155936241149902e-01 4.304288625717163086e-01
6.827592253684997559e-01 4.661597907543182373e-01
6.175446510314941406e-01 5.275197625160217285e-01
3.612607121467590332e-01 6.783784031867980957e-01
6.825549006462097168e-01 6.618027687072753906e-01
7.009202241897583008e-01 3.135012388229370117e-01
6.583693623542785645e-01 3.451964855194091797e-01
5.847454667091369629e-01 6.377511024475097656e-01
4.763312041759490967e-01 6.099320054054260254e-01
3.256910443305969238e-01 6.333798766136169434e-01
4.051473140716552734e-01 4.192049205303192139e-01
5.828125476837158203e-01 6.221922636032104492e-01
5.534545779228210449e-01 5.327948927879333496e-01
4.996489584445953369e-01 3.675299584865570068e-01
5.678755640983581543e-01 6.823796629905700684e-01
6.520805358886718750e-01 7.018630504608154297e-01
6.090822815895080566e-01 4.311760365962982178e-01
5.871587395668029785e-01 5.778159499168395996e-01
6.860982775688171387e-01 6.507504582405090332e-01
5.885621905326843262e-01 5.912797451019287109e-01
7.065814137458801270e-01 4.680538773536682129e-01
5.704411864280700684e-01 3.322766721248626709e-01
5.307526588439941406e-01 4.522659778594970703e-01
7.107060551643371582e-01 5.047252178192138672e-01
6.445057988166809082e-01 5.632109045982360840e-01
3.713880777359008789e-01 7.437276840209960938e-01
6.393340826034545898e-01 4.670048356056213379e-01
4.097683131694793701e-01 4.135312438011169434e-01
4.992755651473999023e-01 5.058094263076782227e-01
5.180361866950988770e-01 4.247221946716308594e-01
6.366528868675231934e-01 5.392136573791503906e-01
5.266337990760803223e-01 4.648969173431396484e-01
4.861778020858764648e-01 4.446965754032135010e-01
6.458439230918884277e-01 3.584093451499938965e-01
6.090262532234191895e-01 4.694621860980987549e-01
5.192134976387023926e-01 4.146817624568939209e-01
7.538298368453979492e-01 6.431372165679931641e-01
6.733593344688415527e-01 5.249145627021789551e-01
6.215232610702514648e-01 4.858348369598388672e-01
5.322341322898864746e-01 4.414103627204895020e-01
4.685326516628265381e-01 4.018371701240539551e-01
6.455450057983398438e-01 3.257918655872344971e-01
5.124807357788085938e-01 6.868103146553039551e-01
7.300745248794555664e-01 6.379317641258239746e-01
5.579035282135009766e-01 3.676592111587524414e-01
6.395885944366455078e-01 5.611021518707275391e-01
6.226710677146911621e-01 3.552281558513641357e-01
6.258306503295898438e-01 4.047678709030151367e-01
7.009934782981872559e-01 4.037982225418090820e-01
6.396905183792114258e-01 5.122294425964355469e-01
4.430274069309234619e-01 4.306905269622802734e-01
6.647867560386657715e-01 2.526088953018188477e-01
5.194647312164306641e-01 4.958379864692687988e-01
4.719044566154479980e-01 5.405794382095336914e-01
6.858894824981689453e-01 2.973045408725738525e-01
5.378538370132446289e-01 4.152758419513702393e-01
6.613854765892028809e-01 3.452349007129669189e-01
5.208401083946228027e-01 3.731727004051208496e-01
5.203917026519775391e-01 4.848809540271759033e-01
5.997870564460754395e-01 5.042539834976196289e-01
6.365918517112731934e-01 4.506365656852722168e-01
5.976728200912475586e-01 5.313138961791992188e-01
6.820438504219055176e-01 5.267533063888549805e-01
5.912772417068481445e-01 3.756283223628997803e-01
4.953052103519439697e-01 6.402987837791442871e-01
6.684556603431701660e-01 6.161451339721679688e-01
3.183943331241607666e-01 4.726186394691467285e-01
5.750605463981628418e-01 3.934371769428253174e-01
3.662460744380950928e-01 4.762035906314849854e-01
5.712314844131469727e-01 6.119219660758972168e-01
6.483477354049682617e-01 5.319061279296875000e-01
5.614221096038818359e-01 3.460047245025634766e-01
5.646334886550903320e-01 4.090949296951293945e-01
6.405534148216247559e-01 5.970914959907531738e-01
4.602713584899902344e-01 4.239319860935211182e-01
7.498618960380554199e-01 5.179015994071960449e-01
7.209705710411071777e-01 6.199172735214233398e-01
4.737531542778015137e-01 3.653881251811981201e-01
6.766135096549987793e-01 2.799753844738006592e-01
6.745109558105468750e-01 3.450426757335662842e-01
5.708507895469665527e-01 3.619506657123565674e-01
5.737411975860595703e-01 5.900843739509582520e-01
5.534881949424743652e-01 3.701353371143341064e-01
7.567641139030456543e-01 3.962936103343963623e-01
5.882782936096191406e-01 4.724522531032562256e-01
6.027553081512451172e-01 4.463643729686737061e-01
3.868415653705596924e-01 5.311234593391418457e-01
6.400979757308959961e-01 4.426556825637817383e-01
4.872513115406036377e-01 4.171058833599090576e-01
6.358993053436279297e-01 5.871576666831970215e-01
6.934444308280944824e-01 4.947634339332580566e-01
6.299195885658264160e-01 3.576004505157470703e-01
3.833719789981842041e-01 5.099818110466003418e-01
6.518715620040893555e-01 4.883013963699340820e-01
5.225703716278076172e-01 5.403649806976318359e-01
5.724053382873535156e-01 2.844177484512329102e-01
5.861107707023620605e-01 3.665439784526824951e-01
6.726385951042175293e-01 5.175757408142089844e-01
5.742262601852416992e-01 5.287286043167114258e-01
4.046612083911895752e-01 5.053866505622863770e-01
4.642487168312072754e-01 4.112599492073059082e-01
4.227042496204376221e-01 5.346696376800537109e-01
6.683136224746704102e-01 4.314990341663360596e-01
6.380606293678283691e-01 4.306566417217254639e-01
6.044736504554748535e-01 4.320560395717620850e-01
6.335920095443725586e-01 6.352278590202331543e-01
6.878910660743713379e-01 3.607847690582275391e-01
5.924174189567565918e-01 5.007506012916564941e-01
5.963801741600036621e-01 3.420759439468383789e-01
4.676442444324493408e-01 5.382974743843078613e-01
4.713746309280395508e-01 4.380201399326324463e-01
5.992407202720642090e-01 4.600841403007507324e-01
5.953547954559326172e-01 4.381664097309112549e-01
5.995270013809204102e-01 3.967696428298950195e-01
4.034512937068939209e-01 5.629643797874450684e-01
7.159669995307922363e-01 5.279421806335449219e-01
7.200136184692382812e-01 6.656109094619750977e-01
6.909724473953247070e-01 4.567290544509887695e-01
5.510954856872558594e-01 3.949904739856719971e-01
6.614599227905273438e-01 4.964878261089324951e-01
6.273912191390991211e-01 4.919659197330474854e-01
6.378552317619323730e-01 3.345247209072113037e-01
5.632553100585937500e-01 5.051087141036987305e-01
5.852444171905517578e-01 3.774326741695404053e-01
5.509341359138488770e-01 4.933918416500091553e-01
4.468592107295989990e-01 4.517892897129058838e-01
5.718910694122314453e-01 3.661884665489196777e-01
3.564572036266326904e-01 5.642901659011840820e-01
5.673548579216003418e-01 4.796419441699981689e-01
5.703259706497192383e-01 6.269572973251342773e-01
5.387406349182128906e-01 4.062130153179168701e-01
5.661383271217346191e-01 3.761368393898010254e-01
5.339893698692321777e-01 6.158289909362792969e-01
5.292527079582214355e-01 3.995392918586730957e-01
5.632554888725280762e-01 2.842163443565368652e-01
7.299051880836486816e-01 5.664668679237365723e-01
5.254949331283569336e-01 4.250948131084442139e-01
6.453269124031066895e-01 3.023112118244171143e-01
6.601157188415527344e-01 3.931013643741607666e-01
3.902123570442199707e-01 4.544405639171600342e-01
6.705354452133178711e-01 3.502884507179260254e-01
3.049019575119018555e-01 4.869890213012695312e-01
6.797848939895629883e-01 3.560329973697662354e-01
4.702005982398986816e-01 3.932317197322845459e-01
6.037337183952331543e-01 3.499601483345031738e-01
6.564713120460510254e-01 3.557700812816619873e-01
4.954341650009155273e-01 4.454271197319030762e-01
6.774332523345947266e-01 5.809184908866882324e-01
5.482888817787170410e-01 5.579282045364379883e-01
6.123151779174804688e-01 6.219186782836914062e-01
4.007091820240020752e-01 4.719181954860687256e-01
6.871659159660339355e-01 3.652857840061187744e-01
5.557926893234252930e-01 4.202070534229278564e-01
6.006313562393188477e-01 5.101199746131896973e-01
5.712772607803344727e-01 4.016496837139129639e-01
6.706848144531250000e-01 3.086653947830200195e-01
5.156487822532653809e-01 6.000944972038269043e-01
4.250061511993408203e-01 5.262817740440368652e-01
6.330927610397338867e-01 4.942322075366973877e-01
5.247694849967956543e-01 3.400920033454895020e-01
6.766402721405029297e-01 2.703794538974761963e-01
6.223847270011901855e-01 3.225094676017761230e-01
5.814180970191955566e-01 4.173510372638702393e-01
5.661917328834533691e-01 4.810945689678192139e-01
5.747649073600769043e-01 5.789037346839904785e-01
6.841920018196105957e-01 4.286254346370697021e-01
4.016351103782653809e-01 4.113779067993164062e-01
6.488205790519714355e-01 6.759589314460754395e-01
6.949537992477416992e-01 6.387406587600708008e-01
6.434538364410400391e-01 3.331920206546783447e-01
6.094443798065185547e-01 6.023638844490051270e-01
7.210512757301330566e-01 5.197671651840209961e-01
5.349359512329101562e-01 4.381396174430847168e-01
5.472648739814758301e-01 4.844827651977539062e-01
4.855460524559020996e-01 3.747787177562713623e-01
5.411053895950317383e-01 4.533531963825225830e-01
6.629475355148315430e-01 6.199118494987487793e-01
4.576537311077117920e-01 4.726158082485198975e-01
3.347660005092620850e-01 6.379669904708862305e-01
5.481956601142883301e-01 3.108107149600982666e-01
5.893799066543579102e-01 4.561003744602203369e-01
5.376487374305725098e-01 4.574678242206573486e-01
6.080496907234191895e-01 5.474750399589538574e-01
4.092057645320892334e-01 5.310004353523254395e-01
6.374212503433227539e-01 4.577324092388153076e-01
6.699863672256469727e-01 3.759166300296783447e-01
6.087784171104431152e-01 4.203124642372131348e-01
5.888338088989257812e-01 3.732980787754058838e-01
6.107525229454040527e-01 4.775677323341369629e-01
5.902601480484008789e-01 3.707008957862854004e-01
5.967828631401062012e-01 4.687063097953796387e-01
3.465673029422760010e-01 3.573211133480072021e-01
5.750217437744140625e-01 4.566130340099334717e-01
4.979334771633148193e-01 4.152246117591857910e-01
4.879558980464935303e-01 5.735625028610229492e-01
4.481399059295654297e-01 5.448876023292541504e-01
5.475807189941406250e-01 5.691664218902587891e-01
5.839458703994750977e-01 2.904716134071350098e-01
6.985234618186950684e-01 3.651355504989624023e-01
6.411653757095336914e-01 3.629496991634368896e-01
6.205270290374755859e-01 4.806520938873291016e-01
6.556643247604370117e-01 3.752841353416442871e-01
5.475081205368041992e-01 3.082436025142669678e-01
5.645505189895629883e-01 3.304464221000671387e-01
6.397107243537902832e-01 4.508679211139678955e-01
4.430108070373535156e-01 3.451178073883056641e-01
5.879853367805480957e-01 3.779105842113494873e-01
6.087841391563415527e-01 3.510928750038146973e-01
5.839363932609558105e-01 4.944107234477996826e-01
4.649217426776885986e-01 4.369165897369384766e-01
5.854200124740600586e-01 4.593068957328796387e-01
5.911495685577392578e-01 4.354598522186279297e-01
7.370875477790832520e-01 6.531810760498046875e-01
6.000177860260009766e-01 5.031058788299560547e-01
6.376630663871765137e-01 6.921508908271789551e-01
7.358334064483642578e-01 6.864078640937805176e-01
6.656302809715270996e-01 6.116408109664916992e-01
4.399340450763702393e-01 5.613468885421752930e-01
6.484375000000000000e-01 3.529577255249023438e-01
6.438816189765930176e-01 3.499409258365631104e-01
6.379874348640441895e-01 5.160499215126037598e-01
4.870185554027557373e-01 3.729897737503051758e-01
5.493074655532836914e-01 3.194432854652404785e-01
5.955845117568969727e-01 2.844147980213165283e-01
6.279336214065551758e-01 3.706761002540588379e-01
5.377973318099975586e-01 3.837345242500305176e-01
5.036062598228454590e-01 3.837807178497314453e-01
3.123548030853271484e-01 5.778676867485046387e-01
5.441608428955078125e-01 5.625836253166198730e-01
6.638014316558837891e-01 6.233355998992919922e-01
5.783082246780395508e-01 4.201087057590484619e-01
6.312363147735595703e-01 3.930148780345916748e-01
6.338400244712829590e-01 5.120738744735717773e-01
4.639177918434143066e-01 6.508818864822387695e-01
5.274818539619445801e-01 4.294551312923431396e-01
5.922678112983703613e-01 4.722807407379150391e-01
6.080392599105834961e-01 3.644417226314544678e-01
5.271470546722412109e-01 3.915164470672607422e-01
6.356629133224487305e-01 4.841435551643371582e-01
6.479221582412719727e-01 2.763349413871765137e-01
5.494794249534606934e-01 6.202096939086914062e-01
6.050128936767578125e-01 4.254713654518127441e-01
6.075696945190429688e-01 5.101387500762939453e-01
3.419087529182434082e-01 6.021215319633483887e-01
5.690411329269409180e-01 4.946114122867584229e-01
6.709439754486083984e-01 4.136697351932525635e-01
4.543099403381347656e-01 4.000561833381652832e-01
4.865636825561523438e-01 5.019384026527404785e-01
6.842119097709655762e-01 4.364630579948425293e-01
6.741474866867065430e-01 2.661306560039520264e-01
5.511680841445922852e-01 5.202438235282897949e-01
5.611240863800048828e-01 3.519450426101684570e-01
6.025274991989135742e-01 4.527616500854492188e-01
5.553954243659973145e-01 5.781643986701965332e-01
4.671700000762939453e-01 3.356471359729766846e-01
5.162478089332580566e-01 3.747611045837402344e-01
5.558133721351623535e-01 4.661030173301696777e-01
7.469277381896972656e-01 6.376008987426757812e-01
5.240424275398254395e-01 3.867348432540893555e-01
5.521848797798156738e-01 5.005168914794921875e-01
4.836996197700500488e-01 3.924745023250579834e-01
6.343651413917541504e-01 6.677564382553100586e-01
5.327519178390502930e-01 5.465186834335327148e-01
6.398354172706604004e-01 6.040092110633850098e-01
4.612151086330413818e-01 4.515923261642456055e-01
5.357569456100463867e-01 2.945083081722259521e-01
5.670963525772094727e-01 3.829782009124755859e-01
6.009982228279113770e-01 4.656757116317749023e-01
4.997744560241699219e-01 4.802985191345214844e-01
4.959987103939056396e-01 4.487386047840118408e-01
