2.709280848503112793e-01 2.060179710388183594e-01
3.929563760757446289e-01 1.300542950630187988e-01
-8.559256792068481445e-02 -3.135516643524169922e-01
1.940304040908813477e-02 -2.048456668853759766e-02
-1.333073377609252930e-01 3.708981871604919434e-01
3.037860393524169922e-01 1.906552314758300781e-01
2.197050452232360840e-01 3.768178224563598633e-01
2.931863069534301758e-01 2.930833697319030762e-01
2.134369015693664551e-01 -3.130361437797546387e-01
1.490311622619628906e-01 -2.544718980789184570e-01
5.277937650680541992e-02 -2.165472507476806641e-01
-2.290711402893066406e-01 -2.967154383659362793e-01
-4.958918690681457520e-01 -4.358119964599609375e-01
1.843982934951782227e-01 -2.930378317832946777e-01
-2.965986728668212891e-03 4.228985309600830078e-01
-4.256233572959899902e-01 4.139194488525390625e-01
-1.184315085411071777e-01 -1.729564666748046875e-01
3.413643240928649902e-01 -3.008629679679870605e-01
3.881486058235168457e-01 6.028395891189575195e-02
3.924030065536499023e-02 4.887827634811401367e-01
-1.455729603767395020e-01 -2.501953244209289551e-01
-1.067036390304565430e-02 4.322023987770080566e-01
-4.354283213615417480e-01 -4.393298029899597168e-01
-8.071398735046386719e-02 4.219057559967041016e-01
2.560731172561645508e-01 4.377456307411193848e-01
-2.477128505706787109e-01 -3.475226759910583496e-01
2.969920039176940918e-01 3.893353343009948730e-01
4.014801979064941406e-02 5.456739664077758789e-02
-7.259494066238403320e-02 -4.494369626045227051e-01
-3.088386654853820801e-01 -3.410192131996154785e-01
-4.551747441291809082e-01 4.933918118476867676e-01
-1.570068597793579102e-01 -4.472217559814453125e-01
4.096233844757080078e-01 -6.505244970321655273e-02
4.753065109252929688e-02 1.091353893280029297e-01
-2.589140534400939941e-01 3.552935719490051270e-01
-4.194253683090209961e-02 -4.653638005256652832e-01
2.803701162338256836e-02 1.143904328346252441e-01
-1.174284219741821289e-01 2.517709732055664062e-01
-1.074174046516418457e-01 2.371661663055419922e-01
-7.964611053466796875e-03 9.501069784164428711e-02
3.021103143692016602e-01 1.280961632728576660e-01
1.213840842247009277e-01 -2.759528160095214844e-01
-1.062929630279541016e-03 4.773923754692077637e-01
-2.899445891380310059e-01 3.132559061050415039e-01
1.750501990318298340e-01 -4.804793596267700195e-01
-3.695271015167236328e-01 1.467975378036499023e-01
2.822334170341491699e-01 -1.602175831794738770e-01
1.066582798957824707e-01 3.272576928138732910e-01
-3.700482249259948730e-01 4.604167342185974121e-01
2.983550429344177246e-01 -2.941883802413940430e-01
-3.962237834930419922e-01 4.900412559509277344e-01
1.407909989356994629e-01 -1.799010038375854492e-01
4.639933705329895020e-01 9.093099832534790039e-02
3.375886082649230957e-01 1.437216997146606445e-02
-2.529911994934082031e-01 -3.810983300209045410e-01
-4.156752228736877441e-01 4.261294007301330566e-01
2.575249075889587402e-01 -6.665122509002685547e-02
-4.801276326179504395e-01 4.224764108657836914e-01
1.797338128089904785e-01 1.785950064659118652e-01
-9.908330440521240234e-02 -2.541797161102294922e-01
-2.359031438827514648e-01 -9.972184896469116211e-02
7.830190658569335938e-02 -1.647738814353942871e-01
-4.663835763931274414e-01 -6.010431051254272461e-02
-7.335507869720458984e-02 -3.354636430740356445e-01
9.905719757080078125e-02 -1.405411958694458008e-01
1.622829437255859375e-01 -1.899406313896179199e-01
-4.655926823616027832e-01 -2.886176109313964844e-02
-4.155874252319335938e-02 -5.580598115921020508e-02
-3.587057590484619141e-01 2.769683599472045898e-01
-5.952763557434082031e-02 -1.606214046478271484e-02
-4.951112866401672363e-01 5.843275785446166992e-02
-3.759346008300781250e-01 2.295499444007873535e-01
-2.543568015098571777e-01 1.184438467025756836e-01
5.044806003570556641e-02 -3.210169076919555664e-01
4.197363257408142090e-01 4.176382422447204590e-01
2.113615870475769043e-01 -3.586103320121765137e-01
-3.290381431579589844e-01 3.538267612457275391e-01
4.081225395202636719e-01 2.751728296279907227e-01
-3.511106371879577637e-01 1.933735609054565430e-01
1.341468095779418945e-02 -2.571485638618469238e-01
1.463517546653747559e-01 -3.355214595794677734e-01
3.704668879508972168e-01 -4.025009870529174805e-01
4.489591717720031738e-01 6.365984678268432617e-02
-3.378233313560485840e-01 2.007432579994201660e-01
4.485972523689270020e-01 -4.966830611228942871e-01
8.090746402740478516e-02 -3.894667625427246094e-01
-2.042129039764404297e-01 1.826490759849548340e-01
-1.702272891998291016e-02 -2.163770198822021484e-01
6.000334024429321289e-02 5.956113338470458984e-02
-2.759981155395507812e-01 -1.418874859809875488e-01
-3.508867025375366211e-01 -1.934174299240112305e-01
4.685830473899841309e-01 -1.122180223464965820e-01
-3.254036307334899902e-01 -4.916261434555053711e-01
-1.569125652313232422e-01 -2.638668417930603027e-01
-2.011444568634033203e-01 1.557467579841613770e-01
1.854724884033203125e-01 2.127299904823303223e-01
-4.193444848060607910e-01 -4.921001791954040527e-01
1.814568638801574707e-01 -3.632399439811706543e-01
1.954977512359619141e-01 -5.407029390335083008e-02
4.504797458648681641e-01 -2.415471673011779785e-01
1.865875720977783203e-01 -1.745916008949279785e-01
-4.125995635986328125e-01 -3.707713484764099121e-01
-4.066039919853210449e-01 -1.631778478622436523e-02
1.161950826644897461e-01 8.606857061386108398e-02
4.402242898941040039e-01 1.845677495002746582e-01
-9.469473361968994141e-02 -3.800489902496337891e-01
-1.752502322196960449e-01 -3.760523200035095215e-01
2.524271607398986816e-01 -2.621470093727111816e-01
6.285589933395385742e-02 -3.092515468597412109e-02
-6.505066156387329102e-02 -1.210561394691467285e-01
2.222776412963867188e-03 -3.534765243530273438e-01
-4.445283412933349609e-01 -3.905853629112243652e-01
3.483557701110839844e-02 2.319442629814147949e-01
-3.095050454139709473e-01 1.302672624588012695e-01
2.182092070579528809e-01 1.222794055938720703e-01
3.387089371681213379e-01 -3.732556104660034180e-02
2.872803807258605957e-01 3.194252252578735352e-01
1.444876194000244141e-03 2.927281260490417480e-01
4.787981510162353516e-03 -4.996742606163024902e-01
4.995198249816894531e-01 -2.601611614227294922e-02
1.192619204521179199e-01 -3.922635912895202637e-01
2.808607816696166992e-01 2.731506824493408203e-01
-2.583875060081481934e-01 1.048958301544189453e-01
-4.238390922546386719e-02 -1.215606331825256348e-01
8.838504552841186523e-02 2.575419545173645020e-01
-1.003678441047668457e-01 3.378366231918334961e-01
2.301627397537231445e-01 -9.301859140396118164e-02
2.097494602203369141e-01 -1.642664670944213867e-01
2.892478704452514648e-01 -4.000868797302246094e-01
-1.983560323715209961e-01 -4.976286888122558594e-01
1.381489634513854980e-01 4.037835001945495605e-01
-3.256197571754455566e-01 -3.651797175407409668e-01
-5.487638711929321289e-02 -4.057086110115051270e-01
4.406111836433410645e-01 3.860151171684265137e-01
-1.154336333274841309e-01 -3.794610500335693359e-03
1.268756389617919922e-01 -1.117012500762939453e-01
-2.279577851295471191e-01 1.265363097190856934e-01
-2.489269971847534180e-01 3.438429236412048340e-01
4.375121593475341797e-01 9.638136625289916992e-02
-1.029924154281616211e-01 -3.122234344482421875e-02
8.766561746597290039e-02 3.448750376701354980e-01
9.470343589782714844e-03 3.709219694137573242e-01
-2.963089942932128906e-01 -2.616257071495056152e-01
1.501154303550720215e-01 3.111373186111450195e-01
-2.526821494102478027e-01 4.372955560684204102e-01
-2.673785686492919922e-01 -4.261209964752197266e-01
-5.273401737213134766e-03 -2.961987853050231934e-01
-4.657432436943054199e-01 3.708586692810058594e-01
1.021472811698913574e-01 2.371594905853271484e-01
-4.454433917999267578e-02 -7.283860445022583008e-02
-3.593774437904357910e-01 4.282186627388000488e-01
-9.274846315383911133e-02 -3.759561181068420410e-01
-1.603756546974182129e-01 -1.640697717666625977e-01
-1.799945235252380371e-01 4.596530199050903320e-01
4.273408055305480957e-01 3.907092809677124023e-01
-4.625257849693298340e-01 -4.452266097068786621e-01
1.675074696540832520e-01 1.273210644721984863e-01
-4.509038329124450684e-01 3.784371614456176758e-01
-2.507648468017578125e-01 3.089107275009155273e-01
-2.977561950683593750e-01 2.592700123786926270e-01
3.823984265327453613e-01 -3.000736236572265625e-01
3.536460399627685547e-01 2.137753963470458984e-01
7.006150484085083008e-02 4.513738155364990234e-01
3.957914113998413086e-01 3.103328943252563477e-01
-1.299760937690734863e-01 1.868026256561279297e-01
-4.682396054267883301e-01 4.902942180633544922e-01
-9.581780433654785156e-02 1.033124327659606934e-01
4.111012816429138184e-01 1.522153615951538086e-02
-4.398924708366394043e-01 4.201069474220275879e-01
2.218782901763916016e-02 -3.198202848434448242e-01
9.450834989547729492e-02 4.923237562179565430e-01
-3.467118144035339355e-01 3.717267513275146484e-02
4.770120382308959961e-01 7.152736186981201172e-02
4.969326257705688477e-01 4.245067834854125977e-01
-1.274164319038391113e-01 1.016523241996765137e-01
1.402556896209716797e-02 -1.674711108207702637e-01
4.492868185043334961e-01 -4.317159056663513184e-01
2.893394827842712402e-01 2.510863542556762695e-01
-4.323741197586059570e-01 -1.359302401542663574e-01
-3.293263912200927734e-01 8.014923334121704102e-02
4.512597918510437012e-01 4.027415513992309570e-01
-4.103787541389465332e-01 -8.285647630691528320e-02
-8.448243141174316406e-03 -4.455282688140869141e-01
4.221294522285461426e-01 2.490830421447753906e-02
1.389955282211303711e-01 -1.378230452537536621e-01
2.764927744865417480e-01 3.256588578224182129e-01
9.814971685409545898e-02 1.634830236434936523e-02
5.303460359573364258e-02 -1.227051019668579102e-02
1.079618334770202637e-01 -3.584867715835571289e-02
3.117401599884033203e-01 1.263020634651184082e-01
1.150526404380798340e-01 3.736068010330200195e-01
-1.511259675025939941e-01 3.197934627532958984e-01
4.214252829551696777e-01 4.277096986770629883e-01
-1.636341214179992676e-01 1.234279274940490723e-01
8.811831474304199219e-03 3.077558875083923340e-01
-2.322849631309509277e-01 -2.866369485855102539e-01
-9.446936845779418945e-02 -3.079319000244140625e-01
-2.756420373916625977e-01 -4.680333137512207031e-01
-3.042989373207092285e-01 -2.049306035041809082e-01
-1.411340236663818359e-01 -2.255181670188903809e-01
1.773859262466430664e-01 -4.172019958496093750e-01
1.658833622932434082e-01 -1.250693798065185547e-01
-2.698678970336914062e-01 1.210122108459472656e-01
1.017064452171325684e-01 -2.709516286849975586e-01
-4.683272838592529297e-01 -1.482816934585571289e-01
-2.862582802772521973e-01 4.289617538452148438e-01
-3.377295136451721191e-01 1.250947117805480957e-01
-3.059127330780029297e-01 -4.086822271347045898e-02
4.907384514808654785e-01 4.844211339950561523e-01
-4.083198308944702148e-01 -4.846329689025878906e-01
9.682995080947875977e-02 -4.864286780357360840e-01
-9.541875123977661133e-02 -7.610732316970825195e-02
-3.957679271697998047e-01 -1.741101145744323730e-01
2.928230762481689453e-01 6.268393993377685547e-02
-4.899092316627502441e-01 1.765592694282531738e-01
4.699271917343139648e-02 -3.595055937767028809e-01
-4.150996208190917969e-01 4.147611856460571289e-01
1.699848175048828125e-01 2.861142158508300781e-01
2.318304181098937988e-01 4.697868824005126953e-01
-2.491443753242492676e-01 2.947373986244201660e-01
-3.334963321685791016e-02 -2.312936782836914062e-01
1.052589416503906250e-01 2.247254252433776855e-01
4.345367550849914551e-01 1.251648664474487305e-01
4.420796036720275879e-01 -1.861879825592041016e-01
-1.947950124740600586e-01 -2.571564316749572754e-01
-4.104252457618713379e-01 -1.432080268859863281e-01
1.723814010620117188e-01 -1.210615634918212891e-01
-9.810823202133178711e-02 9.918582439422607422e-02
-1.177025437355041504e-01 4.258592128753662109e-01
-1.085827350616455078e-01 -3.931689262390136719e-02
-4.027843475341796875e-03 4.282230734825134277e-01
-2.988686561584472656e-01 -5.378377437591552734e-02
-5.110669136047363281e-02 2.731719613075256348e-01
1.877890825271606445e-01 4.262044429779052734e-01
3.183630704879760742e-01 4.415209889411926270e-01
-3.001888990402221680e-01 -3.875452876091003418e-01
-1.233031153678894043e-01 -3.313866257667541504e-01
2.101542353630065918e-01 3.934637904167175293e-01
4.996562600135803223e-01 4.181003570556640625e-02
-2.656756043434143066e-01 9.477198123931884766e-03
3.300033211708068848e-01 1.099832057952880859e-01
-8.174598217010498047e-03 3.409803509712219238e-01
3.499682545661926270e-01 1.264833211898803711e-01
-2.702493667602539062e-01 -3.530647158622741699e-01
3.808555603027343750e-01 2.914121150970458984e-01
-3.641992807388305664e-01 4.959867596626281738e-01
1.835957765579223633e-01 1.183360815048217773e-02
-2.873781919479370117e-01 -1.962997913360595703e-01
2.073110342025756836e-01 -1.690152883529663086e-01
-4.676862359046936035e-01 -3.529480695724487305e-01
9.714049100875854492e-02 6.503272056579589844e-02
-1.726559400558471680e-01 4.369822740554809570e-01
-5.007112026214599609e-02 8.463943004608154297e-02
-1.514444351196289062e-01 -6.269848346710205078e-02
-2.155275344848632812e-01 -2.006981968879699707e-01
-2.909746170043945312e-01 -4.229562282562255859e-01
4.062652587890625000e-02 -1.540837883949279785e-01
-8.741557598114013672e-02 1.632384061813354492e-01
1.240050792694091797e-02 -4.423599839210510254e-01
2.213639020919799805e-02 1.490867137908935547e-01
4.239408969879150391e-01 -4.960421919822692871e-01
-2.535517811775207520e-01 2.444325089454650879e-01
-4.003250598907470703e-01 1.209170222282409668e-01
3.905521631240844727e-01 -2.367916107177734375e-01
2.311373353004455566e-01 -4.985066056251525879e-01
-1.635420322418212891e-01 2.728650569915771484e-01
2.658367156982421875e-02 1.021599769592285156e-02
-2.593777775764465332e-01 -1.570771336555480957e-01
-3.432080745697021484e-01 -2.546851634979248047e-01
2.423697113990783691e-01 -1.884980201721191406e-01
4.315806627273559570e-01 -3.477765321731567383e-01
-2.718247175216674805e-01 2.039369344711303711e-01
9.132665395736694336e-02 3.622768521308898926e-01
-2.743967771530151367e-01 -2.577831149101257324e-01
-2.781784534454345703e-01 1.087449789047241211e-01
-3.970623612403869629e-01 -2.674295902252197266e-01
-1.736357808113098145e-01 -1.555933356285095215e-01
1.190794706344604492e-01 -2.308520674705505371e-01
4.410594105720520020e-01 1.084024310111999512e-01
-9.441220760345458984e-02 1.596688628196716309e-01
-4.338328838348388672e-01 -7.469147443771362305e-02
1.492304801940917969e-01 4.217094182968139648e-01
-2.234913110733032227e-01 3.341269493103027344e-01
-1.487499475479125977e-01 4.792742729187011719e-01
-9.997487068176269531e-02 3.368318080902099609e-02
2.231850028038024902e-01 9.383511543273925781e-02
1.547374725341796875e-01 2.688577175140380859e-01
-3.760724067687988281e-01 4.940069913864135742e-01
4.197722077369689941e-01 -3.217850923538208008e-01
3.584487438201904297e-01 -3.144569993019104004e-01
1.049714684486389160e-01 -2.143907546997070312e-02
-7.273697853088378906e-02 -2.354602813720703125e-01
2.346498370170593262e-01 -2.084081172943115234e-01
1.610547304153442383e-01 -2.488397955894470215e-01
8.268636465072631836e-02 1.719382405281066895e-01
-1.731086969375610352e-01 -2.048854231834411621e-01
2.792453765869140625e-01 2.042403221130371094e-01
1.534132957458496094e-01 -3.820711374282836914e-01
-9.622442722320556641e-02 3.187627792358398438e-01
-2.250642776489257812e-01 3.290714621543884277e-01
4.024628996849060059e-01 -4.041057825088500977e-01
-9.151220321655273438e-03 -4.163445830345153809e-01
-1.252099275588989258e-01 -3.827610015869140625e-01
-4.916986823081970215e-01 1.784457564353942871e-01
-3.158935904502868652e-01 1.271664500236511230e-01
-1.689439415931701660e-01 1.886609196662902832e-01
3.762084245681762695e-01 2.505099773406982422e-01
9.337085485458374023e-02 3.129950165748596191e-01
1.385586261749267578e-01 2.447062134742736816e-01
-1.550981402397155762e-01 -2.657888531684875488e-01
1.784678101539611816e-01 -1.968841552734375000e-01
1.088222861289978027e-01 3.217575550079345703e-01
1.737408638000488281e-01 -1.788849830627441406e-01
2.546234726905822754e-01 -6.951683759689331055e-02
-3.093008399009704590e-01 -3.102917075157165527e-01
7.630515098571777344e-02 -1.669155955314636230e-01
3.253132700920104980e-01 1.934760212898254395e-01
1.281651854515075684e-01 3.591114878654479980e-01
-4.156944751739501953e-01 3.549655675888061523e-01
2.005478143692016602e-01 -3.435919880867004395e-01
1.911005973815917969e-01 4.137248992919921875e-01
2.591414451599121094e-01 -3.555109500885009766e-01
-2.378559708595275879e-01 3.820679783821105957e-01
4.774129390716552734e-02 3.913998603820800781e-02
1.746408343315124512e-01 6.145668029785156250e-02
1.440529227256774902e-01 2.603805065155029297e-02
-1.716471910476684570e-01 3.563938140869140625e-01
3.786275386810302734e-01 -1.212859749794006348e-01
-4.388681650161743164e-01 1.527595520019531250e-02
1.372852325439453125e-01 3.908665180206298828e-01
2.668160200119018555e-02 1.286443471908569336e-01
-4.672504067420959473e-01 -1.493602991104125977e-02
-2.880556583404541016e-01 -1.689150929450988770e-01
-3.135240674018859863e-01 -2.790799736976623535e-01
-8.847254514694213867e-02 7.399380207061767578e-02
2.588115930557250977e-01 2.223738431930541992e-01
4.549962878227233887e-01 -1.214753389358520508e-01
-3.477801084518432617e-01 -3.679159879684448242e-01
-3.128125667572021484e-01 -1.568319797515869141e-01
3.932930231094360352e-01 8.788239955902099609e-02
2.188516855239868164e-01 -2.391254901885986328e-01
-1.452285647392272949e-01 4.347985982894897461e-02
-1.023489832878112793e-01 4.892466068267822266e-01
2.369238734245300293e-01 1.311613917350769043e-01
-3.477443456649780273e-01 2.025194168090820312e-01
1.499188542366027832e-01 -4.453223943710327148e-01
-8.851611614227294922e-02 4.861136078834533691e-01
-4.683545827865600586e-01 2.861316204071044922e-01
-1.727687716484069824e-01 2.236021757125854492e-01
7.904648780822753906e-02 2.901555299758911133e-01
3.772040009498596191e-01 3.590745925903320312e-01
-3.268928527832031250e-01 -3.571890592575073242e-01
-1.859498620033264160e-01 -3.341924548149108887e-01
-2.783365249633789062e-01 4.653191566467285156e-02
-3.888785839080810547e-01 4.339035749435424805e-01
3.727611303329467773e-01 -1.179991960525512695e-01
-3.113028407096862793e-01 3.184816837310791016e-01
-4.204610586166381836e-01 2.984181046485900879e-01
-4.936134815216064453e-02 -4.383040070533752441e-01
1.611576676368713379e-01 2.303610444068908691e-01
2.939772009849548340e-01 3.027859926223754883e-01
3.247786760330200195e-01 6.930249929428100586e-02
-2.914513349533081055e-01 -1.845121383666992188e-01
2.825576066970825195e-01 -1.480104327201843262e-01
3.766261935234069824e-01 1.740677952766418457e-01
6.730377674102783203e-02 -2.664524316787719727e-01
-7.677203416824340820e-02 4.275670647621154785e-01
-2.585562467575073242e-01 -3.937754034996032715e-01
-4.345240592956542969e-01 -1.849094629287719727e-01
-2.881898880004882812e-01 1.684840917587280273e-01
4.123531579971313477e-01 3.386518359184265137e-01
1.959335803985595703e-02 -1.804113388061523438e-02
2.072755098342895508e-01 4.867317080497741699e-01
-3.028286099433898926e-01 -1.604930162429809570e-01
-2.032941579818725586e-02 -5.621111392974853516e-02
-2.928959727287292480e-01 2.964848279953002930e-02
1.178541183471679688e-01 8.251219987869262695e-02
2.466736435890197754e-01 -1.194917559623718262e-01
-9.782373905181884766e-02 -4.804489612579345703e-01
3.569124937057495117e-01 -2.478564381599426270e-01
6.319856643676757812e-02 4.832684397697448730e-01
5.687677860260009766e-02 -1.511819362640380859e-01
-2.620691061019897461e-01 -3.221209049224853516e-01
3.841835856437683105e-01 3.869565129280090332e-01
4.172919988632202148e-01 4.293782114982604980e-01
1.485763788223266602e-01 4.534353017807006836e-01
3.982354998588562012e-01 4.156384468078613281e-01
-1.337944269180297852e-01 4.666506648063659668e-01
-4.242490530014038086e-01 -2.753680348396301270e-01
-4.563998579978942871e-01 -1.662454009056091309e-01
2.578944563865661621e-01 1.613711714744567871e-01
2.140640020370483398e-01 4.400847554206848145e-01
-3.023889064788818359e-01 4.585143327713012695e-01
4.091289639472961426e-01 3.327596187591552734e-02
3.083428740501403809e-01 -1.540049314498901367e-01
-1.915409564971923828e-01 -2.836768031120300293e-01
-1.860588192939758301e-01 -3.268419504165649414e-01
-4.081466197967529297e-01 1.340466141700744629e-01
-3.589111566543579102e-02 -4.652836322784423828e-01
4.063516259193420410e-01 3.991435170173645020e-01
3.071284294128417969e-01 -4.942678809165954590e-01
-4.111865162849426270e-01 2.401783466339111328e-01
3.936758041381835938e-01 -2.419370412826538086e-02
-3.471183180809020996e-01 1.258331537246704102e-01
2.010211944580078125e-01 -4.345985054969787598e-01
3.166203498840332031e-01 2.940193414688110352e-01
2.708351612091064453e-01 -4.912216663360595703e-01
-1.027141213417053223e-01 -6.281322240829467773e-02
4.316381812095642090e-01 -2.022051811218261719e-01
2.521242499351501465e-01 2.403496503829956055e-01
4.167727828025817871e-01 -4.050025343894958496e-01
1.330922245979309082e-01 9.721291065216064453e-02
8.937311172485351562e-02 -2.230910658836364746e-01
-3.093248605728149414e-01 6.594878435134887695e-02
-4.661726951599121094e-01 -3.918174505233764648e-01
3.051499128341674805e-01 3.477960228919982910e-01
-8.558481931686401367e-02 -4.568032026290893555e-01
4.510939121246337891e-01 1.415989995002746582e-01
4.990046024322509766e-01 -3.962104916572570801e-01
2.069219350814819336e-01 -7.255554199218750000e-03
-3.735433220863342285e-01 -4.937670230865478516e-01
-2.629115581512451172e-01 1.613959074020385742e-01
-6.950241327285766602e-02 -4.452601075172424316e-01
-4.042707681655883789e-01 4.355275034904479980e-01
2.097165584564208984e-01 1.865187287330627441e-01
1.449331641197204590e-01 -4.242007136344909668e-01
3.585289716720581055e-01 -2.117902040481567383e-02
-3.587050437927246094e-01 -2.176591157913208008e-01
-5.407649278640747070e-02 -2.340688109397888184e-01
-1.231279969215393066e-01 2.434911131858825684e-01
1.585246324539184570e-01 4.551930427551269531e-01
-6.445640325546264648e-02 3.449446558952331543e-01
9.544396400451660156e-02 -3.156517148017883301e-01
-1.635527610778808594e-02 -4.589593410491943359e-02
4.056319594383239746e-01 1.175465583801269531e-01
4.473960995674133301e-01 -3.241587877273559570e-01
-4.311016201972961426e-01 -2.416236400604248047e-01
-6.934130191802978516e-02 -7.049489021301269531e-02
-8.499526977539062500e-02 -7.775408029556274414e-02
3.335775136947631836e-01 1.297788023948669434e-01
1.786885857582092285e-01 -3.935521841049194336e-01
3.101848959922790527e-01 2.042209506034851074e-01
3.359580039978027344e-01 4.709520339965820312e-01
6.191504001617431641e-02 4.087548851966857910e-01
-3.880418539047241211e-01 -2.157663702964782715e-01
1.344246268272399902e-01 4.462829232215881348e-01
7.542467117309570312e-02 1.434110999107360840e-01
-2.101368308067321777e-01 -4.387962222099304199e-01
3.165895938873291016e-01 -2.349081039428710938e-01
2.271794080734252930e-01 -2.228796482086181641e-03
-1.676683425903320312e-01 -4.039652943611145020e-01
2.740821242332458496e-01 -3.773498535156250000e-02
3.835482597351074219e-01 -1.655112504959106445e-01
1.810750961303710938e-01 -1.740458011627197266e-01
1.043286323547363281e-01 -2.243222594261169434e-01
2.071376442909240723e-01 -4.322095513343811035e-01
-6.385511159896850586e-02 4.848772287368774414e-02
-2.425890564918518066e-01 4.600745439529418945e-02
-1.511925458908081055e-01 9.854799509048461914e-02
-4.462106227874755859e-01 2.844105958938598633e-01
3.730102181434631348e-01 -1.083416342735290527e-01
-4.074622392654418945e-01 5.004423856735229492e-02
-1.030673980712890625e-01 2.127034068107604980e-01
1.809144020080566406e-02 2.742761969566345215e-01
7.624882459640502930e-02 -1.316712498664855957e-01
2.640318274497985840e-01 1.593434810638427734e-02
3.345752358436584473e-01 8.728331327438354492e-02
-8.489489555358886719e-02 -1.001583337783813477e-01
-1.982880234718322754e-01 -4.665632247924804688e-01
-4.877687096595764160e-01 3.846105933189392090e-01
-4.234063625335693359e-01 4.333799481391906738e-01
-2.327844500541687012e-01 1.323392987251281738e-01
-1.322640776634216309e-01 -4.591832756996154785e-01
6.463223695755004883e-02 -2.145648598670959473e-01
-3.653956651687622070e-01 -2.030970454216003418e-01
-1.942536830902099609e-01 3.593119382858276367e-01
-1.566602587699890137e-01 -2.376373410224914551e-01
4.247995615005493164e-01 -4.524371623992919922e-01
4.298439025878906250e-01 -4.421578645706176758e-01
-3.042786717414855957e-01 -4.565642476081848145e-01
2.329053878784179688e-01 3.740034103393554688e-01
2.324064373970031738e-01 -1.982833743095397949e-01
4.920623302459716797e-01 -4.917992949485778809e-01
-1.255836486816406250e-01 -4.068422913551330566e-01
-1.889472603797912598e-01 -2.704071402549743652e-01
-2.541456818580627441e-01 -3.268409371376037598e-01
-1.014910340309143066e-01 -5.536156892776489258e-02
-8.092486858367919922e-02 1.388484239578247070e-02
-1.526391506195068359e-02 9.599334001541137695e-02
-1.801631450653076172e-01 -4.012143015861511230e-01
-3.376457691192626953e-01 4.866176247596740723e-01
1.236959695816040039e-01 1.703583002090454102e-01
-4.126036167144775391e-02 -3.660224080085754395e-01
-3.082491159439086914e-01 -2.588161230087280273e-01
-4.786090254783630371e-01 1.365243792533874512e-01
-4.557240009307861328e-01 -3.138459920883178711e-01
-1.899164915084838867e-02 -1.816530227661132812e-01
-2.061724662780761719e-04 3.962946534156799316e-01
2.753955125808715820e-02 -5.170726776123046875e-02
4.857826828956604004e-01 -2.794227600097656250e-01
-1.030925512313842773e-01 -3.569971323013305664e-01
-1.722816228866577148e-01 -2.840333580970764160e-01
-3.017371296882629395e-01 4.385167360305786133e-02
3.186718225479125977e-01 -4.450476169586181641e-02
-2.911941409111022949e-01 4.888687729835510254e-01
2.256157398223876953e-01 -3.746860027313232422e-01
-4.426400065422058105e-01 2.463606595993041992e-01
3.441370129585266113e-01 -1.887425780296325684e-01
6.109118461608886719e-03 -4.036892652511596680e-01
-3.421264886856079102e-01 2.634566426277160645e-01
-4.415616989135742188e-01 7.584023475646972656e-02
3.883304595947265625e-01 1.348215341567993164e-01
8.230638504028320312e-02 -3.201177120208740234e-01
2.717606425285339355e-01 3.964096307754516602e-01
2.866613864898681641e-02 4.628662467002868652e-01
3.928164243698120117e-01 2.842187881469726562e-03
-1.685779690742492676e-01 2.112929821014404297e-01
4.525816440582275391e-02 -3.232686519622802734e-01
-4.432552456855773926e-01 -1.961444020271301270e-01
2.414764165878295898e-01 -1.783640384674072266e-01
2.195887565612792969e-01 3.104590773582458496e-01
4.287419319152832031e-01 2.983868122100830078e-01
-4.525521993637084961e-01 4.223365783691406250e-01
4.433274269104003906e-03 2.814531922340393066e-01
-1.382839083671569824e-01 -4.636257886886596680e-01
-2.821934819221496582e-01 -4.438757896423339844e-03
2.459767460823059082e-01 -1.171468496322631836e-01
-2.021500468254089355e-01 4.334728717803955078e-01
2.933305501937866211e-01 -7.765108346939086914e-02
1.316339373588562012e-01 1.267033815383911133e-01
3.022234439849853516e-01 -3.963690400123596191e-01
-4.284762144088745117e-01 1.981280446052551270e-01
1.753305792808532715e-01 -6.592959165573120117e-02
2.095465064048767090e-01 2.196487784385681152e-01
-3.966590166091918945e-01 -1.644437313079833984e-01
1.605652570724487305e-01 1.533749103546142578e-01
-1.848036050796508789e-02 4.480683803558349609e-02
1.092028617858886719e-02 -1.886695623397827148e-01
2.502582669258117676e-01 -4.061923623085021973e-01
2.968605160713195801e-01 2.671839594841003418e-01
-2.742798328399658203e-01 -8.427560329437255859e-03
-3.217606544494628906e-01 3.778416514396667480e-01
5.065768957138061523e-02 3.203813433647155762e-01
-9.382390975952148438e-02 4.677966833114624023e-01
1.693732142448425293e-01 -4.495016932487487793e-01
3.069451451301574707e-01 -9.656345844268798828e-02
4.549668431282043457e-01 -4.917656779289245605e-01
2.739499211311340332e-01 -2.376365661621093750e-01
8.181792497634887695e-02 4.077149629592895508e-01
-2.150530815124511719e-01 9.061300754547119141e-02
2.699362039566040039e-01 -3.644996285438537598e-01
-4.474217891693115234e-01 3.497695326805114746e-01
3.705737590789794922e-01 2.980045080184936523e-01
3.481465578079223633e-01 -3.585575222969055176e-01
4.646687507629394531e-01 3.302547931671142578e-01
9.134179353713989258e-02 -4.710710644721984863e-01
-2.163352370262145996e-01 3.891105651855468750e-01
-9.538751840591430664e-02 3.205770850181579590e-01
1.602745652198791504e-01 2.264734506607055664e-01
-2.836396694183349609e-01 -3.653533458709716797e-01
-2.233392000198364258e-01 -4.530662298202514648e-02
4.436787962913513184e-01 3.720155954360961914e-01
-3.192353248596191406e-02 -2.745752930641174316e-01
4.388993978500366211e-01 -4.141503572463989258e-02
-3.039840459823608398e-01 1.447595357894897461e-01
-2.698951959609985352e-02 4.599415063858032227e-01
2.360231876373291016e-01 1.824948191642761230e-01
3.269536495208740234e-01 -4.232332110404968262e-01
-2.591854929924011230e-01 3.580198884010314941e-01
-7.051169872283935547e-03 2.730704545974731445e-01
-4.569419026374816895e-01 1.976907253265380859e-03
-2.548348903656005859e-02 -2.037140130996704102e-01
-1.382467150688171387e-01 -2.338558435440063477e-02
4.768584370613098145e-01 4.055033922195434570e-01
-3.834393620491027832e-01 -3.410279154777526855e-01
-2.567468285560607910e-01 1.983754634857177734e-01
9.689283370971679688e-02 4.175603389739990234e-03
2.283890247344970703e-01 3.798148632049560547e-01
4.414992332458496094e-01 -1.061984300613403320e-01
3.217389583587646484e-01 4.595120549201965332e-01
4.412665963172912598e-01 -1.307402849197387695e-01
-4.943438768386840820e-01 -2.998331785202026367e-01
3.969137072563171387e-01 1.269143819808959961e-02
4.650723934173583984e-01 -2.944971323013305664e-01
1.066144108772277832e-01 -1.536397337913513184e-01
1.062639355659484863e-01 2.051939964294433594e-01
3.271038532257080078e-01 -1.215115189552307129e-01
4.609465599060058594e-01 3.743417263031005859e-01
-2.759147882461547852e-01 -1.879083514213562012e-01
-2.358778119087219238e-01 -2.002272605895996094e-01
1.165699362754821777e-01 -4.328089952468872070e-02
-1.373549699783325195e-01 3.781168460845947266e-01
-6.819915771484375000e-02 4.998501539230346680e-01
-3.327319025993347168e-01 4.235976934432983398e-01
-4.710533618927001953e-01 5.612373352050781250e-04
-5.504733324050903320e-02 -4.629874229431152344e-02
1.942972540855407715e-01 -2.648018002510070801e-01
-7.139456272125244141e-02 -1.847958564758300781e-01
-1.250021457672119141e-01 -2.751591801643371582e-01
2.832105755805969238e-01 4.022258520126342773e-02
2.329314351081848145e-01 3.780551552772521973e-01
-2.076900005340576172e-01 -4.536396265029907227e-02
-4.309943914413452148e-01 -6.425815820693969727e-02
2.340876460075378418e-01 4.346112012863159180e-01
-3.878166675567626953e-01 2.755999565124511719e-03
-2.258012294769287109e-01 -2.974682450294494629e-01
4.183322787284851074e-01 -1.878457069396972656e-01
-3.690012097358703613e-01 -3.386616706848144531e-03
1.609067916870117188e-01 -1.658618450164794922e-01
4.908414483070373535e-01 5.354839563369750977e-02
4.241996407508850098e-01 -9.979027509689331055e-02
1.501071453094482422e-02 3.979842066764831543e-01
-9.818542003631591797e-02 -1.475555896759033203e-01
4.081435203552246094e-01 1.760457754135131836e-01
2.346372604370117188e-02 2.160400152206420898e-01
-3.690620660781860352e-01 2.478379607200622559e-01
-4.236015677452087402e-01 7.548654079437255859e-02
-2.283208966255187988e-01 2.107239365577697754e-01
6.883740425109863281e-03 -2.107501029968261719e-02
-5.723375082015991211e-02 -4.496977925300598145e-01
-1.462447643280029297e-02 -2.378113865852355957e-01
-4.970199465751647949e-01 -7.017159461975097656e-02
1.224772334098815918e-01 -4.321229457855224609e-01
3.328945040702819824e-01 -1.427987813949584961e-01
-4.169098138809204102e-01 2.257879376411437988e-01
-1.986862421035766602e-01 -1.945087313652038574e-01
-3.990463614463806152e-01 -2.718545198440551758e-01
-3.681291341781616211e-01 3.132661581039428711e-01
-2.498722076416015625e-02 -1.395696997642517090e-01
-2.739061117172241211e-01 -4.004988074302673340e-01
1.498252749443054199e-01 -1.144201755523681641e-01
3.398686647415161133e-02 -3.479393124580383301e-01
-5.764299631118774414e-02 3.123077750205993652e-01
-4.102204442024230957e-01 -4.270339012145996094e-01
-1.152637004852294922e-01 5.383938550949096680e-02
3.162665367126464844e-01 6.276148557662963867e-02
-1.865134239196777344e-01 3.203887939453125000e-01
-1.578034162521362305e-01 -1.766262054443359375e-01
-2.918973565101623535e-01 -6.417232751846313477e-02
-3.096513152122497559e-01 1.229849457740783691e-01
-1.453929543495178223e-01 -4.292088747024536133e-01
1.841934919357299805e-01 3.752794265747070312e-01
-2.195284366607666016e-01 4.725618362426757812e-01
3.840762376785278320e-02 -9.472912549972534180e-02
3.078514337539672852e-02 -2.613791823387145996e-01
-4.375421404838562012e-01 -2.552692890167236328e-01
-4.360340833663940430e-01 -4.834382534027099609e-01
-4.777650237083435059e-01 5.300664901733398438e-02
-5.596262216567993164e-02 5.487424135208129883e-02
2.188396453857421875e-02 5.065202713012695312e-03
4.771112203598022461e-01 -3.576754331588745117e-01
3.001459836959838867e-01 2.724059224128723145e-01
-5.846667289733886719e-02 4.027238488197326660e-01
1.604022383689880371e-01 3.984372615814208984e-01
-1.317655444145202637e-01 4.357255101203918457e-01
1.763536930084228516e-01 -2.472000718116760254e-01
-2.952191829681396484e-01 -3.392976522445678711e-02
-1.851932406425476074e-01 -1.092286705970764160e-01
5.537062883377075195e-02 1.771084070205688477e-01
-1.525713801383972168e-01 -1.916742324829101562e-01
-2.421873211860656738e-01 2.776978015899658203e-01
-3.590889573097229004e-01 1.555119752883911133e-01
4.879754781723022461e-02 2.049313783645629883e-01
4.943172335624694824e-01 -3.128145933151245117e-01
4.042632579803466797e-01 1.926919817924499512e-01
-3.809928894042968750e-04 -2.396946549415588379e-01
-1.107692718505859375e-01 4.868766665458679199e-01
-2.894973158836364746e-01 2.105666995048522949e-01
2.450615167617797852e-02 -1.939207315444946289e-02
-5.434453487396240234e-02 1.056457757949829102e-01
3.991109728813171387e-01 3.649826645851135254e-01
4.324594140052795410e-01 -3.893399238586425781e-01
1.528333425521850586e-01 -1.261117458343505859e-01
4.386460185050964355e-01 -3.943733572959899902e-01
3.626687526702880859e-01 -1.720913648605346680e-01
2.247266769409179688e-01 -2.002131342887878418e-01
-2.494233846664428711e-02 -1.272480487823486328e-01
3.729918599128723145e-01 -4.530439376831054688e-01
-4.510231614112854004e-01 -2.007064223289489746e-01
1.698458194732666016e-01 -4.779658913612365723e-01
-2.923448681831359863e-01 -2.529752254486083984e-02
-2.346972823143005371e-01 -3.129110336303710938e-01
2.077458500862121582e-01 -6.043946743011474609e-02
2.764703035354614258e-01 -2.890825271606445312e-04
-2.923351526260375977e-02 -2.358363270759582520e-01
2.446864247322082520e-01 2.776896953582763672e-01
-1.178404092788696289e-01 -4.478912949562072754e-01
2.744365334510803223e-01 4.073023796081542969e-03
1.085728406906127930e-01 -5.882006883621215820e-02
3.364274501800537109e-01 4.803496599197387695e-02
3.171343207359313965e-01 1.162775754928588867e-01
-4.842790961265563965e-01 -1.176220178604125977e-02
-1.392203569412231445e-01 -1.286293864250183105e-01
-2.992603182792663574e-01 4.619072675704956055e-01
9.152024984359741211e-02 8.553183078765869141e-02
-1.669716238975524902e-01 -4.122366309165954590e-01
-6.835699081420898438e-02 4.943408370018005371e-01
-1.350161433219909668e-01 3.156706094741821289e-01
-2.889220118522644043e-01 -3.275244235992431641e-01
4.816285371780395508e-01 -8.758401870727539062e-02
-2.121070623397827148e-01 -8.505660295486450195e-02
3.679240942001342773e-01 -4.736806750297546387e-01
2.923721671104431152e-01 3.504602313041687012e-01
1.937312483787536621e-01 -4.444193840026855469e-01
2.924185991287231445e-02 4.536479115486145020e-01
-3.660829663276672363e-01 4.818010330200195312e-01
-2.051663994789123535e-01 6.205993890762329102e-02
2.883513569831848145e-01 -4.832755923271179199e-01
4.131096601486206055e-01 5.294179916381835938e-02
4.556300640106201172e-01 4.328286647796630859e-02
-2.542561292648315430e-02 1.065326333045959473e-01
-3.048746585845947266e-01 -4.774221181869506836e-01
3.493337035179138184e-01 4.434675574302673340e-01
1.967789530754089355e-01 3.318558335304260254e-01
-8.957207202911376953e-03 -1.451816558837890625e-01
-2.097248435020446777e-01 2.311588525772094727e-01
-4.037821292877197266e-01 -3.204464912414550781e-01
2.616053819656372070e-02 4.741932153701782227e-01
-2.627513408660888672e-01 4.590041637420654297e-01
-2.854556441307067871e-01 4.518805742263793945e-01
-9.616255760192871094e-02 4.654904603958129883e-01
4.529742598533630371e-01 2.676123380661010742e-02
-1.118671298027038574e-01 8.185791969299316406e-02
-5.834752321243286133e-02 -4.036108851432800293e-01
-4.467982053756713867e-02 4.042599797248840332e-01
9.489339590072631836e-02 -2.864104509353637695e-01
2.493413686752319336e-01 -4.600306749343872070e-01
1.864182949066162109e-02 -3.554092049598693848e-01
2.854998707771301270e-01 2.588097453117370605e-01
-4.874171614646911621e-01 2.927953004837036133e-02
5.778968334197998047e-02 -4.757651090621948242e-01
-4.460771083831787109e-01 2.004565596580505371e-01
-1.003839373588562012e-01 -4.932343959808349609e-01
1.961447000503540039e-01 -3.320423364639282227e-01
-4.962843060493469238e-01 -4.932586550712585449e-01
-3.544583916664123535e-01 -4.704633951187133789e-01
3.312934041023254395e-01 -2.668511867523193359e-02
-1.483691930770874023e-01 3.334398269653320312e-01
-4.733979701995849609e-02 -2.819180488586425781e-01
-1.912403106689453125e-02 -1.782357096672058105e-01
6.443762779235839844e-02 3.799700140953063965e-01
7.288086414337158203e-02 -1.803864836692810059e-01
2.547820210456848145e-01 -5.797356367111206055e-02
4.958750009536743164e-01 -1.652818918228149414e-01
-4.889750480651855469e-02 -2.189532518386840820e-01
4.486520886421203613e-01 -2.895412445068359375e-01
4.246854186058044434e-01 -2.447087764739990234e-01
-2.187215089797973633e-01 -1.827665567398071289e-01
1.837159395217895508e-01 -4.117671251296997070e-01
-2.279463410377502441e-01 -3.138826489448547363e-01
-3.529191613197326660e-01 1.672174930572509766e-01
-3.426818251609802246e-01 -2.338185906410217285e-01
3.810760974884033203e-01 -3.664919734001159668e-01
-8.677101135253906250e-02 4.485178589820861816e-01
4.531708955764770508e-01 -8.435320854187011719e-02
-8.160567283630371094e-02 -1.766473054885864258e-02
-6.608343124389648438e-02 1.465656161308288574e-01
3.339837193489074707e-01 3.051586151123046875e-01
-1.646645069122314453e-01 3.018139600753784180e-01
2.123219370841979980e-01 4.369044303894042969e-01
1.188931465148925781e-01 5.482697486877441406e-02
4.393147230148315430e-01 3.946737647056579590e-01
-3.712527751922607422e-01 1.020677089691162109e-01
2.255743741989135742e-01 -8.542358875274658203e-03
2.268860340118408203e-01 2.310409545898437500e-01
8.172488212585449219e-02 -2.275982499122619629e-01
2.547613382339477539e-01 -1.900893449783325195e-02
1.900774240493774414e-01 1.320822238922119141e-01
2.547889351844787598e-01 -3.221189379692077637e-01
9.387677907943725586e-02 -5.189305543899536133e-02
2.533319592475891113e-01 2.424489259719848633e-01
2.904555797576904297e-01 -4.509498476982116699e-01
-9.870386123657226562e-02 1.651071310043334961e-01
-1.620640754699707031e-01 -2.582342028617858887e-01
1.833267211914062500e-01 6.529021263122558594e-02
-3.838921785354614258e-01 2.975174188613891602e-01
-1.181603670120239258e-01 1.463164687156677246e-01
1.142990589141845703e-01 4.025404453277587891e-01
3.674334287643432617e-01 -3.521245121955871582e-01
2.268276214599609375e-01 4.346827864646911621e-01
4.348479509353637695e-01 -3.051422834396362305e-01
1.752830147743225098e-01 6.055313348770141602e-02
-4.064828753471374512e-01 4.493278264999389648e-01
2.182034254074096680e-01 3.424847126007080078e-02
-2.445986270904541016e-01 1.656742691993713379e-01
-4.761568903923034668e-01 -7.194226980209350586e-02
4.751102328300476074e-01 2.701419591903686523e-02
-2.416279315948486328e-01 -3.236897587776184082e-01
2.738784551620483398e-01 -1.982637643814086914e-01
3.649544119834899902e-01 -4.525744318962097168e-01
2.326426506042480469e-01 -1.424205303192138672e-02
-6.800359487533569336e-02 -3.988733887672424316e-01
4.050936698913574219e-01 -1.071755290031433105e-01
-1.661521196365356445e-01 -9.089660644531250000e-02
-1.532109975814819336e-01 -3.013603091239929199e-01
4.405828118324279785e-01 -1.469284892082214355e-01
-2.585047483444213867e-01 3.461726903915405273e-01
-1.773699522018432617e-01 4.063417315483093262e-01
2.511220574378967285e-01 4.113991856575012207e-01
1.974412798881530762e-01 1.588330864906311035e-01
-2.653211355209350586e-02 3.546491265296936035e-01
-4.873836636543273926e-01 -1.405804157257080078e-01
4.384534955024719238e-01 2.227264642715454102e-02
2.021959424018859863e-01 1.331263184547424316e-01
3.315320014953613281e-01 -3.121531009674072266e-01
1.726095080375671387e-01 4.307053685188293457e-01
1.529112458229064941e-01 -3.564707636833190918e-01
4.828947782516479492e-02 2.647495269775390625e-02
-2.851665019989013672e-03 3.304761052131652832e-01
-1.485188007354736328e-01 4.113547801971435547e-01
4.098460078239440918e-01 4.208868145942687988e-01
2.674333453178405762e-01 -7.603508234024047852e-02
-1.413233280181884766e-01 -1.674421429634094238e-01
-2.168018817901611328e-01 -2.059466242790222168e-01
3.124395012855529785e-01 -1.010745763778686523e-02
-4.757055044174194336e-01 -3.885798454284667969e-01
4.468234777450561523e-01 1.109901070594787598e-01
1.217302680015563965e-01 -1.248292326927185059e-01
1.063508391380310059e-01 4.996125698089599609e-01
1.761011481285095215e-01 1.981620788574218750e-01
4.775118231773376465e-01 1.451026797294616699e-01
-1.528549790382385254e-01 -2.955343127250671387e-01
-1.728795170783996582e-01 -3.477026224136352539e-01
-4.976481199264526367e-01 -2.685987353324890137e-01
2.285444736480712891e-01 -4.420287013053894043e-01
-3.763105273246765137e-01 -3.944102525711059570e-01
1.939195990562438965e-01 3.621795773506164551e-01
-2.621328830718994141e-02 -4.343156814575195312e-01
3.029714822769165039e-01 -1.508844494819641113e-01
2.436947822570800781e-02 -2.704784274101257324e-01
2.195443511009216309e-01 -8.702242374420166016e-02
3.345960378646850586e-02 7.205051183700561523e-02
-3.697890043258666992e-01 2.233481407165527344e-01
-1.235615611076354980e-01 2.909705042839050293e-01
-3.178468346595764160e-01 -4.790377616882324219e-02
9.643238782882690430e-02 -4.619560837745666504e-01
-3.645250201225280762e-01 5.144655704498291016e-03
3.154357075691223145e-01 5.937218666076660156e-03
-5.041676759719848633e-02 4.343099594116210938e-01
3.910752534866333008e-01 -2.564804553985595703e-01
-4.728416800498962402e-01 2.352107167243957520e-01
3.895284533500671387e-01 4.466357827186584473e-01
-2.877864837646484375e-01 1.983706355094909668e-01
-2.442368268966674805e-01 -4.132631421089172363e-01
2.631580829620361328e-02 -4.712265729904174805e-01
-3.034962415695190430e-01 -2.159930467605590820e-01
-1.423557996749877930e-01 3.721836209297180176e-01
-3.333981633186340332e-01 -4.553493261337280273e-01
2.504523992538452148e-01 3.947041034698486328e-01
4.314127564430236816e-01 -1.636369824409484863e-01
1.848208904266357422e-01 -2.159880399703979492e-01
-3.045839667320251465e-01 -1.366509795188903809e-01
3.090888857841491699e-01 -2.215274572372436523e-01
2.076485753059387207e-01 2.005318999290466309e-01
-2.861250638961791992e-01 5.927133560180664062e-02
-1.161340475082397461e-01 -9.785467386245727539e-02
-2.348525524139404297e-01 -2.082205414772033691e-01
-6.149125099182128906e-02 -2.749981284141540527e-01
3.972488641738891602e-01 1.985365152359008789e-02
-2.101783156394958496e-01 -1.647478342056274414e-02
-4.359697699546813965e-01 -8.500742912292480469e-02
-2.165683507919311523e-01 1.751402020454406738e-01
-1.501955389976501465e-01 1.190813779830932617e-01
-2.957721948623657227e-01 -6.574016809463500977e-02
-1.370561122894287109e-01 4.228641986846923828e-01
7.391494512557983398e-02 -3.949760794639587402e-01
2.999477982521057129e-01 -5.450475215911865234e-02
6.660860776901245117e-02 -1.769149303436279297e-02
-4.979813694953918457e-01 -3.202317953109741211e-01
1.869008541107177734e-01 -2.880318760871887207e-01
-1.056552529335021973e-01 -4.853655099868774414e-01
2.139657735824584961e-02 4.380262494087219238e-01
1.407644748687744141e-01 2.684448361396789551e-01
-3.300441503524780273e-01 2.675518989562988281e-01
-3.741961717605590820e-02 2.037460803985595703e-01
2.804530858993530273e-01 -3.603100776672363281e-01
7.441979646682739258e-02 -4.301527142524719238e-01
1.374664306640625000e-01 -3.309738636016845703e-02
-4.552729129791259766e-01 3.478742241859436035e-01
-1.520243287086486816e-01 -3.960474133491516113e-01
-4.236292243003845215e-01 2.618651986122131348e-01
3.200425505638122559e-01 1.607997417449951172e-01
-1.697347164154052734e-01 -3.662886619567871094e-01
-4.730117321014404297e-01 4.291789531707763672e-01
7.967764139175415039e-02 -2.141782641410827637e-01
-4.243196249008178711e-01 3.964307904243469238e-01
4.042676091194152832e-01 4.550564289093017578e-01
4.408512711524963379e-01 -3.170982599258422852e-01
-2.234494090080261230e-01 -2.152538299560546875e-01
-4.095708727836608887e-01 -3.960127234458923340e-01
2.755910754203796387e-01 -4.099994301795959473e-01
-4.656637907028198242e-01 3.611357212066650391e-01
4.666326045989990234e-01 -7.554286718368530273e-02
1.213935017585754395e-01 -4.452812671661376953e-01
1.348417401313781738e-01 3.574430942535400391e-02
4.012703299522399902e-01 1.277865767478942871e-01
-3.726095557212829590e-01 -8.481794595718383789e-02
-3.721697926521301270e-01 2.131026387214660645e-01
3.980987668037414551e-01 1.547105908393859863e-01
-5.522507429122924805e-02 -2.355324625968933105e-01
-7.571256160736083984e-02 3.743411898612976074e-01
3.532939553260803223e-01 1.710777282714843750e-01
-2.377124428749084473e-01 -4.964728355407714844e-01
1.711146235466003418e-01 -4.032055735588073730e-01
3.887035846710205078e-01 -1.170149445533752441e-01
-2.426439523696899414e-01 2.751930952072143555e-01
-1.500257849693298340e-01 -4.965587258338928223e-01
-4.951237440109252930e-01 2.366678714752197266e-01
-8.105301856994628906e-02 -4.311104416847229004e-01
3.475386500358581543e-01 -3.443652391433715820e-02
2.050445675849914551e-01 4.985305666923522949e-01
4.040989279747009277e-01 3.136262893676757812e-01
-1.040402054786682129e-01 6.704032421112060547e-03
2.030820846557617188e-01 3.832629323005676270e-01
1.172763109207153320e-01 1.245331764221191406e-02
4.060782194137573242e-01 -3.532679080963134766e-01
2.709179520606994629e-01 -4.861044883728027344e-01
3.293542861938476562e-01 -4.081672430038452148e-01
3.211295604705810547e-01 5.027365684509277344e-02
3.337902426719665527e-01 -4.071462750434875488e-01
-2.740511298179626465e-01 3.634872436523437500e-01
3.615415692329406738e-01 -2.396923899650573730e-01
2.775224447250366211e-01 3.432976007461547852e-01
3.863046169281005859e-01 -1.718620061874389648e-01
1.097835898399353027e-01 2.689613699913024902e-01
-2.498227953910827637e-01 -5.963486433029174805e-02
3.848189711570739746e-01 3.655204176902770996e-01
3.541503548622131348e-01 -7.690262794494628906e-02
4.038248062133789062e-01 -2.452862262725830078e-02
2.613975405693054199e-01 -2.572382688522338867e-01
-4.920944571495056152e-01 2.602895498275756836e-01
-7.149684429168701172e-02 -2.313973903656005859e-01
2.017676234245300293e-01 -4.386473894119262695e-01
9.227102994918823242e-02 -1.831437349319458008e-01
-1.538372635841369629e-01 -4.717992544174194336e-01
-4.512881636619567871e-01 -3.177180886268615723e-01
9.006917476654052734e-02 1.203599572181701660e-01
-4.404210448265075684e-01 -4.399726390838623047e-01
2.361536026000976562e-04 -3.158958554267883301e-01
-6.574296951293945312e-02 -2.090544700622558594e-01
-2.753638625144958496e-01 3.166564106941223145e-01
1.753745675086975098e-01 1.761583685874938965e-01
4.205660820007324219e-01 -4.330695867538452148e-01
-4.541819691658020020e-01 2.780937552452087402e-01
3.562299013137817383e-01 -4.169023036956787109e-02
4.777970910072326660e-01 -1.504140496253967285e-01
1.507914662361145020e-01 1.936492919921875000e-01
4.315015077590942383e-01 4.062767028808593750e-01
-1.168622970581054688e-01 -4.213065505027770996e-01
2.656537294387817383e-02 -2.420904636383056641e-01
2.005394101142883301e-01 -4.319727420806884766e-02
-3.011708259582519531e-01 3.403962254524230957e-01
4.872520565986633301e-01 2.460175752639770508e-02
4.096341133117675781e-01 3.493931889533996582e-01
-1.438987851142883301e-01 7.509195804595947266e-02
-2.015423178672790527e-01 3.658250570297241211e-01
1.140845417976379395e-01 -1.404098868370056152e-01
3.529077768325805664e-02 -1.532363295555114746e-01
-4.213095903396606445e-01 -3.041241765022277832e-01
4.992417097091674805e-01 -3.371977806091308594e-01
5.051726102828979492e-02 4.457662105560302734e-01
2.598603963851928711e-01 2.226589918136596680e-01
-4.888766407966613770e-01 -4.586213827133178711e-02
1.374218463897705078e-01 -7.114148139953613281e-02
-3.756570816040039062e-01 -4.549011588096618652e-01
-5.928200483322143555e-02 3.005408048629760742e-01
2.701465487480163574e-01 1.233554482460021973e-01
4.723985791206359863e-01 4.127923250198364258e-01
-3.961063027381896973e-01 2.946029305458068848e-01
-1.565492153167724609e-02 1.733518242835998535e-01
2.968904376029968262e-01 -4.278861880302429199e-01
1.703804731369018555e-01 -2.332776784896850586e-02
-5.408644676208496094e-02 -9.599757194519042969e-02
-3.577002286911010742e-01 -8.784300088882446289e-02
3.780013918876647949e-01 -3.233761787414550781e-01
1.970239281654357910e-01 2.162666320800781250e-01
2.698021531105041504e-01 3.436756730079650879e-01
-4.987664818763732910e-01 -4.251446723937988281e-01
1.756498217582702637e-01 -2.231085300445556641e-02
2.292593121528625488e-01 -4.511000514030456543e-01
-3.357088565826416016e-01 -2.301415801048278809e-01
3.962683677673339844e-01 -4.146891832351684570e-01
-4.639882445335388184e-01 1.569949388504028320e-01
5.062562227249145508e-02 2.136654853820800781e-01
-3.705285787582397461e-01 -3.384426236152648926e-01
-1.854190826416015625e-01 -4.486301541328430176e-01
-3.825159072875976562e-01 -2.589269876480102539e-01
-8.209669589996337891e-02 4.892784357070922852e-02
2.650132775306701660e-01 -4.978379607200622559e-01
-4.909269809722900391e-01 2.030863761901855469e-01
-3.180515766143798828e-02 1.183376908302307129e-01
-5.709004402160644531e-02 -4.516807794570922852e-01
