5.856378078460693359e-01 7.372205853462219238e-01
5.851408839225769043e-01 6.015583872795104980e-01
6.093699932098388672e-01 5.647148489952087402e-01
3.941820263862609863e-01 6.179959177970886230e-01
5.447648763656616211e-01 6.660898923873901367e-01
5.253247022628784180e-01 6.399400234222412109e-01
5.017986893653869629e-01 5.815457701683044434e-01
4.889549016952514648e-01 6.830830574035644531e-01
6.437315940856933594e-01 7.291162610054016113e-01
5.809056758880615234e-01 5.422707200050354004e-01
4.020134508609771729e-01 6.521794795989990234e-01
4.607823491096496582e-01 6.959213018417358398e-01
3.989402055740356445e-01 6.324445009231567383e-01
5.531908273696899414e-01 7.294797301292419434e-01
4.684287607669830322e-01 7.639425992965698242e-01
5.923091173171997070e-01 7.099049687385559082e-01
5.303482413291931152e-01 6.311562657356262207e-01
5.721575617790222168e-01 8.066743612289428711e-01
4.237567782402038574e-01 6.692635416984558105e-01
4.526589810848236084e-01 6.315525174140930176e-01
5.765221118927001953e-01 7.015495896339416504e-01
5.130258798599243164e-01 7.406111955642700195e-01
3.137066066265106201e-01 7.175326943397521973e-01
4.095838069915771484e-01 5.678437352180480957e-01
6.255590915679931641e-01 7.637386322021484375e-01
5.418379306793212891e-01 6.044067740440368652e-01
5.575798153877258301e-01 7.416355013847351074e-01
5.912477374076843262e-01 7.141120433807373047e-01
3.669072687625885010e-01 6.987079977989196777e-01
6.317861080169677734e-01 7.095507979393005371e-01
5.661106705665588379e-01 6.999220848083496094e-01
4.132447540760040283e-01 7.176259160041809082e-01
4.456830918788909912e-01 6.015660166740417480e-01
6.921949386596679688e-01 7.056069374084472656e-01
5.183327794075012207e-01 6.181403994560241699e-01
5.582315921783447266e-01 5.503917932510375977e-01
5.505371093750000000e-01 5.502726435661315918e-01
4.669704139232635498e-01 5.833406448364257812e-01
5.776534676551818848e-01 6.778953671455383301e-01
5.650743246078491211e-01 6.879971623420715332e-01
4.217758774757385254e-01 6.019408702850341797e-01
5.546743273735046387e-01 7.313735485076904297e-01
6.089803576469421387e-01 6.242430210113525391e-01
4.940466880798339844e-01 6.362996697425842285e-01
3.603314459323883057e-01 6.827218532562255859e-01
5.599246621131896973e-01 5.971378684043884277e-01
4.736734032630920410e-01 6.529779434204101562e-01
4.614761471748352051e-01 7.242004871368408203e-01
6.269128322601318359e-01 7.582221627235412598e-01
5.218926072120666504e-01 6.936775445938110352e-01
5.080640912055969238e-01 6.780724525451660156e-01
3.473795056343078613e-01 7.259074449539184570e-01
5.694133043289184570e-01 7.489770054817199707e-01
6.021557450294494629e-01 6.987252831459045410e-01
5.809140801429748535e-01 7.582672834396362305e-01
3.591994047164916992e-01 6.597445011138916016e-01
5.656439661979675293e-01 7.628248333930969238e-01
3.612689375877380371e-01 6.727486252784729004e-01
3.733642697334289551e-01 7.167435884475708008e-01
6.935404539108276367e-01 7.224702239036560059e-01
5.530663728713989258e-01 7.131857872009277344e-01
5.629477500915527344e-01 7.399002313613891602e-01
6.128101944923400879e-01 6.140964627265930176e-01
3.963544666767120361e-01 7.015094161033630371e-01
5.314230918884277344e-01 5.839636325836181641e-01
4.951514303684234619e-01 6.254288554191589355e-01
6.313256621360778809e-01 6.798341274261474609e-01
6.164840459823608398e-01 7.707587480545043945e-01
6.671057939529418945e-01 7.313122749328613281e-01
5.479625463485717773e-01 7.173532843589782715e-01
3.691464066505432129e-01 6.497141122817993164e-01
5.239239931106567383e-01 7.216309905052185059e-01
5.092302560806274414e-01 5.755277872085571289e-01
3.047654628753662109e-01 7.850366234779357910e-01
5.111189484596252441e-01 7.258235812187194824e-01
5.217837095260620117e-01 6.899220943450927734e-01
4.557394087314605713e-01 6.503837108612060547e-01
5.780537724494934082e-01 6.499046683311462402e-01
4.892708361148834229e-01 6.349915862083435059e-01
5.793107748031616211e-01 7.281709909439086914e-01
5.388408303260803223e-01 6.947963237762451172e-01
4.873527586460113525e-01 6.743084788322448730e-01
4.140816926956176758e-01 7.055234909057617188e-01
5.531656742095947266e-01 5.613796114921569824e-01
5.368210673332214355e-01 6.868869662284851074e-01
4.997746646404266357e-01 6.260106563568115234e-01
4.958037734031677246e-01 6.318643093109130859e-01
4.675275981426239014e-01 7.130368351936340332e-01
5.613188147544860840e-01 6.811294555664062500e-01
4.817106723785400391e-01 6.869636774063110352e-01
4.965049326419830322e-01 6.890036463737487793e-01
5.092009902000427246e-01 6.557982563972473145e-01
5.938475131988525391e-01 7.299719452857971191e-01
5.790385007858276367e-01 7.674300074577331543e-01
5.527963638305664062e-01 6.297053694725036621e-01
5.487793684005737305e-01 6.998171806335449219e-01
5.867499709129333496e-01 5.566741228103637695e-01
5.331580638885498047e-01 7.029331326484680176e-01
5.763105154037475586e-01 7.243371009826660156e-01
5.211912989616394043e-01 6.123816967010498047e-01
4.523616433143615723e-01 6.518040895462036133e-01
5.933874249458312988e-01 7.438335418701171875e-01
5.410122275352478027e-01 6.943034529685974121e-01
5.270751118659973145e-01 6.653928160667419434e-01
6.252323389053344727e-01 7.213305830955505371e-01
5.338984727859497070e-01 6.442435383796691895e-01
3.901018798351287842e-01 7.414280176162719727e-01
5.207232236862182617e-01 7.918677926063537598e-01
5.171943306922912598e-01 6.731432080268859863e-01
4.927276372909545898e-01 6.562669873237609863e-01
5.330105423927307129e-01 7.169431447982788086e-01
5.003943443298339844e-01 6.427505016326904297e-01
5.150802731513977051e-01 6.505398750305175781e-01
4.844845235347747803e-01 5.898870825767517090e-01
3.328327834606170654e-01 6.992180943489074707e-01
4.178470671176910400e-01 7.255908250808715820e-01
4.038606882095336914e-01 5.628054738044738770e-01
4.299564361572265625e-01 6.966533064842224121e-01
4.595388472080230713e-01 7.498083710670471191e-01
5.191876292228698730e-01 6.352776288986206055e-01
5.989167094230651855e-01 7.362542152404785156e-01
4.558276832103729248e-01 6.484672427177429199e-01
6.126794815063476562e-01 7.024962306022644043e-01
4.664055109024047852e-01 6.718779206275939941e-01
5.668020248413085938e-01 7.311169505119323730e-01
5.091076493263244629e-01 6.125106215476989746e-01
5.665751099586486816e-01 6.148301362991333008e-01
5.356251597404479980e-01 5.973699688911437988e-01
5.321995019912719727e-01 6.987136602401733398e-01
5.716323256492614746e-01 7.147961854934692383e-01
6.594647169113159180e-01 7.153217792510986328e-01
4.491292536258697510e-01 6.836826801300048828e-01
5.564847588539123535e-01 6.776352524757385254e-01
5.556691288948059082e-01 7.246070504188537598e-01
4.626742899417877197e-01 7.179642319679260254e-01
5.330609679222106934e-01 7.080616950988769531e-01
5.399640202522277832e-01 6.834955811500549316e-01
5.542986989021301270e-01 7.589756846427917480e-01
5.577645301818847656e-01 6.756597161293029785e-01
4.377681016921997070e-01 7.046871781349182129e-01
6.029052138328552246e-01 7.034955024719238281e-01
5.260962247848510742e-01 6.769528388977050781e-01
4.668184816837310791e-01 6.509483456611633301e-01
5.975690484046936035e-01 6.254853606224060059e-01
6.473683714866638184e-01 6.914915442466735840e-01
5.232406258583068848e-01 6.215722560882568359e-01
6.304739117622375488e-01 6.993953585624694824e-01
5.749886631965637207e-01 7.593494057655334473e-01
5.624557733535766602e-01 6.990520954132080078e-01
6.027518510818481445e-01 6.209580898284912109e-01
5.093942284584045410e-01 6.061529517173767090e-01
5.926370620727539062e-01 7.080812454223632812e-01
4.077938497066497803e-01 7.749286293983459473e-01
5.252367258071899414e-01 6.938936710357666016e-01
5.602946877479553223e-01 7.366493940353393555e-01
4.130951762199401855e-01 7.011840939521789551e-01
4.810859262943267822e-01 6.841246485710144043e-01
5.813177824020385742e-01 5.518305897712707520e-01
4.752831161022186279e-01 6.989364624023437500e-01
5.816798210144042969e-01 7.634282112121582031e-01
5.175030827522277832e-01 6.900715827941894531e-01
4.298277795314788818e-01 6.560401320457458496e-01
5.605750083923339844e-01 6.259938478469848633e-01
5.505810379981994629e-01 7.020263671875000000e-01
6.236228346824645996e-01 7.719177007675170898e-01
3.844178318977355957e-01 7.546942830085754395e-01
4.820569157600402832e-01 6.332575082778930664e-01
5.029767155647277832e-01 6.926453709602355957e-01
4.618270993232727051e-01 7.413453459739685059e-01
6.271900534629821777e-01 6.321952939033508301e-01
4.138418734073638916e-01 6.602566838264465332e-01
3.100862503051757812e-01 7.020676136016845703e-01
6.124343872070312500e-01 6.176152229309082031e-01
4.375066459178924561e-01 6.532845497131347656e-01
5.024623274803161621e-01 7.711168527603149414e-01
4.553947150707244873e-01 7.170463204383850098e-01
5.290177464485168457e-01 5.931860208511352539e-01
6.111478209495544434e-01 7.380510568618774414e-01
6.301431059837341309e-01 6.421984434127807617e-01
5.129778981208801270e-01 7.014868855476379395e-01
4.620773494243621826e-01 6.012409329414367676e-01
5.121102929115295410e-01 7.338923215866088867e-01
6.055074334144592285e-01 7.997614145278930664e-01
5.124030709266662598e-01 6.241966485977172852e-01
3.999764025211334229e-01 6.701117157936096191e-01
3.994956016540527344e-01 6.995795965194702148e-01
5.986660122871398926e-01 7.429354786872863770e-01
4.571380913257598877e-01 6.493490934371948242e-01
6.230369806289672852e-01 6.403842568397521973e-01
5.583325624465942383e-01 7.363685965538024902e-01
5.700339078903198242e-01 7.584150433540344238e-01
4.214456081390380859e-01 6.689177155494689941e-01
4.470969140529632568e-01 7.477887868881225586e-01
4.467255175113677979e-01 6.929204463958740234e-01
5.371627211570739746e-01 6.231060624122619629e-01
5.332602858543395996e-01 6.940818428993225098e-01
3.504415452480316162e-01 7.344492673873901367e-01
6.107217669486999512e-01 4.920672476291656494e-01
6.581436395645141602e-01 7.264885306358337402e-01
4.984863698482513428e-01 6.699086427688598633e-01
4.407792091369628906e-01 6.763288378715515137e-01
4.020630419254302979e-01 6.979609727859497070e-01
4.228596687316894531e-01 7.192553281784057617e-01
5.268494486808776855e-01 6.407941579818725586e-01
4.304474592208862305e-01 6.173506975173950195e-01
5.631791353225708008e-01 5.991727113723754883e-01
4.582952260971069336e-01 7.090890407562255859e-01
6.186928153038024902e-01 6.214548349380493164e-01
5.571297407150268555e-01 7.015687227249145508e-01
4.705900549888610840e-01 6.636031270027160645e-01
4.510168731212615967e-01 6.722989082336425781e-01
4.523399174213409424e-01 6.812235116958618164e-01
6.564598679542541504e-01 7.077486515045166016e-01
5.653477907180786133e-01 6.770430803298950195e-01
4.115994572639465332e-01 7.468778491020202637e-01
6.192688941955566406e-01 7.481397390365600586e-01
6.232914328575134277e-01 7.564231753349304199e-01
6.765152812004089355e-01 7.373455762863159180e-01
5.619876384735107422e-01 6.680667996406555176e-01
4.148682951927185059e-01 5.841875672340393066e-01
5.203843712806701660e-01 7.092941403388977051e-01
5.536465048789978027e-01 6.970197558403015137e-01
5.338005423545837402e-01 6.722341179847717285e-01
3.903447091579437256e-01 7.497109174728393555e-01
6.098487973213195801e-01 6.987444162368774414e-01
5.580527186393737793e-01 7.080420255661010742e-01
6.961751580238342285e-01 7.254405021667480469e-01
5.217790603637695312e-01 6.833060979843139648e-01
4.111391305923461914e-01 7.129644751548767090e-01
5.931019783020019531e-01 7.631448507308959961e-01
4.463479220867156982e-01 6.406106352806091309e-01
5.633111000061035156e-01 7.111269831657409668e-01
6.061658263206481934e-01 7.592428326606750488e-01
5.172023773193359375e-01 6.674388647079467773e-01
4.251805841922760010e-01 7.476273775100708008e-01
3.151725828647613525e-01 7.706815004348754883e-01
5.211253166198730469e-01 7.102516293525695801e-01
5.380250215530395508e-01 6.453933119773864746e-01
5.126028656959533691e-01 5.985665917396545410e-01
4.996111690998077393e-01 6.624066829681396484e-01
3.958770036697387695e-01 6.504302620887756348e-01
5.591971278190612793e-01 7.053577303886413574e-01
5.575542449951171875e-01 6.271087527275085449e-01
5.877680778503417969e-01 7.740744352340698242e-01
6.085765361785888672e-01 7.026036977767944336e-01
5.027281641960144043e-01 6.254811286926269531e-01
5.540508031845092773e-01 6.658836603164672852e-01
4.871410131454467773e-01 7.391735315322875977e-01
5.202149152755737305e-01 6.154959201812744141e-01
5.493027567863464355e-01 6.260792613029479980e-01
5.496658086776733398e-01 7.373065948486328125e-01
5.163475871086120605e-01 7.246298193931579590e-01
3.524622023105621338e-01 7.425932884216308594e-01
5.697035193443298340e-01 6.641348004341125488e-01
4.920445382595062256e-01 6.453710794448852539e-01
3.182848989963531494e-01 7.216655015945434570e-01
5.352513194084167480e-01 7.077460885047912598e-01
5.783345699310302734e-01 5.477539300918579102e-01
4.021066129207611084e-01 7.142197489738464355e-01
5.639448165893554688e-01 6.795949339866638184e-01
3.619275391101837158e-01 7.085953950881958008e-01
6.041406393051147461e-01 7.222976088523864746e-01
5.625603795051574707e-01 6.381866931915283203e-01
4.019752144813537598e-01 6.253564357757568359e-01
5.723877549171447754e-01 6.583989858627319336e-01
6.329242587089538574e-01 6.735364198684692383e-01
4.046775400638580322e-01 7.331575751304626465e-01
5.032778382301330566e-01 7.459320425987243652e-01
5.549190640449523926e-01 6.613107323646545410e-01
6.261924505233764648e-01 6.781837940216064453e-01
4.701046943664550781e-01 7.203183174133300781e-01
4.105115532875061035e-01 6.302776336669921875e-01
5.857285857200622559e-01 6.776527166366577148e-01
5.119229555130004883e-01 6.259709000587463379e-01
4.129968583583831787e-01 6.694206595420837402e-01
4.692008495330810547e-01 7.080003619194030762e-01
4.230679571628570557e-01 6.704049706459045410e-01
4.460563361644744873e-01 6.179934144020080566e-01
4.853033125400543213e-01 5.724298954010009766e-01
5.867592096328735352e-01 6.684306859970092773e-01
3.556150197982788086e-01 6.917117834091186523e-01
3.910428285598754883e-01 7.324760556221008301e-01
4.731107354164123535e-01 6.441692709922790527e-01
5.708194375038146973e-01 6.997690200805664062e-01
5.162423849105834961e-01 7.754010558128356934e-01
4.736038744449615479e-01 7.178184986114501953e-01
3.745397627353668213e-01 6.902325153350830078e-01
6.607275605201721191e-01 7.596353292465209961e-01
6.560948491096496582e-01 6.850578784942626953e-01
5.684604644775390625e-01 7.411794662475585938e-01
5.823497176170349121e-01 7.262713909149169922e-01
6.055194139480590820e-01 5.469096899032592773e-01
4.883016049861907959e-01 6.743710041046142578e-01
3.764374852180480957e-01 7.414332032203674316e-01
5.904560089111328125e-01 6.771871447563171387e-01
6.837725639343261719e-01 7.448754906654357910e-01
5.643434524536132812e-01 6.631506085395812988e-01
4.481986463069915771e-01 7.427553534507751465e-01
3.879415690898895264e-01 7.539002299308776855e-01
4.646082222461700439e-01 7.084267139434814453e-01
5.647695660591125488e-01 7.021556496620178223e-01
4.712048172950744629e-01 7.348659634590148926e-01
3.937845826148986816e-01 6.211624741554260254e-01
5.947244167327880859e-01 7.571991682052612305e-01
5.724616050720214844e-01 7.294073700904846191e-01
5.750394463539123535e-01 6.604877710342407227e-01
5.662242770195007324e-01 7.417537569999694824e-01
5.837332010269165039e-01 7.506470084190368652e-01
5.068811178207397461e-01 7.372001409530639648e-01
4.024263322353363037e-01 7.161312699317932129e-01
4.768856763839721680e-01 6.806319355964660645e-01
3.977657556533813477e-01 6.957193017005920410e-01
6.633385419845581055e-01 7.019117474555969238e-01
5.257860422134399414e-01 6.849887967109680176e-01
4.318112730979919434e-01 6.355903148651123047e-01
5.300668478012084961e-01 6.159214973449707031e-01
6.420928239822387695e-01 7.287596464157104492e-01
4.080808162689208984e-01 6.776645779609680176e-01
4.716748893260955811e-01 6.827370524406433105e-01
4.692890942096710205e-01 6.794893145561218262e-01
4.754124581813812256e-01 6.428425312042236328e-01
5.652619004249572754e-01 7.388432025909423828e-01
6.370584368705749512e-01 5.735769867897033691e-01
5.523922443389892578e-01 7.297230362892150879e-01
3.975795507431030273e-01 6.332216858863830566e-01
3.673032522201538086e-01 7.930938601493835449e-01
3.528618514537811279e-01 7.776052951812744141e-01
4.863805770874023438e-01 6.946133971214294434e-01
4.036948680877685547e-01 6.390084028244018555e-01
5.843657851219177246e-01 5.626538991928100586e-01
3.758102953433990479e-01 7.207533121109008789e-01
5.851715803146362305e-01 7.380369305610656738e-01
5.432280302047729492e-01 6.760916709899902344e-01
4.138352572917938232e-01 6.862205862998962402e-01
4.969204366207122803e-01 7.197768688201904297e-01
5.503214001655578613e-01 6.934837102890014648e-01
3.406648337841033936e-01 6.828833818435668945e-01
5.173968672752380371e-01 6.726350188255310059e-01
5.238910913467407227e-01 6.419252753257751465e-01
5.608177781105041504e-01 6.016436815261840820e-01
4.843316674232482910e-01 6.828846931457519531e-01
6.773194670677185059e-01 7.188552021980285645e-01
5.117150545120239258e-01 7.330299019813537598e-01
5.793043375015258789e-01 6.765412092208862305e-01
3.538336455821990967e-01 6.716681122779846191e-01
5.563666224479675293e-01 7.708085179328918457e-01
5.434309840202331543e-01 6.895802617073059082e-01
6.813556551933288574e-01 7.892234325408935547e-01
3.790265023708343506e-01 6.845905184745788574e-01
4.220942556858062744e-01 7.931664586067199707e-01
5.974628329277038574e-01 7.474283576011657715e-01
4.629116058349609375e-01 6.571609377861022949e-01
5.981592535972595215e-01 7.189992070198059082e-01
5.883390903472900391e-01 6.899256110191345215e-01
6.250997781753540039e-01 6.638460159301757812e-01
6.172736287117004395e-01 7.382701039314270020e-01
5.368452668190002441e-01 6.085599660873413086e-01
5.552470088005065918e-01 7.444502115249633789e-01
3.654812574386596680e-01 6.850981116294860840e-01
4.921150505542755127e-01 7.591260671615600586e-01
5.539880394935607910e-01 6.207700371742248535e-01
5.503703951835632324e-01 6.093207001686096191e-01
3.656682372093200684e-01 7.154592871665954590e-01
3.882722854614257812e-01 7.607107758522033691e-01
5.633126497268676758e-01 7.763229012489318848e-01
5.423059463500976562e-01 7.329230308532714844e-01
5.900698900222778320e-01 5.550926327705383301e-01
6.079327464103698730e-01 7.551208138465881348e-01
3.760861456394195557e-01 7.233071923255920410e-01
3.175419270992279053e-01 6.860271096229553223e-01
4.304834008216857910e-01 7.175661325454711914e-01
5.798161029815673828e-01 7.223330736160278320e-01
6.073592305183410645e-01 6.927033066749572754e-01
6.078152060508728027e-01 6.629168987274169922e-01
5.691655874252319336e-01 7.587513327598571777e-01
3.868162631988525391e-01 7.894989252090454102e-01
4.995973110198974609e-01 6.284190416336059570e-01
5.313799977302551270e-01 6.804661750793457031e-01
5.357100367546081543e-01 6.746959090232849121e-01
4.766134619712829590e-01 7.436100244522094727e-01
6.414697170257568359e-01 7.181823253631591797e-01
4.993366003036499023e-01 7.271492481231689453e-01
6.049957275390625000e-01 6.424748301506042480e-01
4.238004982471466064e-01 6.743000149726867676e-01
3.260702192783355713e-01 7.006040811538696289e-01
3.049889802932739258e-01 7.433360219001770020e-01
6.742789149284362793e-01 7.606973648071289062e-01
6.508530378341674805e-01 5.813282132148742676e-01
6.018542051315307617e-01 7.431632280349731445e-01
6.103799939155578613e-01 7.345814704895019531e-01
4.993092119693756104e-01 6.089808344841003418e-01
4.165280163288116455e-01 6.681451797485351562e-01
5.472119450569152832e-01 6.203806996345520020e-01
6.011128425598144531e-01 7.483875155448913574e-01
4.793337285518646240e-01 6.234142780303955078e-01
3.537809252738952637e-01 7.022305727005004883e-01
6.058022379875183105e-01 7.680330276489257812e-01
6.653433442115783691e-01 6.944391727447509766e-01
5.497869253158569336e-01 6.900882720947265625e-01
3.347291648387908936e-01 7.241665720939636230e-01
4.592574834823608398e-01 6.596407890319824219e-01
6.443208456039428711e-01 7.376963496208190918e-01
5.996732711791992188e-01 7.910457849502563477e-01
5.180647373199462891e-01 6.671304106712341309e-01
6.456720829010009766e-01 7.668923735618591309e-01
5.215607285499572754e-01 6.540348529815673828e-01
6.322723627090454102e-01 7.640646100044250488e-01
6.180855631828308105e-01 6.985890269279479980e-01
4.940733611583709717e-01 7.876318097114562988e-01
5.186002850532531738e-01 7.203666567802429199e-01
5.747508406639099121e-01 6.253052949905395508e-01
4.260546565055847168e-01 6.738759279251098633e-01
4.949292540550231934e-01 5.578907132148742676e-01
4.986896812915802002e-01 6.163504719734191895e-01
6.137079000473022461e-01 7.570384740829467773e-01
5.774042010307312012e-01 7.083234190940856934e-01
5.757998824119567871e-01 6.465296745300292969e-01
5.507295131683349609e-01 7.554063200950622559e-01
5.649555921554565430e-01 6.073847413063049316e-01
6.394189596176147461e-01 6.650925874710083008e-01
4.967060685157775879e-01 7.578979134559631348e-01
5.168106555938720703e-01 7.094141840934753418e-01
6.035450100898742676e-01 6.605405807495117188e-01
5.676345825195312500e-01 6.063347458839416504e-01
6.444234251976013184e-01 7.416672110557556152e-01
4.945007860660552979e-01 7.043811678886413574e-01
3.727686405181884766e-01 7.015171647071838379e-01
4.685991108417510986e-01 7.525529861450195312e-01
5.923076868057250977e-01 6.635860800743103027e-01
4.110994637012481689e-01 6.761354207992553711e-01
2.942982017993927002e-01 7.213497757911682129e-01
4.584933519363403320e-01 6.508933901786804199e-01
5.557477474212646484e-01 6.406378149986267090e-01
4.280458986759185791e-01 6.430651545524597168e-01
5.624299645423889160e-01 6.139961481094360352e-01
5.132402181625366211e-01 6.201915740966796875e-01
5.956341028213500977e-01 7.350905537605285645e-01
4.878046214580535889e-01 6.215814352035522461e-01
5.923631191253662109e-01 7.120313048362731934e-01
6.277559995651245117e-01 6.686271429061889648e-01
5.119669437408447266e-01 7.098406553268432617e-01
4.444265663623809814e-01 6.682798862457275391e-01
5.647767782211303711e-01 5.920675396919250488e-01
5.781804919242858887e-01 5.983219742774963379e-01
5.686777830123901367e-01 7.527812719345092773e-01
4.613781273365020752e-01 6.779042482376098633e-01
4.766530394554138184e-01 6.342583298683166504e-01
6.191639900207519531e-01 5.449829101562500000e-01
3.218166232109069824e-01 7.852428555488586426e-01
3.885491192340850830e-01 6.471070647239685059e-01
3.974536061286926270e-01 7.125548124313354492e-01
5.489190220832824707e-01 6.073949337005615234e-01
6.265880465507507324e-01 5.826570391654968262e-01
5.898187756538391113e-01 7.215911746025085449e-01
6.176181435585021973e-01 7.865228056907653809e-01
4.116125702857971191e-01 7.874687314033508301e-01
6.257050037384033203e-01 7.670563459396362305e-01
5.799113512039184570e-01 6.589254736900329590e-01
6.021869778633117676e-01 7.123025655746459961e-01
5.672428011894226074e-01 7.700483798980712891e-01
4.119145274162292480e-01 6.861335635185241699e-01
5.038501620292663574e-01 6.216709613800048828e-01
6.339997053146362305e-01 7.883072495460510254e-01
5.991100668907165527e-01 7.325446605682373047e-01
5.203419327735900879e-01 6.797103881835937500e-01
6.204825043678283691e-01 7.287436723709106445e-01
4.225052297115325928e-01 7.107888460159301758e-01
5.575732588768005371e-01 6.869078874588012695e-01
4.072735309600830078e-01 6.883928775787353516e-01
4.595991373062133789e-01 6.565587520599365234e-01
4.258926510810852051e-01 6.958488225936889648e-01
4.841851592063903809e-01 7.090995907783508301e-01
5.798248052597045898e-01 6.362329721450805664e-01
5.852319598197937012e-01 6.444967389106750488e-01
4.574290812015533447e-01 6.430476903915405273e-01
6.305362582206726074e-01 7.133464217185974121e-01
7.056814432144165039e-01 6.947105526924133301e-01
5.057870745658874512e-01 7.355219125747680664e-01
5.674722790718078613e-01 7.154749631881713867e-01
5.560456514358520508e-01 7.437136769294738770e-01
6.643430590629577637e-01 7.434749603271484375e-01
5.194696187973022461e-01 7.066231369972229004e-01
6.310977339744567871e-01 7.182614207267761230e-01
4.984004199504852295e-01 6.179236173629760742e-01
6.696423888206481934e-01 6.638874411582946777e-01
3.923970162868499756e-01 7.227566242218017578e-01
3.940541744232177734e-01 6.955713629722595215e-01
6.092630624771118164e-01 7.444337010383605957e-01
4.628878235816955566e-01 6.093028187751770020e-01
4.557535946369171143e-01 6.743128299713134766e-01
3.932838439941406250e-01 7.209679484367370605e-01
4.518052935600280762e-01 5.956136584281921387e-01
4.421439468860626221e-01 6.294880509376525879e-01
6.044025421142578125e-01 7.850910425186157227e-01
5.385395288467407227e-01 6.774967312812805176e-01
4.278224110603332520e-01 6.012791991233825684e-01
6.215690970420837402e-01 7.265455722808837891e-01
6.442821025848388672e-01 7.323315739631652832e-01
5.161447525024414062e-01 6.945452690124511719e-01
5.273765325546264648e-01 5.688561797142028809e-01
6.482084989547729492e-01 7.131288647651672363e-01
6.209920048713684082e-01 7.565919160842895508e-01
5.982567667961120605e-01 7.225854396820068359e-01
4.568753838539123535e-01 6.757673621177673340e-01
6.365969181060791016e-01 6.730244159698486328e-01
6.604244112968444824e-01 7.229905724525451660e-01
5.293623805046081543e-01 7.363404035568237305e-01
5.281941294670104980e-01 5.755359530448913574e-01
4.885235726833343506e-01 6.859154701232910156e-01
5.789051651954650879e-01 6.468475461006164551e-01
4.094488620758056641e-01 6.988820433616638184e-01
4.685860574245452881e-01 5.975132584571838379e-01
3.412995040416717529e-01 7.608048319816589355e-01
3.902079463005065918e-01 7.398875355720520020e-01
6.642987728118896484e-01 6.478521227836608887e-01
5.302840471267700195e-01 5.939006805419921875e-01
3.770417571067810059e-01 7.812080979347229004e-01
5.164804458618164062e-01 6.604620814323425293e-01
4.704138338565826416e-01 6.833365559577941895e-01
5.209932923316955566e-01 6.758590936660766602e-01
3.053816854953765869e-01 7.677673101425170898e-01
5.455699563026428223e-01 5.867761969566345215e-01
6.568928956985473633e-01 7.045077085494995117e-01
5.186144113540649414e-01 6.814788579940795898e-01
4.026238918304443359e-01 6.861736178398132324e-01
3.898745179176330566e-01 7.673667073249816895e-01
6.040001511573791504e-01 6.710532903671264648e-01
6.004595160484313965e-01 7.715274095535278320e-01
3.974073231220245361e-01 6.992450952529907227e-01
5.301939249038696289e-01 6.258667111396789551e-01
6.245371699333190918e-01 7.042096257209777832e-01
6.064862608909606934e-01 7.472756505012512207e-01
5.019793510437011719e-01 6.059685945510864258e-01
5.699900388717651367e-01 5.915280580520629883e-01
5.553134679794311523e-01 7.082273960113525391e-01
4.016308784484863281e-01 7.032428979873657227e-01
3.889266550540924072e-01 7.171224951744079590e-01
3.974627554416656494e-01 7.176876068115234375e-01
5.906751751899719238e-01 7.337272763252258301e-01
6.080092787742614746e-01 7.145455479621887207e-01
5.354163050651550293e-01 6.448121070861816406e-01
5.794247388839721680e-01 6.262922286987304688e-01
5.832440853118896484e-01 7.396001219749450684e-01
4.935459196567535400e-01 6.811931133270263672e-01
5.463566184043884277e-01 6.677732467651367188e-01
5.151716470718383789e-01 6.652686595916748047e-01
5.002319216728210449e-01 6.976593732833862305e-01
5.851593613624572754e-01 6.715015172958374023e-01
5.523877739906311035e-01 7.663114666938781738e-01
5.610997080802917480e-01 7.631848454475402832e-01
4.390942454338073730e-01 6.885882019996643066e-01
6.645913124084472656e-01 7.402065992355346680e-01
5.439456701278686523e-01 6.190142035484313965e-01
3.475560545921325684e-01 7.304156422615051270e-01
4.626663327217102051e-01 7.306713461875915527e-01
6.548033356666564941e-01 6.267896890640258789e-01
3.983744978904724121e-01 7.466496825218200684e-01
5.519544482231140137e-01 6.234254837036132812e-01
3.599972128868103027e-01 7.557319998741149902e-01
4.445920884609222412e-01 6.857511997222900391e-01
4.020878672599792480e-01 6.516687273979187012e-01
4.987878799438476562e-01 6.171243786811828613e-01
4.221934378147125244e-01 7.121251225471496582e-01
5.476955175399780273e-01 6.163145899772644043e-01
6.554823517799377441e-01 6.522433161735534668e-01
6.888609528541564941e-01 6.287308335304260254e-01
3.870467245578765869e-01 6.620482206344604492e-01
6.053300499916076660e-01 7.114420533180236816e-01
4.873435497283935547e-01 6.980824470520019531e-01
4.375308454036712646e-01 7.316989898681640625e-01
6.539422273635864258e-01 7.808735966682434082e-01
6.553958058357238770e-01 7.992053627967834473e-01
6.016671061515808105e-01 7.824993729591369629e-01
5.882466435432434082e-01 6.789072155952453613e-01
5.403841733932495117e-01 7.327885627746582031e-01
5.314090251922607422e-01 6.987457275390625000e-01
6.028255820274353027e-01 7.566913366317749023e-01
4.541612267494201660e-01 7.046124339103698730e-01
5.216152667999267578e-01 6.600983738899230957e-01
4.238969385623931885e-01 6.256046891212463379e-01
5.828293561935424805e-01 6.322832703590393066e-01
5.345691442489624023e-01 7.581434845924377441e-01
3.935170173645019531e-01 6.539614200592041016e-01
6.102821826934814453e-01 7.284609675407409668e-01
5.091263055801391602e-01 7.482278943061828613e-01
5.191516876220703125e-01 7.175103425979614258e-01
7.153680920600891113e-01 6.999411582946777344e-01
3.843937814235687256e-01 6.924068927764892578e-01
6.580895781517028809e-01 7.577878832817077637e-01
6.537325978279113770e-01 7.293691039085388184e-01
6.595573425292968750e-01 6.957200169563293457e-01
6.235197782516479492e-01 7.828463912010192871e-01
6.638600826263427734e-01 7.718974947929382324e-01
5.470376610755920410e-01 6.937169432640075684e-01
3.384502232074737549e-01 7.998582720756530762e-01
5.847367644309997559e-01 6.492163538932800293e-01
5.119870305061340332e-01 7.853308320045471191e-01
3.611072599887847900e-01 6.924360990524291992e-01
5.777543187141418457e-01 6.159824132919311523e-01
5.060447454452514648e-01 7.390435934066772461e-01
4.169936478137969971e-01 7.294943928718566895e-01
6.634917855262756348e-01 7.604058384895324707e-01
6.021513342857360840e-01 7.709237933158874512e-01
5.936852693557739258e-01 6.377097368240356445e-01
5.323210358619689941e-01 7.179842591285705566e-01
4.020107388496398926e-01 7.120506167411804199e-01
5.518528819084167480e-01 7.008814811706542969e-01
6.017103195190429688e-01 6.794661879539489746e-01
6.009905338287353516e-01 7.334433197975158691e-01
3.906059563159942627e-01 7.163211107254028320e-01
6.299297213554382324e-01 6.020771861076354980e-01
5.643043518066406250e-01 5.814194083213806152e-01
5.868778824806213379e-01 7.027131319046020508e-01
3.357665240764617920e-01 7.436106801033020020e-01
6.851913928985595703e-01 7.124850153923034668e-01
6.226532459259033203e-01 6.519090533256530762e-01
6.167541742324829102e-01 7.283077836036682129e-01
5.798103809356689453e-01 6.023914813995361328e-01
5.542695522308349609e-01 6.783533096313476562e-01
5.794349312782287598e-01 6.425496339797973633e-01
5.680887103080749512e-01 7.101649641990661621e-01
5.539580583572387695e-01 6.824311614036560059e-01
5.963923335075378418e-01 7.698809504508972168e-01
5.665114521980285645e-01 5.939567685127258301e-01
4.779174327850341797e-01 6.808186173439025879e-01
4.445793926715850830e-01 5.725369453430175781e-01
5.577743649482727051e-01 7.243340015411376953e-01
5.076382160186767578e-01 7.567332386970520020e-01
4.574128091335296631e-01 6.354784965515136719e-01
5.445816516876220703e-01 6.037690639495849609e-01
4.749070703983306885e-01 5.677874088287353516e-01
5.321964025497436523e-01 6.185037493705749512e-01
5.806013345718383789e-01 7.510187029838562012e-01
5.328559875488281250e-01 7.458170056343078613e-01
5.290184020996093750e-01 6.396856307983398438e-01
3.975168764591217041e-01 7.038893699645996094e-01
4.131068885326385498e-01 7.429125308990478516e-01
6.023167371749877930e-01 6.477915644645690918e-01
4.237977564334869385e-01 6.672183871269226074e-01
5.627827048301696777e-01 7.250404357910156250e-01
4.148905277252197266e-01 7.055288553237915039e-01
6.038436889648437500e-01 6.659621596336364746e-01
6.291422843933105469e-01 7.609559297561645508e-01
4.520978331565856934e-01 6.976917982101440430e-01
5.430643558502197266e-01 5.834931135177612305e-01
6.562095284461975098e-01 6.814724206924438477e-01
3.678297102451324463e-01 7.345353364944458008e-01
4.945580363273620605e-01 7.210723161697387695e-01
5.261585712432861328e-01 7.119647264480590820e-01
5.311852693557739258e-01 6.610528230667114258e-01
5.504626631736755371e-01 7.027125954627990723e-01
5.191308259963989258e-01 6.722618937492370605e-01
5.105752348899841309e-01 7.352527379989624023e-01
6.459254026412963867e-01 7.253312468528747559e-01
5.646886825561523438e-01 6.062200069427490234e-01
5.678634643554687500e-01 6.833285093307495117e-01
5.221443772315979004e-01 6.203350424766540527e-01
4.056707322597503662e-01 7.068547606468200684e-01
4.290823638439178467e-01 7.583956718444824219e-01
5.979803800582885742e-01 6.912842988967895508e-01
6.371994614601135254e-01 4.948143064975738525e-01
5.920547246932983398e-01 6.312854290008544922e-01
5.784984230995178223e-01 7.505969405174255371e-01
5.962105393409729004e-01 5.776833295822143555e-01
5.835914611816406250e-01 7.325428128242492676e-01
5.353239178657531738e-01 6.921637654304504395e-01
5.793026089668273926e-01 5.587673187255859375e-01
5.710501074790954590e-01 5.726294517517089844e-01
4.171844124794006348e-01 7.178575396537780762e-01
5.848540067672729492e-01 7.068306207656860352e-01
4.378606677055358887e-01 7.075339555740356445e-01
5.530570745468139648e-01 6.771751046180725098e-01
5.371570587158203125e-01 6.818587183952331543e-01
6.638624072074890137e-01 5.917135477066040039e-01
5.531472563743591309e-01 6.653550863265991211e-01
4.076226055622100830e-01 7.529100179672241211e-01
7.112838029861450195e-01 7.416170239448547363e-01
5.471142530441284180e-01 6.756190657615661621e-01
6.060208082199096680e-01 6.961310505867004395e-01
4.411851465702056885e-01 6.542055010795593262e-01
4.315944314002990723e-01 7.607266902923583984e-01
4.885771870613098145e-01 6.701330542564392090e-01
5.378063917160034180e-01 7.182028889656066895e-01
5.085785388946533203e-01 6.929726600646972656e-01
5.291274785995483398e-01 7.625213265419006348e-01
4.789320230484008789e-01 6.776309609413146973e-01
4.499408900737762451e-01 7.428838610649108887e-01
5.722724199295043945e-01 6.778235435485839844e-01
6.014942526817321777e-01 6.577833294868469238e-01
6.672685742378234863e-01 7.052770853042602539e-01
4.556132555007934570e-01 6.646486520767211914e-01
5.664803385734558105e-01 6.756933927536010742e-01
4.874688088893890381e-01 6.848223805427551270e-01
5.271258950233459473e-01 7.481234073638916016e-01
5.249393582344055176e-01 6.150996685028076172e-01
6.723625063896179199e-01 5.786730051040649414e-01
5.975172519683837891e-01 7.328929901123046875e-01
5.571271181106567383e-01 5.779247283935546875e-01
7.055147290229797363e-01 7.051221728324890137e-01
6.434278488159179688e-01 6.256033182144165039e-01
4.710978865623474121e-01 7.369424700736999512e-01
7.246763110160827637e-01 6.800267696380615234e-01
3.797926604747772217e-01 7.332838773727416992e-01
4.892677962779998779e-01 7.027897238731384277e-01
4.819757342338562012e-01 6.521188020706176758e-01
5.365593433380126953e-01 5.893748402595520020e-01
3.970696926116943359e-01 7.360041737556457520e-01
6.442835330963134766e-01 7.852107882499694824e-01
3.096351325511932373e-01 7.494683265686035156e-01
5.913547873497009277e-01 7.546620368957519531e-01
6.239029765129089355e-01 7.101275920867919922e-01
4.561116695404052734e-01 7.280822992324829102e-01
5.633642673492431641e-01 6.899120807647705078e-01
5.487054586410522461e-01 5.785536170005798340e-01
6.173912882804870605e-01 7.017382979393005371e-01
3.988462686538696289e-01 7.702178955078125000e-01
4.565300047397613525e-01 7.999889254570007324e-01
6.881577968597412109e-01 7.255924344062805176e-01
6.341104507446289062e-01 6.222058534622192383e-01
6.065460443496704102e-01 7.548356652259826660e-01
5.470042824745178223e-01 6.650572419166564941e-01
5.792912840843200684e-01 7.483665943145751953e-01
6.357371807098388672e-01 5.880128145217895508e-01
5.958985686302185059e-01 6.527103185653686523e-01
5.427885055541992188e-01 6.236895322799682617e-01
4.851342737674713135e-01 7.027505636215209961e-01
6.298454999923706055e-01 5.892484188079833984e-01
4.145635366439819336e-01 6.590836048126220703e-01
6.837350130081176758e-01 6.595923304557800293e-01
6.488221883773803711e-01 7.693461179733276367e-01
6.686766147613525391e-01 8.107396364212036133e-01
6.777737736701965332e-01 6.124561429023742676e-01
5.007374882698059082e-01 6.442288756370544434e-01
5.638915896415710449e-01 7.081743478775024414e-01
4.617492854595184326e-01 6.332465410232543945e-01
4.393775463104248047e-01 6.967498660087585449e-01
6.189090013504028320e-01 7.711125016212463379e-01
7.306771874427795410e-01 7.466458082199096680e-01
6.584419012069702148e-01 6.999205946922302246e-01
5.041097998619079590e-01 7.428835630416870117e-01
5.349509119987487793e-01 6.651655435562133789e-01
3.732877075672149658e-01 7.355138063430786133e-01
5.723969340324401855e-01 6.395099759101867676e-01
5.586576461791992188e-01 6.070594787597656250e-01
6.080572009086608887e-01 7.725077271461486816e-01
5.556899309158325195e-01 6.740980744361877441e-01
4.276323020458221436e-01 6.246722936630249023e-01
6.425753235816955566e-01 6.759344339370727539e-01
4.111349582672119141e-01 7.778245806694030762e-01
6.221926808357238770e-01 7.489913702011108398e-01
4.781385958194732666e-01 6.455335617065429688e-01
4.755081236362457275e-01 6.778523921966552734e-01
3.559054732322692871e-01 6.626877188682556152e-01
5.543968081474304199e-01 7.103371024131774902e-01
6.263663768768310547e-01 5.828353166580200195e-01
6.337121725082397461e-01 5.846652984619140625e-01
6.045616269111633301e-01 6.838957667350769043e-01
4.210432767868041992e-01 6.974852085113525391e-01
6.450686454772949219e-01 7.237852811813354492e-01
5.432196855545043945e-01 6.023349165916442871e-01
5.762702822685241699e-01 6.983785629272460938e-01
4.335441887378692627e-01 6.328358650207519531e-01
6.155944466590881348e-01 6.134863495826721191e-01
5.776820778846740723e-01 6.516787409782409668e-01
5.008696317672729492e-01 7.054880857467651367e-01
6.399893164634704590e-01 7.472825646400451660e-01
4.863468706607818604e-01 7.442324161529541016e-01
5.941897630691528320e-01 7.036454677581787109e-01
6.956411004066467285e-01 6.447305083274841309e-01
5.392525792121887207e-01 7.205401062965393066e-01
6.261228919029235840e-01 5.971876978874206543e-01
5.660278797149658203e-01 6.227535605430603027e-01
5.407133698463439941e-01 6.951066851615905762e-01
6.850797533988952637e-01 7.591324448585510254e-01
5.624651312828063965e-01 6.307170987129211426e-01
5.366671681404113770e-01 6.744485497474670410e-01
4.919541180133819580e-01 6.822925806045532227e-01
5.844069719314575195e-01 7.440264225006103516e-01
6.146295070648193359e-01 6.897593140602111816e-01
5.723890066146850586e-01 6.443331837654113770e-01
6.681981682777404785e-01 7.215414047241210938e-01
4.967505633831024170e-01 6.619932055473327637e-01
5.852175951004028320e-01 7.170560359954833984e-01
4.859850704669952393e-01 7.043626904487609863e-01
6.607784628868103027e-01 6.675060987472534180e-01
6.325923204421997070e-01 6.877340674400329590e-01
6.376086473464965820e-01 7.239307761192321777e-01
6.890894174575805664e-01 6.667379736900329590e-01
6.641897559165954590e-01 6.456854343414306641e-01
4.239644110202789307e-01 7.392063140869140625e-01
4.272023439407348633e-01 7.255708575248718262e-01
5.423433184623718262e-01 6.960851550102233887e-01
7.115970849990844727e-01 7.809458374977111816e-01
4.193398952484130859e-01 6.216387152671813965e-01
4.319589436054229736e-01 7.332478165626525879e-01
6.193837523460388184e-01 5.141750574111938477e-01
3.094412982463836670e-01 7.366868257522583008e-01
5.545063614845275879e-01 5.749132633209228516e-01
6.145868897438049316e-01 6.953721642494201660e-01
4.566441774368286133e-01 7.345330119132995605e-01
5.502982735633850098e-01 7.324531674385070801e-01
6.016841530799865723e-01 5.955593585968017578e-01
4.980680048465728760e-01 6.130356788635253906e-01
6.545523405075073242e-01 6.083820462226867676e-01
5.738848447799682617e-01 6.716567277908325195e-01
5.568671822547912598e-01 6.991356611251831055e-01
4.438125193119049072e-01 6.709791421890258789e-01
6.654119491577148438e-01 6.675864458084106445e-01
3.793934285640716553e-01 7.186508178710937500e-01
6.108876466751098633e-01 6.062809228897094727e-01
5.401985049247741699e-01 7.098345160484313965e-01
5.527259707450866699e-01 6.358777880668640137e-01
5.196830034255981445e-01 7.356614470481872559e-01
6.099321842193603516e-01 7.354316115379333496e-01
3.120722770690917969e-01 7.742852568626403809e-01
6.006374955177307129e-01 7.416875362396240234e-01
4.544158279895782471e-01 6.468947529792785645e-01
3.561653792858123779e-01 6.573980450630187988e-01
5.678246617317199707e-01 6.137042641639709473e-01
6.603957414627075195e-01 6.700714230537414551e-01
6.535911560058593750e-01 6.948957443237304688e-01
5.603092908859252930e-01 6.869897246360778809e-01
5.800942182540893555e-01 7.298439145088195801e-01
5.583898425102233887e-01 7.632278800010681152e-01
7.227488756179809570e-01 6.574395298957824707e-01
4.843219220638275146e-01 7.040020227432250977e-01
5.275602340698242188e-01 6.464981436729431152e-01
5.878910422325134277e-01 5.870912075042724609e-01
6.265442371368408203e-01 5.947643518447875977e-01
5.098535418510437012e-01 6.851782202720642090e-01
6.821859478950500488e-01 6.631974577903747559e-01
7.338696718215942383e-01 7.492016553878784180e-01
6.815969347953796387e-01 8.017044663429260254e-01
7.248430848121643066e-01 7.069315314292907715e-01
5.875293016433715820e-01 5.004932880401611328e-01
5.808671712875366211e-01 6.480742096900939941e-01
5.624923706054687500e-01 7.472078800201416016e-01
3.469538092613220215e-01 7.191016674041748047e-01
4.446085989475250244e-01 5.699197053909301758e-01
4.497583210468292236e-01 6.487848162651062012e-01
5.849642753601074219e-01 6.731952428817749023e-01
4.031908810138702393e-01 7.241012454032897949e-01
5.703689455986022949e-01 7.208684086799621582e-01
6.230590343475341797e-01 6.893123388290405273e-01
3.673917651176452637e-01 7.288315892219543457e-01
5.835113525390625000e-01 6.476795673370361328e-01
3.546264171600341797e-01 7.171892523765563965e-01
4.042722880840301514e-01 7.871496081352233887e-01
4.056023955345153809e-01 6.979422569274902344e-01
4.205510616302490234e-01 6.550577878952026367e-01
6.195708513259887695e-01 7.756759524345397949e-01
6.805563569068908691e-01 5.447357296943664551e-01
6.533897519111633301e-01 6.698003411293029785e-01
5.123201012611389160e-01 7.125490903854370117e-01
4.880943596363067627e-01 7.780215144157409668e-01
6.747283935546875000e-01 7.590098381042480469e-01
3.743585944175720215e-01 6.455234289169311523e-01
6.844770908355712891e-01 5.851631760597229004e-01
6.117706298828125000e-01 6.393535137176513672e-01
5.916916131973266602e-01 7.421764731407165527e-01
6.073865890502929688e-01 6.543014645576477051e-01
6.424000859260559082e-01 5.993359088897705078e-01
6.850724816322326660e-01 7.402942180633544922e-01
6.330518722534179688e-01 7.190725207328796387e-01
5.000783205032348633e-01 6.443238854408264160e-01
4.611850976943969727e-01 7.505455017089843750e-01
6.613945364952087402e-01 6.939476728439331055e-01
4.905656278133392334e-01 6.614713668823242188e-01
5.140397548675537109e-01 6.859778165817260742e-01
5.333253741264343262e-01 6.152399182319641113e-01
6.139866709709167480e-01 6.280180811882019043e-01
7.154639959335327148e-01 6.248697042465209961e-01
5.163310766220092773e-01 7.105289697647094727e-01
7.155038118362426758e-01 6.901879310607910156e-01
6.082702279090881348e-01 5.962078571319580078e-01
7.137707471847534180e-01 6.320199966430664062e-01
5.578296184539794922e-01 6.078597903251647949e-01
4.211680591106414795e-01 6.331501007080078125e-01
5.214048027992248535e-01 5.983385443687438965e-01
6.176949739456176758e-01 5.757871270179748535e-01
6.045610308647155762e-01 6.038097143173217773e-01
6.336020231246948242e-01 6.524330973625183105e-01
5.695879459381103516e-01 6.816899776458740234e-01
6.592184305191040039e-01 7.161942124366760254e-01
5.424889326095581055e-01 6.652524471282958984e-01
7.201111912727355957e-01 7.844856977462768555e-01
5.575710535049438477e-01 7.028112411499023438e-01
4.178400933742523193e-01 6.871188282966613770e-01
5.957275032997131348e-01 6.269604563713073730e-01
5.598578453063964844e-01 7.358630895614624023e-01
7.134106755256652832e-01 7.187051773071289062e-01
3.795863986015319824e-01 7.597342729568481445e-01
4.289063215255737305e-01 7.682682275772094727e-01
4.813310503959655762e-01 6.881159543991088867e-01
4.760486185550689697e-01 6.839470863342285156e-01
6.794081926345825195e-01 5.490065217018127441e-01
6.490202546119689941e-01 7.257139682769775391e-01
6.811968684196472168e-01 6.632301211357116699e-01
7.255291342735290527e-01 7.360044717788696289e-01
5.471720695495605469e-01 5.686453580856323242e-01
6.009232997894287109e-01 6.034158468246459961e-01
4.777635037899017334e-01 7.061744928359985352e-01
5.116631388664245605e-01 7.940468788146972656e-01
5.222746729850769043e-01 6.021889448165893555e-01
4.826018810272216797e-01 7.410508990287780762e-01
6.065249443054199219e-01 6.913952827453613281e-01
7.365044951438903809e-01 6.822328567504882812e-01
3.888208270072937012e-01 6.959754228591918945e-01
5.227388143539428711e-01 7.490761876106262207e-01
6.365881562232971191e-01 5.858325362205505371e-01
5.724876523017883301e-01 7.210240364074707031e-01
6.275130510330200195e-01 7.837127447128295898e-01
5.886458158493041992e-01 6.719725131988525391e-01
4.655505120754241943e-01 6.223031878471374512e-01
5.352367758750915527e-01 7.483741044998168945e-01
5.301278829574584961e-01 6.554252505302429199e-01
6.138251423835754395e-01 5.852318406105041504e-01
6.400409936904907227e-01 5.765811800956726074e-01
5.942201614379882812e-01 6.839452981948852539e-01
4.703817963600158691e-01 6.233885288238525391e-01
5.956287384033203125e-01 6.804085373878479004e-01
5.328381061553955078e-01 7.325635552406311035e-01
6.518807411193847656e-01 7.155751585960388184e-01
7.238656878471374512e-01 7.439593076705932617e-01
6.554239988327026367e-01 6.466494202613830566e-01
6.891407370567321777e-01 7.305539846420288086e-01
4.935431778430938721e-01 7.142323255538940430e-01
7.026972770690917969e-01 6.855252385139465332e-01
6.203514337539672852e-01 7.204971313476562500e-01
5.317240357398986816e-01 6.696711778640747070e-01
6.787306070327758789e-01 6.146598458290100098e-01
5.747179388999938965e-01 5.499311089515686035e-01
4.538945257663726807e-01 6.703485250473022461e-01
6.486274600028991699e-01 5.640710592269897461e-01
4.122358262538909912e-01 6.646088957786560059e-01
6.826288700103759766e-01 4.710355103015899658e-01
3.341039717197418213e-01 7.505346536636352539e-01
5.258756279945373535e-01 7.229123711585998535e-01
6.948997378349304199e-01 7.217132449150085449e-01
6.465552449226379395e-01 6.691522002220153809e-01
6.930124759674072266e-01 6.430163979530334473e-01
5.510936975479125977e-01 7.073822617530822754e-01
6.107670664787292480e-01 7.073179483413696289e-01
7.037236094474792480e-01 6.383075714111328125e-01
4.527127444744110107e-01 6.643254160881042480e-01
5.107352733612060547e-01 7.298802137374877930e-01
5.093013048171997070e-01 6.432775855064392090e-01
6.121479272842407227e-01 6.643816232681274414e-01
7.042179703712463379e-01 6.533430814743041992e-01
6.814709305763244629e-01 6.439387798309326172e-01
6.695333123207092285e-01 7.620180249214172363e-01
5.245361924171447754e-01 7.249967455863952637e-01
5.469248294830322266e-01 6.261094808578491211e-01
4.961647391319274902e-01 6.955274939537048340e-01
6.238902211189270020e-01 7.174507975578308105e-01
6.893042922019958496e-01 6.490209698677062988e-01
5.449900627136230469e-01 7.401992082595825195e-01
6.157126426696777344e-01 7.515351772308349609e-01
6.907713413238525391e-01 6.380658745765686035e-01
5.166721343994140625e-01 6.483585834503173828e-01
4.436197876930236816e-01 6.473803520202636719e-01
7.164349555969238281e-01 5.905640721321105957e-01
5.724722743034362793e-01 7.397930622100830078e-01
7.278983592987060547e-01 6.590111851692199707e-01
6.512462496757507324e-01 7.461969852447509766e-01
6.411662101745605469e-01 6.768618822097778320e-01
6.012948751449584961e-01 5.823576450347900391e-01
4.489300549030303955e-01 6.398266553878784180e-01
5.753872990608215332e-01 6.618837118148803711e-01
5.009399056434631348e-01 6.979168057441711426e-01
6.685425043106079102e-01 7.113363742828369141e-01
4.521168172359466553e-01 7.024696469306945801e-01
5.576093196868896484e-01 7.132771611213684082e-01
5.677220225334167480e-01 5.961013436317443848e-01
6.309760212898254395e-01 5.862687826156616211e-01
5.574249029159545898e-01 6.615676879882812500e-01
7.305962443351745605e-01 6.291522979736328125e-01
7.152373194694519043e-01 6.141724586486816406e-01
5.679809451103210449e-01 6.688270568847656250e-01
6.051940321922302246e-01 7.088565826416015625e-01
5.111467838287353516e-01 7.234032154083251953e-01
5.417534708976745605e-01 6.913387179374694824e-01
6.764665842056274414e-01 5.992745161056518555e-01
3.837723433971405029e-01 7.467855811119079590e-01
6.753467917442321777e-01 5.602391958236694336e-01
6.344427466392517090e-01 6.468731164932250977e-01
6.595250368118286133e-01 6.658182144165039062e-01
6.579824686050415039e-01 6.970665454864501953e-01
6.292836070060729980e-01 6.897315979003906250e-01
4.412806630134582520e-01 7.215880155563354492e-01
5.317085981369018555e-01 7.506673336029052734e-01
5.281896591186523438e-01 5.855688452720642090e-01
