3.820114135742187500e-01 1.516526341438293457e-01
9.098595380783081055e-02 -7.205188274383544922e-02
9.133690595626831055e-02 2.401185035705566406e-01
-2.664973139762878418e-01 -3.490943908691406250e-01
-3.318025469779968262e-01 -3.395741581916809082e-01
-6.069946289062500000e-02 -1.645565032958984375e-03
-4.268676042556762695e-01 2.489904165267944336e-01
-1.598942279815673828e-01 -1.364971995353698730e-01
-8.911997079849243164e-02 -4.301546812057495117e-01
-4.566639661788940430e-01 -3.063440918922424316e-01
2.920168638229370117e-02 3.453319668769836426e-01
3.961942791938781738e-01 4.998147487640380859e-03
-5.109775066375732422e-02 3.966346383094787598e-01
-3.803780078887939453e-01 -2.590938806533813477e-01
1.975746750831604004e-01 -3.304966092109680176e-01
-3.023150563240051270e-01 3.528384566307067871e-01
1.962752938270568848e-01 2.000671625137329102e-01
4.110748171806335449e-01 1.274825334548950195e-01
-1.022880077362060547e-01 7.811164855957031250e-02
-4.164878129959106445e-01 2.342022657394409180e-01
-3.742681145668029785e-01 -2.036958932876586914e-02
-2.459627389907836914e-02 -1.226100921630859375e-01
-2.431459426879882812e-01 7.893580198287963867e-02
4.247922301292419434e-01 -8.499854803085327148e-02
3.410329818725585938e-01 -3.517041802406311035e-01
-3.039436340332031250e-01 -2.753633856773376465e-01
-3.001329302787780762e-01 -4.102333188056945801e-01
-4.669091701507568359e-01 -2.917398214340209961e-01
4.068865776062011719e-01 -2.381292581558227539e-01
7.172125577926635742e-02 3.794288039207458496e-01
-4.836998581886291504e-01 7.864654064178466797e-03
-4.665501117706298828e-01 -3.460023403167724609e-01
-2.852312922477722168e-01 3.909879922866821289e-01
1.504315733909606934e-01 -1.665324568748474121e-01
4.718377590179443359e-01 9.004318714141845703e-02
1.672381758689880371e-01 1.049737334251403809e-01
2.958750724792480469e-01 -4.023648500442504883e-01
3.928115963935852051e-01 3.656464815139770508e-01
-1.904811859130859375e-01 -2.178901433944702148e-01
-4.381335973739624023e-01 3.601979017257690430e-01
4.875232577323913574e-01 3.330885767936706543e-01
4.352796077728271484e-02 -5.332612991333007812e-02
7.656157016754150391e-02 -3.125553727149963379e-01
3.725138902664184570e-01 3.650870919227600098e-01
-3.007424473762512207e-01 -1.992417573928833008e-01
-3.412269353866577148e-01 4.119396209716796875e-03
-2.022727727890014648e-01 4.712268710136413574e-01
-2.754921317100524902e-01 4.006029963493347168e-01
-2.938914299011230469e-01 -7.441496849060058594e-02
1.889645457267761230e-01 3.302173018455505371e-01
-1.094570755958557129e-01 2.147346138954162598e-01
-2.924947142601013184e-01 1.172462701797485352e-01
3.781769275665283203e-01 2.691791057586669922e-01
-4.898338913917541504e-01 3.905272483825683594e-02
-2.278961539268493652e-01 -4.678182601928710938e-01
-4.174045920372009277e-01 5.939751863479614258e-02
-4.734588861465454102e-01 -2.219724655151367188e-02
2.020866870880126953e-01 -8.398878574371337891e-02
3.389136195182800293e-01 1.501548290252685547e-01
-2.353509664535522461e-01 -2.294141650199890137e-01
-2.519156336784362793e-01 -1.367098093032836914e-01
3.760494589805603027e-01 -1.933860182762145996e-01
2.403821945190429688e-01 -9.786748886108398438e-02
-4.762903451919555664e-01 -4.829493165016174316e-01
-5.933886766433715820e-02 -3.985603451728820801e-01
-1.203476190567016602e-01 1.034315824508666992e-01
-3.344621062278747559e-01 -2.928622364997863770e-01
-4.207288026809692383e-01 -2.005613446235656738e-01
1.365666985511779785e-01 3.536339998245239258e-01
-1.705579161643981934e-01 1.134513020515441895e-01
-3.635632991790771484e-02 1.957876086235046387e-01
6.696051359176635742e-02 2.494587898254394531e-01
4.957390427589416504e-01 -1.271519064903259277e-01
4.419422149658203125e-02 4.047411680221557617e-02
2.810791730880737305e-01 -7.030510902404785156e-02
-1.562145352363586426e-01 2.381983995437622070e-01
1.371522545814514160e-01 -1.362376809120178223e-01
-3.038770556449890137e-01 2.792063951492309570e-01
-3.232048153877258301e-01 2.625663876533508301e-01
2.425630092620849609e-01 1.967770457267761230e-01
-2.949640750885009766e-01 2.068091034889221191e-01
-7.469296455383300781e-03 -1.653130650520324707e-01
-4.065245389938354492e-02 3.259108066558837891e-01
-3.331348299980163574e-01 -1.142920851707458496e-01
4.746766686439514160e-01 7.178229093551635742e-02
1.788719296455383301e-01 6.089192628860473633e-02
4.299263358116149902e-01 3.125686645507812500e-01
2.416014671325683594e-02 4.610776901245117188e-02
8.697968721389770508e-02 3.489873409271240234e-01
-3.779530525207519531e-01 4.806698560714721680e-01
4.513484239578247070e-01 -4.645293951034545898e-02
-4.385776519775390625e-01 -4.946972131729125977e-01
-4.074937105178833008e-02 4.631164073944091797e-01
2.089526653289794922e-01 1.822636723518371582e-01
-5.045849084854125977e-02 8.584743738174438477e-02
1.905441284179687500e-02 1.785673499107360840e-01
2.526532411575317383e-01 3.614094853401184082e-01
-2.612822055816650391e-01 2.848631143569946289e-02
-6.345522403717041016e-02 -7.607281208038330078e-03
2.333116531372070312e-01 -1.835713982582092285e-01
-4.694586992263793945e-01 3.683818578720092773e-01
-1.922637224197387695e-02 -2.892731428146362305e-01
-4.658680558204650879e-01 1.937067508697509766e-01
-5.827116966247558594e-02 -1.905556917190551758e-01
1.480997204780578613e-01 -6.112897396087646484e-02
2.251350879669189453e-02 -1.368396282196044922e-01
-1.321481466293334961e-01 2.528830170631408691e-01
1.309758424758911133e-02 4.383265376091003418e-01
-4.240374565124511719e-01 1.755684614181518555e-01
2.886956930160522461e-01 4.363031387329101562e-01
-4.424855113029479980e-01 3.196517229080200195e-01
-7.738518714904785156e-02 3.075872063636779785e-01
3.956931233406066895e-01 8.001148700714111328e-02
-3.790031075477600098e-01 -1.434097886085510254e-01
3.198508620262145996e-01 -4.330687522888183594e-01
-3.446283340454101562e-01 5.340284109115600586e-02
8.078521490097045898e-02 -9.550094604492187500e-02
8.205914497375488281e-02 -1.986730694770812988e-01
2.429473400115966797e-01 -2.709531784057617188e-01
7.393503189086914062e-02 -1.029714345932006836e-01
4.595872163772583008e-01 3.833793997764587402e-01
2.012121081352233887e-01 2.310264110565185547e-02
3.861677646636962891e-02 -4.968096613883972168e-01
3.107264637947082520e-01 -4.729406833648681641e-01
-4.026440978050231934e-01 2.593374252319335938e-02
-4.218487739562988281e-01 2.070404291152954102e-01
4.776155352592468262e-01 -2.509655356407165527e-01
-7.500350475311279297e-03 -3.614593744277954102e-01
4.455420374870300293e-01 -3.987402915954589844e-01
1.165852546691894531e-01 1.248338222503662109e-01
2.123962044715881348e-01 3.749293088912963867e-01
1.530361175537109375e-01 2.101593017578125000e-01
2.853520512580871582e-01 1.170676350593566895e-01
8.474487066268920898e-02 3.837268352508544922e-01
1.357726454734802246e-01 1.893754005432128906e-01
3.570564389228820801e-01 -2.076053023338317871e-01
2.706089019775390625e-01 -3.502485752105712891e-01
-2.916072607040405273e-01 -1.462879180908203125e-01
-3.699482083320617676e-01 2.331787347793579102e-02
2.175331711769104004e-01 3.099293112754821777e-01
9.083002805709838867e-02 -3.377789855003356934e-01
-7.646584510803222656e-02 4.088706970214843750e-01
-4.071235060691833496e-01 4.653291702270507812e-01
2.216869592666625977e-01 -3.510154485702514648e-01
4.762672185897827148e-01 -3.709538578987121582e-01
4.652619361877441406e-03 2.054933905601501465e-01
-9.601771831512451172e-03 -6.158405542373657227e-02
-4.133372306823730469e-01 3.973113894462585449e-01
-2.847326397895812988e-01 1.686040759086608887e-01
2.934620380401611328e-01 -1.144176125526428223e-01
-8.522868156433105469e-03 -4.907186627388000488e-01
-1.153177022933959961e-02 -3.314893245697021484e-01
3.410146832466125488e-01 -2.611150741577148438e-01
-9.084200859069824219e-02 -4.418711066246032715e-01
-2.193815112113952637e-01 -2.021272182464599609e-01
-1.538007259368896484e-01 5.995374917984008789e-02
-4.234799742698669434e-01 4.367213249206542969e-01
1.050665974617004395e-01 6.602925062179565430e-02
1.238715648651123047e-02 -2.822220921516418457e-01
-6.998372077941894531e-02 2.282926440238952637e-01
1.723808050155639648e-01 4.943689107894897461e-01
4.224292635917663574e-01 3.325785398483276367e-01
3.059151768684387207e-01 -4.674351811408996582e-01
-3.245439529418945312e-01 -4.400128126144409180e-02
2.142184972763061523e-02 -3.318039178848266602e-01
2.332553267478942871e-01 2.903887033462524414e-01
4.101448655128479004e-01 -4.899127483367919922e-01
7.750916481018066406e-02 -2.632011175155639648e-01
4.563159942626953125e-01 1.195306181907653809e-01
-1.146295070648193359e-01 -8.951365947723388672e-02
-4.360859990119934082e-01 1.851258873939514160e-01
3.116190433502197266e-01 -3.767783045768737793e-01
2.743231058120727539e-01 -2.696470618247985840e-01
-4.148173332214355469e-02 -3.184336423873901367e-01
-4.694694280624389648e-02 3.399195671081542969e-01
4.001482129096984863e-01 -1.386046409606933594e-02
-2.298229336738586426e-01 4.791657924652099609e-01
-4.193457961082458496e-01 2.730820775032043457e-01
1.216644644737243652e-01 2.170232534408569336e-01
1.993387937545776367e-02 4.265556931495666504e-01
3.345234990119934082e-01 2.769103050231933594e-01
-3.455961346626281738e-01 3.387307524681091309e-01
2.612870931625366211e-01 3.574046492576599121e-01
-2.160094380378723145e-01 2.658615708351135254e-01
-6.916224956512451172e-03 -3.536685109138488770e-01
4.913089871406555176e-01 -2.529554963111877441e-01
-4.789488911628723145e-01 1.394140720367431641e-02
3.195373415946960449e-01 -4.830256104469299316e-01
-1.599252223968505859e-03 1.856912374496459961e-01
-9.303873777389526367e-02 -4.796926379203796387e-01
-1.410925984382629395e-01 -1.881254315376281738e-01
3.899375796318054199e-01 -2.721792459487915039e-02
4.698312282562255859e-01 -1.887198686599731445e-01
4.048920869827270508e-01 -2.210951447486877441e-01
-4.561251997947692871e-01 -4.713112711906433105e-01
-4.024219512939453125e-01 4.313442707061767578e-01
5.027765035629272461e-02 -4.960405230522155762e-01
3.978664278984069824e-01 4.319240450859069824e-01
1.422252655029296875e-01 -3.651047348976135254e-01
-4.817109107971191406e-01 -2.252352833747863770e-01
-7.203000783920288086e-02 -9.498178958892822266e-03
9.890562295913696289e-02 3.271198272705078125e-02
1.705880165100097656e-01 -2.543359994888305664e-02
4.399747252464294434e-01 3.038349747657775879e-01
-1.005812287330627441e-01 3.050591945648193359e-01
-4.693746566772460938e-03 -3.759910464286804199e-01
1.591151952743530273e-01 -8.192873001098632812e-02
1.206576228141784668e-01 1.725826263427734375e-01
2.447521686553955078e-02 1.764245033264160156e-01
2.938532829284667969e-01 -2.006171941757202148e-01
-1.698275804519653320e-01 -3.224090933799743652e-01
-2.012435197830200195e-01 9.813296794891357422e-02
4.939228892326354980e-01 3.006917834281921387e-01
2.079086303710937500e-01 9.576117992401123047e-02
-4.353559017181396484e-02 3.990327715873718262e-01
-5.077773332595825195e-02 8.217078447341918945e-02
4.378319382667541504e-01 -4.041004180908203125e-01
2.311385273933410645e-01 -1.264904737472534180e-01
-4.145856499671936035e-01 3.677046298980712891e-01
-1.722891330718994141e-01 1.089245676994323730e-01
2.665680646896362305e-02 -2.164919972419738770e-01
2.611410021781921387e-01 -4.194928407669067383e-01
4.360717535018920898e-01 -3.175159096717834473e-01
2.098026275634765625e-01 -1.014502644538879395e-01
1.779953837394714355e-01 1.549057364463806152e-01
4.205746650695800781e-01 -1.873805522918701172e-01
3.947991728782653809e-01 -3.312632441520690918e-01
4.644532799720764160e-01 -1.101881265640258789e-01
8.585804700851440430e-02 4.766977429389953613e-01
-3.006286025047302246e-01 1.214230060577392578e-02
6.475991010665893555e-02 -7.665979862213134766e-02
-2.768812179565429688e-01 -2.641449570655822754e-01
-8.972829580307006836e-02 1.135817766189575195e-01
-4.366998672485351562e-01 2.148216962814331055e-01
5.967444181442260742e-02 -2.302516102790832520e-01
4.443355202674865723e-01 -3.104552626609802246e-01
-3.969586491584777832e-01 1.382745504379272461e-01
2.432060241699218750e-01 4.107772707939147949e-01
4.982795119285583496e-01 1.232222318649291992e-01
3.858432173728942871e-01 -3.409707546234130859e-02
-4.726597070693969727e-01 3.303762674331665039e-01
1.938650012016296387e-01 1.292291879653930664e-01
-4.811811447143554688e-02 3.856940865516662598e-01
4.882506728172302246e-01 -3.435258865356445312e-01
3.645793795585632324e-01 -1.720464229583740234e-01
-9.066283702850341797e-02 -3.528857231140136719e-01
-9.824818372726440430e-02 -2.540413737297058105e-01
-1.539338231086730957e-01 3.123648762702941895e-01
-3.165967464447021484e-01 3.003619909286499023e-01
-1.248958110809326172e-01 1.570118665695190430e-01
-1.793831586837768555e-01 4.858214855194091797e-01
-3.672529458999633789e-01 2.462239861488342285e-01
-4.816201329231262207e-01 2.874842286109924316e-01
-4.608167409896850586e-01 1.160019040107727051e-01
-1.216948628425598145e-01 -2.568718791007995605e-01
-2.247861623764038086e-01 -4.472789764404296875e-01
-4.966378211975097656e-01 4.276474118232727051e-01
-5.862414836883544922e-02 -2.490490674972534180e-02
-4.645248055458068848e-01 -4.358339905738830566e-01
1.281352043151855469e-01 4.345512390136718750e-02
-1.210412979125976562e-01 -2.456227540969848633e-01
3.401461243629455566e-01 -2.884220480918884277e-01
4.247211217880249023e-01 7.374590635299682617e-02
3.398856520652770996e-01 4.844622015953063965e-01
-2.030098438262939453e-02 1.591135859489440918e-01
4.251704812049865723e-01 -3.542364239692687988e-01
-1.066861748695373535e-01 4.536898136138916016e-01
1.139610409736633301e-01 -2.351428270339965820e-01
-1.661564111709594727e-01 8.669912815093994141e-03
-1.822624802589416504e-01 -2.415605187416076660e-01
-2.638624310493469238e-01 3.040490746498107910e-01
-1.795953512191772461e-01 4.199984669685363770e-01
-4.467191100120544434e-01 -5.975818634033203125e-02
3.328322172164916992e-01 -3.192165493965148926e-01
-6.796032190322875977e-02 -4.335504770278930664e-02
-9.097337722778320312e-02 2.097868919372558594e-01
3.802565932273864746e-01 4.058150053024291992e-01
-3.044946193695068359e-01 3.147974014282226562e-01
6.975114345550537109e-03 2.512972354888916016e-01
-3.432896137237548828e-01 3.031640052795410156e-01
-4.936039447784423828e-02 1.813462376594543457e-01
4.031441211700439453e-01 -4.305267333984375000e-01
-5.900943279266357422e-02 -2.932310104370117188e-01
1.629277467727661133e-01 -4.563543796539306641e-01
4.453304409980773926e-01 -4.549981951713562012e-01
-2.585295438766479492e-01 2.458012700080871582e-01
1.381004452705383301e-01 -3.325007557868957520e-01
-3.917098045349121094e-02 1.764661073684692383e-02
1.807361841201782227e-01 -4.857295751571655273e-01
-3.588359951972961426e-01 2.570670247077941895e-01
-4.411551952362060547e-01 2.302952408790588379e-01
-5.656355619430541992e-02 3.580033779144287109e-01
-4.624265432357788086e-02 -4.780730605125427246e-01
3.231120705604553223e-01 -3.210073709487915039e-02
-3.183120489120483398e-02 -3.034638762474060059e-01
1.761798858642578125e-01 4.124456644058227539e-01
-3.640984892845153809e-01 1.264392733573913574e-01
3.251000642776489258e-01 4.245375990867614746e-01
4.294115304946899414e-01 -1.364900469779968262e-01
4.936742782592773438e-01 -1.119785904884338379e-01
-1.108964681625366211e-01 -4.784765243530273438e-01
-1.237081885337829590e-01 1.526421904563903809e-01
3.858268260955810547e-01 -2.459714412689208984e-01
8.714199066162109375e-03 4.188706278800964355e-01
-4.789024591445922852e-01 1.371224522590637207e-01
-8.740657567977905273e-02 4.696007966995239258e-01
1.305192112922668457e-01 6.241059303283691406e-02
-3.875284194946289062e-01 3.317402005195617676e-01
2.201400995254516602e-01 4.730461835861206055e-01
-3.668799400329589844e-01 2.633580565452575684e-01
-5.372482538223266602e-02 -3.913933038711547852e-01
1.174999475479125977e-01 2.978283166885375977e-02
-1.515759229660034180e-01 -4.109320044517517090e-01
-3.823802471160888672e-01 3.520977497100830078e-02
4.354763627052307129e-01 1.878086924552917480e-01
1.186055541038513184e-01 -2.909461855888366699e-01
3.836554288864135742e-02 -4.768707752227783203e-01
-2.264989614486694336e-01 -3.514209985733032227e-01
-4.790377616882324219e-02 1.459233164787292480e-01
-2.080347537994384766e-01 1.222265362739562988e-01
-4.374487400054931641e-01 4.760410189628601074e-01
1.933676004409790039e-02 -1.925478577613830566e-01
-1.497441530227661133e-01 2.116436362266540527e-01
2.842893600463867188e-01 8.084702491760253906e-02
4.851040244102478027e-01 3.116081953048706055e-01
2.841028571128845215e-01 -1.936352849006652832e-01
9.603440761566162109e-02 -1.375638246536254883e-01
2.417173981666564941e-01 2.252429127693176270e-01
1.386771202087402344e-01 -1.483775377273559570e-01
1.853628158569335938e-01 -2.619289755821228027e-01
-2.515733242034912109e-03 2.137178182601928711e-01
-1.596660017967224121e-01 -3.830087184906005859e-01
-2.421619296073913574e-01 2.057462334632873535e-01
-5.722719430923461914e-02 -1.931511759757995605e-01
2.084957361221313477e-01 -1.805947422981262207e-01
3.247148394584655762e-01 2.768035531044006348e-01
1.282888650894165039e-01 -2.771716117858886719e-01
-2.937543392181396484e-02 4.792718291282653809e-01
-4.571166038513183594e-01 -2.623108029365539551e-01
-4.556518793106079102e-02 -4.073829054832458496e-01
-3.954343795776367188e-01 -7.020920515060424805e-02
3.161374926567077637e-01 -7.183206081390380859e-02
-1.250624060630798340e-01 2.095851898193359375e-01
-2.388792037963867188e-01 1.167259812355041504e-01
-1.012349128723144531e-02 -2.469191551208496094e-01
-3.895974159240722656e-01 -5.148911476135253906e-02
-5.098301172256469727e-02 -5.206638574600219727e-02
3.654479980468750000e-03 2.540302276611328125e-02
4.005752801895141602e-01 4.075909256935119629e-01
-4.069479107856750488e-01 -3.274542689323425293e-01
2.454177737236022949e-01 -4.034733772277832031e-01
-1.899003982543945312e-03 -9.244978427886962891e-03
-5.708926916122436523e-02 -3.467416763305664062e-02
-4.750621318817138672e-02 -4.073661565780639648e-01
-2.381287813186645508e-01 2.543619871139526367e-01
7.076740264892578125e-02 -2.431319952011108398e-01
-1.261295676231384277e-01 2.900778651237487793e-01
2.404770255088806152e-01 1.086319684982299805e-01
-1.148110032081604004e-01 -6.637787818908691406e-02
3.883987069129943848e-01 -2.893994450569152832e-01
-1.468479633331298828e-02 4.934453368186950684e-01
-2.157863974571228027e-01 2.578803300857543945e-01
-4.886090755462646484e-01 -1.542956233024597168e-01
3.166288733482360840e-01 -1.391732692718505859e-02
-3.488321304321289062e-01 -1.734081506729125977e-01
3.584984540939331055e-01 -2.803017497062683105e-01
-1.169335842132568359e-01 -2.214720249176025391e-01
-4.581506252288818359e-01 2.233920693397521973e-01
-6.196594238281250000e-02 9.297096729278564453e-02
-3.683664798736572266e-01 -4.029805064201354980e-01
4.526351094245910645e-01 3.908492922782897949e-01
4.656956791877746582e-01 -4.011085629463195801e-01
-1.527953147888183594e-02 4.828975796699523926e-01
-1.011086702346801758e-01 -9.336525201797485352e-02
3.375104069709777832e-01 3.336054682731628418e-01
1.597344875335693359e-02 -9.066629409790039062e-02
1.643121242523193359e-02 1.383373141288757324e-01
-3.726243972778320312e-01 1.911116242408752441e-01
2.388461828231811523e-01 -8.315867185592651367e-02
2.954679131507873535e-01 -6.950372457504272461e-02
1.054163575172424316e-01 9.876310825347900391e-03
-2.631166577339172363e-01 4.151970148086547852e-01
-2.086670994758605957e-01 3.992161750793457031e-01
4.677116274833679199e-01 4.114872217178344727e-02
-4.786795377731323242e-01 -3.835550546646118164e-01
7.113754749298095703e-03 -1.235167980194091797e-01
4.971262216567993164e-01 3.764575719833374023e-02
2.002514600753784180e-01 -1.976239681243896484e-02
4.463865160942077637e-01 -4.332897663116455078e-01
-1.442498564720153809e-01 -2.031699419021606445e-01
-3.711537122726440430e-01 4.763132333755493164e-01
4.216637611389160156e-01 2.332506179809570312e-01
-4.360780119895935059e-01 4.672308564186096191e-01
-3.114471435546875000e-01 9.740597009658813477e-02
-1.322606801986694336e-01 4.874831438064575195e-02
-8.627474308013916016e-02 1.720283031463623047e-01
3.199529051780700684e-01 -1.271811723709106445e-01
-3.521552085876464844e-01 1.082761883735656738e-01
3.831565976142883301e-01 -8.429884910583496094e-02
1.302651762962341309e-01 -4.815697669982910156e-01
2.655026316642761230e-01 -1.663159132003784180e-01
-3.087607622146606445e-01 2.345476746559143066e-01
-2.294649481773376465e-01 -2.989819645881652832e-01
3.959268331527709961e-02 2.860796451568603516e-01
-4.882395267486572266e-02 -4.081984758377075195e-01
4.542308449745178223e-01 1.327019333839416504e-01
4.552584290504455566e-01 4.348984360694885254e-01
9.354472160339355469e-02 -3.260182142257690430e-01
-3.474426865577697754e-01 4.137295484542846680e-01
4.942148923873901367e-02 6.567627191543579102e-02
-1.881572604179382324e-01 -1.575705409049987793e-01
1.501054167747497559e-01 9.488761425018310547e-03
-1.720905900001525879e-01 -4.659247398376464844e-02
1.026983857154846191e-01 3.384675383567810059e-01
4.963951110839843750e-01 -6.430870294570922852e-02
-4.164099693298339844e-01 6.766873598098754883e-02
-4.069686532020568848e-01 4.534834623336791992e-02
-2.419021725654602051e-01 1.199423074722290039e-01
-2.238526344299316406e-01 -7.696688175201416016e-02
3.824797868728637695e-01 3.290491700172424316e-01
2.462068796157836914e-01 -1.735826134681701660e-01
-3.406444191932678223e-01 1.853159070014953613e-01
-2.000303864479064941e-01 2.641141414642333984e-03
-3.378272652626037598e-01 -4.032218456268310547e-01
-4.895824193954467773e-02 1.441154479980468750e-01
4.631561040878295898e-02 4.245867729187011719e-01
2.931658029556274414e-01 -9.882408380508422852e-02
4.950280189514160156e-01 -9.674257040023803711e-02
-4.022942781448364258e-01 -3.851290941238403320e-01
-4.177118539810180664e-01 1.946932077407836914e-02
-1.262843608856201172e-02 1.232584118843078613e-01
9.424835443496704102e-02 1.788228154182434082e-01
4.124837517738342285e-01 -8.702981472015380859e-02
1.325328946113586426e-01 -1.705986261367797852e-02
2.012178301811218262e-01 -3.894911408424377441e-01
2.905153632164001465e-01 -2.177873849868774414e-01
2.154693007469177246e-01 2.760558724403381348e-01
-2.747989296913146973e-01 -4.002180695533752441e-01
-3.743147253990173340e-01 -4.916919469833374023e-01
-2.995013594627380371e-01 1.908977627754211426e-01
-3.463811874389648438e-01 4.420657753944396973e-01
-2.284070849418640137e-01 -6.541472673416137695e-02
-2.309626340866088867e-02 -4.926381111145019531e-01
2.549390792846679688e-01 2.782173156738281250e-01
4.371220469474792480e-01 4.559303522109985352e-01
-1.911679506301879883e-01 3.329181671142578125e-02
-1.554644107818603516e-01 -2.088338732719421387e-01
-1.658605337142944336e-01 4.822907447814941406e-01
4.224742650985717773e-01 2.154153585433959961e-02
4.341011643409729004e-01 -9.527832269668579102e-02
4.738897085189819336e-02 7.596015930175781250e-02
-4.354087710380554199e-01 -3.862740397453308105e-01
4.323285818099975586e-02 -4.797098040580749512e-01
-1.962376832962036133e-01 -2.066677212715148926e-01
5.991637706756591797e-03 -4.068820476531982422e-01
3.715257644653320312e-01 -2.722285389900207520e-01
1.795567274093627930e-01 4.776374101638793945e-01
-2.979249358177185059e-01 -1.099615693092346191e-01
-6.069940328598022461e-02 -3.004283905029296875e-01
1.422276496887207031e-01 -2.226274609565734863e-01
2.090823054313659668e-01 2.531049251556396484e-01
2.489149570465087891e-02 -2.297542691230773926e-01
-1.072156429290771484e-01 -1.931917071342468262e-01
3.694209456443786621e-01 4.752362370491027832e-01
-6.150501966476440430e-02 -2.150965332984924316e-01
1.300223469734191895e-01 4.244644641876220703e-01
-1.536397933959960938e-01 2.528114914894104004e-01
-1.291670203208923340e-01 -2.966988682746887207e-01
-4.102081060409545898e-01 -4.632122516632080078e-01
1.178615093231201172e-01 -1.615980267524719238e-01
-4.618995189666748047e-01 4.271429181098937988e-01
9.018748998641967773e-02 -2.252388000488281250e-01
4.178201556205749512e-01 -2.628199458122253418e-01
6.114482879638671875e-03 -3.392783999443054199e-01
2.800537943840026855e-01 -6.742256879806518555e-02
-1.449874043464660645e-01 1.478534340858459473e-01
1.911936402320861816e-01 -4.116947054862976074e-01
2.157276272773742676e-01 3.259876966476440430e-01
-2.277852892875671387e-01 -3.525346517562866211e-02
7.243531942367553711e-02 4.663153290748596191e-01
-9.278905391693115234e-02 -3.600017428398132324e-01
2.129912376403808594e-01 3.820822238922119141e-01
3.719990253448486328e-01 -2.269503474235534668e-01
1.403736472129821777e-01 4.465144872665405273e-02
1.082664728164672852e-02 -4.764865636825561523e-01
-2.695345878601074219e-01 -4.947051405906677246e-01
-1.975256204605102539e-02 9.477609395980834961e-02
2.883864641189575195e-01 -1.096950173377990723e-01
3.599303960800170898e-02 -4.383171796798706055e-01
2.111554741859436035e-01 1.356082558631896973e-01
1.181185245513916016e-01 1.418991088867187500e-01
1.961874961853027344e-02 1.266364455223083496e-01
2.262743115425109863e-01 7.314729690551757812e-02
-1.595992445945739746e-01 3.628712296485900879e-01
3.645366430282592773e-02 9.513175487518310547e-02
-5.286455154418945312e-03 -8.777141571044921875e-03
3.447300791740417480e-01 1.496158242225646973e-01
2.198578715324401855e-01 -2.065097689628601074e-01
3.395830988883972168e-01 1.565685868263244629e-01
1.864477992057800293e-01 -3.478945493698120117e-01
8.942157030105590820e-02 2.856409549713134766e-01
-4.718620181083679199e-01 -9.216821193695068359e-02
-3.772701025009155273e-01 3.083848357200622559e-01
-4.093044996261596680e-01 -4.991834759712219238e-01
-3.364886641502380371e-01 -4.215146303176879883e-01
-3.904626369476318359e-01 4.251698255538940430e-01
-2.558011412620544434e-01 4.250466823577880859e-01
1.534551978111267090e-01 4.411667585372924805e-02
-4.210990071296691895e-01 4.526413679122924805e-01
-4.289993643760681152e-01 1.047287583351135254e-01
-3.280462622642517090e-01 -6.428790092468261719e-02
3.944972753524780273e-01 1.469051837921142578e-02
3.254925608634948730e-01 2.630916833877563477e-01
-3.417760133743286133e-01 4.891911745071411133e-01
1.489554047584533691e-01 -5.278754234313964844e-02
4.183351993560791016e-02 -8.541077375411987305e-02
-3.738472461700439453e-01 2.129778265953063965e-01
4.212352633476257324e-01 3.544961214065551758e-01
2.272683978080749512e-01 -3.565152883529663086e-01
-3.436177968978881836e-02 2.200067043304443359e-02
-3.708102107048034668e-01 2.135596871376037598e-01
1.094163656234741211e-01 7.048070430755615234e-03
-3.081305623054504395e-01 -2.927600741386413574e-01
1.639060974121093750e-01 4.017806053161621094e-02
-3.178464174270629883e-01 2.104902863502502441e-01
1.638775467872619629e-01 -4.644058346748352051e-01
-4.477447271347045898e-02 2.148284912109375000e-01
1.423676013946533203e-01 -6.555557250976562500e-02
-3.470282554626464844e-01 -2.886950969696044922e-01
2.214002609252929688e-01 1.012310981750488281e-01
3.312307000160217285e-01 -3.633170723915100098e-01
-3.396573066711425781e-01 -1.883506774902343750e-01
2.209368944168090820e-01 1.440843939781188965e-01
-3.365734219551086426e-01 4.458262920379638672e-01
1.321738958358764648e-02 3.152255415916442871e-01
8.614665269851684570e-02 -3.851116895675659180e-01
3.354311585426330566e-01 4.959781169891357422e-01
1.875588893890380859e-01 5.226755142211914062e-02
-4.175067543983459473e-01 -4.921388626098632812e-01
-8.569478988647460938e-03 6.687766313552856445e-02
-7.049649953842163086e-02 1.453652977943420410e-01
-2.832214236259460449e-01 2.464675903320312500e-01
4.978931546211242676e-01 -2.007067203521728516e-03
-1.955097913742065430e-01 -2.218096256256103516e-01
-3.551647663116455078e-01 -3.890007734298706055e-02
4.759393930435180664e-01 -2.846302390098571777e-01
-3.093225955963134766e-01 1.470590233802795410e-01
1.143128275871276855e-01 2.054495811462402344e-01
2.932693362236022949e-01 1.190730929374694824e-01
5.791574716567993164e-02 -1.457946300506591797e-01
-1.110836863517761230e-01 4.632935523986816406e-01
-4.828573465347290039e-01 -4.988150596618652344e-01
3.268222808837890625e-01 -4.368846416473388672e-01
7.218152284622192383e-02 1.890199184417724609e-01
3.922641277313232422e-03 1.414921283721923828e-01
-2.722864747047424316e-01 4.527710676193237305e-01
2.773639559745788574e-01 2.513019442558288574e-01
-4.393392205238342285e-01 4.056339263916015625e-01
1.971266269683837891e-01 -2.148087024688720703e-01
-1.063215732574462891e-02 2.348644137382507324e-01
-2.777241468429565430e-01 -1.463147997856140137e-01
-2.696315050125122070e-01 -2.375246882438659668e-01
-1.261491775512695312e-01 -8.113664388656616211e-02
3.771729469299316406e-01 -8.475434780120849609e-02
3.027085065841674805e-01 7.656526565551757812e-02
5.448555946350097656e-02 1.869142055511474609e-01
4.967433214187622070e-02 2.233106493949890137e-01
-1.537212729454040527e-01 -2.828371524810791016e-02
4.464098811149597168e-01 -1.226657629013061523e-01
-4.148651957511901855e-01 4.029151201248168945e-01
-3.788568377494812012e-01 2.815123200416564941e-01
4.259047508239746094e-01 -7.823187112808227539e-02
-4.525844454765319824e-01 6.062746047973632812e-03
2.123935222625732422e-01 3.088710904121398926e-01
3.954309821128845215e-01 -6.959474086761474609e-02
-4.995881915092468262e-01 -7.198035717010498047e-02
-4.894717335700988770e-01 -4.769752621650695801e-01
2.455468177795410156e-01 1.783517599105834961e-01
3.252380490303039551e-01 -2.372235059738159180e-02
-3.523563742637634277e-01 -4.970090389251708984e-01
2.938085794448852539e-01 -2.182298302650451660e-01
2.329788208007812500e-01 -4.876309633255004883e-01
3.717207312583923340e-01 9.966683387756347656e-02
-1.635837554931640625e-02 1.773939132690429688e-01
3.604861497879028320e-01 2.238076925277709961e-01
-2.028084993362426758e-01 8.243083953857421875e-02
4.966416358947753906e-01 1.057775616645812988e-01
-4.810415506362915039e-01 -3.606503605842590332e-01
4.482679367065429688e-01 -1.571586728096008301e-01
-2.734279632568359375e-01 2.415168881416320801e-01
4.758000373840332031e-01 -4.545761346817016602e-01
7.234656810760498047e-02 2.037539482116699219e-01
-6.443351507186889648e-02 -4.931356906890869141e-01
-2.893775701522827148e-01 -2.908995747566223145e-01
-4.362844228744506836e-01 3.103516697883605957e-01
3.340514302253723145e-01 -2.710125446319580078e-01
-5.942511558532714844e-02 -3.997476696968078613e-01
4.340949058532714844e-01 3.408129215240478516e-01
-4.178201556205749512e-01 9.121602773666381836e-02
-4.015244245529174805e-01 -6.742352247238159180e-02
1.792892813682556152e-01 4.920465350151062012e-01
-4.963442683219909668e-01 2.734786272048950195e-02
3.135494589805603027e-01 -1.132826209068298340e-01
-4.400461316108703613e-01 7.921946048736572266e-02
-2.631059288978576660e-01 9.732210636138916016e-02
-1.157376766204833984e-01 -1.815604567527770996e-01
-4.045490622520446777e-01 -4.378986954689025879e-01
-6.699144840240478516e-02 -4.880746006965637207e-01
3.501899838447570801e-01 -3.474408984184265137e-01
3.377049565315246582e-01 -2.390969395637512207e-01
-3.124437928199768066e-01 -2.052743434906005859e-01
-8.888649940490722656e-02 1.706088185310363770e-01
-6.492239236831665039e-02 2.362710833549499512e-01
3.359599709510803223e-01 2.652444839477539062e-01
4.545316100120544434e-01 -4.727484583854675293e-01
-2.034356594085693359e-01 -3.688508868217468262e-01
-4.635068178176879883e-01 -2.488312125205993652e-01
-3.495721817016601562e-01 -2.908706068992614746e-01
-3.279374837875366211e-01 2.430824637413024902e-01
3.086003661155700684e-01 -4.548850655555725098e-01
2.330970764160156250e-02 8.758962154388427734e-03
6.782281398773193359e-02 4.566462635993957520e-01
4.684135913848876953e-01 -4.022025465965270996e-01
-4.636512994766235352e-01 4.178493022918701172e-01
-1.594709753990173340e-01 -2.431114912033081055e-01
4.243044853210449219e-01 4.363119006156921387e-01
4.012607932090759277e-01 -5.724334716796875000e-02
-3.260158300399780273e-01 4.677225947380065918e-01
-3.231763839721679688e-02 1.839357614517211914e-02
-4.825325608253479004e-01 2.451237440109252930e-01
3.947675824165344238e-01 4.551765322685241699e-01
9.560257196426391602e-02 3.669087290763854980e-01
-1.853340864181518555e-01 -3.624036312103271484e-01
-4.430496692657470703e-01 2.707214951515197754e-01
2.564007639884948730e-01 4.746052622795104980e-01
2.843639254570007324e-01 1.431143283843994141e-01
-4.552894830703735352e-01 -2.761967182159423828e-01
-4.742448329925537109e-01 -4.328930377960205078e-02
1.334470510482788086e-02 5.848783254623413086e-02
-2.582796812057495117e-01 -3.973781466484069824e-01
-3.860212564468383789e-01 4.970371127128601074e-01
-1.749879717826843262e-01 -1.382112503051757812e-03
-1.470646858215332031e-01 2.141383290290832520e-01
2.826954126358032227e-01 -2.138207554817199707e-01
-2.435279488563537598e-01 1.823269128799438477e-01
7.877027988433837891e-02 -4.847027659416198730e-01
7.938265800476074219e-03 3.455979824066162109e-01
3.232723474502563477e-02 3.069162368774414062e-03
3.155976533889770508e-01 -1.871613264083862305e-01
2.754127383232116699e-01 -4.077967405319213867e-01
9.776747226715087891e-02 -2.810180187225341797e-01
-2.570984363555908203e-01 4.216898083686828613e-01
-4.045777320861816406e-01 2.491968274116516113e-01
-4.119564890861511230e-01 1.094287633895874023e-01
8.034932613372802734e-02 -4.944497346878051758e-01
-5.307328701019287109e-02 -1.504771709442138672e-01
-3.723579645156860352e-02 3.237066864967346191e-01
-1.057195067405700684e-01 -2.603933215141296387e-01
-3.470333218574523926e-01 2.544772624969482422e-01
-2.965475916862487793e-01 -8.155441284179687500e-02
1.745468378067016602e-02 -3.848184943199157715e-01
-2.570214867591857910e-01 -4.017174243927001953e-01
4.226936697959899902e-01 3.958177566528320312e-01
1.896457672119140625e-01 -2.054525017738342285e-01
-4.858564138412475586e-01 -1.287400126457214355e-01
4.326803088188171387e-01 -3.235946297645568848e-01
4.895952939987182617e-01 -1.674123406410217285e-01
9.410846233367919922e-02 2.995637059211730957e-01
4.520764946937561035e-01 -1.490332484245300293e-01
2.315149307250976562e-01 2.706074714660644531e-02
3.216728568077087402e-01 6.261223554611206055e-02
-2.453011274337768555e-02 2.199783921241760254e-01
3.840780854225158691e-01 4.798889160156250000e-02
4.099172353744506836e-01 -3.221569061279296875e-01
4.875113368034362793e-01 2.701222896575927734e-01
-4.847944378852844238e-01 -8.494871854782104492e-02
1.250862479209899902e-01 -3.834925293922424316e-01
-2.545136213302612305e-02 6.855535507202148438e-02
2.934830188751220703e-01 4.808689355850219727e-01
-4.554986953735351562e-03 3.484185338020324707e-01
6.841933727264404297e-02 2.119330763816833496e-01
1.405138969421386719e-01 -1.654928922653198242e-02
3.577926754951477051e-01 7.966279983520507812e-03
1.809175014495849609e-01 -2.205520272254943848e-01
5.184251070022583008e-02 -2.655300498008728027e-01
3.892779350280761719e-03 4.811118245124816895e-01
-4.685730338096618652e-01 2.610321044921875000e-01
-3.273238539695739746e-01 7.827526330947875977e-02
3.863617181777954102e-01 4.914530515670776367e-01
2.006630897521972656e-01 -2.631681561470031738e-01
-7.365632057189941406e-02 -4.709949493408203125e-01
3.593348860740661621e-01 -1.260055899620056152e-01
4.673796296119689941e-01 3.489388227462768555e-01
4.118670821189880371e-01 2.227597832679748535e-01
-3.994520306587219238e-01 -1.192249655723571777e-01
7.095992565155029297e-03 -2.963764071464538574e-01
-2.609759569168090820e-01 1.447358131408691406e-01
-5.064117908477783203e-02 4.635735750198364258e-01
2.385085821151733398e-02 -6.741899251937866211e-02
-3.464353084564208984e-02 -2.726943492889404297e-01
-2.892065048217773438e-02 8.142429590225219727e-02
-2.943205237388610840e-01 4.256386756896972656e-01
2.782247066497802734e-01 -1.310324668884277344e-01
2.799683809280395508e-01 -1.048104166984558105e-01
2.256155014038085938e-03 4.239469170570373535e-01
1.230085492134094238e-01 3.759890198707580566e-01
-2.995389699935913086e-02 -1.382779479026794434e-01
-7.434719800949096680e-02 4.877972602844238281e-01
9.934532642364501953e-02 4.255737662315368652e-01
1.096729636192321777e-01 -1.409348845481872559e-01
3.760803937911987305e-01 -2.827543020248413086e-01
-1.834670901298522949e-01 2.591845989227294922e-01
2.874344587326049805e-01 4.650704264640808105e-01
2.985839247703552246e-01 -2.213847637176513672e-01
4.611024856567382812e-01 -9.601968526840209961e-02
-1.874025464057922363e-01 3.058738708496093750e-01
-3.724745512008666992e-01 3.951756358146667480e-01
2.230252623558044434e-01 -1.614147424697875977e-02
3.664346337318420410e-01 -5.177938938140869141e-02
-2.840950489044189453e-01 -1.149709224700927734e-01
-4.078301191329956055e-01 3.027406334877014160e-01
-4.089065194129943848e-01 2.971616983413696289e-01
1.528490781784057617e-01 -4.055848121643066406e-01
-4.701514244079589844e-01 3.911458253860473633e-01
4.926769733428955078e-01 -1.617196798324584961e-01
-1.044496893882751465e-01 -4.923914074897766113e-01
2.829043269157409668e-01 -6.855958700180053711e-02
1.037226319313049316e-01 -2.691944241523742676e-01
2.357864975929260254e-01 -3.413532972335815430e-01
2.411987185478210449e-01 -3.077543973922729492e-01
2.427728772163391113e-01 1.745100617408752441e-01
2.389301657676696777e-01 -2.607096433639526367e-01
-4.061673879623413086e-01 -4.769901633262634277e-01
2.369475364685058594e-01 4.518437981605529785e-01
3.679535388946533203e-01 1.733717322349548340e-01
-2.958645820617675781e-01 3.225669264793395996e-01
-2.522425055503845215e-01 9.587168693542480469e-03
-9.006625413894653320e-02 1.222758293151855469e-01
1.536476612091064453e-02 4.143506288528442383e-02
-2.811477184295654297e-01 -3.626959323883056641e-01
2.561321258544921875e-01 -3.809880018234252930e-01
3.998869657516479492e-02 1.941973567008972168e-01
-3.084841966629028320e-01 1.031569838523864746e-01
3.068345785140991211e-02 -3.476592898368835449e-01
2.682043313980102539e-01 -2.694055438041687012e-01
4.534372091293334961e-01 -2.252426147460937500e-01
1.958587169647216797e-01 -4.082587957382202148e-01
3.270915150642395020e-01 1.365087032318115234e-01
3.691967725753784180e-01 -3.389884829521179199e-01
9.498381614685058594e-02 -3.578889369964599609e-01
-2.411354780197143555e-01 -1.430905461311340332e-01
-3.485203981399536133e-01 -1.393654942512512207e-01
-4.514017105102539062e-01 -3.776093721389770508e-01
-2.789223194122314453e-01 3.177435398101806641e-01
6.724637746810913086e-02 -3.065308928489685059e-01
-3.232032656669616699e-01 1.449126601219177246e-01
3.858978748321533203e-01 -2.264255881309509277e-01
4.537338018417358398e-01 5.031442642211914062e-02
4.079625010490417480e-01 -1.531519293785095215e-01
-5.857515335083007812e-02 -1.629771590232849121e-01
-1.071017980575561523e-01 -4.112401008605957031e-01
-2.580270767211914062e-01 3.369918465614318848e-01
-4.844051003456115723e-01 -4.216058850288391113e-01
-8.176249265670776367e-02 8.889275789260864258e-02
-3.268825411796569824e-01 1.808989048004150391e-01
4.475951194763183594e-03 3.590112924575805664e-01
4.984768629074096680e-01 -1.612933278083801270e-01
-4.583897590637207031e-01 4.954611659049987793e-01
4.470166563987731934e-01 3.698566555976867676e-01
-4.209014177322387695e-01 1.997460722923278809e-01
-2.507647275924682617e-01 -9.112972021102905273e-02
-4.442030191421508789e-02 -1.316837668418884277e-01
4.537017941474914551e-01 -1.664397120475769043e-01
-2.432203292846679688e-01 -8.389985561370849609e-02
-4.013323187828063965e-01 5.120301246643066406e-02
4.612760543823242188e-01 8.924698829650878906e-02
9.278059005737304688e-04 9.014970064163208008e-02
-4.739238619804382324e-01 1.394669413566589355e-01
-4.286462664604187012e-01 -3.967835307121276855e-01
4.201647043228149414e-01 -3.944489359855651855e-01
3.375129103660583496e-01 2.212602496147155762e-01
7.511830329895019531e-02 -1.883850693702697754e-01
4.486185908317565918e-01 1.074321269989013672e-01
-4.347737431526184082e-01 -2.196365594863891602e-02
1.434499621391296387e-01 4.605668187141418457e-01
2.052791714668273926e-01 -2.271397113800048828e-01
4.000620841979980469e-01 4.009161591529846191e-01
-3.190706968307495117e-01 -4.060789942741394043e-01
-7.398384809494018555e-02 1.556993722915649414e-01
4.984325170516967773e-01 6.559312343597412109e-03
-4.441536068916320801e-01 3.081054091453552246e-01
4.423233270645141602e-01 -1.393127441406250000e-01
-4.892960190773010254e-01 3.191066980361938477e-01
-4.020558595657348633e-01 -1.512346863746643066e-01
-4.380602240562438965e-01 -8.462935686111450195e-02
-1.684904694557189941e-01 3.761223554611206055e-01
4.573156237602233887e-01 -4.055430889129638672e-01
4.879341721534729004e-01 1.345784664154052734e-01
-1.169351935386657715e-01 2.939253449440002441e-01
1.245498657226562500e-03 2.626309394836425781e-01
2.141841053962707520e-01 -2.030239105224609375e-01
-4.159613251686096191e-01 3.035341501235961914e-01
2.649896740913391113e-01 -8.089607954025268555e-02
-3.469371199607849121e-01 8.768337965011596680e-02
-1.100727319717407227e-01 4.259508252143859863e-01
-3.558220863342285156e-01 2.776076197624206543e-01
2.818191051483154297e-02 1.057551503181457520e-01
-4.617860317230224609e-01 2.937704324722290039e-02
7.152813673019409180e-02 2.153440117835998535e-01
-2.819753289222717285e-01 2.634356617927551270e-01
-4.121441245079040527e-01 -4.062263369560241699e-01
3.536378741264343262e-01 -3.769040107727050781e-01
1.990804076194763184e-01 5.704218149185180664e-02
4.142632484436035156e-01 -4.685388803482055664e-01
1.236063241958618164e-01 -2.395393848419189453e-01
-3.855665922164916992e-01 -2.494252920150756836e-01
-3.204150199890136719e-01 1.427091956138610840e-01
4.578093290328979492e-01 3.018810749053955078e-01
-9.425961971282958984e-02 -1.304875016212463379e-01
1.278698444366455078e-03 2.943216562271118164e-01
-4.896370768547058105e-01 -4.950277209281921387e-01
-1.298964619636535645e-01 2.945182323455810547e-01
3.076304793357849121e-01 -1.171243786811828613e-01
-2.197311520576477051e-01 -2.354982495307922363e-01
3.134493231773376465e-01 1.169362664222717285e-01
-1.388534903526306152e-01 -4.914075136184692383e-02
-4.766952991485595703e-01 3.172047734260559082e-01
-1.017234325408935547e-01 1.738560795783996582e-01
-1.342829465866088867e-01 -2.199208140373229980e-01
-1.953854560852050781e-01 3.367465734481811523e-02
-2.754919528961181641e-01 -2.279005050659179688e-01
-4.569041728973388672e-02 1.935608983039855957e-01
-2.413574457168579102e-01 -3.994213342666625977e-01
3.395533561706542969e-02 -2.317413091659545898e-01
-4.955095648765563965e-01 -2.563976645469665527e-01
-2.124136686325073242e-01 -2.531380653381347656e-01
3.528571128845214844e-02 -4.521915316581726074e-01
-1.920917034149169922e-01 -3.536819815635681152e-01
4.712207317352294922e-01 2.008849382400512695e-02
-2.671416997909545898e-01 1.749942898750305176e-01
-4.464157819747924805e-01 -4.916751384735107422e-01
-4.392494559288024902e-01 -4.760478734970092773e-01
-2.279275655746459961e-01 -1.064550876617431641e-02
-3.927775025367736816e-01 1.979715824127197266e-01
-4.865307807922363281e-01 -4.331935048103332520e-01
4.375682473182678223e-01 8.258712291717529297e-02
2.933317422866821289e-01 4.264320731163024902e-01
7.801800966262817383e-02 -1.926687359809875488e-01
-3.258247971534729004e-01 3.787933588027954102e-01
2.418919205665588379e-01 3.609977960586547852e-01
1.877747774124145508e-01 -7.839882373809814453e-02
3.661631941795349121e-01 3.164228200912475586e-01
-8.711940050125122070e-02 -1.358245015144348145e-01
1.079306602478027344e-01 -2.911183834075927734e-01
3.840577602386474609e-02 -3.445937037467956543e-01
-8.806449174880981445e-02 -4.730284214019775391e-02
3.308802843093872070e-01 -1.119867563247680664e-01
-2.963340878486633301e-01 -4.389846324920654297e-02
1.292005777359008789e-01 -1.972835659980773926e-01
3.060165643692016602e-01 -7.996082305908203125e-03
-3.879004120826721191e-01 -4.034258723258972168e-01
-4.551811814308166504e-01 -3.189514279365539551e-01
2.673510313034057617e-01 -7.140403985977172852e-02
1.786206364631652832e-01 4.437339305877685547e-01
9.415900707244873047e-02 -1.095346212387084961e-01
-5.016863346099853516e-03 -4.578697681427001953e-02
3.991796970367431641e-01 1.044917106628417969e-02
-3.921603560447692871e-01 -3.797135949134826660e-01
-1.991615295410156250e-01 -3.107042908668518066e-01
-3.693929314613342285e-01 -3.370606303215026855e-01
-3.705798983573913574e-01 -4.844651222229003906e-01
-1.686859130859375000e-02 1.018343567848205566e-01
1.096941828727722168e-01 -4.794389009475708008e-01
3.086115717887878418e-01 -4.388316869735717773e-01
1.679962873458862305e-01 1.626196503639221191e-01
3.536839485168457031e-01 4.331341981887817383e-01
-3.332006931304931641e-02 2.812819480895996094e-01
1.734537482261657715e-01 2.448911070823669434e-01
-4.996388554573059082e-01 5.144059658050537109e-02
2.446335554122924805e-02 3.594496250152587891e-01
-2.124665975570678711e-01 -3.286219835281372070e-01
-3.573328852653503418e-01 4.023923277854919434e-01
2.452611923217773438e-02 -4.682182669639587402e-01
-4.333086609840393066e-01 -2.227566838264465332e-01
-1.604718565940856934e-01 -3.693592548370361328e-02
2.080678939819335938e-01 1.211944222450256348e-01
-1.215644478797912598e-01 2.954602837562561035e-01
-4.898962378501892090e-01 3.181843757629394531e-01
-3.249719738960266113e-01 4.434792995452880859e-01
4.883300065994262695e-01 -3.105931878089904785e-01
1.815268397331237793e-01 2.910379171371459961e-01
1.146513223648071289e-02 1.173603534698486328e-01
2.525635957717895508e-01 4.572868347167968750e-02
-6.845396757125854492e-02 -3.108859062194824219e-01
-1.507006883621215820e-01 -3.393103480339050293e-01
-3.592213392257690430e-01 -3.277966380119323730e-01
-7.434415817260742188e-02 8.992254734039306641e-03
-4.251842498779296875e-01 -6.308180093765258789e-02
2.602090239524841309e-01 -1.731128096580505371e-01
-1.863529682159423828e-01 -2.022870182991027832e-01
6.584590673446655273e-02 -4.023252129554748535e-01
4.824638366699218750e-03 -1.390250921249389648e-01
1.712883710861206055e-01 -3.806860446929931641e-01
-8.471351861953735352e-02 3.321678042411804199e-01
1.333109736442565918e-01 3.179138898849487305e-02
-4.752277135848999023e-01 2.831483483314514160e-01
-2.075248360633850098e-01 3.463084101676940918e-01
-1.767228245735168457e-01 -6.092333793640136719e-02
-1.927674412727355957e-01 9.553438425064086914e-02
4.211464524269104004e-01 3.753193616867065430e-01
4.250087141990661621e-01 -3.644127249717712402e-01
-3.821689486503601074e-01 3.773286938667297363e-01
2.566281557083129883e-01 3.675699234008789062e-02
4.628518819808959961e-01 2.648481726646423340e-01
-4.738694429397583008e-02 -3.586230278015136719e-01
4.104579687118530273e-01 3.704409003257751465e-01
-3.856253027915954590e-01 5.006957054138183594e-02
4.547470211982727051e-01 1.527615785598754883e-01
-4.052200317382812500e-01 -2.724568247795104980e-01
-2.107799053192138672e-01 1.457796096801757812e-01
6.860810518264770508e-02 -8.516848087310791016e-02
2.339635491371154785e-01 -1.902452111244201660e-01
1.597428321838378906e-02 9.209620952606201172e-02
-3.474502563476562500e-01 4.806872010231018066e-01
1.072186827659606934e-01 1.442139744758605957e-01
-1.197345256805419922e-01 3.288268446922302246e-01
1.565259695053100586e-01 -2.554866671562194824e-01
-3.744571208953857422e-01 2.911120653152465820e-02
2.364325523376464844e-02 -2.682313323020935059e-01
-8.161872625350952148e-02 1.795614361763000488e-01
2.271392345428466797e-01 3.801940083503723145e-01
-1.713259816169738770e-01 4.965401291847229004e-01
3.077827692031860352e-01 1.081057190895080566e-01
-5.009049177169799805e-02 1.356245875358581543e-01
1.578390598297119141e-01 4.482781887054443359e-02
-3.410095572471618652e-01 2.226541638374328613e-01
-2.638657689094543457e-01 -1.005929708480834961e-02
2.513875365257263184e-01 -9.581506252288818359e-03
-4.349064826965332031e-01 -3.261381387710571289e-02
5.383688211441040039e-02 -3.286684155464172363e-01
-1.732333302497863770e-01 -3.486695885658264160e-01
4.396838545799255371e-01 4.610252976417541504e-01
2.514087557792663574e-01 5.394816398620605469e-03
2.338275909423828125e-01 4.997311234474182129e-01
-1.673792004585266113e-01 -3.992023468017578125e-01
-1.427043676376342773e-01 -1.514559984207153320e-01
-2.357444763183593750e-01 7.485991716384887695e-02
-2.871260046958923340e-01 2.166967391967773438e-01
3.795281052589416504e-01 -1.762791275978088379e-01
2.267201542854309082e-01 -2.415201663970947266e-01
2.740694284439086914e-01 -1.228039860725402832e-01
-4.973295331001281738e-01 5.579555034637451172e-02
1.731406450271606445e-01 -2.561098933219909668e-01
4.618346095085144043e-01 3.259120583534240723e-01
6.941545009613037109e-02 -1.270930767059326172e-01
-3.605929613113403320e-01 -2.033940553665161133e-01
3.139580488204956055e-01 2.412644624710083008e-01
4.227216839790344238e-01 5.409318208694458008e-02
-6.856143474578857422e-03 -1.875904202461242676e-01
3.660252094268798828e-01 -1.901961565017700195e-01
4.113180041313171387e-01 -6.387645006179809570e-02
1.092043519020080566e-01 4.544631838798522949e-01
2.341951727867126465e-01 -4.176360368728637695e-01
2.833383083343505859e-01 -4.899294972419738770e-01
2.451974153518676758e-01 3.665937185287475586e-01
-2.484986782073974609e-01 4.467995166778564453e-01
-1.967179775238037109e-02 -2.289223074913024902e-01
1.240766644477844238e-01 3.909844756126403809e-01
-4.780149459838867188e-01 1.209792494773864746e-01
-1.798074841499328613e-01 -4.437701106071472168e-01
-4.562163949012756348e-01 2.921694517135620117e-01
-3.490434288978576660e-01 -1.016813516616821289e-01
4.308043718338012695e-01 2.039636969566345215e-01
-3.262865543365478516e-02 -2.799265384674072266e-01
-3.014737963676452637e-01 -7.461047172546386719e-02
8.598655462265014648e-02 2.863865494728088379e-01
-1.248149871826171875e-01 4.260894060134887695e-01
-4.912133216857910156e-01 2.161502838134765625e-02
3.405337929725646973e-01 -2.714287638664245605e-01
5.506277084350585938e-03 1.553142666816711426e-01
9.002506732940673828e-02 -2.301581501960754395e-01
-1.678972244262695312e-01 2.400690317153930664e-02
-2.556557059288024902e-01 -9.705406427383422852e-02
2.843341827392578125e-01 8.844232559204101562e-02
-1.424777507781982422e-01 3.067876100540161133e-01
2.934692502021789551e-01 2.790068984031677246e-01
3.078082203865051270e-01 4.737365245819091797e-02
3.032629489898681641e-01 2.283757925033569336e-02
-3.671815395355224609e-01 3.637017607688903809e-01
2.680418491363525391e-01 -2.884528040885925293e-01
1.966521143913269043e-01 -4.914197325706481934e-01
3.603050708770751953e-01 2.442072629928588867e-01
