-7.895493507385253906e-02 -1.904014945030212402e-01
7.191914319992065430e-02 3.722031116485595703e-01
-2.114201784133911133e-01 -1.421523690223693848e-01
-1.360137462615966797e-01 -3.041632175445556641e-01
-2.136258482933044434e-01 -3.417003154754638672e-01
4.892762899398803711e-01 -3.313422203063964844e-01
8.537173271179199219e-02 1.928410530090332031e-01
-4.371472597122192383e-01 -1.706477403640747070e-01
1.511548757553100586e-01 9.176641702651977539e-02
4.065164923667907715e-01 2.075341343879699707e-01
-3.475776314735412598e-01 4.919633269309997559e-01
-4.767667055130004883e-01 1.464126110076904297e-01
-4.038792848587036133e-01 -1.085015535354614258e-01
-4.799425005912780762e-01 -2.564338445663452148e-01
-8.156287670135498047e-02 4.671781659126281738e-01
4.551069736480712891e-01 -2.408916354179382324e-01
-3.365621566772460938e-01 -1.652568578720092773e-02
1.288536190986633301e-01 4.507406353950500488e-01
-2.690196037292480469e-03 3.256539702415466309e-01
-4.951510429382324219e-01 -3.145351409912109375e-01
-3.866603374481201172e-01 2.124603986740112305e-01
-1.555648446083068848e-01 -4.673449993133544922e-01
2.353868484497070312e-01 1.681875586509704590e-01
4.746991395950317383e-01 -3.808048963546752930e-01
3.761347532272338867e-01 -4.452555179595947266e-01
-4.938420653343200684e-01 -2.340872287750244141e-01
3.876830935478210449e-01 -2.086822390556335449e-01
-2.763414978981018066e-01 -4.077644348144531250e-01
-3.193394541740417480e-01 6.577920913696289062e-02
2.170804142951965332e-01 2.865961194038391113e-01
4.260141849517822266e-01 -2.423042058944702148e-02
-4.831459522247314453e-01 1.678701043128967285e-01
-3.753644824028015137e-01 -1.535850167274475098e-01
-1.567203402519226074e-01 1.203602552413940430e-02
-5.531746149063110352e-02 4.274863004684448242e-02
-4.020370841026306152e-01 -1.834510564804077148e-01
2.310401201248168945e-02 4.704270958900451660e-01
3.870684504508972168e-01 -3.669436573982238770e-01
-2.731349468231201172e-01 4.952403306961059570e-01
1.430863142013549805e-01 4.932464361190795898e-01
2.241927981376647949e-01 1.771402359008789062e-01
7.934629917144775391e-03 4.576852917671203613e-01
-2.188738584518432617e-01 -1.046571135520935059e-01
-3.276599049568176270e-01 -1.619434952735900879e-01
2.230400443077087402e-01 -4.772720336914062500e-01
-2.804285883903503418e-01 -1.495205760002136230e-01
3.389080166816711426e-01 2.133667469024658203e-01
-3.948932886123657227e-02 3.333926200866699219e-01
1.353812217712402344e-02 1.703703403472900391e-02
4.084956645965576172e-01 4.354429841041564941e-01
-2.107037305831909180e-01 1.867445707321166992e-01
-1.587407588958740234e-01 3.023636341094970703e-02
3.292341232299804688e-01 -5.520647764205932617e-02
2.140141725540161133e-01 -3.037195801734924316e-01
3.095384836196899414e-01 -3.496597409248352051e-01
-2.281396389007568359e-01 -3.371599912643432617e-01
-3.428378105163574219e-01 -1.326412558555603027e-01
-4.863030314445495605e-01 3.580052852630615234e-01
-2.100816965103149414e-01 -4.533402323722839355e-01
-4.282112717628479004e-01 2.547767758369445801e-01
-3.336501717567443848e-01 -3.234978318214416504e-01
2.754321098327636719e-01 4.590812921524047852e-01
1.478332281112670898e-01 -4.438973665237426758e-01
4.954723715782165527e-01 1.951609849929809570e-01
-3.649718761444091797e-01 -1.882062554359436035e-01
-4.799338579177856445e-01 1.029545664787292480e-01
-1.688680052757263184e-01 4.668257832527160645e-01
-4.666070938110351562e-01 1.943516135215759277e-01
-1.918570399284362793e-01 -1.256600022315979004e-01
-1.295168995857238770e-01 2.676146030426025391e-01
-4.803655147552490234e-01 -2.579781413078308105e-01
1.971690058708190918e-01 2.091013193130493164e-01
1.978720426559448242e-01 -3.369402885437011719e-02
3.459429144859313965e-01 4.653325080871582031e-01
4.559285640716552734e-01 6.680428981781005859e-02
4.937868118286132812e-01 9.715348482131958008e-02
1.895484924316406250e-01 8.106273412704467773e-02
-4.719465970993041992e-01 -3.385910987854003906e-01
4.636118412017822266e-01 4.088503122329711914e-01
1.514418125152587891e-01 -3.068240284919738770e-01
-1.728653907775878906e-02 -1.885139942169189453e-01
-2.086543440818786621e-01 1.733725070953369141e-01
-3.611211180686950684e-01 -3.496101498603820801e-01
-3.344695568084716797e-01 -2.389656901359558105e-01
-2.354669570922851562e-01 1.917120814323425293e-01
-1.693368554115295410e-01 2.140366435050964355e-01
5.375522375106811523e-02 -2.077767252922058105e-01
2.734082341194152832e-01 -1.170859932899475098e-01
-2.333873510360717773e-01 -2.344996333122253418e-01
1.851558685302734375e-02 -4.750961065292358398e-01
1.615855097770690918e-01 4.065673947334289551e-01
1.107177138328552246e-01 -3.812685608863830566e-01
3.398019075393676758e-02 -1.608842611312866211e-02
3.894746899604797363e-01 1.146077513694763184e-01
2.828317284584045410e-01 -7.158929109573364258e-02
-1.481441259384155273e-01 3.272464871406555176e-01
-3.835954070091247559e-01 7.971078157424926758e-02
-3.421529531478881836e-01 -3.121849298477172852e-01
-3.145848512649536133e-01 -4.752442836761474609e-01
4.037711620330810547e-01 -4.988219738006591797e-01
2.076832056045532227e-01 -2.526661157608032227e-01
3.286941051483154297e-01 3.691602349281311035e-01
7.544934749603271484e-02 2.108811736106872559e-01
1.953086256980895996e-01 -3.996655941009521484e-01
-1.496957540512084961e-01 4.878304004669189453e-01
-3.157886266708374023e-01 -2.643446922302246094e-01
-4.755307435989379883e-01 -4.097088575363159180e-01
4.449588060379028320e-01 1.236572265625000000e-01
4.523249864578247070e-01 -6.141841411590576172e-02
-1.646663546562194824e-01 -1.191163659095764160e-01
3.851837515830993652e-01 4.661092758178710938e-01
1.717754602432250977e-01 1.835221052169799805e-02
3.796262145042419434e-01 1.821695566177368164e-01
-3.777505755424499512e-01 -7.146739959716796875e-02
4.295058846473693848e-01 3.863409161567687988e-01
2.079399228096008301e-01 6.176048517227172852e-02
2.679739594459533691e-01 -3.984110951423645020e-01
3.119703531265258789e-01 4.212529063224792480e-01
3.519208431243896484e-01 -2.443540692329406738e-01
-3.193244934082031250e-01 -4.821209311485290527e-01
1.268896460533142090e-01 4.041743874549865723e-01
1.932966709136962891e-02 -4.414606094360351562e-02
4.134448766708374023e-01 -4.464064836502075195e-01
4.790043830871582031e-01 1.746981739997863770e-01
4.712167382240295410e-01 8.712416887283325195e-02
-4.067686796188354492e-01 2.599666118621826172e-01
-4.941923618316650391e-01 2.005473971366882324e-01
-4.668485522270202637e-01 6.656455993652343750e-02
-3.312988281250000000e-01 4.879925251007080078e-01
4.355770349502563477e-01 -1.072416305541992188e-01
3.403146862983703613e-01 -3.129034638404846191e-01
-3.477587103843688965e-01 8.598548173904418945e-02
-6.266498565673828125e-02 -2.708796262741088867e-01
3.729955554008483887e-01 4.068422913551330566e-01
1.008945703506469727e-02 -4.624795913696289062e-02
-4.773114919662475586e-01 1.381872892379760742e-01
-2.859389781951904297e-01 4.849386215209960938e-02
2.636042833328247070e-01 1.363894939422607422e-01
-3.645085692405700684e-01 4.344223737716674805e-01
-3.115683794021606445e-02 -7.310038805007934570e-02
-1.365908384323120117e-01 4.461322426795959473e-01
-4.533840417861938477e-01 8.930236101150512695e-02
1.263694763183593750e-01 2.956525087356567383e-01
3.292655944824218750e-02 -4.930642247200012207e-01
4.846586585044860840e-01 4.844838976860046387e-01
-3.454360365867614746e-01 2.593846321105957031e-01
-3.477346897125244141e-01 5.056017637252807617e-02
-4.811303019523620605e-01 4.451447129249572754e-01
3.848644495010375977e-01 4.867011904716491699e-01
4.039483666419982910e-01 -2.765625119209289551e-01
-3.346682190895080566e-01 2.484261989593505859e-01
1.227921247482299805e-01 -3.432374000549316406e-01
9.914970397949218750e-02 -2.859621644020080566e-01
9.399801492691040039e-02 4.911041259765625000e-02
2.832564115524291992e-01 4.798649549484252930e-01
-4.267841577529907227e-02 4.957291483879089355e-01
2.163806557655334473e-01 -3.111137151718139648e-01
4.250369668006896973e-01 3.583914041519165039e-01
-1.012119650840759277e-01 -4.159039855003356934e-01
2.461031675338745117e-01 3.376621603965759277e-01
3.649722933769226074e-01 4.364918470382690430e-01
-4.262687563896179199e-01 -2.868399620056152344e-01
-4.220529198646545410e-01 1.938799619674682617e-01
-1.615750789642333984e-01 2.072121500968933105e-01
1.443010568618774414e-02 3.068003654479980469e-01
-4.207715988159179688e-01 1.143305301666259766e-01
4.819322824478149414e-01 -2.415513992309570312e-01
1.676033735275268555e-01 -1.153727173805236816e-01
4.895045757293701172e-01 6.731832027435302734e-02
-2.700168490409851074e-01 3.659895658493041992e-01
-2.628594636917114258e-02 -1.879924535751342773e-02
-2.608255147933959961e-01 3.470028638839721680e-01
-1.742988228797912598e-01 -4.051738977432250977e-01
-1.605351567268371582e-01 -4.980003833770751953e-02
-2.915639281272888184e-01 1.697319149971008301e-01
-5.160266160964965820e-02 -6.688880920410156250e-02
-2.859200239181518555e-01 -4.962504506111145020e-01
-2.688916325569152832e-01 -1.338760256767272949e-01
3.202651143074035645e-01 1.082399487495422363e-01
-3.751861453056335449e-01 3.568155169486999512e-01
7.234418392181396484e-02 -1.574380397796630859e-01
-4.860538244247436523e-01 2.726584076881408691e-01
8.445048332214355469e-02 -3.624229431152343750e-01
-4.527179598808288574e-01 -4.018825292587280273e-02
-2.396011352539062500e-01 -1.455965638160705566e-01
4.781185984611511230e-01 4.078563451766967773e-01
-4.654136300086975098e-01 -4.348083138465881348e-01
6.453227996826171875e-02 7.195526361465454102e-02
1.795827746391296387e-01 3.648352026939392090e-01
-3.894910216331481934e-01 -4.058736562728881836e-02
-1.264524459838867188e-02 3.586379289627075195e-01
1.392092704772949219e-01 1.707202792167663574e-01
8.674752712249755859e-02 3.158574700355529785e-01
1.022088527679443359e-02 4.290089011192321777e-01
3.337162137031555176e-01 -9.489113092422485352e-02
-7.661652565002441406e-02 -3.392988443374633789e-02
-2.309244275093078613e-01 -3.282305002212524414e-01
7.063835859298706055e-02 3.785364627838134766e-01
-3.213912844657897949e-01 3.461700081825256348e-01
4.251345396041870117e-01 4.759767055511474609e-01
2.230805158615112305e-01 3.375480771064758301e-01
-1.975482702255249023e-02 6.986922025680541992e-02
1.232735514640808105e-01 -8.024454116821289062e-03
-2.393255829811096191e-01 -3.179371356964111328e-01
4.656428098678588867e-01 3.391764163970947266e-01
9.038221836090087891e-02 -3.795877099037170410e-01
-3.927475214004516602e-02 -8.215755224227905273e-02
2.728385329246520996e-01 2.430151700973510742e-01
-2.512224912643432617e-01 3.291197419166564941e-01
3.934107422828674316e-01 -2.602449655532836914e-01
-3.576867580413818359e-01 -4.335395097732543945e-01
9.076267480850219727e-02 -3.784579634666442871e-01
-4.691320061683654785e-01 -3.792839050292968750e-01
-4.244118928909301758e-02 -2.020460963249206543e-01
4.157660603523254395e-01 -1.933776140213012695e-01
3.846256136894226074e-01 -1.086575984954833984e-01
1.799529790878295898e-01 4.345964789390563965e-01
-3.714462518692016602e-01 -4.290989041328430176e-01
2.791656851768493652e-01 2.149105072021484375e-03
3.804361224174499512e-01 7.625514268875122070e-02
-9.759664535522460938e-03 -3.663192391395568848e-01
-3.274567127227783203e-01 -3.194630146026611328e-03
-4.019421339035034180e-02 -3.671519756317138672e-01
4.365974664688110352e-01 4.730554819107055664e-01
-1.277684569358825684e-01 1.010996103286743164e-01
2.685064077377319336e-01 1.178284287452697754e-01
-3.051316738128662109e-02 -1.700990796089172363e-01
2.850414514541625977e-01 -3.430889248847961426e-01
4.461230039596557617e-01 2.120878100395202637e-01
1.007962822914123535e-01 2.618362307548522949e-01
-1.583728790283203125e-01 -2.990087866783142090e-01
1.312457919120788574e-01 -2.692762613296508789e-01
-1.572372913360595703e-01 -2.399454712867736816e-01
1.982965469360351562e-01 -2.968693971633911133e-01
4.256917238235473633e-01 1.865991353988647461e-01
3.449385762214660645e-01 -4.296767711639404297e-01
1.664394140243530273e-02 -4.820940494537353516e-01
-4.229437708854675293e-01 4.520288705825805664e-01
-1.371145248413085938e-01 1.286936402320861816e-01
2.004286646842956543e-01 2.688745260238647461e-01
4.910716414451599121e-01 -4.474437832832336426e-01
-2.376409769058227539e-01 -4.070322513580322266e-01
-3.032333850860595703e-01 -2.151987552642822266e-01
2.252973914146423340e-01 3.967452049255371094e-02
1.607567071914672852e-01 -1.043440103530883789e-01
2.424591779708862305e-01 -3.476660251617431641e-01
3.874120712280273438e-01 4.388066530227661133e-01
-9.001249074935913086e-02 -4.262096285820007324e-01
1.772418618202209473e-01 9.801816940307617188e-02
-3.450853228569030762e-01 1.215306520462036133e-01
1.498360633850097656e-01 1.450490355491638184e-01
1.619587540626525879e-01 9.470343589782714844e-02
-2.603905200958251953e-01 3.516893386840820312e-01
1.806740760803222656e-01 -1.989945769309997559e-01
3.390001654624938965e-01 1.341252923011779785e-01
-2.153910398483276367e-01 1.692020893096923828e-02
-2.255263924598693848e-01 3.390798568725585938e-01
2.341631650924682617e-01 -1.628678441047668457e-01
-9.505695104598999023e-02 2.809346914291381836e-01
-3.491258621215820312e-02 4.755698442459106445e-01
4.538413286209106445e-01 -2.842590212821960449e-01
4.909924268722534180e-01 -1.556545495986938477e-01
-1.734790205955505371e-01 -3.812760114669799805e-01
2.203760743141174316e-01 -4.087758064270019531e-02
1.015136837959289551e-01 -4.181391000747680664e-02
-4.127022624015808105e-01 -3.497724533081054688e-01
2.965514659881591797e-01 2.837271094322204590e-01
4.332722425460815430e-01 3.673419356346130371e-01
-5.840891599655151367e-02 -1.475024819374084473e-01
-2.704523205757141113e-01 2.409356832504272461e-02
1.618790030479431152e-01 -9.254384040832519531e-02
4.749165773391723633e-01 2.091596126556396484e-01
4.292719364166259766e-01 -6.888854503631591797e-02
2.442531585693359375e-01 -7.144272327423095703e-02
2.927820682525634766e-01 -1.490264534950256348e-01
-2.038327455520629883e-01 -3.546089529991149902e-01
2.066630125045776367e-01 -5.299770832061767578e-02
-3.140514492988586426e-01 7.229727506637573242e-02
4.848629832267761230e-01 -3.355097770690917969e-02
4.613211750984191895e-01 -4.094647169113159180e-01
-6.727099418640136719e-03 -4.936322569847106934e-01
-2.651305198669433594e-01 4.649798870086669922e-01
-9.003138542175292969e-02 3.678079247474670410e-01
-6.943893432617187500e-02 -2.862324714660644531e-01
-6.132405996322631836e-02 -3.310207128524780273e-01
4.901792407035827637e-01 -3.763166069984436035e-01
-3.958237171173095703e-02 -3.588314652442932129e-01
-3.714249134063720703e-01 -6.189072132110595703e-02
1.277559399604797363e-01 -2.271723151206970215e-01
-2.852137684822082520e-01 4.243350625038146973e-01
2.803467512130737305e-01 2.870610356330871582e-01
-3.962625265121459961e-01 4.321666955947875977e-01
3.300743699073791504e-01 4.242512583732604980e-01
2.861452102661132812e-01 1.262953281402587891e-01
4.304802417755126953e-02 8.865982294082641602e-02
-1.089806556701660156e-01 2.078548073768615723e-01
4.005906581878662109e-01 3.300654292106628418e-01
2.481072545051574707e-01 -1.209887862205505371e-01
1.308142542839050293e-01 4.811275601387023926e-01
-4.260858297348022461e-01 5.145555734634399414e-02
9.043353796005249023e-02 1.621625423431396484e-01
1.356842517852783203e-01 6.179779767990112305e-02
-2.493485212326049805e-01 2.000293135643005371e-01
-2.086551189422607422e-01 -3.572804927825927734e-01
-4.458013176918029785e-01 3.567121028900146484e-01
-4.168589711189270020e-01 -4.849011301994323730e-01
9.706610441207885742e-02 -2.330703735351562500e-01
-2.914968132972717285e-01 -6.955325603485107422e-03
3.481119871139526367e-01 -4.494423866271972656e-01
-2.913553714752197266e-01 -4.167147278785705566e-01
3.851094245910644531e-01 2.630263566970825195e-02
-2.644302845001220703e-01 8.313405513763427734e-02
-4.938560724258422852e-02 1.550526022911071777e-01
4.903873801231384277e-01 -2.202199697494506836e-01
-4.069468379020690918e-01 4.523605704307556152e-01
3.333079814910888672e-01 -8.329951763153076172e-02
1.079157590866088867e-01 -2.130640149116516113e-01
-3.183373808860778809e-01 4.683032035827636719e-01
2.625782489776611328e-01 -5.996596813201904297e-02
-1.299054622650146484e-01 7.406592369079589844e-02
-2.655255198478698730e-01 3.844838142395019531e-01
4.071928262710571289e-01 3.678570985794067383e-01
-4.179431796073913574e-01 4.747116565704345703e-01
3.988695144653320312e-01 3.959444165229797363e-01
3.777062296867370605e-01 -3.535825014114379883e-02
3.941615223884582520e-01 -6.369566917419433594e-02
5.414235591888427734e-02 -1.443605422973632812e-01
-1.471064686775207520e-01 -1.321234703063964844e-01
-3.246112465858459473e-01 -4.397790431976318359e-01
-2.702177166938781738e-01 1.925997138023376465e-01
-2.318974137306213379e-01 -2.295978665351867676e-01
-1.163019537925720215e-01 -4.280014634132385254e-01
-3.970730900764465332e-01 -3.249941468238830566e-01
-3.000295162200927734e-01 3.395312428474426270e-01
-2.364262342453002930e-01 -4.051625728607177734e-01
-4.776596426963806152e-01 -3.530188798904418945e-01
-3.501708507537841797e-01 -4.765987396240234375e-03
-1.879736781120300293e-01 3.767391443252563477e-01
6.566488742828369141e-02 -3.354727625846862793e-01
1.347303986549377441e-01 -1.500093936920166016e-02
-1.127468943595886230e-01 2.869671583175659180e-01
2.378477454185485840e-01 3.947979211807250977e-02
1.213104128837585449e-01 7.391154766082763672e-02
-1.793428659439086914e-01 -4.334449768066406250e-01
2.792942523956298828e-02 1.149835586547851562e-01
3.214049339294433594e-02 4.850251674652099609e-01
1.075341701507568359e-01 -3.018037080764770508e-01
-7.822573184967041016e-03 2.024933099746704102e-01
-3.622496128082275391e-02 -1.810953617095947266e-01
1.603897213935852051e-01 -9.615737199783325195e-02
1.933369636535644531e-01 -2.656101584434509277e-01
1.748168468475341797e-01 3.982977271080017090e-01
-1.897192001342773438e-02 1.176604628562927246e-01
-1.697343587875366211e-02 1.933407783508300781e-02
2.580629587173461914e-01 2.790556550025939941e-01
-2.858427762985229492e-01 3.280577659606933594e-01
4.730641841888427734e-02 5.832719802856445312e-02
-2.451284527778625488e-01 -3.101655244827270508e-01
-2.094398736953735352e-01 -4.567962884902954102e-02
-3.845162391662597656e-01 2.648770809173583984e-03
-8.087766170501708984e-02 -4.279631376266479492e-02
-5.871313810348510742e-02 3.915449380874633789e-01
4.611142873764038086e-01 4.543196558952331543e-01
3.113754987716674805e-01 -1.284552216529846191e-01
-4.703723192214965820e-01 3.007944226264953613e-01
4.627699851989746094e-01 -3.713916540145874023e-01
2.060557007789611816e-01 1.753097176551818848e-01
4.617279767990112305e-01 -3.646174669265747070e-01
3.263508677482604980e-01 8.692187070846557617e-02
2.976310253143310547e-01 1.107731461524963379e-01
-2.871283292770385742e-01 3.599348068237304688e-01
-1.388936042785644531e-01 -3.399865627288818359e-01
-3.102957606315612793e-01 -2.972390651702880859e-01
5.596876144409179688e-02 2.581089735031127930e-01
-1.897421479225158691e-01 -2.553725838661193848e-01
2.129338979721069336e-01 4.815772175788879395e-01
6.529098749160766602e-02 4.732564687728881836e-01
3.569446802139282227e-01 1.831704378128051758e-02
4.195501804351806641e-01 4.478871822357177734e-01
-3.676896691322326660e-01 -6.542110443115234375e-02
3.112928867340087891e-01 -2.701427340507507324e-01
-1.221481561660766602e-01 -2.185257077217102051e-01
-1.202905774116516113e-01 -4.907587170600891113e-01
1.339207291603088379e-01 2.802712917327880859e-01
1.648646593093872070e-01 -9.365552663803100586e-02
-2.495086193084716797e-01 1.417048573493957520e-01
-9.950274229049682617e-02 -3.156995177268981934e-01
6.500601768493652344e-02 4.815466403961181641e-01
8.833563327789306641e-02 1.973972916603088379e-01
-2.805597782135009766e-01 1.642298102378845215e-01
3.598135709762573242e-02 3.645347356796264648e-01
-1.180410981178283691e-01 -2.892956733703613281e-01
4.146571159362792969e-01 8.724212646484375000e-03
1.885870695114135742e-01 2.380453944206237793e-01
-3.802218437194824219e-01 -4.753994941711425781e-02
-1.694560050964355469e-04 5.509978532791137695e-02
2.003273367881774902e-01 -2.436407804489135742e-01
-4.957101345062255859e-01 -4.446470737457275391e-01
-2.574352025985717773e-01 -4.870446324348449707e-01
4.189361333847045898e-01 -3.169987201690673828e-01
-4.073947072029113770e-01 -3.402010798454284668e-01
6.082767248153686523e-02 -8.754289150238037109e-02
3.140289783477783203e-01 4.867364764213562012e-01
2.962630987167358398e-02 -4.058496952056884766e-01
-3.297220468521118164e-01 -3.272385597229003906e-01
2.160605192184448242e-01 4.987811446189880371e-01
4.396635293960571289e-01 -1.115610599517822266e-01
4.286444187164306641e-01 1.238510608673095703e-01
-4.473811984062194824e-01 -3.564677834510803223e-01
-2.580053210258483887e-01 1.483629941940307617e-01
3.458856344223022461e-01 -8.841890096664428711e-02
-4.230867624282836914e-01 -4.685778617858886719e-01
-4.586559534072875977e-01 3.818804621696472168e-01
4.847780466079711914e-01 4.647638201713562012e-01
-3.264170885086059570e-02 -6.359457969665527344e-03
2.803237438201904297e-01 -1.288816928863525391e-01
-3.955070376396179199e-01 6.289017200469970703e-02
-2.453853487968444824e-01 3.782044649124145508e-01
-4.275258779525756836e-01 -1.365113258361816406e-01
6.266599893569946289e-02 -4.121855497360229492e-01
4.360815286636352539e-01 3.135557174682617188e-01
9.921789169311523438e-02 -3.366822600364685059e-01
1.284477114677429199e-01 4.919396042823791504e-01
-2.919330000877380371e-01 1.646680831909179688e-01
-1.369093060493469238e-01 -3.884367346763610840e-01
3.250849246978759766e-01 -4.488087296485900879e-01
-2.248414754867553711e-01 -3.796834349632263184e-01
4.897364974021911621e-01 2.486742138862609863e-01
-1.024603843688964844e-04 7.093214988708496094e-02
4.022181034088134766e-03 -4.246464967727661133e-01
-4.820381402969360352e-01 2.414770126342773438e-01
-1.100480556488037109e-02 3.961521387100219727e-02
-5.856496095657348633e-02 -3.520286083221435547e-02
1.494285464286804199e-01 4.986974000930786133e-01
-4.102759957313537598e-01 3.744416832923889160e-01
-4.086430072784423828e-01 2.754749655723571777e-01
-2.781316041946411133e-01 1.359713673591613770e-01
3.645966649055480957e-01 4.424862861633300781e-01
1.051418185234069824e-01 -2.627338171005249023e-01
-3.222138881683349609e-01 -2.450513839721679688e-01
-5.405366420745849609e-03 -3.431463837623596191e-01
2.228034734725952148e-01 1.639809608459472656e-01
6.015640497207641602e-02 -4.856934547424316406e-01
-4.521163702011108398e-01 1.540088653564453125e-02
-3.685583472251892090e-01 5.552601814270019531e-02
-2.728992104530334473e-01 -1.179672479629516602e-01
4.574934840202331543e-01 -1.027597188949584961e-01
-7.813853025436401367e-02 -1.665423512458801270e-01
1.636633872985839844e-01 1.548272371292114258e-01
-3.956958651542663574e-01 -4.192820191383361816e-01
-3.065847754478454590e-01 1.043672561645507812e-01
-2.293164134025573730e-01 1.216812133789062500e-01
9.663403034210205078e-03 2.963602542877197266e-03
-3.440753817558288574e-01 4.590957164764404297e-01
4.514189362525939941e-01 -1.773249506950378418e-01
4.604279994964599609e-01 -3.433034420013427734e-01
4.520290493965148926e-01 -3.918569684028625488e-01
-1.747873425483703613e-01 3.318969607353210449e-01
-3.738049268722534180e-01 2.372788190841674805e-01
2.701161503791809082e-01 -4.157531261444091797e-02
4.721189141273498535e-01 -1.532584428787231445e-02
-2.053979039192199707e-01 1.475484371185302734e-01
-4.353807568550109863e-01 4.460334777832031250e-02
1.291279196739196777e-01 2.775151133537292480e-01
4.204843044281005859e-01 1.289807558059692383e-01
1.560515761375427246e-01 -3.181935548782348633e-01
-2.192276120185852051e-01 2.437176704406738281e-01
1.921376585960388184e-01 4.100444912910461426e-01
-2.893939614295959473e-01 2.932171821594238281e-01
-4.487652778625488281e-01 -6.961148977279663086e-02
4.718025922775268555e-01 2.843114733695983887e-01
-2.516494989395141602e-01 3.515574336051940918e-01
2.507013082504272461e-01 3.834401965141296387e-01
-3.033941984176635742e-01 -4.449989199638366699e-01
-2.381976246833801270e-01 -2.619898319244384766e-02
-3.653363585472106934e-01 7.492095232009887695e-02
1.270046830177307129e-01 -1.472512483596801758e-01
-4.143600463867187500e-01 -4.572695493698120117e-02
3.276247382164001465e-01 -3.775137662887573242e-02
-2.075059413909912109e-01 8.576804399490356445e-02
-4.149221181869506836e-01 1.297961473464965820e-01
2.066562175750732422e-01 3.617755770683288574e-01
4.066393971443176270e-01 4.158731102943420410e-01
-1.321380138397216797e-01 1.991695761680603027e-01
-8.181190490722656250e-02 1.458223462104797363e-01
-1.264271140098571777e-01 -4.637314677238464355e-01
7.767409086227416992e-02 -1.028183102607727051e-01
1.392006278038024902e-01 -1.864610314369201660e-01
1.348978281021118164e-01 -2.177802920341491699e-01
-8.800023794174194336e-02 -2.846059203147888184e-01
-4.202604293823242188e-01 8.991080522537231445e-02
1.382976770401000977e-02 -8.205038309097290039e-02
4.233272075653076172e-01 -4.323482513427734375e-03
-1.280918121337890625e-01 -3.828400373458862305e-02
2.194558382034301758e-01 -3.775666952133178711e-01
4.584142565727233887e-01 -1.075136065483093262e-01
9.143638610839843750e-02 -1.802581548690795898e-01
-5.593585968017578125e-02 1.391345858573913574e-01
-1.119924187660217285e-01 6.645721197128295898e-02
-3.327183127403259277e-01 -3.258699178695678711e-02
4.609930515289306641e-01 -2.027533054351806641e-01
2.442426085472106934e-01 -2.028191685676574707e-01
-3.009899258613586426e-01 4.942148923873901367e-01
-1.337891817092895508e-02 -1.707934141159057617e-01
-1.378852128982543945e-02 -6.547093391418457031e-03
4.913833737373352051e-01 -2.970638871192932129e-01
1.444087028503417969e-01 -2.411719560623168945e-01
4.401824474334716797e-01 3.633389472961425781e-01
4.586285948753356934e-01 -2.302199006080627441e-01
-3.806526660919189453e-01 -7.406699657440185547e-02
-3.494799137115478516e-03 3.605353236198425293e-01
4.703421592712402344e-01 -2.057543992996215820e-01
-1.118726134300231934e-01 -6.562793254852294922e-02
-2.286987900733947754e-01 -1.635344624519348145e-01
-2.791068553924560547e-01 -2.474593520164489746e-01
-4.145117998123168945e-01 -1.573796272277832031e-01
2.140464782714843750e-01 3.176380991935729980e-01
-4.473906755447387695e-02 -4.720150828361511230e-01
4.939845204353332520e-01 1.269324421882629395e-01
3.916161060333251953e-01 -2.536258101463317871e-01
2.983341813087463379e-01 -4.913076162338256836e-01
3.247206807136535645e-01 2.784893512725830078e-01
2.568535804748535156e-01 4.444919824600219727e-01
-2.126042842864990234e-01 2.224814891815185547e-01
1.506723761558532715e-01 -1.611700057983398438e-01
-2.940887808799743652e-01 -4.850767850875854492e-01
-1.266443729400634766e-01 1.887350678443908691e-01
4.020442366600036621e-01 -1.664400100708007812e-03
4.972610473632812500e-01 -2.755169272422790527e-01
-4.201247692108154297e-01 3.424997925758361816e-01
4.625013470649719238e-01 4.928340911865234375e-01
-3.877925872802734375e-02 3.817039728164672852e-02
-3.342026472091674805e-02 -3.612151145935058594e-01
1.629859805107116699e-01 2.688705921173095703e-03
1.114927530288696289e-01 -1.768468022346496582e-01
-1.318551898002624512e-01 6.197732686996459961e-02
1.610490679740905762e-01 3.899776935577392578e-02
-4.693489074707031250e-01 -2.867391705513000488e-01
-3.767204284667968750e-02 4.257865548133850098e-01
-4.570955038070678711e-01 -2.432870864868164062e-01
-1.498336791992187500e-01 2.849848866462707520e-01
-2.192848920822143555e-02 -2.656111121177673340e-01
4.925653934478759766e-01 -3.173466324806213379e-01
-9.894609451293945312e-02 2.213348150253295898e-01
2.905642390251159668e-01 -2.063934803009033203e-01
7.328581809997558594e-02 5.055892467498779297e-02
4.364468455314636230e-01 -2.651182413101196289e-01
1.885874867439270020e-01 -3.918205499649047852e-01
-2.512893080711364746e-01 -4.841943979263305664e-01
-2.096927165985107422e-02 -3.823280334472656250e-01
4.860455989837646484e-01 -4.423558712005615234e-03
-2.318544983863830566e-01 2.491359114646911621e-01
3.230918049812316895e-01 -4.878259301185607910e-01
3.742834925651550293e-01 7.073068618774414062e-02
1.961680054664611816e-01 -1.521086692810058594e-01
-3.804588317871093750e-01 3.113403916358947754e-01
3.535047769546508789e-01 -6.981003284454345703e-02
4.912853240966796875e-02 -6.845468282699584961e-02
2.561149597167968750e-01 -4.279503822326660156e-01
3.794266581535339355e-01 -1.769364476203918457e-01
4.620054364204406738e-01 -1.138883829116821289e-02
3.664226531982421875e-01 -3.489807248115539551e-01
-3.498622179031372070e-01 -1.059843897819519043e-01
-2.960187196731567383e-02 -1.852423548698425293e-01
-2.637827396392822266e-01 9.285217523574829102e-02
4.735970497131347656e-01 4.302523732185363770e-01
3.663175702095031738e-01 -2.774474024772644043e-01
-1.993179321289062500e-04 -1.997894048690795898e-01
-3.654981255531311035e-01 -1.963607668876647949e-01
4.274682402610778809e-01 -2.851212620735168457e-01
-4.679253101348876953e-01 -8.542150259017944336e-02
-2.927977442741394043e-01 2.665914893150329590e-01
4.484999179840087891e-02 -4.853216409683227539e-01
1.491351127624511719e-01 -3.482691645622253418e-01
4.336534142494201660e-01 3.960236907005310059e-01
-7.272678613662719727e-02 -3.412706255912780762e-01
-3.960918188095092773e-01 3.215303421020507812e-01
2.895267605781555176e-01 -2.298193573951721191e-01
-8.846002817153930664e-02 -3.986519575119018555e-02
2.206972837448120117e-01 2.845844030380249023e-01
-3.393560647964477539e-02 -3.969805836677551270e-01
3.957310318946838379e-01 -2.674839496612548828e-01
-4.089257121086120605e-01 2.514293789863586426e-01
4.195758104324340820e-01 3.603339195251464844e-01
-4.715263247489929199e-01 3.800938129425048828e-01
-2.858729958534240723e-01 -2.862679362297058105e-01
-1.614093780517578125e-03 -3.809737563133239746e-01
1.992406249046325684e-01 4.872707724571228027e-01
-1.887306571006774902e-01 3.503773808479309082e-01
1.706289052963256836e-01 -3.793434500694274902e-01
4.406171441078186035e-01 2.974727153778076172e-01
-2.623671293258666992e-01 1.057334542274475098e-01
-4.277864098548889160e-01 3.197937607765197754e-01
-4.912710189819335938e-01 -2.549111843109130859e-01
3.642033934593200684e-01 5.633389949798583984e-02
-2.282180190086364746e-01 2.813737392425537109e-01
-1.350603103637695312e-01 -2.201391458511352539e-01
1.715457439422607422e-02 -1.232451200485229492e-02
-8.718419075012207031e-02 -1.730084419250488281e-01
2.767331600189208984e-01 -4.335283637046813965e-01
-4.658817648887634277e-01 -3.992938399314880371e-01
4.724998474121093750e-01 -8.295810222625732422e-02
-3.140642046928405762e-01 2.846365571022033691e-01
3.137289285659790039e-01 -3.024813532829284668e-01
2.652809023857116699e-01 -4.194895029067993164e-01
4.522719383239746094e-01 3.301602005958557129e-01
3.537215590476989746e-01 3.060237765312194824e-01
-3.688963651657104492e-01 -4.070109128952026367e-01
8.387982845306396484e-03 -1.917294263839721680e-01
-3.820773959159851074e-01 -1.995748281478881836e-02
-2.396626472473144531e-01 -2.831243872642517090e-01
-1.129285097122192383e-01 -2.905337214469909668e-01
-4.015487432479858398e-01 7.661473751068115234e-02
-2.556560635566711426e-01 3.810909986495971680e-01
-4.651744365692138672e-01 -1.544780731201171875e-01
4.261012077331542969e-01 4.896528124809265137e-01
3.596172928810119629e-01 4.055634737014770508e-01
-2.888165116310119629e-01 -4.239706397056579590e-01
3.058324456214904785e-01 2.827492952346801758e-01
4.949603080749511719e-01 -3.964999914169311523e-01
3.005002140998840332e-01 -3.557995557785034180e-01
6.794005632400512695e-02 1.880774497985839844e-01
3.530294299125671387e-01 2.705846428871154785e-01
-2.782589793205261230e-01 3.729345798492431641e-01
-1.319143176078796387e-01 1.477253437042236328e-02
-2.012117505073547363e-01 -3.479222655296325684e-01
-3.192162513732910156e-02 4.709738492965698242e-01
-4.047613143920898438e-01 -2.637602686882019043e-01
-3.254620432853698730e-01 -3.102737069129943848e-01
2.318464517593383789e-01 -4.683517813682556152e-01
-2.032498717308044434e-01 -4.751961231231689453e-01
3.589668273925781250e-01 -3.642867803573608398e-01
4.271875619888305664e-01 -4.412726759910583496e-01
1.675266027450561523e-02 4.584133028984069824e-01
-8.741807937622070312e-02 -3.130839467048645020e-01
-3.677229285240173340e-01 1.300632953643798828e-01
-2.597730755805969238e-01 -2.312525510787963867e-01
-8.760416507720947266e-02 -3.211934566497802734e-01
4.013812541961669922e-02 3.554826378822326660e-01
-1.743783950805664062e-01 -6.686854362487792969e-02
1.104499697685241699e-01 -2.696458697319030762e-01
-1.758915185928344727e-02 4.560480117797851562e-01
-2.081785202026367188e-01 2.637621164321899414e-01
2.328509092330932617e-01 4.848729968070983887e-01
-1.418884396553039551e-01 -3.442513942718505859e-01
3.890600800514221191e-01 7.645881175994873047e-02
-3.789588212966918945e-01 1.839047670364379883e-01
4.559012651443481445e-01 2.154400348663330078e-01
-4.036130905151367188e-01 -4.193073511123657227e-01
3.786511421203613281e-01 2.569362521171569824e-01
4.606488943099975586e-01 3.477460145950317383e-02
2.259693741798400879e-01 1.051776409149169922e-01
3.829630017280578613e-01 -2.328941226005554199e-01
1.031106710433959961e-02 -3.601193428039550781e-01
-3.972840309143066406e-02 -5.999696254730224609e-02
1.224316358566284180e-01 -4.806107282638549805e-02
-3.126341700553894043e-01 -3.281471729278564453e-01
2.992773056030273438e-01 -2.794699072837829590e-01
-4.848247766494750977e-02 2.124143838882446289e-01
-4.070842266082763672e-02 3.421016335487365723e-01
-4.279506206512451172e-01 -1.577773094177246094e-01
-4.487439393997192383e-01 3.752658367156982422e-01
-3.030949831008911133e-02 -3.211612701416015625e-01
3.744200468063354492e-01 -3.973227739334106445e-01
2.704441547393798828e-02 -2.997647523880004883e-01
3.258309960365295410e-01 2.984884977340698242e-01
3.167440295219421387e-01 4.090946316719055176e-01
3.562948107719421387e-01 -1.525288224220275879e-01
-9.374517202377319336e-02 -4.652242064476013184e-01
3.142510056495666504e-01 8.619201183319091797e-02
2.163494825363159180e-01 -1.198891401290893555e-01
-5.632895231246948242e-02 -4.927167296409606934e-01
1.205275058746337891e-01 2.117463350296020508e-01
-1.014259457588195801e-01 -4.208138585090637207e-01
-2.701327800750732422e-01 -8.981049060821533203e-03
-3.634464740753173828e-02 -2.341119647026062012e-01
1.435019969940185547e-01 2.571678161621093750e-02
-2.154661417007446289e-01 -2.693741917610168457e-01
2.203124761581420898e-02 -3.515498042106628418e-01
-4.083335399627685547e-02 -4.755035638809204102e-01
4.361093044281005859e-01 3.344337940216064453e-01
-1.029236316680908203e-01 1.123520731925964355e-01
1.636825799942016602e-01 4.861845970153808594e-01
4.613555073738098145e-01 -2.821808457374572754e-01
-1.725440621376037598e-01 -4.207758903503417969e-01
-1.791945695877075195e-01 -2.420271635055541992e-01
-1.013639569282531738e-01 9.687972068786621094e-02
4.201501011848449707e-01 -4.710935950279235840e-01
-2.831526994705200195e-01 -7.293689250946044922e-02
2.970833778381347656e-01 1.905648112297058105e-01
-4.929462075233459473e-01 3.317351937294006348e-01
-1.813548803329467773e-01 2.999994754791259766e-01
4.989719390869140625e-01 -2.040634155273437500e-01
2.450888752937316895e-01 1.194893121719360352e-01
-1.392539143562316895e-01 -2.498177289962768555e-01
-4.889349341392517090e-01 2.607316374778747559e-01
2.508807182312011719e-01 -3.770029544830322266e-01
4.477201700210571289e-01 3.632659316062927246e-01
-3.284446001052856445e-01 3.562644720077514648e-01
1.286087036132812500e-01 3.684821724891662598e-01
4.396616220474243164e-01 -1.888232827186584473e-01
1.447468400001525879e-01 -6.297475099563598633e-02
9.069621562957763672e-02 4.646534919738769531e-01
2.257085442543029785e-01 -3.417469859123229980e-01
-4.870553016662597656e-01 -1.708853840827941895e-01
-5.121624469757080078e-02 4.399346113204956055e-01
-4.164385199546813965e-01 -1.651251316070556641e-01
-2.755253314971923828e-01 -2.307842373847961426e-01
1.240035295486450195e-01 -2.521295547485351562e-01
2.333391308784484863e-01 8.112490177154541016e-03
4.340991973876953125e-01 4.549998044967651367e-02
-9.750550985336303711e-02 2.664219141006469727e-01
2.327100634574890137e-01 7.626771926879882812e-02
1.971662044525146484e-02 1.386840939521789551e-01
-2.934867143630981445e-02 -2.471148967742919922e-02
4.901677370071411133e-01 -2.586739659309387207e-01
1.637620329856872559e-01 -1.542890667915344238e-01
-3.676561713218688965e-01 1.019905805587768555e-01
2.655478715896606445e-01 -2.635080218315124512e-01
2.718737125396728516e-01 1.722244024276733398e-01
-5.634224414825439453e-02 -1.447548866271972656e-01
-3.883099555969238281e-01 8.904802799224853516e-02
4.676557779312133789e-01 -3.081828355789184570e-02
-2.081125974655151367e-01 4.083931446075439453e-02
4.029209613800048828e-01 -1.673074960708618164e-01
-4.216586351394653320e-01 -3.305314183235168457e-01
-1.889892220497131348e-01 4.347420334815979004e-01
-4.387789368629455566e-01 2.223616838455200195e-02
3.527043461799621582e-01 3.003519177436828613e-01
-3.246375918388366699e-01 3.755062818527221680e-02
-3.511841893196105957e-01 -2.391453385353088379e-01
-1.538114547729492188e-01 -1.024044752120971680e-01
-2.906181216239929199e-01 -3.050987124443054199e-01
-1.536707878112792969e-01 4.478172659873962402e-01
2.519030570983886719e-01 4.183733463287353516e-02
-3.790771365165710449e-01 -4.371762275695800781e-02
2.845120429992675781e-02 -1.083022952079772949e-01
-2.075273990631103516e-01 -4.449313879013061523e-01
3.970026969909667969e-03 -1.076501607894897461e-02
-4.579588770866394043e-01 -2.357023358345031738e-01
1.651979088783264160e-01 -1.640262603759765625e-01
-4.829032421112060547e-01 9.736776351928710938e-02
-7.129150629043579102e-02 1.502386331558227539e-01
-5.054229497909545898e-02 -1.473645567893981934e-01
2.656680941581726074e-01 2.391125559806823730e-01
-4.621642231941223145e-01 5.358237028121948242e-02
-4.832693338394165039e-01 2.510455250740051270e-01
2.117753028869628906e-02 2.079102993011474609e-01
-4.791919589042663574e-01 4.464012384414672852e-01
-4.677731394767761230e-01 -4.405498504638671875e-02
3.495622277259826660e-01 3.482490777969360352e-01
-4.028536677360534668e-01 2.461277246475219727e-01
3.759303689002990723e-01 4.134289622306823730e-01
-4.447769522666931152e-01 -4.074910879135131836e-01
-2.794623374938964844e-02 -3.737450838088989258e-01
-3.338566422462463379e-01 1.585400104522705078e-02
1.873570084571838379e-01 -2.245327830314636230e-01
1.281841397285461426e-01 -1.293404102325439453e-01
2.249011397361755371e-01 3.366654515266418457e-01
4.608187079429626465e-01 4.902511835098266602e-02
4.746738672256469727e-01 1.591022014617919922e-01
-1.918679475784301758e-01 -4.620878696441650391e-01
3.995168805122375488e-01 4.804306030273437500e-01
-2.162333130836486816e-01 2.231270670890808105e-01
3.838059306144714355e-01 -1.282157897949218750e-01
3.652951717376708984e-01 -4.698901772499084473e-01
3.243649601936340332e-01 -1.171215176582336426e-01
1.643261313438415527e-01 1.539066433906555176e-01
-7.477575540542602539e-02 4.231342077255249023e-01
3.669458627700805664e-01 4.433521628379821777e-01
-3.162098526954650879e-01 5.799430608749389648e-02
7.429122924804687500e-02 4.365140199661254883e-02
-3.696262836456298828e-03 -1.384318470954895020e-01
1.212205290794372559e-01 1.045282483100891113e-01
5.803108215332031250e-04 2.333307862281799316e-01
4.293299317359924316e-01 3.408051133155822754e-01
2.596340775489807129e-01 -2.414718270301818848e-01
2.237761020660400391e-02 1.655724644660949707e-01
3.764019608497619629e-01 -2.912898659706115723e-01
3.370344638824462891e-01 3.139873147010803223e-01
3.444462418556213379e-01 1.534405946731567383e-01
-1.584444642066955566e-01 -4.073677659034729004e-01
-1.609811782836914062e-01 9.850645065307617188e-02
-6.508737802505493164e-02 3.325945138931274414e-01
-4.765086174011230469e-01 4.025614857673645020e-01
5.660289525985717773e-02 4.278125762939453125e-01
-5.126988887786865234e-02 -2.782112360000610352e-02
1.682546138763427734e-01 4.760540127754211426e-01
1.600319147109985352e-02 -2.009541988372802734e-01
-4.067617654800415039e-02 -1.797459721565246582e-01
3.698819875717163086e-02 4.351421594619750977e-01
4.086826443672180176e-01 1.607385873794555664e-01
3.252565860748291016e-03 1.292212009429931641e-01
4.086610078811645508e-01 -1.598778367042541504e-01
-2.208561301231384277e-01 -1.616690158843994141e-01
-3.221929073333740234e-02 4.352298378944396973e-01
2.956622838973999023e-01 8.689552545547485352e-02
3.480331897735595703e-01 3.259927034378051758e-02
-7.618510723114013672e-02 -3.687766194343566895e-01
-2.261718511581420898e-01 -2.075812220573425293e-01
-4.008560776710510254e-01 2.472265958786010742e-01
-2.452017664909362793e-01 -2.113509178161621094e-01
-3.581097722053527832e-01 3.920706510543823242e-01
6.398612260818481445e-02 6.041938066482543945e-02
-1.966895461082458496e-01 1.610726118087768555e-02
4.101175665855407715e-01 -9.208810329437255859e-02
4.765568971633911133e-01 -4.237196445465087891e-01
-3.160905241966247559e-01 7.940661907196044922e-02
-1.378273963928222656e-02 3.040856719017028809e-01
1.532376408576965332e-01 2.284599542617797852e-01
-2.909115552902221680e-01 -4.035670757293701172e-01
4.041724205017089844e-01 1.734139919281005859e-01
3.004770874977111816e-01 2.962876558303833008e-01
-2.719277143478393555e-01 3.965363502502441406e-01
-7.773083448410034180e-02 -4.377575516700744629e-01
-3.655511140823364258e-02 -2.902337908744812012e-01
4.137897491455078125e-01 4.268302321434020996e-01
-5.153608322143554688e-02 -2.029878497123718262e-01
-2.558317184448242188e-01 -2.596831321716308594e-01
-2.818600535392761230e-01 4.394990205764770508e-02
2.101892828941345215e-01 -3.161182999610900879e-01
6.142199039459228516e-03 3.172605037689208984e-01
-4.306336045265197754e-01 -1.107935905456542969e-01
1.653811335563659668e-01 -1.338189840316772461e-01
3.098682761192321777e-01 -2.673418521881103516e-01
-1.655594706535339355e-01 -1.727112531661987305e-01
3.408106565475463867e-01 -6.777232885360717773e-02
-1.313871145248413086e-01 -3.274632096290588379e-01
-2.975750565528869629e-01 -4.058997035026550293e-01
-2.433389425277709961e-02 -2.999711036682128906e-01
-3.338732123374938965e-01 4.985768795013427734e-01
-3.887860178947448730e-01 1.282998323440551758e-01
-2.582483291625976562e-01 -4.734858870506286621e-01
-3.579570055007934570e-01 2.576165795326232910e-01
-1.253562569618225098e-01 -3.435229063034057617e-01
4.552173614501953125e-01 -1.534602642059326172e-01
-1.227200031280517578e-01 3.262270092964172363e-01
-1.678892374038696289e-01 -2.680612802505493164e-01
-1.065891981124877930e-01 2.991551160812377930e-02
4.942282438278198242e-01 -4.080261588096618652e-01
-2.747517824172973633e-01 -6.013369560241699219e-02
-2.442270517349243164e-02 1.092453598976135254e-01
3.946840167045593262e-01 -1.990693211555480957e-01
-3.920543193817138672e-01 1.552008390426635742e-01
-1.540933847427368164e-01 -2.982423305511474609e-01
-2.524216175079345703e-01 -3.889015913009643555e-01
-2.709470391273498535e-01 4.277220964431762695e-01
-3.903831243515014648e-01 -3.575341105461120605e-01
1.848191022872924805e-01 2.970773577690124512e-01
8.776199817657470703e-02 3.246773481369018555e-01
-3.678404092788696289e-01 1.039702892303466797e-01
-7.098537683486938477e-02 2.902973890304565430e-01
-2.248529195785522461e-01 -1.634681820869445801e-01
-2.933444976806640625e-01 -3.712489008903503418e-01
-4.381062388420104980e-01 1.383848190307617188e-01
3.397780060768127441e-01 -3.044916391372680664e-01
4.779784083366394043e-01 1.940292119979858398e-02
-3.200044035911560059e-01 -2.115005850791931152e-01
-1.393149495124816895e-01 1.497710347175598145e-01
3.708525896072387695e-01 -3.618624806404113770e-01
2.516104578971862793e-01 2.432713508605957031e-01
-3.281245231628417969e-01 1.580629944801330566e-01
-4.656839370727539062e-01 -2.145642042160034180e-01
-3.248931169509887695e-01 -8.862674236297607422e-02
2.251151800155639648e-01 1.865299344062805176e-01
3.220561742782592773e-01 -2.311541438102722168e-01
-4.330022931098937988e-01 3.698545098304748535e-01
7.785934209823608398e-02 2.873722314834594727e-01
-3.415634036064147949e-01 1.886875629425048828e-01
2.083480358123779297e-01 -4.510018229484558105e-01
-2.200721502304077148e-01 4.920201897621154785e-01
2.696712017059326172e-01 4.861748218536376953e-01
4.666533470153808594e-01 4.395349025726318359e-01
4.239240884780883789e-01 1.975985765457153320e-01
-1.617991924285888672e-02 2.958589792251586914e-01
-7.213866710662841797e-02 -2.983321547508239746e-01
4.705045819282531738e-01 -2.871847152709960938e-01
-2.356007099151611328e-01 8.848160505294799805e-02
4.856603741645812988e-01 9.899914264678955078e-02
-4.386585950851440430e-02 2.441739439964294434e-01
3.343679308891296387e-01 3.444917798042297363e-01
-9.752422571182250977e-02 -3.699023723602294922e-01
1.384941935539245605e-01 4.890902042388916016e-01
3.244697451591491699e-01 2.848977446556091309e-01
-3.153277039527893066e-01 9.453576803207397461e-02
-1.183925867080688477e-01 -3.703966736793518066e-01
-2.795094251632690430e-02 3.942525386810302734e-01
2.920545339584350586e-01 -4.421582221984863281e-01
-2.263203263282775879e-01 9.404027462005615234e-02
4.318379759788513184e-01 -3.719950914382934570e-01
-1.966211795806884766e-01 3.688769340515136719e-01
-6.358015537261962891e-02 -2.226616144180297852e-01
2.667855024337768555e-01 -9.520667791366577148e-02
-2.020398974418640137e-01 -4.057059288024902344e-01
-2.988215088844299316e-01 1.670960783958435059e-01
-2.431225180625915527e-01 2.331362366676330566e-01
-1.222884654998779297e-02 -2.264177799224853516e-01
-4.146747589111328125e-01 3.585100769996643066e-01
-1.133388280868530273e-02 1.360915303230285645e-01
2.124834060668945312e-01 -3.550943732261657715e-01
-2.799510955810546875e-03 -1.720861792564392090e-01
-4.682009220123291016e-01 3.267245292663574219e-01
2.058469057083129883e-01 -4.935204982757568359e-01
-4.619580507278442383e-01 -2.268409729003906250e-01
-8.311963081359863281e-02 -4.902318716049194336e-01
-1.419530510902404785e-01 1.196210980415344238e-01
3.207699060440063477e-01 4.087541103363037109e-01
6.459099054336547852e-02 -1.562550067901611328e-01
-1.725280880928039551e-01 1.640246510505676270e-01
-2.081717848777770996e-01 -1.810292005538940430e-01
-2.245401740074157715e-01 -4.812496900558471680e-02
3.378724455833435059e-01 -4.743713736534118652e-01
3.769111037254333496e-01 -4.669141173362731934e-01
-3.461055755615234375e-01 3.623756170272827148e-01
-2.179625034332275391e-01 -3.333580493927001953e-02
-1.105096340179443359e-01 -5.282759666442871094e-02
2.238104939460754395e-01 4.039282798767089844e-01
-2.207588553428649902e-01 -3.841786980628967285e-01
-3.338832259178161621e-01 -4.574051499366760254e-01
1.485108137130737305e-01 -4.278022050857543945e-01
3.879580497741699219e-01 3.779969215393066406e-01
-1.379916667938232422e-01 2.323353290557861328e-02
2.576903700828552246e-01 4.398701190948486328e-01
-3.116742372512817383e-01 3.802264332771301270e-01
-4.007265567779541016e-01 2.890169620513916016e-01
-4.132016301155090332e-01 -1.433629393577575684e-01
1.226145625114440918e-01 -3.170379400253295898e-01
-2.113637328147888184e-01 1.873748302459716797e-01
-3.050425052642822266e-01 4.172326326370239258e-01
-1.625033020973205566e-01 -2.883392572402954102e-01
4.988372325897216797e-03 -3.734139800071716309e-01
-2.626639604568481445e-01 -4.297062754631042480e-01
9.869658946990966797e-02 2.916914224624633789e-01
-2.201092243194580078e-01 -1.382158398628234863e-01
4.990541338920593262e-01 -4.780813455581665039e-01
-7.216805219650268555e-02 3.478640913963317871e-01
2.409351468086242676e-01 4.313701391220092773e-02
3.906478881835937500e-01 2.730463743209838867e-01
-2.575265169143676758e-01 2.109327316284179688e-01
3.695901036262512207e-01 2.527415752410888672e-01
-8.629578351974487305e-02 1.499340534210205078e-01
-3.256797790527343750e-02 1.471599936485290527e-01
-2.620795369148254395e-01 4.174716472625732422e-01
-3.415026068687438965e-01 -2.646765112876892090e-01
-3.596217632293701172e-01 -3.227999806404113770e-01
1.940667629241943359e-01 4.987048506736755371e-01
-1.197402477264404297e-01 4.010517597198486328e-01
-1.534801721572875977e-01 9.487062692642211914e-02
2.787578701972961426e-01 3.107594847679138184e-01
-1.133359670639038086e-01 -1.255648732185363770e-01
-3.681622743606567383e-01 1.160544753074645996e-01
-3.199529647827148438e-02 1.727485060691833496e-01
-1.151125431060791016e-01 -2.597095966339111328e-01
-4.301936626434326172e-01 -2.513852715492248535e-01
7.194840908050537109e-02 -3.435350060462951660e-01
-4.299914240837097168e-01 2.262875437736511230e-01
-3.939563035964965820e-02 1.461952924728393555e-01
-3.150509595870971680e-01 1.256936788558959961e-01
-4.571789503097534180e-01 -2.962628006935119629e-01
2.459714412689208984e-01 -2.801646590232849121e-01
-3.880047798156738281e-01 4.758472442626953125e-01
4.706098437309265137e-01 -1.244369149208068848e-01
-2.393854260444641113e-01 -2.727812528610229492e-02
-9.429335594177246094e-03 -2.802461981773376465e-01
-4.970520734786987305e-02 -8.732688426971435547e-02
4.768262505531311035e-01 -1.529045104980468750e-01
2.158156633377075195e-01 8.869248628616333008e-02
4.338244795799255371e-01 3.250291943550109863e-01
3.472101092338562012e-01 -3.918108940124511719e-01
1.709020137786865234e-01 2.786384224891662598e-01
-4.806203842163085938e-01 -4.236555099487304688e-01
3.622265458106994629e-01 -8.202743530273437500e-02
-3.325225710868835449e-01 -4.305602312088012695e-01
4.273505210876464844e-01 -2.459992766380310059e-01
4.605454206466674805e-01 -4.193079471588134766e-01
-4.168179035186767578e-01 -3.328493237495422363e-01
-1.516538858413696289e-02 4.396880865097045898e-01
-4.963707923889160156e-02 -3.947973847389221191e-01
1.715836524963378906e-01 -3.424888849258422852e-02
7.081562280654907227e-02 -9.483635425567626953e-03
2.567237019538879395e-01 3.768721222877502441e-01
-3.072837591171264648e-01 3.261693716049194336e-01
-3.399410247802734375e-01 -1.976768970489501953e-01
-2.501641511917114258e-01 4.364639520645141602e-01
-4.369528293609619141e-01 -4.070578217506408691e-01
9.821683168411254883e-02 2.377265095710754395e-01
3.022910356521606445e-01 -3.819353580474853516e-01
1.226953268051147461e-01 -2.244907021522521973e-01
4.000949859619140625e-02 4.269608259201049805e-01
-4.817284345626831055e-01 4.834682941436767578e-01
-2.038139104843139648e-02 1.098582744598388672e-01
5.522221326828002930e-02 4.674419760704040527e-01
