6.797263622283935547e-01 6.453232765197753906e-01
8.016977906227111816e-01 8.441504836082458496e-01
6.314592361450195312e-01 3.945764005184173584e-01
7.380129694938659668e-01 6.915448904037475586e-01
6.485717892646789551e-01 4.183200895786285400e-01
7.821785807609558105e-01 6.234966516494750977e-01
6.758866906166076660e-01 6.760885119438171387e-01
7.304779887199401855e-01 6.671228408813476562e-01
7.688104510307312012e-01 6.289378404617309570e-01
7.315968275070190430e-01 5.921288728713989258e-01
7.093719244003295898e-01 7.065771818161010742e-01
6.580412983894348145e-01 7.928099036216735840e-01
6.951822042465209961e-01 6.398340463638305664e-01
7.888553738594055176e-01 7.278566360473632812e-01
6.493417024612426758e-01 6.843430399894714355e-01
6.667926907539367676e-01 7.579553127288818359e-01
7.832559347152709961e-01 6.446939706802368164e-01
7.653816938400268555e-01 7.930114865303039551e-01
6.947905421257019043e-01 7.085434198379516602e-01
7.292850613594055176e-01 6.477751135826110840e-01
5.657150149345397949e-01 7.137653231620788574e-01
5.700992941856384277e-01 7.470017075538635254e-01
5.796200633049011230e-01 5.316915512084960938e-01
7.933282852172851562e-01 7.380282282829284668e-01
7.078008055686950684e-01 8.477960228919982910e-01
7.164624929428100586e-01 4.504566490650177002e-01
7.732076644897460938e-01 5.239902734756469727e-01
6.381286978721618652e-01 5.826618671417236328e-01
7.946384549140930176e-01 7.233861684799194336e-01
6.536784172058105469e-01 7.300564646720886230e-01
7.423239946365356445e-01 5.152080655097961426e-01
6.634420752525329590e-01 6.665972471237182617e-01
7.585638165473937988e-01 4.224652945995330811e-01
6.315541267395019531e-01 7.557299137115478516e-01
7.650728225708007812e-01 5.670843124389648438e-01
6.910829544067382812e-01 6.086535453796386719e-01
8.077703118324279785e-01 7.983577251434326172e-01
7.119507789611816406e-01 5.775414705276489258e-01
7.457849383354187012e-01 5.040916800498962402e-01
7.476298809051513672e-01 5.404323339462280273e-01
6.851156353950500488e-01 6.084534525871276855e-01
7.609115242958068848e-01 5.881287455558776855e-01
6.703109145164489746e-01 6.325397491455078125e-01
7.544922828674316406e-01 7.114973664283752441e-01
7.022455930709838867e-01 7.679880857467651367e-01
7.557527422904968262e-01 6.505883932113647461e-01
7.102878093719482422e-01 8.128369450569152832e-01
7.336907386779785156e-01 5.095013976097106934e-01
6.202564239501953125e-01 6.656429767608642578e-01
7.874115705490112305e-01 8.091968297958374023e-01
7.180827260017395020e-01 6.096357107162475586e-01
7.280182838439941406e-01 5.416483879089355469e-01
7.230980396270751953e-01 6.930798888206481934e-01
7.195579409599304199e-01 4.491711854934692383e-01
6.051895618438720703e-01 6.992950439453125000e-01
7.463241219520568848e-01 7.211667895317077637e-01
6.599251627922058105e-01 3.791699111461639404e-01
6.217875480651855469e-01 7.029951810836791992e-01
5.524470806121826172e-01 5.949128270149230957e-01
7.187066674232482910e-01 6.913046836853027344e-01
7.629158496856689453e-01 7.178996205329895020e-01
8.195269703865051270e-01 8.582076430320739746e-01
7.903170585632324219e-01 5.878995656967163086e-01
6.691108345985412598e-01 8.329937458038330078e-01
7.629788517951965332e-01 7.401788234710693359e-01
7.011563777923583984e-01 5.893478989601135254e-01
4.604244232177734375e-01 6.938037872314453125e-01
7.647611498832702637e-01 5.174915194511413574e-01
7.217444181442260742e-01 7.741946578025817871e-01
7.725211381912231445e-01 8.364939689636230469e-01
8.123490810394287109e-01 7.324868440628051758e-01
7.168011069297790527e-01 4.887399971485137939e-01
7.297215461730957031e-01 7.790626883506774902e-01
6.332353353500366211e-01 5.689144134521484375e-01
7.690332531929016113e-01 5.499061346054077148e-01
6.832656860351562500e-01 7.188793420791625977e-01
5.684140920639038086e-01 6.820695996284484863e-01
7.959294319152832031e-01 7.718361020088195801e-01
8.050624728202819824e-01 7.227593064308166504e-01
7.106436491012573242e-01 6.083737611770629883e-01
7.417796850204467773e-01 5.213314890861511230e-01
4.975745379924774170e-01 7.626101374626159668e-01
7.234109044075012207e-01 5.971899628639221191e-01
6.735721826553344727e-01 5.571169257164001465e-01
6.697207093238830566e-01 7.742146253585815430e-01
6.999223828315734863e-01 6.644880175590515137e-01
7.622998356819152832e-01 5.240410566329956055e-01
7.729711532592773438e-01 4.746423363685607910e-01
6.207156777381896973e-01 8.056087493896484375e-01
8.042102456092834473e-01 7.698009014129638672e-01
7.255660295486450195e-01 7.201211452484130859e-01
5.936959981918334961e-01 6.087515950202941895e-01
7.289077639579772949e-01 7.252979278564453125e-01
6.953175067901611328e-01 6.495530605316162109e-01
6.350054740905761719e-01 6.449706554412841797e-01
6.224890351295471191e-01 4.522151052951812744e-01
5.599954724311828613e-01 7.201904654502868652e-01
6.601002812385559082e-01 6.259481906890869141e-01
6.964668035507202148e-01 4.787828326225280762e-01
8.189170956611633301e-01 7.547173500061035156e-01
7.531273961067199707e-01 5.694866776466369629e-01
7.545604705810546875e-01 7.111753821372985840e-01
6.734069585800170898e-01 6.789261102676391602e-01
7.883287668228149414e-01 6.854493618011474609e-01
7.546480894088745117e-01 4.978577196598052979e-01
7.468843460083007812e-01 6.712660193443298340e-01
6.877407431602478027e-01 7.364245057106018066e-01
7.394211888313293457e-01 5.497725605964660645e-01
8.112934827804565430e-01 7.550797462463378906e-01
7.212706208229064941e-01 6.817381978034973145e-01
5.727053880691528320e-01 5.697195529937744141e-01
6.923731565475463867e-01 5.631595849990844727e-01
7.801910638809204102e-01 6.437113881111145020e-01
6.810459494590759277e-01 4.679917395114898682e-01
7.573999762535095215e-01 6.417362689971923828e-01
7.363156676292419434e-01 6.423300504684448242e-01
7.327330708503723145e-01 7.291124463081359863e-01
4.686044454574584961e-01 7.319726347923278809e-01
5.935796499252319336e-01 6.614000201225280762e-01
5.713177323341369629e-01 7.608861923217773438e-01
7.527654767036437988e-01 6.630681157112121582e-01
6.250514984130859375e-01 4.424889087677001953e-01
7.340831756591796875e-01 6.289831399917602539e-01
7.189052104949951172e-01 7.632747888565063477e-01
6.555477380752563477e-01 5.444507002830505371e-01
7.301700115203857422e-01 6.733899116516113281e-01
6.414702534675598145e-01 6.826493740081787109e-01
7.770932316780090332e-01 8.032006025314331055e-01
7.387099266052246094e-01 6.005365252494812012e-01
7.017385959625244141e-01 5.706028342247009277e-01
7.699770927429199219e-01 7.266938090324401855e-01
7.781233191490173340e-01 7.704017758369445801e-01
6.516545414924621582e-01 7.331076860427856445e-01
6.157512068748474121e-01 7.631303668022155762e-01
7.203179001808166504e-01 7.028994560241699219e-01
6.397328972816467285e-01 7.686418890953063965e-01
6.406121850013732910e-01 6.576975584030151367e-01
7.533324956893920898e-01 6.846883893013000488e-01
7.398651242256164551e-01 7.275063395500183105e-01
8.263161778450012207e-01 8.426223397254943848e-01
6.543986201286315918e-01 5.898551344871520996e-01
7.277567982673645020e-01 6.518321633338928223e-01
8.061608672142028809e-01 6.768959164619445801e-01
7.376381754875183105e-01 6.916260719299316406e-01
5.595986247062683105e-01 4.404990077018737793e-01
7.215631008148193359e-01 7.137185931205749512e-01
5.983720421791076660e-01 7.960350513458251953e-01
7.493072152137756348e-01 5.840660333633422852e-01
7.296205163002014160e-01 6.711807847023010254e-01
5.749399065971374512e-01 4.622501730918884277e-01
7.868947386741638184e-01 7.579419612884521484e-01
7.413097023963928223e-01 5.714135169982910156e-01
7.499852180480957031e-01 7.256484627723693848e-01
6.156256794929504395e-01 6.297197937965393066e-01
5.630729794502258301e-01 7.045363783836364746e-01
7.751494050025939941e-01 6.367179751396179199e-01
5.683379769325256348e-01 7.832808494567871094e-01
6.775703430175781250e-01 7.609265446662902832e-01
7.590433359146118164e-01 8.098838925361633301e-01
6.044450998306274414e-01 6.494045853614807129e-01
7.650247216224670410e-01 7.187134623527526855e-01
7.746459841728210449e-01 7.823013663291931152e-01
7.550635933876037598e-01 6.607570648193359375e-01
6.865726709365844727e-01 7.424812912940979004e-01
7.889458537101745605e-01 7.202079296112060547e-01
7.451838850975036621e-01 6.666144728660583496e-01
7.256053686141967773e-01 6.956951618194580078e-01
6.051724553108215332e-01 8.084116578102111816e-01
6.645050644874572754e-01 6.178125143051147461e-01
6.943415403366088867e-01 7.643927335739135742e-01
7.777124047279357910e-01 7.104142904281616211e-01
7.469896078109741211e-01 7.426069378852844238e-01
7.765210270881652832e-01 6.810227036476135254e-01
7.478632330894470215e-01 5.935143232345581055e-01
7.567028403282165527e-01 5.984870791435241699e-01
6.921021342277526855e-01 6.952077150344848633e-01
7.408894896507263184e-01 7.325600385665893555e-01
7.408939599990844727e-01 5.677698850631713867e-01
7.332934737205505371e-01 5.897940993309020996e-01
8.117006421089172363e-01 8.022531270980834961e-01
6.724398136138916016e-01 6.876618862152099609e-01
8.006663918495178223e-01 7.531655430793762207e-01
7.487611770629882812e-01 5.817449688911437988e-01
7.638419866561889648e-01 6.679283976554870605e-01
8.099600076675415039e-01 6.677238941192626953e-01
8.149865269660949707e-01 7.725508213043212891e-01
7.411724328994750977e-01 7.554479837417602539e-01
6.897332668304443359e-01 7.221524715423583984e-01
7.411376833915710449e-01 7.205086350440979004e-01
6.613998413085937500e-01 8.200105428695678711e-01
6.630086302757263184e-01 7.930511236190795898e-01
5.971334576606750488e-01 7.556853294372558594e-01
4.423814713954925537e-01 6.483022570610046387e-01
5.688680410385131836e-01 7.163316011428833008e-01
7.762289643287658691e-01 8.016014099121093750e-01
6.342315673828125000e-01 8.063486814498901367e-01
7.489044666290283203e-01 6.369047164916992188e-01
5.316810607910156250e-01 5.929100513458251953e-01
5.475852489471435547e-01 5.609530806541442871e-01
5.232468843460083008e-01 7.132436633110046387e-01
7.145981788635253906e-01 7.347065806388854980e-01
6.391540765762329102e-01 6.283548474311828613e-01
6.491764187812805176e-01 6.389355659484863281e-01
6.159880161285400391e-01 6.453129649162292480e-01
6.881774663925170898e-01 6.071375012397766113e-01
7.932571172714233398e-01 6.628910899162292480e-01
8.271275758743286133e-01 7.933859229087829590e-01
5.416431427001953125e-01 7.173945307731628418e-01
5.792691707611083984e-01 7.623727321624755859e-01
7.888966798782348633e-01 7.661800384521484375e-01
7.017508149147033691e-01 6.228772401809692383e-01
7.090424895286560059e-01 4.547398686408996582e-01
7.095132470130920410e-01 4.555085003376007080e-01
7.408036589622497559e-01 6.457495093345642090e-01
7.043761014938354492e-01 6.081299781799316406e-01
5.279648303985595703e-01 7.057426571846008301e-01
7.322639226913452148e-01 6.359531283378601074e-01
8.046950697898864746e-01 7.133020162582397461e-01
7.963238954544067383e-01 7.737863063812255859e-01
6.039530634880065918e-01 8.166220188140869141e-01
5.892071723937988281e-01 6.006616950035095215e-01
6.113308668136596680e-01 7.351613640785217285e-01
5.582785010337829590e-01 7.491030097007751465e-01
6.418821811676025391e-01 6.920407414436340332e-01
7.154986262321472168e-01 6.901797652244567871e-01
6.880643963813781738e-01 4.567530155181884766e-01
6.029872894287109375e-01 7.486102581024169922e-01
7.474157214164733887e-01 5.803019404411315918e-01
7.599161863327026367e-01 6.996471285820007324e-01
7.539546489715576172e-01 6.714474558830261230e-01
6.790271997451782227e-01 6.313887834548950195e-01
7.457825541496276855e-01 6.603124737739562988e-01
7.463907599449157715e-01 7.464545965194702148e-01
6.520254611968994141e-01 7.213588356971740723e-01
7.503850460052490234e-01 7.171694040298461914e-01
4.765197634696960449e-01 7.408205866813659668e-01
6.741532683372497559e-01 5.903629064559936523e-01
7.067970633506774902e-01 5.879063010215759277e-01
7.101202011108398438e-01 7.469857335090637207e-01
6.753877401351928711e-01 5.806261301040649414e-01
6.858522295951843262e-01 5.318462848663330078e-01
6.867408752441406250e-01 7.626339793205261230e-01
7.551560401916503906e-01 6.759685277938842773e-01
7.987580895423889160e-01 7.003700137138366699e-01
6.190912127494812012e-01 7.680683135986328125e-01
7.248375415802001953e-01 6.747259497642517090e-01
7.471588850021362305e-01 7.058559060096740723e-01
7.338341474533081055e-01 7.202998399734497070e-01
6.998246312141418457e-01 4.592177867889404297e-01
7.620217800140380859e-01 7.002608180046081543e-01
7.106877565383911133e-01 6.056934595108032227e-01
7.399751543998718262e-01 6.320955157279968262e-01
7.445894479751586914e-01 6.709505915641784668e-01
7.703839540481567383e-01 7.514877319335937500e-01
7.606722116470336914e-01 8.053766489028930664e-01
6.890755891799926758e-01 5.883666276931762695e-01
6.823755502700805664e-01 5.691777467727661133e-01
6.194300651550292969e-01 5.108836293220520020e-01
6.957575082778930664e-01 6.646244525909423828e-01
6.620347499847412109e-01 7.370536327362060547e-01
7.983100414276123047e-01 6.985948085784912109e-01
5.400609374046325684e-01 6.570780277252197266e-01
4.872366487979888916e-01 6.082961559295654297e-01
5.946715474128723145e-01 6.986000537872314453e-01
6.768082380294799805e-01 4.553846418857574463e-01
7.240801453590393066e-01 7.547786831855773926e-01
5.917198657989501953e-01 6.102864742279052734e-01
7.014759778976440430e-01 5.627656579017639160e-01
7.244329452514648438e-01 7.464252710342407227e-01
7.739295363426208496e-01 7.090294957160949707e-01
6.475437283515930176e-01 7.138269543647766113e-01
6.916273832321166992e-01 6.455938816070556641e-01
7.097349166870117188e-01 7.370288372039794922e-01
7.062630653381347656e-01 7.096241712570190430e-01
7.645833492279052734e-01 7.153167128562927246e-01
7.312573194503784180e-01 6.868352293968200684e-01
7.189769744873046875e-01 5.232122540473937988e-01
7.353168725967407227e-01 7.811290621757507324e-01
6.079656481742858887e-01 5.953297615051269531e-01
7.623772025108337402e-01 7.280089259147644043e-01
7.394232749938964844e-01 6.419750452041625977e-01
6.923630237579345703e-01 6.795775294303894043e-01
5.965511798858642578e-01 5.867690443992614746e-01
7.448655366897583008e-01 7.037034630775451660e-01
7.430667877197265625e-01 6.495203971862792969e-01
7.125725746154785156e-01 6.856549382209777832e-01
6.917517781257629395e-01 6.687834858894348145e-01
8.053231239318847656e-01 7.543723583221435547e-01
7.166389822959899902e-01 8.193317651748657227e-01
6.967397332191467285e-01 7.226040959358215332e-01
6.593596935272216797e-01 5.400240421295166016e-01
7.140025496482849121e-01 6.556795835494995117e-01
7.697132825851440430e-01 6.322929263114929199e-01
6.688731312751770020e-01 6.026648283004760742e-01
8.191187977790832520e-01 7.163510918617248535e-01
7.151136398315429688e-01 5.731968879699707031e-01
6.627253293991088867e-01 7.341848611831665039e-01
7.139035463333129883e-01 5.921237468719482422e-01
7.390580773353576660e-01 7.234269976615905762e-01
6.714649796485900879e-01 4.340282082557678223e-01
6.776854395866394043e-01 7.244740724563598633e-01
6.204680204391479492e-01 6.867640018463134766e-01
7.828924655914306641e-01 6.931805014610290527e-01
6.769241690635681152e-01 7.391190528869628906e-01
5.564332008361816406e-01 7.152277231216430664e-01
6.581147313117980957e-01 4.758574366569519043e-01
8.122096061706542969e-01 8.127267360687255859e-01
8.024650216102600098e-01 6.544082760810852051e-01
7.564101815223693848e-01 4.996129274368286133e-01
7.162268161773681641e-01 5.585925579071044922e-01
5.592327117919921875e-01 5.678696036338806152e-01
7.343606948852539062e-01 6.543187499046325684e-01
7.572263479232788086e-01 6.617690920829772949e-01
6.853013038635253906e-01 7.559220194816589355e-01
7.730069756507873535e-01 7.999963164329528809e-01
6.929775476455688477e-01 4.994556307792663574e-01
6.242444515228271484e-01 7.091068625450134277e-01
7.894207835197448730e-01 6.502414345741271973e-01
7.647743821144104004e-01 5.998379588127136230e-01
7.474254965782165527e-01 8.099243640899658203e-01
5.356370806694030762e-01 6.444686055183410645e-01
5.498456954956054688e-01 7.337651252746582031e-01
7.302115559577941895e-01 7.749767899513244629e-01
6.952133774757385254e-01 6.146973967552185059e-01
7.872604727745056152e-01 7.741853594779968262e-01
7.198665142059326172e-01 7.220741510391235352e-01
7.781208753585815430e-01 8.322253823280334473e-01
7.733440399169921875e-01 8.018617033958435059e-01
7.752118110656738281e-01 7.556420564651489258e-01
7.338742613792419434e-01 7.653076052665710449e-01
6.641654968261718750e-01 7.340782284736633301e-01
7.638248801231384277e-01 5.860744118690490723e-01
5.927223563194274902e-01 7.396348118782043457e-01
6.772152781486511230e-01 8.108523488044738770e-01
6.957976818084716797e-01 5.195102691650390625e-01
7.265962958335876465e-01 5.224271416664123535e-01
6.581261157989501953e-01 6.745327711105346680e-01
7.675970792770385742e-01 8.165188431739807129e-01
6.860373616218566895e-01 7.391595244407653809e-01
7.913335561752319336e-01 7.682480216026306152e-01
6.363940238952636719e-01 7.508835196495056152e-01
8.010479807853698730e-01 7.340146303176879883e-01
7.630057334899902344e-01 4.581512510776519775e-01
7.561619281768798828e-01 5.433768630027770996e-01
6.994805932044982910e-01 6.802338361740112305e-01
8.036658167839050293e-01 8.023539185523986816e-01
6.649027466773986816e-01 7.106241583824157715e-01
7.272930145263671875e-01 5.983980298042297363e-01
7.126251459121704102e-01 5.770513415336608887e-01
7.170996069908142090e-01 7.590773105621337891e-01
7.427942156791687012e-01 7.212991118431091309e-01
7.686854004859924316e-01 7.527678608894348145e-01
6.773757934570312500e-01 7.764993309974670410e-01
6.358964443206787109e-01 7.114107012748718262e-01
7.122737169265747070e-01 7.213283777236938477e-01
6.627028584480285645e-01 7.787007093429565430e-01
7.372481226921081543e-01 6.819577217102050781e-01
6.817284822463989258e-01 7.722564339637756348e-01
7.848056554794311523e-01 7.215809226036071777e-01
6.253201961517333984e-01 7.819339632987976074e-01
7.745199799537658691e-01 6.762686371803283691e-01
6.832051277160644531e-01 7.920699119567871094e-01
7.520170211791992188e-01 6.764335036277770996e-01
7.463904023170471191e-01 6.285363435745239258e-01
7.003184556961059570e-01 5.880372524261474609e-01
8.097577095031738281e-01 7.751014232635498047e-01
6.553716063499450684e-01 5.702437758445739746e-01
7.826226353645324707e-01 5.341265797615051270e-01
6.803149580955505371e-01 4.634204506874084473e-01
7.771054506301879883e-01 5.909324884414672852e-01
8.019177317619323730e-01 7.448101639747619629e-01
7.430502176284790039e-01 6.069419384002685547e-01
7.163552641868591309e-01 8.530110120773315430e-01
6.266458630561828613e-01 4.683238863945007324e-01
5.733726024627685547e-01 5.049711465835571289e-01
6.919087767601013184e-01 4.779263436794281006e-01
7.387587428092956543e-01 5.803582072257995605e-01
6.353437900543212891e-01 6.376494169235229492e-01
7.124547958374023438e-01 7.628883719444274902e-01
7.323201894760131836e-01 6.902244687080383301e-01
7.375047802925109863e-01 7.799547314643859863e-01
7.040037512779235840e-01 5.662049055099487305e-01
7.416513562202453613e-01 5.582690834999084473e-01
6.573303937911987305e-01 6.560270786285400391e-01
7.119730710983276367e-01 4.709073305130004883e-01
6.961075663566589355e-01 4.824529886245727539e-01
8.039671182632446289e-01 5.849916934967041016e-01
7.325226068496704102e-01 7.242949604988098145e-01
6.703141331672668457e-01 7.558586597442626953e-01
7.352853417396545410e-01 7.256475687026977539e-01
7.277527451515197754e-01 7.526682019233703613e-01
6.071068048477172852e-01 7.274300456047058105e-01
7.337824106216430664e-01 7.111468911170959473e-01
7.561613321304321289e-01 6.838625669479370117e-01
6.930568218231201172e-01 6.994957923889160156e-01
7.023344039916992188e-01 7.001175880432128906e-01
6.363372206687927246e-01 5.599712729454040527e-01
7.303251624107360840e-01 7.551492452621459961e-01
6.871837377548217773e-01 7.185624241828918457e-01
7.998030781745910645e-01 7.536919116973876953e-01
7.049120664596557617e-01 5.594491362571716309e-01
7.273884415626525879e-01 6.661853194236755371e-01
7.586203813552856445e-01 5.894492268562316895e-01
7.481997609138488770e-01 8.011407852172851562e-01
6.650421023368835449e-01 7.963165044784545898e-01
7.371751666069030762e-01 6.471432447433471680e-01
7.034120559692382812e-01 7.781563997268676758e-01
6.207252740859985352e-01 6.330060958862304688e-01
7.533919811248779297e-01 7.035704851150512695e-01
7.894367575645446777e-01 7.433280348777770996e-01
7.512935400009155273e-01 7.241431474685668945e-01
6.251420378684997559e-01 8.499382734298706055e-01
6.182782053947448730e-01 7.215895056724548340e-01
7.668169140815734863e-01 6.346437335014343262e-01
7.268881201744079590e-01 7.800657749176025391e-01
6.418426632881164551e-01 7.578827738761901855e-01
6.122424006462097168e-01 5.961019396781921387e-01
8.005057573318481445e-01 6.635576486587524414e-01
7.750813961029052734e-01 7.565689682960510254e-01
7.886952161788940430e-01 6.802135705947875977e-01
6.396226882934570312e-01 7.504810094833374023e-01
7.638924717903137207e-01 7.423168420791625977e-01
7.427017688751220703e-01 7.311496138572692871e-01
6.233230829238891602e-01 6.335034966468811035e-01
7.455740571022033691e-01 7.081996798515319824e-01
6.863690018653869629e-01 5.401841998100280762e-01
6.591379046440124512e-01 7.210000753402709961e-01
4.937138259410858154e-01 6.142569184303283691e-01
6.497893333435058594e-01 6.781948208808898926e-01
6.418220400810241699e-01 6.975373029708862305e-01
6.153501868247985840e-01 5.118520259857177734e-01
7.389104962348937988e-01 7.698954343795776367e-01
6.771785616874694824e-01 6.558525562286376953e-01
6.850069165229797363e-01 6.784374117851257324e-01
5.391322970390319824e-01 7.584936022758483887e-01
6.891500949859619141e-01 8.026885986328125000e-01
7.326602935791015625e-01 7.740818262100219727e-01
7.012133002281188965e-01 4.390932917594909668e-01
6.418511867523193359e-01 7.668130993843078613e-01
6.853432655334472656e-01 7.572245597839355469e-01
5.138143301010131836e-01 7.802730202674865723e-01
7.506734132766723633e-01 5.702345371246337891e-01
7.492174506187438965e-01 6.536339521408081055e-01
7.393907904624938965e-01 7.458657026290893555e-01
6.679014563560485840e-01 6.270337700843811035e-01
7.323035597801208496e-01 6.364010572433471680e-01
7.648698687553405762e-01 7.337731122970581055e-01
7.828726768493652344e-01 7.005705237388610840e-01
7.009279727935791016e-01 8.752787709236145020e-01
7.648419141769409180e-01 6.036617159843444824e-01
8.102506995201110840e-01 7.009031176567077637e-01
7.630431056022644043e-01 6.965327262878417969e-01
7.816996574401855469e-01 6.795493364334106445e-01
6.248300671577453613e-01 6.282302737236022949e-01
6.385229825973510742e-01 6.684322953224182129e-01
7.553652524948120117e-01 7.964910268783569336e-01
7.547813057899475098e-01 7.779928445816040039e-01
7.981877326965332031e-01 7.393928170204162598e-01
7.065636515617370605e-01 8.257002830505371094e-01
7.065817117691040039e-01 7.594043612480163574e-01
5.621764063835144043e-01 5.959177613258361816e-01
5.838988423347473145e-01 6.377781033515930176e-01
7.509836554527282715e-01 7.194806337356567383e-01
7.610308527946472168e-01 4.824631512165069580e-01
5.785933136940002441e-01 7.478486299514770508e-01
7.583307623863220215e-01 6.673117280006408691e-01
7.325157523155212402e-01 7.506404519081115723e-01
6.474272012710571289e-01 7.064440846443176270e-01
6.839803457260131836e-01 6.994393467903137207e-01
7.798271775245666504e-01 6.156218647956848145e-01
7.288499474525451660e-01 6.347680687904357910e-01
6.324990987777709961e-01 6.208013296127319336e-01
7.510765194892883301e-01 6.138304471969604492e-01
7.837794423103332520e-01 6.416178941726684570e-01
6.923276782035827637e-01 8.070049881935119629e-01
7.045932412147521973e-01 8.395757675170898438e-01
6.874223947525024414e-01 8.159556388854980469e-01
7.539674639701843262e-01 7.962466478347778320e-01
5.727486014366149902e-01 6.319552659988403320e-01
6.712949872016906738e-01 5.932099223136901855e-01
7.740164399147033691e-01 7.501068115234375000e-01
6.472622156143188477e-01 6.839146018028259277e-01
7.294520139694213867e-01 7.712101340293884277e-01
6.008428931236267090e-01 7.307037115097045898e-01
6.795389056205749512e-01 6.021484136581420898e-01
7.547962665557861328e-01 6.279159784317016602e-01
7.849636673927307129e-01 7.844098210334777832e-01
7.208532691001892090e-01 6.754854917526245117e-01
6.102805137634277344e-01 7.672593593597412109e-01
7.637376785278320312e-01 7.895467281341552734e-01
6.154994964599609375e-01 6.634340286254882812e-01
7.935952544212341309e-01 8.912024497985839844e-01
7.517910599708557129e-01 8.697136044502258301e-01
6.579679846763610840e-01 8.056892156600952148e-01
7.059330940246582031e-01 7.827931046485900879e-01
7.415044903755187988e-01 7.530438303947448730e-01
7.282580137252807617e-01 6.651638746261596680e-01
5.967916846275329590e-01 5.753323435783386230e-01
5.130409598350524902e-01 7.839114665985107422e-01
6.679949164390563965e-01 7.793013453483581543e-01
6.736086606979370117e-01 8.135223388671875000e-01
7.648626565933227539e-01 6.764967441558837891e-01
7.438797354698181152e-01 4.749563634395599365e-01
5.973638892173767090e-01 6.967807412147521973e-01
7.493013739585876465e-01 6.408025026321411133e-01
6.975237131118774414e-01 6.773216128349304199e-01
7.185811996459960938e-01 5.493260025978088379e-01
7.486363053321838379e-01 5.322498679161071777e-01
6.917382478713989258e-01 8.317899107933044434e-01
6.873986721038818359e-01 6.442530751228332520e-01
6.759600639343261719e-01 4.956635832786560059e-01
6.109409332275390625e-01 8.058606982231140137e-01
7.439427971839904785e-01 4.795580208301544189e-01
7.657234072685241699e-01 5.532186031341552734e-01
7.071464657783508301e-01 6.664962172508239746e-01
5.035688877105712891e-01 7.002757787704467773e-01
7.342301011085510254e-01 7.277433872222900391e-01
7.405571341514587402e-01 6.943233609199523926e-01
7.526417374610900879e-01 6.071509122848510742e-01
7.664890885353088379e-01 8.169782161712646484e-01
7.319800257682800293e-01 6.303774714469909668e-01
6.959171295166015625e-01 6.570730805397033691e-01
7.423820495605468750e-01 7.255815863609313965e-01
6.960566639900207520e-01 6.396452188491821289e-01
7.427304387092590332e-01 6.107861995697021484e-01
7.653211355209350586e-01 7.748313546180725098e-01
6.094487905502319336e-01 7.052416801452636719e-01
6.683149337768554688e-01 7.747290134429931641e-01
7.615809440612792969e-01 7.562978863716125488e-01
7.536684870719909668e-01 6.445918679237365723e-01
5.008323788642883301e-01 7.722274661064147949e-01
6.311307549476623535e-01 7.612618803977966309e-01
7.079940438270568848e-01 7.254739403724670410e-01
6.508133411407470703e-01 4.358848929405212402e-01
7.608133554458618164e-01 7.453746795654296875e-01
8.045527338981628418e-01 6.237937808036804199e-01
6.345027685165405273e-01 4.526978135108947754e-01
6.997111439704895020e-01 5.497204661369323730e-01
7.107616066932678223e-01 7.739891409873962402e-01
4.825989305973052979e-01 7.020588517189025879e-01
7.766481041908264160e-01 7.477308511734008789e-01
7.039064168930053711e-01 6.591094136238098145e-01
7.030557990074157715e-01 6.403430104255676270e-01
6.438846588134765625e-01 7.087521553039550781e-01
7.575592994689941406e-01 8.110539317131042480e-01
7.327187657356262207e-01 7.216758728027343750e-01
4.891329407691955566e-01 6.088320016860961914e-01
6.123492717742919922e-01 6.385920047760009766e-01
6.186557412147521973e-01 7.609907984733581543e-01
7.462577223777770996e-01 6.508073210716247559e-01
7.470070719718933105e-01 6.666211485862731934e-01
6.114547252655029297e-01 4.613565504550933838e-01
8.209803104400634766e-01 7.614965438842773438e-01
5.011806488037109375e-01 7.703609466552734375e-01
5.974034070968627930e-01 6.458210349082946777e-01
7.917637228965759277e-01 8.160889744758605957e-01
7.199199795722961426e-01 7.025614976882934570e-01
5.592756867408752441e-01 6.829850077629089355e-01
5.188543200492858887e-01 6.809266805648803711e-01
7.298768758773803711e-01 7.110123038291931152e-01
7.755761742591857910e-01 6.890235543251037598e-01
7.861037254333496094e-01 7.735073566436767578e-01
7.170059680938720703e-01 6.612595915794372559e-01
7.395865321159362793e-01 5.266433954238891602e-01
6.225960254669189453e-01 5.369693636894226074e-01
6.295095086097717285e-01 7.253742218017578125e-01
5.664818882942199707e-01 4.405499100685119629e-01
6.571314930915832520e-01 6.970191597938537598e-01
7.798416018486022949e-01 8.046680092811584473e-01
8.005096316337585449e-01 7.978023290634155273e-01
8.080085515975952148e-01 7.582637667655944824e-01
7.601244449615478516e-01 7.049614787101745605e-01
7.083402276039123535e-01 8.017826080322265625e-01
7.233883738517761230e-01 6.534153819084167480e-01
7.251364588737487793e-01 6.753864884376525879e-01
8.218382596969604492e-01 8.548640608787536621e-01
7.347170710563659668e-01 6.691895723342895508e-01
7.012773156166076660e-01 7.678505182266235352e-01
5.588443875312805176e-01 7.520694732666015625e-01
7.788890004158020020e-01 7.266072630882263184e-01
4.323700070381164551e-01 7.023371458053588867e-01
7.678366303443908691e-01 8.450452685356140137e-01
7.072149515151977539e-01 7.483043074607849121e-01
7.685706615447998047e-01 7.039995193481445312e-01
7.256014347076416016e-01 5.203129053115844727e-01
5.255383253097534180e-01 6.749985814094543457e-01
7.181538343429565430e-01 7.231031656265258789e-01
6.439137458801269531e-01 7.114520072937011719e-01
7.591243386268615723e-01 6.810203790664672852e-01
6.713863015174865723e-01 5.200979113578796387e-01
7.103021144866943359e-01 7.372955083847045898e-01
6.548846364021301270e-01 7.262555360794067383e-01
7.424557209014892578e-01 6.975563764572143555e-01
7.770983576774597168e-01 7.951643466949462891e-01
7.378477454185485840e-01 7.109916210174560547e-01
7.641136646270751953e-01 8.611872196197509766e-01
6.228944063186645508e-01 7.316796779632568359e-01
6.655808091163635254e-01 8.461427092552185059e-01
7.238013148307800293e-01 6.543951630592346191e-01
7.742539048194885254e-01 7.380866408348083496e-01
6.019984483718872070e-01 7.551413774490356445e-01
6.802013516426086426e-01 7.508899569511413574e-01
5.699790716171264648e-01 6.654571294784545898e-01
6.320534348487854004e-01 7.524544596672058105e-01
7.769250869750976562e-01 8.034326434135437012e-01
7.046478986740112305e-01 6.838805675506591797e-01
6.743366718292236328e-01 5.696075558662414551e-01
6.401441097259521484e-01 4.945963025093078613e-01
6.368435621261596680e-01 7.892994880676269531e-01
6.033042073249816895e-01 6.976209878921508789e-01
7.197715044021606445e-01 7.529252171516418457e-01
7.582203149795532227e-01 6.561479568481445312e-01
6.233423948287963867e-01 7.613404989242553711e-01
6.859807372093200684e-01 6.298003196716308594e-01
6.897874474525451660e-01 4.995770156383514404e-01
7.389952540397644043e-01 7.114282846450805664e-01
6.886272430419921875e-01 7.697194814682006836e-01
7.163393497467041016e-01 6.459624767303466797e-01
7.294042706489562988e-01 5.246388316154479980e-01
7.204296588897705078e-01 5.656266808509826660e-01
6.505285501480102539e-01 5.767461061477661133e-01
7.083494663238525391e-01 7.144654393196105957e-01
7.654719948768615723e-01 6.797295808792114258e-01
6.786302924156188965e-01 7.672008275985717773e-01
6.074584126472473145e-01 6.309418082237243652e-01
6.148650646209716797e-01 4.976023733615875244e-01
7.314695119857788086e-01 6.885019540786743164e-01
7.486195564270019531e-01 5.899847745895385742e-01
6.085302829742431641e-01 5.177373290061950684e-01
7.016617655754089355e-01 4.694566726684570312e-01
7.840356826782226562e-01 8.486155867576599121e-01
6.896144151687622070e-01 5.653049349784851074e-01
6.065579056739807129e-01 6.293712854385375977e-01
7.922894358634948730e-01 7.437472939491271973e-01
7.639740705490112305e-01 7.241061925888061523e-01
7.980023026466369629e-01 5.964105129241943359e-01
6.206750869750976562e-01 6.884924769401550293e-01
5.786883831024169922e-01 6.866841912269592285e-01
7.785701155662536621e-01 8.270018100738525391e-01
5.745089054107666016e-01 6.979233622550964355e-01
6.094616651535034180e-01 5.221034288406372070e-01
7.974817752838134766e-01 6.117883920669555664e-01
6.542227864265441895e-01 7.871984243392944336e-01
6.373253464698791504e-01 7.384560704231262207e-01
7.790240645408630371e-01 5.942636132240295410e-01
7.643598914146423340e-01 6.858463287353515625e-01
6.533361077308654785e-01 7.624374032020568848e-01
7.555701136589050293e-01 5.431477427482604980e-01
7.345595359802246094e-01 7.021890878677368164e-01
7.121109962463378906e-01 6.309329271316528320e-01
6.596959829330444336e-01 6.048274636268615723e-01
6.568520069122314453e-01 4.690856635570526123e-01
4.813657999038696289e-01 7.490940093994140625e-01
7.707812190055847168e-01 5.662204027175903320e-01
6.577951312065124512e-01 4.759754538536071777e-01
6.409808993339538574e-01 4.699460268020629883e-01
7.702302932739257812e-01 7.027763128280639648e-01
7.796603441238403320e-01 7.995809912681579590e-01
7.047870159149169922e-01 4.971467554569244385e-01
6.593464016914367676e-01 7.573309540748596191e-01
6.327828764915466309e-01 5.528109073638916016e-01
7.261886000633239746e-01 7.336760759353637695e-01
5.198338627815246582e-01 8.136666417121887207e-01
6.430935859680175781e-01 7.704337835311889648e-01
6.991645097732543945e-01 4.616656303405761719e-01
6.658533215522766113e-01 4.433512985706329346e-01
6.677211523056030273e-01 7.576590180397033691e-01
7.428855299949645996e-01 6.695722937583923340e-01
5.998966097831726074e-01 7.974595427513122559e-01
7.883954644203186035e-01 6.952298283576965332e-01
6.768882870674133301e-01 7.601295113563537598e-01
5.015390515327453613e-01 7.623882889747619629e-01
6.669760346412658691e-01 5.704355835914611816e-01
6.577500104904174805e-01 7.582693696022033691e-01
7.813368439674377441e-01 7.468740344047546387e-01
7.130010128021240234e-01 7.450874447822570801e-01
7.531087994575500488e-01 6.595404148101806641e-01
5.637570619583129883e-01 6.499264240264892578e-01
6.678968667984008789e-01 6.685255169868469238e-01
5.243297219276428223e-01 7.674601078033447266e-01
5.571196079254150391e-01 7.128770947456359863e-01
5.725273489952087402e-01 6.955370306968688965e-01
7.295107841491699219e-01 6.537562608718872070e-01
6.992081999778747559e-01 5.720135569572448730e-01
7.386422157287597656e-01 7.360622882843017578e-01
8.273193836212158203e-01 8.593205809593200684e-01
5.848707556724548340e-01 4.376087784767150879e-01
5.746724009513854980e-01 7.637307047843933105e-01
7.565497756004333496e-01 7.143831253051757812e-01
6.454369425773620605e-01 7.554215192794799805e-01
5.228129029273986816e-01 7.466820478439331055e-01
5.392368435859680176e-01 8.374789357185363770e-01
6.113813519477844238e-01 7.570294737815856934e-01
7.266149520874023438e-01 5.656465291976928711e-01
7.052966952323913574e-01 6.873396635055541992e-01
6.972020864486694336e-01 6.673413515090942383e-01
5.423904061317443848e-01 5.921949744224548340e-01
6.900397539138793945e-01 8.063150048255920410e-01
6.576637625694274902e-01 6.730524897575378418e-01
6.647560596466064453e-01 7.436451315879821777e-01
7.545356750488281250e-01 5.215396285057067871e-01
5.173954367637634277e-01 7.579540610313415527e-01
7.268965244293212891e-01 8.057321906089782715e-01
8.101294040679931641e-01 8.600562810897827148e-01
6.667207479476928711e-01 7.717304229736328125e-01
6.505668759346008301e-01 6.663982868194580078e-01
6.656004190444946289e-01 7.269725203514099121e-01
5.706671476364135742e-01 7.476351261138916016e-01
7.250605225563049316e-01 4.921045005321502686e-01
7.521722912788391113e-01 7.181354761123657227e-01
7.464271783828735352e-01 7.265498042106628418e-01
7.637140154838562012e-01 6.401717066764831543e-01
7.828305959701538086e-01 7.403141260147094727e-01
6.697551012039184570e-01 7.702488899230957031e-01
7.015370726585388184e-01 5.485731959342956543e-01
7.595586776733398438e-01 7.052994966506958008e-01
7.208073139190673828e-01 7.102594375610351562e-01
7.567988038063049316e-01 7.460545897483825684e-01
5.916387438774108887e-01 7.616018652915954590e-01
7.987703084945678711e-01 7.039245367050170898e-01
6.914502978324890137e-01 6.570684313774108887e-01
5.040598511695861816e-01 7.771850824356079102e-01
7.736248373985290527e-01 7.538732886314392090e-01
5.616859793663024902e-01 5.900353789329528809e-01
7.630888819694519043e-01 7.349802255630493164e-01
7.880445122718811035e-01 5.629625916481018066e-01
7.556071281433105469e-01 5.875398516654968262e-01
6.917690038681030273e-01 8.311467766761779785e-01
5.509288907051086426e-01 7.735108137130737305e-01
7.659201025962829590e-01 8.081906437873840332e-01
7.268284559249877930e-01 6.845875978469848633e-01
7.670318484306335449e-01 7.247616648674011230e-01
5.319798588752746582e-01 5.491016507148742676e-01
6.777004003524780273e-01 7.264493107795715332e-01
6.872259378433227539e-01 8.037427663803100586e-01
7.365179657936096191e-01 6.165559291839599609e-01
6.657406091690063477e-01 6.394755244255065918e-01
5.938655734062194824e-01 7.757201790809631348e-01
5.449176430702209473e-01 6.507257223129272461e-01
7.204864025115966797e-01 8.720006942749023438e-01
4.919964969158172607e-01 5.755132436752319336e-01
7.915136814117431641e-01 7.140054702758789062e-01
6.543188691139221191e-01 6.649131178855895996e-01
7.778106331825256348e-01 7.838961482048034668e-01
5.879878997802734375e-01 8.002899885177612305e-01
5.565741062164306641e-01 7.834811806678771973e-01
6.876313090324401855e-01 6.509075760841369629e-01
7.889576554298400879e-01 7.328131198883056641e-01
7.366709709167480469e-01 4.652232229709625244e-01
7.823331952095031738e-01 8.016168475151062012e-01
6.799700260162353516e-01 5.593734383583068848e-01
7.142906188964843750e-01 5.512274503707885742e-01
7.084872722625732422e-01 7.832873463630676270e-01
7.263700962066650391e-01 5.404134988784790039e-01
6.838764548301696777e-01 7.682192325592041016e-01
6.842314600944519043e-01 6.703349351882934570e-01
6.032299995422363281e-01 6.794122457504272461e-01
7.117014527320861816e-01 6.060920953750610352e-01
7.043865919113159180e-01 7.611950635910034180e-01
6.171116828918457031e-01 8.007646799087524414e-01
5.397502779960632324e-01 5.971412062644958496e-01
6.337535381317138672e-01 6.634995341300964355e-01
7.640666365623474121e-01 5.745491981506347656e-01
6.770057082176208496e-01 5.122502446174621582e-01
7.199147343635559082e-01 8.325130939483642578e-01
6.920145750045776367e-01 7.452253699302673340e-01
5.309814810752868652e-01 5.959169268608093262e-01
6.634199619293212891e-01 5.385602712631225586e-01
7.121652960777282715e-01 7.505021095275878906e-01
8.026284575462341309e-01 7.742531895637512207e-01
7.375933527946472168e-01 6.740917563438415527e-01
7.430639266967773438e-01 5.078809261322021484e-01
6.816322803497314453e-01 7.561354637145996094e-01
6.403952240943908691e-01 7.961568832397460938e-01
5.105211734771728516e-01 6.930451393127441406e-01
6.183263659477233887e-01 7.274872064590454102e-01
7.750884294509887695e-01 7.649491429328918457e-01
5.915683507919311523e-01 6.968820095062255859e-01
7.815793156623840332e-01 6.895282268524169922e-01
6.487696170806884766e-01 7.098673582077026367e-01
7.567515373229980469e-01 7.860952019691467285e-01
6.307064294815063477e-01 7.898453474044799805e-01
6.902599930763244629e-01 7.285630702972412109e-01
7.902229428291320801e-01 8.370232582092285156e-01
7.110154628753662109e-01 7.263551950454711914e-01
7.515643835067749023e-01 5.383130908012390137e-01
7.242613434791564941e-01 7.608827352523803711e-01
7.538022398948669434e-01 6.605375409126281738e-01
6.820467710494995117e-01 7.685284018516540527e-01
5.460672974586486816e-01 5.330774188041687012e-01
7.864852547645568848e-01 7.731629014015197754e-01
7.143344283103942871e-01 7.502571940422058105e-01
7.640993595123291016e-01 7.110586166381835938e-01
7.579500079154968262e-01 7.057158350944519043e-01
7.336666584014892578e-01 7.120769619941711426e-01
5.541031360626220703e-01 7.085036039352416992e-01
5.783416628837585449e-01 7.530164718627929688e-01
6.245387792587280273e-01 6.821120381355285645e-01
6.870540976524353027e-01 6.715897917747497559e-01
7.342242002487182617e-01 7.686144113540649414e-01
6.928673982620239258e-01 3.947807848453521729e-01
6.958554983139038086e-01 6.741830110549926758e-01
5.584656596183776855e-01 5.480703115463256836e-01
7.527099251747131348e-01 7.526537775993347168e-01
7.356871962547302246e-01 5.854160785675048828e-01
7.954289913177490234e-01 8.083556294441223145e-01
7.486070394515991211e-01 7.433107495307922363e-01
6.675619482994079590e-01 7.964789271354675293e-01
8.042826652526855469e-01 6.985369324684143066e-01
6.066799163818359375e-01 5.755540132522583008e-01
6.769319772720336914e-01 7.047728300094604492e-01
7.468919157981872559e-01 7.922586798667907715e-01
5.015016198158264160e-01 7.045841813087463379e-01
6.011906266212463379e-01 4.331938326358795166e-01
7.313092947006225586e-01 6.260342001914978027e-01
7.264001965522766113e-01 6.085684299468994141e-01
7.912506461143493652e-01 7.322996854782104492e-01
6.784831285476684570e-01 6.250106096267700195e-01
7.486811280250549316e-01 7.338255047798156738e-01
7.781354784965515137e-01 6.788295507431030273e-01
7.646300196647644043e-01 6.534663438796997070e-01
6.245703101158142090e-01 6.821961402893066406e-01
6.394281983375549316e-01 7.176104784011840820e-01
6.176893711090087891e-01 6.690058112144470215e-01
5.040215253829956055e-01 6.900171637535095215e-01
7.603233456611633301e-01 6.935965418815612793e-01
7.162871360778808594e-01 7.175003886222839355e-01
5.514277219772338867e-01 6.852012872695922852e-01
7.481537461280822754e-01 7.379171848297119141e-01
7.836378812789916992e-01 8.479441404342651367e-01
6.392940878868103027e-01 8.471228480339050293e-01
7.001892328262329102e-01 8.443754315376281738e-01
6.964488625526428223e-01 6.519728302955627441e-01
6.731061935424804688e-01 7.137450575828552246e-01
6.623466610908508301e-01 6.867552399635314941e-01
6.352014541625976562e-01 8.202354907989501953e-01
4.648710787296295166e-01 6.999369263648986816e-01
5.447264909744262695e-01 6.632702946662902832e-01
5.932015180587768555e-01 5.420950055122375488e-01
7.326124310493469238e-01 4.477519989013671875e-01
6.169851422309875488e-01 5.627711415290832520e-01
6.037357449531555176e-01 6.277422904968261719e-01
6.799107789993286133e-01 4.585735797882080078e-01
7.605178356170654297e-01 6.415774822235107422e-01
7.842584848403930664e-01 8.335987925529479980e-01
5.056623816490173340e-01 7.391145825386047363e-01
7.053724527359008789e-01 6.132248640060424805e-01
6.163415908813476562e-01 7.221639752388000488e-01
7.567445635795593262e-01 8.090874552726745605e-01
6.355751156806945801e-01 7.454339861869812012e-01
7.828785181045532227e-01 7.909978032112121582e-01
7.521360516548156738e-01 7.781447172164916992e-01
5.376118421554565430e-01 6.903458833694458008e-01
7.271563410758972168e-01 6.718264818191528320e-01
7.438620328903198242e-01 8.314570784568786621e-01
7.486550807952880859e-01 5.987737774848937988e-01
7.232089042663574219e-01 7.280353903770446777e-01
7.048362493515014648e-01 5.126560926437377930e-01
7.083866000175476074e-01 7.423888444900512695e-01
6.631177067756652832e-01 6.572661995887756348e-01
7.733060717582702637e-01 7.178729772567749023e-01
6.684786081314086914e-01 7.087427377700805664e-01
7.378298640251159668e-01 7.338780760765075684e-01
5.356009602546691895e-01 7.519763112068176270e-01
7.641479372978210449e-01 7.434363961219787598e-01
6.941050291061401367e-01 7.180278897285461426e-01
6.728602647781372070e-01 7.621544003486633301e-01
6.981205344200134277e-01 6.981216073036193848e-01
7.766652703285217285e-01 7.770406603813171387e-01
6.418075561523437500e-01 4.841448664665222168e-01
7.061882019042968750e-01 5.550829172134399414e-01
7.588289380073547363e-01 7.507351636886596680e-01
6.901941299438476562e-01 7.598776817321777344e-01
7.707104682922363281e-01 7.422993183135986328e-01
6.595895886421203613e-01 7.711158394813537598e-01
7.599781155586242676e-01 7.299203276634216309e-01
7.558059096336364746e-01 7.684189677238464355e-01
6.676422357559204102e-01 8.244397044181823730e-01
6.854606866836547852e-01 6.022175550460815430e-01
7.055521011352539062e-01 7.981040477752685547e-01
6.341701149940490723e-01 5.970745086669921875e-01
6.294592022895812988e-01 6.705120801925659180e-01
7.349994778633117676e-01 7.751541733741760254e-01
7.279964685440063477e-01 7.398485541343688965e-01
8.054361343383789062e-01 7.570597529411315918e-01
7.219318747520446777e-01 8.242962360382080078e-01
7.109559774398803711e-01 7.468512654304504395e-01
7.652005553245544434e-01 6.729389429092407227e-01
7.694600820541381836e-01 6.349915266036987305e-01
6.472188234329223633e-01 6.066461205482482910e-01
6.271950006484985352e-01 7.287485003471374512e-01
6.464115977287292480e-01 8.343843221664428711e-01
6.691382527351379395e-01 5.368745326995849609e-01
7.510166168212890625e-01 5.001651644706726074e-01
7.006537318229675293e-01 5.665706992149353027e-01
7.082121968269348145e-01 8.364914655685424805e-01
6.976715326309204102e-01 8.140775561332702637e-01
7.367248535156250000e-01 5.407317876815795898e-01
6.562962532043457031e-01 6.837294697761535645e-01
5.877724289894104004e-01 7.104886174201965332e-01
7.191467285156250000e-01 5.752922296524047852e-01
6.059086918830871582e-01 6.687556505203247070e-01
5.942208170890808105e-01 6.041303277015686035e-01
7.599194049835205078e-01 7.620386481285095215e-01
7.497465610504150391e-01 6.876754164695739746e-01
6.521436572074890137e-01 7.449837327003479004e-01
7.787109613418579102e-01 7.980875968933105469e-01
6.853527426719665527e-01 7.773171067237854004e-01
7.370442152023315430e-01 5.560330748558044434e-01
6.780516505241394043e-01 5.659353733062744141e-01
6.854771375656127930e-01 7.239862084388732910e-01
4.921315014362335205e-01 7.066701054573059082e-01
7.845038771629333496e-01 8.781864643096923828e-01
8.022936582565307617e-01 7.460951209068298340e-01
7.440539002418518066e-01 6.520819664001464844e-01
6.709370017051696777e-01 5.690012574195861816e-01
7.336068749427795410e-01 7.471796274185180664e-01
6.101238727569580078e-01 6.737199425697326660e-01
7.137151956558227539e-01 6.087238192558288574e-01
6.239730715751647949e-01 6.082715392112731934e-01
6.143379807472229004e-01 7.846634984016418457e-01
7.472001910209655762e-01 7.542282938957214355e-01
7.257111072540283203e-01 6.765068173408508301e-01
7.460432052612304688e-01 7.536404728889465332e-01
6.246754527091979980e-01 4.035949110984802246e-01
7.014364600181579590e-01 7.194927334785461426e-01
7.467325329780578613e-01 7.698653340339660645e-01
7.537738680839538574e-01 7.135596275329589844e-01
6.725397109985351562e-01 7.080643177032470703e-01
7.035698294639587402e-01 7.955977916717529297e-01
4.958626031875610352e-01 7.090904116630554199e-01
6.220725178718566895e-01 6.040762662887573242e-01
6.651536226272583008e-01 7.975724339485168457e-01
6.289355754852294922e-01 7.349336743354797363e-01
6.495140194892883301e-01 8.017240166664123535e-01
7.614231705665588379e-01 5.942497253417968750e-01
7.597292065620422363e-01 6.538680791854858398e-01
5.943578481674194336e-01 7.962442636489868164e-01
7.432897090911865234e-01 6.620795726776123047e-01
6.064977049827575684e-01 7.791045308113098145e-01
5.554544925689697266e-01 7.925709486007690430e-01
7.199831604957580566e-01 6.371515989303588867e-01
7.393666505813598633e-01 7.586387991905212402e-01
7.093961238861083984e-01 6.450684070587158203e-01
7.195857763290405273e-01 7.443209290504455566e-01
7.299057245254516602e-01 7.468117475509643555e-01
6.476610898971557617e-01 7.162838578224182129e-01
5.997847914695739746e-01 5.169887542724609375e-01
6.144524216651916504e-01 7.549939751625061035e-01
7.192959189414978027e-01 7.020318508148193359e-01
7.183889150619506836e-01 7.126667499542236328e-01
6.006632447242736816e-01 5.960025191307067871e-01
5.808234810829162598e-01 7.400950193405151367e-01
8.259934186935424805e-01 7.983919978141784668e-01
7.362218499183654785e-01 7.797155380249023438e-01
8.133983612060546875e-01 7.071516513824462891e-01
8.054697513580322266e-01 8.056537508964538574e-01
6.442680358886718750e-01 8.096534013748168945e-01
6.211409568786621094e-01 5.713413953781127930e-01
7.264931201934814453e-01 8.313173651695251465e-01
6.447237133979797363e-01 7.290633320808410645e-01
7.608496546745300293e-01 7.722851634025573730e-01
6.539983749389648438e-01 5.743677616119384766e-01
6.239830851554870605e-01 8.057828545570373535e-01
5.668644309043884277e-01 5.159396529197692871e-01
6.733847856521606445e-01 6.591098308563232422e-01
7.249195575714111328e-01 5.629259943962097168e-01
6.944923400878906250e-01 5.136013627052307129e-01
7.640552520751953125e-01 8.476394414901733398e-01
6.822641491889953613e-01 6.916217207908630371e-01
5.838646292686462402e-01 6.706798672676086426e-01
5.761278867721557617e-01 7.040575146675109863e-01
7.861337661743164062e-01 8.192086219787597656e-01
7.192896008491516113e-01 7.419596910476684570e-01
7.624735236167907715e-01 8.610782027244567871e-01
7.856241464614868164e-01 6.411713957786560059e-01
6.944236159324645996e-01 7.979843020439147949e-01
7.229781150817871094e-01 6.452514529228210449e-01
6.804606318473815918e-01 7.432150244712829590e-01
6.817321181297302246e-01 5.691419243812561035e-01
6.604298949241638184e-01 7.388079166412353516e-01
6.823418140411376953e-01 8.017356395721435547e-01
5.396986007690429688e-01 5.463022589683532715e-01
6.180565953254699707e-01 7.408804297447204590e-01
7.685984373092651367e-01 7.633342146873474121e-01
6.563382148742675781e-01 7.774199247360229492e-01
7.468209862709045410e-01 8.121727108955383301e-01
7.590733766555786133e-01 7.975611090660095215e-01
7.680734992027282715e-01 8.473482728004455566e-01
7.344368100166320801e-01 6.866605281829833984e-01
6.995476484298706055e-01 7.579972147941589355e-01
6.964866518974304199e-01 6.650449633598327637e-01
