6.314993500709533691e-01 4.073180854320526123e-01
6.828401684761047363e-01 4.501559138298034668e-01
7.286073565483093262e-01 4.902206361293792725e-01
5.746053457260131836e-01 3.437396287918090820e-01
6.981281638145446777e-01 5.469684600830078125e-01
5.484541654586791992e-01 3.997722566127777100e-01
6.475177407264709473e-01 4.239788651466369629e-01
6.515355706214904785e-01 4.678876996040344238e-01
5.174435973167419434e-01 3.475917875766754150e-01
6.584855914115905762e-01 3.630545437335968018e-01
6.009109020233154297e-01 4.728192985057830811e-01
4.511680006980895996e-01 4.557755887508392334e-01
5.490678548812866211e-01 2.997571229934692383e-01
5.293990969657897949e-01 3.641544580459594727e-01
5.088530778884887695e-01 2.620912790298461914e-01
4.641083478927612305e-01 3.168736994266510010e-01
6.106953620910644531e-01 5.155776143074035645e-01
5.067840218544006348e-01 4.850563406944274902e-01
6.327983140945434570e-01 5.241940617561340332e-01
5.941476225852966309e-01 3.319611847400665283e-01
5.205973982810974121e-01 3.351380527019500732e-01
6.928668022155761719e-01 5.159127116203308105e-01
4.468097686767578125e-01 3.127845525741577148e-01
7.632970213890075684e-01 3.687914907932281494e-01
5.611227750778198242e-01 4.314142465591430664e-01
6.212396621704101562e-01 4.384424090385437012e-01
5.465083718299865723e-01 2.942019402980804443e-01
7.063733935356140137e-01 4.468574225902557373e-01
5.844785571098327637e-01 5.439693927764892578e-01
6.878451108932495117e-01 2.555956542491912842e-01
5.640981793403625488e-01 3.325637280941009521e-01
5.625323653221130371e-01 2.834172546863555908e-01
5.607782006263732910e-01 4.868998229503631592e-01
4.526581764221191406e-01 3.079164624214172363e-01
6.177342534065246582e-01 2.454243451356887817e-01
5.900793671607971191e-01 4.081869125366210938e-01
5.658845305442810059e-01 3.746848106384277344e-01
5.614879131317138672e-01 4.478979110717773438e-01
7.061518430709838867e-01 4.997596740722656250e-01
5.284639000892639160e-01 4.426758587360382080e-01
6.186938285827636719e-01 3.035201430320739746e-01
5.916227698326110840e-01 4.525250494480133057e-01
5.763568282127380371e-01 3.628720939159393311e-01
5.846556425094604492e-01 2.732101678848266602e-01
6.637424826622009277e-01 3.918917477130889893e-01
7.465345263481140137e-01 4.094876945018768311e-01
6.446605920791625977e-01 3.177398145198822021e-01
5.649709105491638184e-01 3.602678179740905762e-01
6.927207708358764648e-01 4.920603632926940918e-01
5.990017056465148926e-01 3.528870344161987305e-01
4.668395221233367920e-01 5.319541692733764648e-01
6.192513108253479004e-01 3.133485615253448486e-01
7.318744063377380371e-01 2.856815755367279053e-01
6.224563121795654297e-01 4.620883166790008545e-01
6.170762181282043457e-01 2.626904547214508057e-01
7.027439475059509277e-01 3.292965590953826904e-01
5.899716019630432129e-01 2.681814730167388916e-01
5.469124317169189453e-01 3.356205821037292480e-01
5.989077687263488770e-01 4.133602082729339600e-01
6.356722116470336914e-01 3.588804304599761963e-01
5.361692309379577637e-01 3.147280514240264893e-01
6.323717236518859863e-01 4.482161998748779297e-01
5.826038718223571777e-01 4.190571904182434082e-01
5.121552348136901855e-01 4.587202966213226318e-01
6.677833795547485352e-01 4.686285555362701416e-01
5.934348702430725098e-01 4.786062538623809814e-01
6.003425717353820801e-01 4.057258963584899902e-01
5.538209080696105957e-01 3.475248813629150391e-01
7.315439581871032715e-01 3.538684546947479248e-01
6.222978830337524414e-01 3.166851699352264404e-01
4.602253437042236328e-01 3.347812592983245850e-01
7.252811789512634277e-01 3.878230154514312744e-01
6.766042709350585938e-01 5.121965408325195312e-01
5.988159775733947754e-01 3.292076885700225830e-01
5.697871446609497070e-01 3.365049362182617188e-01
6.086524724960327148e-01 4.139091372489929199e-01
7.356774806976318359e-01 3.104608058929443359e-01
6.444203853607177734e-01 4.784847795963287354e-01
6.002158522605895996e-01 3.544503748416900635e-01
6.553149819374084473e-01 3.150396645069122314e-01
6.814814209938049316e-01 5.491765141487121582e-01
4.972899854183197021e-01 3.455791175365447998e-01
5.049179792404174805e-01 3.705234527587890625e-01
5.005503296852111816e-01 3.734962046146392822e-01
5.820421576499938965e-01 3.688460886478424072e-01
6.379849314689636230e-01 4.255356788635253906e-01
6.486490964889526367e-01 3.927541375160217285e-01
5.653564333915710449e-01 5.049310326576232910e-01
4.139875769615173340e-01 3.424605131149291992e-01
5.699166655540466309e-01 5.509020686149597168e-01
5.783205032348632812e-01 2.911594808101654053e-01
5.071364641189575195e-01 3.395526111125946045e-01
6.099007129669189453e-01 3.328695297241210938e-01
5.806294679641723633e-01 3.472580909729003906e-01
7.089633941650390625e-01 3.048081994056701660e-01
5.744254589080810547e-01 4.469216167926788330e-01
5.760902166366577148e-01 3.986362218856811523e-01
6.054579615592956543e-01 5.215278267860412598e-01
6.432095170021057129e-01 3.302563130855560303e-01
5.902738571166992188e-01 5.937924981117248535e-01
5.624733567237854004e-01 3.831582367420196533e-01
7.225637435913085938e-01 4.060298502445220947e-01
5.771128535270690918e-01 3.554089069366455078e-01
5.954428911209106445e-01 4.384253919124603271e-01
6.447132229804992676e-01 4.145437777042388916e-01
7.037931084632873535e-01 4.607613980770111084e-01
7.333848476409912109e-01 2.811113595962524414e-01
6.778521537780761719e-01 4.654963910579681396e-01
6.294901967048645020e-01 4.142763316631317139e-01
6.863729953765869141e-01 3.471078872680664062e-01
3.815115690231323242e-01 3.571513891220092773e-01
6.165071129798889160e-01 3.714266419410705566e-01
6.775912642478942871e-01 4.165164828300476074e-01
7.170757651329040527e-01 2.887957990169525146e-01
5.318168997764587402e-01 4.398709237575531006e-01
7.157737016677856445e-01 3.795590996742248535e-01
6.506673097610473633e-01 5.354065895080566406e-01
5.346201062202453613e-01 4.662738442420959473e-01
4.552829265594482422e-01 4.072641134262084961e-01
6.450908780097961426e-01 3.483611345291137695e-01
4.876179397106170654e-01 3.933591842651367188e-01
5.194064378738403320e-01 4.398072659969329834e-01
6.380770802497863770e-01 3.227615952491760254e-01
6.468279957771301270e-01 4.394084811210632324e-01
6.044614315032958984e-01 4.597122371196746826e-01
4.517366290092468262e-01 2.663631737232208252e-01
5.798729062080383301e-01 4.490804076194763184e-01
6.384990811347961426e-01 3.628824055194854736e-01
6.016190648078918457e-01 4.315944314002990723e-01
6.005125045776367188e-01 2.849107384681701660e-01
5.060426592826843262e-01 2.519205510616302490e-01
5.856236219406127930e-01 2.824437320232391357e-01
6.792840361595153809e-01 3.974786102771759033e-01
5.794800519943237305e-01 3.410415649414062500e-01
6.868759393692016602e-01 4.128899872303009033e-01
6.937783360481262207e-01 5.341478586196899414e-01
5.473012924194335938e-01 5.031933188438415527e-01
5.959162712097167969e-01 2.319818586111068726e-01
7.054508924484252930e-01 4.872179627418518066e-01
4.487745463848114014e-01 3.916711211204528809e-01
5.836050510406494141e-01 4.862757623195648193e-01
6.043921113014221191e-01 2.409137934446334839e-01
6.379058957099914551e-01 3.067212998867034912e-01
6.806167960166931152e-01 4.298266768455505371e-01
5.601999759674072266e-01 3.209679722785949707e-01
5.196111798286437988e-01 3.000349402427673340e-01
4.925135672092437744e-01 2.954336106777191162e-01
4.874176383018493652e-01 3.503642678260803223e-01
5.560940504074096680e-01 4.002565741539001465e-01
7.253196239471435547e-01 4.396260678768157959e-01
5.658353567123413086e-01 4.319973289966583252e-01
6.277921795845031738e-01 3.836387693881988525e-01
5.990135669708251953e-01 3.824154734611511230e-01
5.007299780845642090e-01 3.106317222118377686e-01
6.167321205139160156e-01 3.764986693859100342e-01
6.135348677635192871e-01 3.341152667999267578e-01
6.492370367050170898e-01 5.564420223236083984e-01
5.357118248939514160e-01 4.558386802673339844e-01
6.057208776473999023e-01 5.578846931457519531e-01
5.886341929435729980e-01 4.746339023113250732e-01
5.755946636199951172e-01 3.587637841701507568e-01
5.441001057624816895e-01 3.980756700038909912e-01
5.029635429382324219e-01 3.782258629798889160e-01
5.847885012626647949e-01 3.356834053993225098e-01
5.870501995086669922e-01 3.987132012844085693e-01
4.178446829319000244e-01 3.632839322090148926e-01
7.021649479866027832e-01 3.075862228870391846e-01
6.846892833709716797e-01 4.706136584281921387e-01
5.328192114830017090e-01 3.940320909023284912e-01
6.373639106750488281e-01 3.447489440441131592e-01
6.751179695129394531e-01 4.834574460983276367e-01
6.886211037635803223e-01 4.215715825557708740e-01
5.655255317687988281e-01 5.134212374687194824e-01
6.091700792312622070e-01 4.977374374866485596e-01
5.039802789688110352e-01 3.578827083110809326e-01
6.751300096511840820e-01 2.566729485988616943e-01
6.035402417182922363e-01 4.090546965599060059e-01
6.040810942649841309e-01 3.595099151134490967e-01
6.808577179908752441e-01 4.861508011817932129e-01
5.617347955703735352e-01 3.916729092597961426e-01
5.829960107803344727e-01 2.801034748554229736e-01
7.494179010391235352e-01 3.312022984027862549e-01
6.712970137596130371e-01 2.877404987812042236e-01
5.926591753959655762e-01 5.275523662567138672e-01
6.596435904502868652e-01 3.758368790149688721e-01
5.928908586502075195e-01 3.150836527347564697e-01
5.117147564888000488e-01 5.250186920166015625e-01
5.938727259635925293e-01 2.858909070491790771e-01
6.393012404441833496e-01 4.775033593177795410e-01
4.830387830734252930e-01 4.338634908199310303e-01
6.746592521667480469e-01 4.259393513202667236e-01
7.039715051651000977e-01 3.823234140872955322e-01
4.987813234329223633e-01 4.562661647796630859e-01
7.380704283714294434e-01 4.324451088905334473e-01
6.100253462791442871e-01 4.812972545623779297e-01
6.936593055725097656e-01 3.114758133888244629e-01
7.267954945564270020e-01 4.104731976985931396e-01
5.370277762413024902e-01 3.790059983730316162e-01
5.694643855094909668e-01 4.682372212409973145e-01
6.513509154319763184e-01 3.541481494903564453e-01
6.074118614196777344e-01 4.436517953872680664e-01
7.059350013732910156e-01 3.356875181198120117e-01
5.061084628105163574e-01 3.228299021720886230e-01
6.369435787200927734e-01 4.088706076145172119e-01
6.082401275634765625e-01 5.325651764869689941e-01
6.448606252670288086e-01 5.030525922775268555e-01
6.547915935516357422e-01 4.763759076595306396e-01
6.999350190162658691e-01 3.586527705192565918e-01
5.871710777282714844e-01 5.468471050262451172e-01
6.346108913421630859e-01 3.648962974548339844e-01
6.037802100181579590e-01 3.059168159961700439e-01
7.011877298355102539e-01 3.165207207202911377e-01
4.898053407669067383e-01 4.805606305599212646e-01
6.028258800506591797e-01 3.150011897087097168e-01
6.511843204498291016e-01 3.594895899295806885e-01
7.033801674842834473e-01 3.494933843612670898e-01
5.687546133995056152e-01 3.979427814483642578e-01
5.948505401611328125e-01 3.247936367988586426e-01
6.826633810997009277e-01 2.448033094406127930e-01
6.031174063682556152e-01 3.425920009613037109e-01
6.816594600677490234e-01 5.018020272254943848e-01
7.122743129730224609e-01 5.562893152236938477e-01
6.596496105194091797e-01 4.918397963047027588e-01
5.288746356964111328e-01 4.431620240211486816e-01
7.437598705291748047e-01 4.741026163101196289e-01
5.811719894409179688e-01 3.737450540065765381e-01
6.868949532508850098e-01 5.020455718040466309e-01
5.672292709350585938e-01 5.993691682815551758e-01
6.904085874557495117e-01 5.973446369171142578e-01
5.327359437942504883e-01 3.612962067127227783e-01
7.021730542182922363e-01 2.991733849048614502e-01
5.330313444137573242e-01 4.401770830154418945e-01
5.511122941970825195e-01 4.071748554706573486e-01
5.482974052429199219e-01 4.133425056934356689e-01
5.728858709335327148e-01 3.177994489669799805e-01
6.615394353866577148e-01 4.607110619544982910e-01
7.396179437637329102e-01 4.917447865009307861e-01
6.196885704994201660e-01 4.319819211959838867e-01
5.100477337837219238e-01 3.510442078113555908e-01
6.697008013725280762e-01 2.969209253787994385e-01
6.095223426818847656e-01 4.840885698795318604e-01
6.266674399375915527e-01 3.115097284317016602e-01
6.793811917304992676e-01 5.341567993164062500e-01
5.033895373344421387e-01 3.796601891517639160e-01
6.194127202033996582e-01 5.342679023742675781e-01
5.556632280349731445e-01 3.237952589988708496e-01
6.847665905952453613e-01 4.735368788242340088e-01
6.736971735954284668e-01 5.573354363441467285e-01
6.636698246002197266e-01 5.401585102081298828e-01
5.434653759002685547e-01 3.750872015953063965e-01
5.490713715553283691e-01 2.875882089138031006e-01
5.533146858215332031e-01 3.724328279495239258e-01
6.545131206512451172e-01 5.606071949005126953e-01
6.562286019325256348e-01 3.054693937301635742e-01
7.069681286811828613e-01 4.861415624618530273e-01
5.534991025924682617e-01 3.239126205444335938e-01
6.193856596946716309e-01 5.633723139762878418e-01
7.362494468688964844e-01 4.076689779758453369e-01
6.755841374397277832e-01 3.491200506687164307e-01
5.511894822120666504e-01 4.918119013309478760e-01
6.066541075706481934e-01 2.828224301338195801e-01
7.546855807304382324e-01 3.556964993476867676e-01
7.348725795745849609e-01 4.631128311157226562e-01
6.586184501647949219e-01 3.740465641021728516e-01
4.976883530616760254e-01 4.768891632556915283e-01
5.393848419189453125e-01 4.808192253112792969e-01
6.001565456390380859e-01 3.944541513919830322e-01
6.197753548622131348e-01 4.770789742469787598e-01
6.205749511718750000e-01 3.508111834526062012e-01
6.141020655632019043e-01 5.129195451736450195e-01
4.734441637992858887e-01 5.157517194747924805e-01
5.814371705055236816e-01 6.361799240112304688e-01
5.162619948387145996e-01 3.866699337959289551e-01
5.778263807296752930e-01 3.587231636047363281e-01
6.147706508636474609e-01 2.754541933536529541e-01
6.813355684280395508e-01 4.598785340785980225e-01
5.568940043449401855e-01 2.887753248214721680e-01
6.493996381759643555e-01 4.539967775344848633e-01
5.108161568641662598e-01 3.079428374767303467e-01
5.525256991386413574e-01 4.644013345241546631e-01
5.790067911148071289e-01 2.759636342525482178e-01
6.348581910133361816e-01 4.743282794952392578e-01
5.815162658691406250e-01 3.764136433601379395e-01
6.399859189987182617e-01 5.392473936080932617e-01
5.250197649002075195e-01 3.193985223770141602e-01
6.392845511436462402e-01 4.119910895824432373e-01
7.009869813919067383e-01 3.940492272377014160e-01
5.100652575492858887e-01 4.411017298698425293e-01
6.964669823646545410e-01 5.615724921226501465e-01
6.205937266349792480e-01 4.854650497436523438e-01
4.300568103790283203e-01 4.465923905372619629e-01
5.539998412132263184e-01 3.556862473487854004e-01
6.342920064926147461e-01 5.146862268447875977e-01
4.886814653873443604e-01 3.795447349548339844e-01
6.258834004402160645e-01 3.699169456958770752e-01
4.642812609672546387e-01 4.015664756298065186e-01
4.823024868965148926e-01 3.851430416107177734e-01
7.271560430526733398e-01 4.054654240608215332e-01
6.334425210952758789e-01 3.044942021369934082e-01
5.481869578361511230e-01 4.243021607398986816e-01
5.193173289299011230e-01 4.780406951904296875e-01
5.014553070068359375e-01 3.211662471294403076e-01
6.435174345970153809e-01 5.509333014488220215e-01
5.651575922966003418e-01 3.192410171031951904e-01
5.252503752708435059e-01 4.357616007328033447e-01
6.874728798866271973e-01 5.541835427284240723e-01
5.417842864990234375e-01 3.756657242774963379e-01
6.129270792007446289e-01 2.689982652664184570e-01
7.043322920799255371e-01 3.826818168163299561e-01
7.252073287963867188e-01 3.854887783527374268e-01
6.253548860549926758e-01 2.993885874748229980e-01
7.037724852561950684e-01 5.241054296493530273e-01
5.063301920890808105e-01 4.276481568813323975e-01
6.329868435859680176e-01 6.072462201118469238e-01
6.937105059623718262e-01 5.515551567077636719e-01
6.445196270942687988e-01 3.425855934619903564e-01
5.951313376426696777e-01 4.484675228595733643e-01
6.510125994682312012e-01 3.604929447174072266e-01
5.868656039237976074e-01 5.191103816032409668e-01
5.395448207855224609e-01 4.195247888565063477e-01
5.298616290092468262e-01 3.602412045001983643e-01
6.526941657066345215e-01 4.913699328899383545e-01
5.616641640663146973e-01 2.885490953922271729e-01
5.486164689064025879e-01 3.359737694263458252e-01
6.078657507896423340e-01 5.270880460739135742e-01
5.959588885307312012e-01 4.880574941635131836e-01
7.206078767776489258e-01 5.469171404838562012e-01
5.197691321372985840e-01 3.092583715915679932e-01
6.939987540245056152e-01 3.625907301902770996e-01
5.578897595405578613e-01 4.987226724624633789e-01
6.108818650245666504e-01 4.468244314193725586e-01
6.001574397087097168e-01 3.336631357669830322e-01
4.902630150318145752e-01 4.135618805885314941e-01
6.553092598915100098e-01 3.125159442424774170e-01
6.980771422386169434e-01 6.237900853157043457e-01
5.162515640258789062e-01 3.742071092128753662e-01
7.149339914321899414e-01 3.644678294658660889e-01
6.294366121292114258e-01 3.453401327133178711e-01
7.077221870422363281e-01 6.240817904472351074e-01
6.484972238540649414e-01 5.225526690483093262e-01
7.290349006652832031e-01 3.255828619003295898e-01
6.694411039352416992e-01 3.937890529632568359e-01
5.830519199371337891e-01 2.537749409675598145e-01
5.612692236900329590e-01 3.776235580444335938e-01
6.150583028793334961e-01 5.373710393905639648e-01
5.948154330253601074e-01 3.478078544139862061e-01
6.364991068840026855e-01 3.000306785106658936e-01
6.502214670181274414e-01 3.357162177562713623e-01
7.216921448707580566e-01 5.428383946418762207e-01
7.345932722091674805e-01 4.254974424839019775e-01
6.611605286598205566e-01 5.365317463874816895e-01
6.012983918190002441e-01 4.826295375823974609e-01
6.591737270355224609e-01 3.994615077972412109e-01
6.715019941329956055e-01 3.495071232318878174e-01
5.250229835510253906e-01 3.932308852672576904e-01
4.743217527866363525e-01 3.616439700126647949e-01
5.533545017242431641e-01 4.766452610492706299e-01
5.836141109466552734e-01 4.567827880382537842e-01
6.524742245674133301e-01 3.562990128993988037e-01
6.792601346969604492e-01 5.075166821479797363e-01
6.533645391464233398e-01 3.589400649070739746e-01
5.633144974708557129e-01 3.201324939727783203e-01
6.425324678421020508e-01 4.391071498394012451e-01
6.228443384170532227e-01 4.106733500957489014e-01
7.421784996986389160e-01 5.016270279884338379e-01
5.593507289886474609e-01 4.527587294578552246e-01
7.370830774307250977e-01 5.131841897964477539e-01
5.590427517890930176e-01 3.720278739929199219e-01
6.800943017005920410e-01 3.504556119441986084e-01
7.201991081237792969e-01 6.238515973091125488e-01
6.608331203460693359e-01 4.968751370906829834e-01
6.268232464790344238e-01 5.764212012290954590e-01
6.476708054542541504e-01 5.702030062675476074e-01
5.902805328369140625e-01 4.797793328762054443e-01
6.907622814178466797e-01 4.391213059425354004e-01
5.169712305068969727e-01 3.601760566234588623e-01
6.068020462989807129e-01 4.435998499393463135e-01
6.529784798622131348e-01 4.845299720764160156e-01
5.497358441352844238e-01 4.272157847881317139e-01
5.872854590415954590e-01 4.683871865272521973e-01
5.791605114936828613e-01 4.847902655601501465e-01
7.247304916381835938e-01 2.926720678806304932e-01
6.248878240585327148e-01 4.861935377120971680e-01
5.589799284934997559e-01 3.851109445095062256e-01
6.934290528297424316e-01 5.495147109031677246e-01
6.155329942703247070e-01 3.048207461833953857e-01
5.292727947235107422e-01 3.609175086021423340e-01
6.347903013229370117e-01 5.254075527191162109e-01
5.317911505699157715e-01 4.459095001220703125e-01
5.808978080749511719e-01 4.915627539157867432e-01
6.704069375991821289e-01 4.161017537117004395e-01
6.056254506111145020e-01 3.224547505378723145e-01
5.490376949310302734e-01 5.835717916488647461e-01
5.928819179534912109e-01 5.064314007759094238e-01
7.324299216270446777e-01 4.821305871009826660e-01
4.310345947742462158e-01 3.769124448299407959e-01
4.930347502231597900e-01 3.355813920497894287e-01
5.456156730651855469e-01 4.239197075366973877e-01
5.500005483627319336e-01 4.910736083984375000e-01
3.969010114669799805e-01 3.600411415100097656e-01
6.180058121681213379e-01 3.867071568965911865e-01
6.563882827758789062e-01 5.733542442321777344e-01
4.974482953548431396e-01 3.773687779903411865e-01
5.718910694122314453e-01 4.518810212612152100e-01
6.689989566802978516e-01 5.259688496589660645e-01
6.344317197799682617e-01 3.883745968341827393e-01
6.019582748413085938e-01 5.058555603027343750e-01
6.702260971069335938e-01 3.088022768497467041e-01
5.012864470481872559e-01 4.440173506736755371e-01
6.016109585762023926e-01 5.434630513191223145e-01
6.226503252983093262e-01 4.810712039470672607e-01
4.322187304496765137e-01 4.114268422126770020e-01
7.361125946044921875e-01 3.822413384914398193e-01
4.490590691566467285e-01 3.788266479969024658e-01
7.313882112503051758e-01 5.043398737907409668e-01
7.179418206214904785e-01 4.748381972312927246e-01
6.275556683540344238e-01 5.744589567184448242e-01
6.679711341857910156e-01 5.100350975990295410e-01
5.559335350990295410e-01 3.977802395820617676e-01
6.467819213867187500e-01 4.231090843677520752e-01
7.460841536521911621e-01 4.006353616714477539e-01
5.952010154724121094e-01 3.462373018264770508e-01
5.514274239540100098e-01 4.952315688133239746e-01
7.272930145263671875e-01 4.703960120677947998e-01
7.004875540733337402e-01 3.433000743389129639e-01
6.745892167091369629e-01 4.440576732158660889e-01
5.018458366394042969e-01 3.908971548080444336e-01
6.674694418907165527e-01 4.462369382381439209e-01
5.363088846206665039e-01 4.211233258247375488e-01
7.340350151062011719e-01 6.188762784004211426e-01
7.004718184471130371e-01 4.367678761482238770e-01
5.934857726097106934e-01 3.330831229686737061e-01
5.301135182380676270e-01 3.917119204998016357e-01
4.771998524665832520e-01 3.414388000965118408e-01
7.306461930274963379e-01 4.294897019863128662e-01
6.867223381996154785e-01 6.022524237632751465e-01
5.917911529541015625e-01 3.203365504741668701e-01
6.892481446266174316e-01 5.378857254981994629e-01
6.027907133102416992e-01 5.011062026023864746e-01
5.049138069152832031e-01 3.130982220172882080e-01
6.129913926124572754e-01 5.475746989250183105e-01
7.068277597427368164e-01 5.340212583541870117e-01
5.949947237968444824e-01 2.852264046669006348e-01
6.798643469810485840e-01 3.744854927062988281e-01
7.376428246498107910e-01 3.282278180122375488e-01
7.393979430198669434e-01 4.258473217487335205e-01
6.433182358741760254e-01 5.320505499839782715e-01
6.493376493453979492e-01 5.578009486198425293e-01
5.962255597114562988e-01 3.805534839630126953e-01
4.133539795875549316e-01 3.631905913352966309e-01
4.955400228500366211e-01 3.423923552036285400e-01
6.610996127128601074e-01 3.737103939056396484e-01
6.346936225891113281e-01 5.686333775520324707e-01
5.699906349182128906e-01 4.870390892028808594e-01
5.807330608367919922e-01 6.113443970680236816e-01
6.101799607276916504e-01 4.703938961029052734e-01
4.903321564197540283e-01 5.472209453582763672e-01
5.648381114006042480e-01 3.637046515941619873e-01
7.411297559738159180e-01 4.537076950073242188e-01
6.522511243820190430e-01 5.746976137161254883e-01
7.291629314422607422e-01 5.031554698944091797e-01
4.777283072471618652e-01 5.044471025466918945e-01
6.763039231300354004e-01 5.834537148475646973e-01
5.693420767784118652e-01 4.362504780292510986e-01
6.243627071380615234e-01 4.034196138381958008e-01
5.364214181900024414e-01 5.287179946899414062e-01
5.238143801689147949e-01 3.503751456737518311e-01
7.392073869705200195e-01 6.361525654792785645e-01
5.328181982040405273e-01 4.157215654850006104e-01
6.445543766021728516e-01 6.033211946487426758e-01
5.313937664031982422e-01 3.542440235614776611e-01
6.583876609802246094e-01 6.152398586273193359e-01
6.461913585662841797e-01 4.838421940803527832e-01
7.138037681579589844e-01 5.396680235862731934e-01
7.645000219345092773e-01 4.970888793468475342e-01
6.364147067070007324e-01 4.902329444885253906e-01
7.061881422996520996e-01 4.213597476482391357e-01
7.374117970466613770e-01 4.811628162860870361e-01
4.515874683856964111e-01 3.402765393257141113e-01
6.050220131874084473e-01 4.975851476192474365e-01
6.229788064956665039e-01 5.053024888038635254e-01
6.152744889259338379e-01 2.747402787208557129e-01
6.106591820716857910e-01 4.544042348861694336e-01
6.449854373931884766e-01 5.118470788002014160e-01
5.635001063346862793e-01 3.509709537029266357e-01
4.883033633232116699e-01 4.104217588901519775e-01
4.991090893745422363e-01 3.664523363113403320e-01
6.335322856903076172e-01 5.347724556922912598e-01
7.373837828636169434e-01 6.301618218421936035e-01
6.202737092971801758e-01 3.535989522933959961e-01
6.055396795272827148e-01 5.474774837493896484e-01
5.613330006599426270e-01 5.440245866775512695e-01
6.072693467140197754e-01 4.853454828262329102e-01
5.086844563484191895e-01 4.138135015964508057e-01
7.065738439559936523e-01 5.708454847335815430e-01
5.668256878852844238e-01 4.290733039379119873e-01
6.034985184669494629e-01 3.772327303886413574e-01
6.972157955169677734e-01 3.043461143970489502e-01
6.088195443153381348e-01 4.099506437778472900e-01
7.363899946212768555e-01 4.068743288516998291e-01
7.282572388648986816e-01 5.390437841415405273e-01
6.885877847671508789e-01 6.134756207466125488e-01
5.807947516441345215e-01 4.675587117671966553e-01
5.187913775444030762e-01 4.799432754516601562e-01
5.273709297180175781e-01 3.576087057590484619e-01
7.461197972297668457e-01 6.289970278739929199e-01
5.672048330307006836e-01 4.577247202396392822e-01
7.165241241455078125e-01 3.280486464500427246e-01
7.641580104827880859e-01 4.097673296928405762e-01
6.674611568450927734e-01 5.319430232048034668e-01
4.903494715690612793e-01 5.201250314712524414e-01
5.209460258483886719e-01 5.363201498985290527e-01
5.633156895637512207e-01 4.370583891868591309e-01
6.000698208808898926e-01 3.631036877632141113e-01
5.486111640930175781e-01 5.762635469436645508e-01
6.218280196189880371e-01 6.067839264869689941e-01
6.388381719589233398e-01 3.254993557929992676e-01
5.935393571853637695e-01 3.460981845855712891e-01
6.716343164443969727e-01 4.175008833408355713e-01
6.928868293762207031e-01 6.620019078254699707e-01
5.480362176895141602e-01 3.817383646965026855e-01
6.640452146530151367e-01 4.018378257751464844e-01
6.486523747444152832e-01 4.803584218025207520e-01
6.552227139472961426e-01 3.696629703044891357e-01
5.788809061050415039e-01 4.896588623523712158e-01
6.683373451232910156e-01 5.533632040023803711e-01
5.516971349716186523e-01 3.881579935550689697e-01
5.199688673019409180e-01 4.810229837894439697e-01
5.954043865203857422e-01 4.316199421882629395e-01
5.884476900100708008e-01 4.556830823421478271e-01
5.697953104972839355e-01 4.468359053134918213e-01
5.605790019035339355e-01 4.982565045356750488e-01
6.482026576995849609e-01 4.719246923923492432e-01
6.897593736648559570e-01 3.574807941913604736e-01
6.705752015113830566e-01 6.336312294006347656e-01
6.579941511154174805e-01 4.462009966373443604e-01
6.928772330284118652e-01 3.772103488445281982e-01
6.663399934768676758e-01 3.199336528778076172e-01
5.264373421669006348e-01 4.595277607440948486e-01
6.110928654670715332e-01 5.833242535591125488e-01
5.738089680671691895e-01 5.448459982872009277e-01
5.341337323188781738e-01 6.044859290122985840e-01
6.005757451057434082e-01 4.121196269989013672e-01
6.887899637222290039e-01 4.589684605598449707e-01
5.573253631591796875e-01 3.548410832881927490e-01
5.980486869812011719e-01 6.313045620918273926e-01
6.232289075851440430e-01 5.140145421028137207e-01
6.643697619438171387e-01 5.779194831848144531e-01
6.587006449699401855e-01 4.086025953292846680e-01
5.062665939331054688e-01 4.210509061813354492e-01
5.596684217453002930e-01 4.577092230319976807e-01
7.496281266212463379e-01 6.231905221939086914e-01
7.453563809394836426e-01 4.858501553535461426e-01
7.394649982452392578e-01 5.597705245018005371e-01
5.250543951988220215e-01 5.865765810012817383e-01
4.868490695953369141e-01 3.970040082931518555e-01
5.724726319313049316e-01 3.979870975017547607e-01
5.955872535705566406e-01 4.484094679355621338e-01
4.697920083999633789e-01 3.885385096073150635e-01
6.112407445907592773e-01 6.045480966567993164e-01
5.954183936119079590e-01 5.157141089439392090e-01
5.749875903129577637e-01 4.496867060661315918e-01
7.401465773582458496e-01 3.444166481494903564e-01
5.162636041641235352e-01 4.421001970767974854e-01
7.181650400161743164e-01 6.441395282745361328e-01
4.790771901607513428e-01 4.687385261058807373e-01
6.420865654945373535e-01 4.630511999130249023e-01
6.529077887535095215e-01 4.507658183574676514e-01
6.994190216064453125e-01 6.173512339591979980e-01
7.134325504302978516e-01 6.449823975563049316e-01
7.375981807708740234e-01 6.838918328285217285e-01
4.534782171249389648e-01 5.425754785537719727e-01
6.261369585990905762e-01 4.051674902439117432e-01
5.176434516906738281e-01 5.812486410140991211e-01
7.031830549240112305e-01 4.459472894668579102e-01
5.439786911010742188e-01 4.939742982387542725e-01
6.005258560180664062e-01 4.040096402168273926e-01
5.148231387138366699e-01 4.175581336021423340e-01
5.731570720672607422e-01 4.838747382164001465e-01
7.395591735839843750e-01 4.837200641632080078e-01
6.313274502754211426e-01 3.752792477607727051e-01
6.766751408576965332e-01 4.527647495269775391e-01
6.616100668907165527e-01 5.414961576461791992e-01
6.048218011856079102e-01 4.345825612545013428e-01
5.720456838607788086e-01 5.533104538917541504e-01
5.576193332672119141e-01 4.090367853641510010e-01
6.562169194221496582e-01 4.470631480216979980e-01
7.009338736534118652e-01 4.776812493801116943e-01
6.352989673614501953e-01 4.563338756561279297e-01
5.066428780555725098e-01 4.792700409889221191e-01
6.313223838806152344e-01 5.137084126472473145e-01
6.415975093841552734e-01 5.555126070976257324e-01
6.079676747322082520e-01 5.278316140174865723e-01
7.289190888404846191e-01 5.529931187629699707e-01
6.521897912025451660e-01 3.333125114440917969e-01
6.923775672912597656e-01 4.728941321372985840e-01
5.647459030151367188e-01 5.250137448310852051e-01
6.663740873336791992e-01 4.379338324069976807e-01
5.741252303123474121e-01 3.801692724227905273e-01
5.274229049682617188e-01 4.031342566013336182e-01
5.677493214607238770e-01 4.804347753524780273e-01
6.401849389076232910e-01 5.336568951606750488e-01
7.431037425994873047e-01 6.414346694946289062e-01
6.681362986564636230e-01 5.410728454589843750e-01
6.075421571731567383e-01 5.209003686904907227e-01
5.955128073692321777e-01 4.047743678092956543e-01
7.187480926513671875e-01 6.600038409233093262e-01
6.755951046943664551e-01 4.828022122383117676e-01
4.779168963432312012e-01 4.159853160381317139e-01
7.300392985343933105e-01 5.165104866027832031e-01
6.605618000030517578e-01 5.248084068298339844e-01
6.050419807434082031e-01 4.679795205593109131e-01
6.060593128204345703e-01 4.961573779582977295e-01
6.808745861053466797e-01 5.562520623207092285e-01
7.528648972511291504e-01 5.109617114067077637e-01
6.567401289939880371e-01 5.096392035484313965e-01
7.789860367774963379e-01 4.179032742977142334e-01
6.318697929382324219e-01 3.420163393020629883e-01
6.159711480140686035e-01 5.965123176574707031e-01
7.391901016235351562e-01 5.055667757987976074e-01
5.545056462287902832e-01 3.114759027957916260e-01
6.176553964614868164e-01 4.123786985874176025e-01
6.173753142356872559e-01 6.525598764419555664e-01
5.850049853324890137e-01 5.040518045425415039e-01
4.741214513778686523e-01 3.972017765045166016e-01
6.426174044609069824e-01 5.151980519294738770e-01
6.460481286048889160e-01 5.845168828964233398e-01
6.814159154891967773e-01 3.128429949283599854e-01
6.579264402389526367e-01 5.281724929809570312e-01
6.402083039283752441e-01 4.364363253116607666e-01
6.244012713432312012e-01 5.857100486755371094e-01
5.628403425216674805e-01 4.324495494365692139e-01
5.030797123908996582e-01 4.116770029067993164e-01
6.128402948379516602e-01 4.820288419723510742e-01
5.349066853523254395e-01 3.909782767295837402e-01
5.282214283943176270e-01 3.833252191543579102e-01
5.222969055175781250e-01 5.086979866027832031e-01
6.873915791511535645e-01 3.927532434463500977e-01
6.057408452033996582e-01 4.225988686084747314e-01
5.100881457328796387e-01 4.826099872589111328e-01
7.137891650199890137e-01 4.241338372230529785e-01
5.865389108657836914e-01 4.057521820068359375e-01
5.674702525138854980e-01 3.686010539531707764e-01
7.465955615043640137e-01 5.492787361145019531e-01
5.384693741798400879e-01 4.937078952789306641e-01
5.806630849838256836e-01 4.520559012889862061e-01
7.257383465766906738e-01 6.691182255744934082e-01
6.973381638526916504e-01 5.532997846603393555e-01
5.691795349121093750e-01 4.668405055999755859e-01
6.847215294837951660e-01 5.699297785758972168e-01
7.504917979240417480e-01 6.685699820518493652e-01
7.197586297988891602e-01 5.599443316459655762e-01
7.673531770706176758e-01 5.734511613845825195e-01
6.500444412231445312e-01 4.417403638362884521e-01
7.094530463218688965e-01 5.131928324699401855e-01
6.303868889808654785e-01 4.552725553512573242e-01
6.767743229866027832e-01 4.804415404796600342e-01
6.355169415473937988e-01 5.572535991668701172e-01
5.177599787712097168e-01 5.148277282714843750e-01
7.613177895545959473e-01 4.386369585990905762e-01
6.096218824386596680e-01 4.871506094932556152e-01
5.417460799217224121e-01 4.828746020793914795e-01
5.637765526771545410e-01 4.287981092929840088e-01
6.633588671684265137e-01 6.388629674911499023e-01
5.531601905822753906e-01 5.716401934623718262e-01
5.907025933265686035e-01 4.275051951408386230e-01
5.979225039482116699e-01 6.188374757766723633e-01
5.036674141883850098e-01 3.582613468170166016e-01
5.804183483123779297e-01 6.340605020523071289e-01
7.697381377220153809e-01 4.923735857009887695e-01
6.745688319206237793e-01 5.702697038650512695e-01
7.159799337387084961e-01 6.090554594993591309e-01
6.932585239410400391e-01 4.795545041561126709e-01
7.027701735496520996e-01 4.190662503242492676e-01
7.025398612022399902e-01 5.236150026321411133e-01
6.585710048675537109e-01 5.407860279083251953e-01
7.197844386100769043e-01 3.939551413059234619e-01
5.351416468620300293e-01 5.847893953323364258e-01
7.461907863616943359e-01 6.355071067810058594e-01
7.344781756401062012e-01 5.666227936744689941e-01
7.075654268264770508e-01 6.611852049827575684e-01
7.238337993621826172e-01 7.034627795219421387e-01
7.393968701362609863e-01 3.846438229084014893e-01
7.145503163337707520e-01 6.624215841293334961e-01
7.385634779930114746e-01 6.722556948661804199e-01
7.223063111305236816e-01 5.471439361572265625e-01
6.502152681350708008e-01 6.984191536903381348e-01
6.862490177154541016e-01 4.599514305591583252e-01
6.985729932785034180e-01 5.350173115730285645e-01
6.919019222259521484e-01 6.100071668624877930e-01
5.728030204772949219e-01 4.894322156906127930e-01
6.145421862602233887e-01 4.855079054832458496e-01
5.551283955574035645e-01 3.541090786457061768e-01
4.823242723941802979e-01 4.617535471916198730e-01
7.025328278541564941e-01 6.384512782096862793e-01
7.256501317024230957e-01 6.369252204895019531e-01
6.189056038856506348e-01 5.240018367767333984e-01
6.859282851219177246e-01 5.012494921684265137e-01
5.825794339179992676e-01 6.188393831253051758e-01
7.434608936309814453e-01 4.581110179424285889e-01
5.012125968933105469e-01 4.810469448566436768e-01
7.577704787254333496e-01 7.215114235877990723e-01
7.219868302345275879e-01 5.674572587013244629e-01
6.607185006141662598e-01 5.731316208839416504e-01
6.030256152153015137e-01 6.079308390617370605e-01
5.828682780265808105e-01 4.603728055953979492e-01
8.003785014152526855e-01 4.669353365898132324e-01
7.302337288856506348e-01 5.597967505455017090e-01
6.616515517234802246e-01 5.602813363075256348e-01
6.935445666313171387e-01 6.127300858497619629e-01
6.562813520431518555e-01 3.212631046772003174e-01
5.374441742897033691e-01 4.224940240383148193e-01
6.146993637084960938e-01 5.427312254905700684e-01
6.973037719726562500e-01 4.894277155399322510e-01
5.291761755943298340e-01 4.554156363010406494e-01
6.679711937904357910e-01 6.108307242393493652e-01
6.064371466636657715e-01 4.294088482856750488e-01
6.505464911460876465e-01 5.620758533477783203e-01
5.473887920379638672e-01 4.165732562541961670e-01
6.751856207847595215e-01 5.329922437667846680e-01
5.269447565078735352e-01 4.300054907798767090e-01
6.689079999923706055e-01 5.866891741752624512e-01
6.793804764747619629e-01 5.511477589607238770e-01
7.484799027442932129e-01 4.120363891124725342e-01
4.628880918025970459e-01 5.041782259941101074e-01
5.905732512474060059e-01 4.952898025512695312e-01
6.641004681587219238e-01 4.381096363067626953e-01
7.296695709228515625e-01 7.215346693992614746e-01
7.792292833328247070e-01 4.789001941680908203e-01
5.956175327301025391e-01 4.894296228885650635e-01
7.283511161804199219e-01 5.480576753616333008e-01
6.538617610931396484e-01 6.346368789672851562e-01
6.822388768196105957e-01 5.446376204490661621e-01
6.071862578392028809e-01 4.362446069717407227e-01
6.797446012496948242e-01 4.592468738555908203e-01
7.140014767646789551e-01 5.694936513900756836e-01
6.503993272781372070e-01 5.547974705696105957e-01
7.273538112640380859e-01 5.157240033149719238e-01
7.036458849906921387e-01 5.778053402900695801e-01
4.997038543224334717e-01 3.966537415981292725e-01
7.096934914588928223e-01 5.510906577110290527e-01
6.864813566207885742e-01 5.843564271926879883e-01
7.384362816810607910e-01 6.024008989334106445e-01
7.673013210296630859e-01 7.251559495925903320e-01
6.624546647071838379e-01 5.435840487480163574e-01
7.211737036705017090e-01 5.055829286575317383e-01
5.972762703895568848e-01 5.613430142402648926e-01
4.029055535793304443e-01 4.378703534603118896e-01
6.241653561592102051e-01 6.773660778999328613e-01
5.498779416084289551e-01 4.478686749935150146e-01
7.289056181907653809e-01 6.696321368217468262e-01
4.992876946926116943e-01 5.857179760932922363e-01
7.039021849632263184e-01 6.891887784004211426e-01
7.532703280448913574e-01 5.539919137954711914e-01
6.814218759536743164e-01 5.307934284210205078e-01
5.198595523834228516e-01 5.322048068046569824e-01
7.572551369667053223e-01 4.638348817825317383e-01
6.495176553726196289e-01 6.620814800262451172e-01
7.749888896942138672e-01 6.325488090515136719e-01
5.963097810745239258e-01 5.142705440521240234e-01
4.638188481330871582e-01 6.303273439407348633e-01
5.633996129035949707e-01 4.965167641639709473e-01
5.108965039253234863e-01 6.284422874450683594e-01
5.867615342140197754e-01 5.653432607650756836e-01
5.517743825912475586e-01 5.529515743255615234e-01
6.600467562675476074e-01 4.460128545761108398e-01
5.621370673179626465e-01 3.960870802402496338e-01
5.330181121826171875e-01 6.244190931320190430e-01
7.232627868652343750e-01 6.119611263275146484e-01
6.828547120094299316e-01 6.133274435997009277e-01
7.156496047973632812e-01 7.074092626571655273e-01
7.629440426826477051e-01 6.504820585250854492e-01
6.051027774810791016e-01 5.197439789772033691e-01
6.287298798561096191e-01 5.120990872383117676e-01
6.857636570930480957e-01 5.723074674606323242e-01
7.446860074996948242e-01 5.734374523162841797e-01
5.554152727127075195e-01 3.994710743427276611e-01
5.883905291557312012e-01 5.678102374076843262e-01
6.343002915382385254e-01 5.391509532928466797e-01
7.127329707145690918e-01 5.390642881393432617e-01
6.210326552391052246e-01 5.072033405303955078e-01
7.145089507102966309e-01 6.527661085128784180e-01
5.381558537483215332e-01 5.580590963363647461e-01
6.476140618324279785e-01 6.331262588500976562e-01
6.077204346656799316e-01 5.796607732772827148e-01
6.654681563377380371e-01 5.753847360610961914e-01
7.689900398254394531e-01 6.517330408096313477e-01
7.360800504684448242e-01 7.290975451469421387e-01
6.604420542716979980e-01 6.945616602897644043e-01
7.186645269393920898e-01 6.400403380393981934e-01
6.554492115974426270e-01 5.798633694648742676e-01
5.069136619567871094e-01 4.411448240280151367e-01
7.250851392745971680e-01 5.507037639617919922e-01
5.795253515243530273e-01 6.014975309371948242e-01
7.547090649604797363e-01 5.027942061424255371e-01
7.482038736343383789e-01 6.590571999549865723e-01
6.489470601081848145e-01 7.059597969055175781e-01
6.638309359550476074e-01 4.459583461284637451e-01
5.452781915664672852e-01 5.017715096473693848e-01
7.354124784469604492e-01 7.064772248268127441e-01
6.068962812423706055e-01 6.234522461891174316e-01
7.765203118324279785e-01 6.725917458534240723e-01
6.322463154792785645e-01 6.002367734909057617e-01
5.234752893447875977e-01 4.895265102386474609e-01
7.512043118476867676e-01 6.678569316864013672e-01
7.042646408081054688e-01 5.626313686370849609e-01
5.583717226982116699e-01 4.563181400299072266e-01
6.133375167846679688e-01 5.765220522880554199e-01
4.615271985530853271e-01 4.872784018516540527e-01
6.421135663986206055e-01 4.434362649917602539e-01
6.134633421897888184e-01 6.607792377471923828e-01
6.614023447036743164e-01 7.183336615562438965e-01
6.466366052627563477e-01 6.177479028701782227e-01
5.871940851211547852e-01 6.410341858863830566e-01
6.620854139328002930e-01 7.228814959526062012e-01
6.342018842697143555e-01 6.933326125144958496e-01
6.160683631896972656e-01 6.916703581809997559e-01
6.880918741226196289e-01 4.952690303325653076e-01
6.311951279640197754e-01 5.722112059593200684e-01
6.384069919586181641e-01 4.041086435317993164e-01
7.451049089431762695e-01 6.373963356018066406e-01
7.696427106857299805e-01 7.495228648185729980e-01
5.272950530052185059e-01 6.544304490089416504e-01
7.192207574844360352e-01 6.515724062919616699e-01
5.770038366317749023e-01 5.272576212882995605e-01
7.155508399009704590e-01 7.088046073913574219e-01
5.586540102958679199e-01 5.228602290153503418e-01
6.650911569595336914e-01 5.635791420936584473e-01
7.205662131309509277e-01 5.999897122383117676e-01
6.032066941261291504e-01 6.144418120384216309e-01
7.089090943336486816e-01 5.675746202468872070e-01
6.790702939033508301e-01 6.483285427093505859e-01
6.672252416610717773e-01 6.264651417732238770e-01
6.557193994522094727e-01 6.688559055328369141e-01
6.679796576499938965e-01 6.312736272811889648e-01
6.409692764282226562e-01 6.541678905487060547e-01
6.739276647567749023e-01 5.990757942199707031e-01
5.477585792541503906e-01 5.076613426208496094e-01
6.149569749832153320e-01 5.092652440071105957e-01
6.564509868621826172e-01 5.034081339836120605e-01
7.076898217201232910e-01 6.183080077171325684e-01
7.624316215515136719e-01 6.550305485725402832e-01
5.659546256065368652e-01 5.277354717254638672e-01
7.140625119209289551e-01 5.470366477966308594e-01
6.694687604904174805e-01 6.244821548461914062e-01
5.782138705253601074e-01 4.524764716625213623e-01
7.104716897010803223e-01 5.224161148071289062e-01
6.494054198265075684e-01 6.333885192871093750e-01
6.762718558311462402e-01 5.085085034370422363e-01
7.111351490020751953e-01 5.828855037689208984e-01
7.214582562446594238e-01 5.775932073593139648e-01
7.388670444488525391e-01 7.707240581512451172e-01
5.751649141311645508e-01 6.322678923606872559e-01
5.347223281860351562e-01 5.403521060943603516e-01
5.614659786224365234e-01 6.023424267768859863e-01
7.432599663734436035e-01 6.041920781135559082e-01
7.098923325538635254e-01 7.557451128959655762e-01
5.327846407890319824e-01 4.466071128845214844e-01
7.209227085113525391e-01 6.232630014419555664e-01
6.494973897933959961e-01 5.791912078857421875e-01
5.590131282806396484e-01 5.068349838256835938e-01
5.351304411888122559e-01 4.952236711978912354e-01
6.748505830764770508e-01 5.179706811904907227e-01
6.539691090583801270e-01 6.447983980178833008e-01
7.172127962112426758e-01 6.001856923103332520e-01
4.911425113677978516e-01 5.045108795166015625e-01
6.659587621688842773e-01 7.476853132247924805e-01
6.841620206832885742e-01 5.235136151313781738e-01
6.374938488006591797e-01 6.778750419616699219e-01
6.941306591033935547e-01 6.468828916549682617e-01
7.338098287582397461e-01 8.010920286178588867e-01
5.558604001998901367e-01 4.835449755191802979e-01
6.853431463241577148e-01 7.131551504135131836e-01
5.726715326309204102e-01 4.158920347690582275e-01
6.637645363807678223e-01 5.375929474830627441e-01
5.519945025444030762e-01 5.533093810081481934e-01
7.390068769454956055e-01 5.203121900558471680e-01
5.588530898094177246e-01 5.882321000099182129e-01
6.262874007225036621e-01 6.150885224342346191e-01
6.957848668098449707e-01 7.376728057861328125e-01
6.547952294349670410e-01 6.502059698104858398e-01
6.373538374900817871e-01 5.404706001281738281e-01
6.552808880805969238e-01 6.925320625305175781e-01
6.943029165267944336e-01 4.866942167282104492e-01
6.970171928405761719e-01 5.368126034736633301e-01
6.199864149093627930e-01 5.504544377326965332e-01
5.500961542129516602e-01 4.663940072059631348e-01
6.620662212371826172e-01 5.909726619720458984e-01
6.164247393608093262e-01 6.358918547630310059e-01
7.676823139190673828e-01 7.725770473480224609e-01
6.022497415542602539e-01 7.195943593978881836e-01
5.159971117973327637e-01 5.964305996894836426e-01
6.937340497970581055e-01 5.928109884262084961e-01
7.742934226989746094e-01 6.731170415878295898e-01
7.541391253471374512e-01 5.864546895027160645e-01
6.472074389457702637e-01 6.202179193496704102e-01
5.811219811439514160e-01 6.667925715446472168e-01
6.407396197319030762e-01 6.038810014724731445e-01
5.193508267402648926e-01 5.261590480804443359e-01
7.220691442489624023e-01 6.416206359863281250e-01
7.006614208221435547e-01 4.460924863815307617e-01
5.091056227684020996e-01 6.660555601119995117e-01
6.303586363792419434e-01 7.776474356651306152e-01
6.189969182014465332e-01 5.728940367698669434e-01
7.195793390274047852e-01 7.226884961128234863e-01
5.264795422554016113e-01 5.519416332244873047e-01
7.453038692474365234e-01 7.180216908454895020e-01
7.540286779403686523e-01 6.444135904312133789e-01
5.217655301094055176e-01 5.543724894523620605e-01
8.042330145835876465e-01 6.760123372077941895e-01
7.334135174751281738e-01 6.268134713172912598e-01
5.699039101600646973e-01 5.232584476470947266e-01
6.684960722923278809e-01 7.464823126792907715e-01
6.415232419967651367e-01 4.957332015037536621e-01
7.757001519203186035e-01 7.321142554283142090e-01
5.990807414054870605e-01 5.856277346611022949e-01
6.951286792755126953e-01 6.805011630058288574e-01
4.901359975337982178e-01 5.754248499870300293e-01
8.052704334259033203e-01 6.614864468574523926e-01
3.546625077724456787e-01 5.663389563560485840e-01
7.042839527130126953e-01 7.266986966133117676e-01
5.899564027786254883e-01 7.235916852951049805e-01
6.755419373512268066e-01 5.914990901947021484e-01
6.708677411079406738e-01 6.776379346847534180e-01
6.648356318473815918e-01 7.811173796653747559e-01
7.271196842193603516e-01 6.885327696800231934e-01
5.432389378547668457e-01 6.932697296142578125e-01
6.661273241043090820e-01 6.420409679412841797e-01
6.452433466911315918e-01 5.809764266014099121e-01
6.488894224166870117e-01 6.243620514869689941e-01
7.806453108787536621e-01 7.324661016464233398e-01
6.305716633796691895e-01 5.329653024673461914e-01
6.901729106903076172e-01 6.031734943389892578e-01
5.716069340705871582e-01 5.585041642189025879e-01
5.403272509574890137e-01 5.193048119544982910e-01
7.499706745147705078e-01 6.892617940902709961e-01
6.315876245498657227e-01 6.050516963005065918e-01
6.552076935768127441e-01 5.837730169296264648e-01
5.984145998954772949e-01 5.333976149559020996e-01
7.605761885643005371e-01 7.704402208328247070e-01
4.749199151992797852e-01 5.433785915374755859e-01
6.372933983802795410e-01 4.540553092956542969e-01
6.295664906501770020e-01 5.429172515869140625e-01
7.411035895347595215e-01 7.107426524162292480e-01
6.541154384613037109e-01 5.549624562263488770e-01
7.087233662605285645e-01 4.625499248504638672e-01
7.230657935142517090e-01 6.192786097526550293e-01
5.834310054779052734e-01 7.391236424446105957e-01
6.595499515533447266e-01 6.259639859199523926e-01
6.971304416656494141e-01 6.764573454856872559e-01
7.606213092803955078e-01 6.610065102577209473e-01
6.907917857170104980e-01 5.433487296104431152e-01
5.535638332366943359e-01 5.306451320648193359e-01
8.013010621070861816e-01 7.083118557929992676e-01
6.669719815254211426e-01 5.950278043746948242e-01
7.340475320816040039e-01 7.285431027412414551e-01
6.167088747024536133e-01 7.585259079933166504e-01
5.953785181045532227e-01 6.597698926925659180e-01
7.400485277175903320e-01 6.270923018455505371e-01
7.792668938636779785e-01 6.040903925895690918e-01
6.756589412689208984e-01 6.978310942649841309e-01
6.939458250999450684e-01 6.951146721839904785e-01
7.067479491233825684e-01 7.320168614387512207e-01
5.412777662277221680e-01 6.545566916465759277e-01
5.821208953857421875e-01 7.548923492431640625e-01
5.820220112800598145e-01 7.226626873016357422e-01
6.951657533645629883e-01 5.893383622169494629e-01
6.414923667907714844e-01 5.970335602760314941e-01
7.371942400932312012e-01 6.799351572990417480e-01
5.438464879989624023e-01 7.133771777153015137e-01
7.458798289299011230e-01 6.886713504791259766e-01
5.673440694808959961e-01 6.398919820785522461e-01
5.480934381484985352e-01 5.606860518455505371e-01
6.459900736808776855e-01 5.574756264686584473e-01
5.833351612091064453e-01 4.818285405635833740e-01
7.776768207550048828e-01 6.989026069641113281e-01
6.121309995651245117e-01 5.367258191108703613e-01
7.267619371414184570e-01 6.505106687545776367e-01
5.680230855941772461e-01 5.693210363388061523e-01
5.941772460937500000e-01 6.048216223716735840e-01
6.138364076614379883e-01 4.915484786033630371e-01
4.887424409389495850e-01 5.849379301071166992e-01
6.453981399536132812e-01 7.044578194618225098e-01
5.593268871307373047e-01 6.367424726486206055e-01
4.837090075016021729e-01 6.542456746101379395e-01
6.606425642967224121e-01 6.180809140205383301e-01
6.707009077072143555e-01 6.647905111312866211e-01
7.650348544120788574e-01 7.386887669563293457e-01
7.691252231597900391e-01 7.850412726402282715e-01
6.059448719024658203e-01 7.456852793693542480e-01
6.497207283973693848e-01 7.184355854988098145e-01
5.438114404678344727e-01 6.353878378868103027e-01
