4.865493476390838623e-01 5.669608116149902344e-01
7.597121596336364746e-01 5.431253910064697266e-01
7.141628861427307129e-01 5.992843508720397949e-01
6.134661436080932617e-01 3.723348677158355713e-01
5.663406848907470703e-01 5.024535655975341797e-01
6.473938226699829102e-01 4.647422432899475098e-01
6.504002213478088379e-01 6.879263520240783691e-01
5.712978243827819824e-01 6.454631686210632324e-01
5.544068217277526855e-01 5.872324109077453613e-01
5.754452347755432129e-01 4.159018397331237793e-01
3.144972622394561768e-01 5.548681020736694336e-01
7.083826065063476562e-01 5.373429059982299805e-01
7.867133617401123047e-01 5.648453235626220703e-01
5.734862089157104492e-01 3.713311254978179932e-01
6.234012842178344727e-01 6.700422167778015137e-01
6.984509229660034180e-01 5.123544931411743164e-01
5.829662680625915527e-01 5.843272209167480469e-01
5.063205957412719727e-01 5.045540332794189453e-01
7.422938346862792969e-01 5.555022358894348145e-01
5.036740899085998535e-01 6.083791255950927734e-01
6.146320700645446777e-01 6.247562766075134277e-01
6.895613074302673340e-01 7.223155498504638672e-01
7.747624516487121582e-01 6.009924411773681641e-01
3.762985765933990479e-01 6.578320264816284180e-01
6.028361320495605469e-01 3.631478548049926758e-01
5.868573784828186035e-01 5.053741335868835449e-01
5.616119503974914551e-01 7.187277674674987793e-01
6.267691254615783691e-01 5.781846642494201660e-01
5.275880694389343262e-01 5.565819740295410156e-01
5.171394944190979004e-01 4.746436178684234619e-01
7.000940442085266113e-01 4.806917011737823486e-01
5.337271690368652344e-01 4.753559827804565430e-01
5.111150741577148438e-01 4.699368178844451904e-01
7.296931147575378418e-01 5.823060870170593262e-01
5.420517921447753906e-01 5.117524862289428711e-01
4.109184443950653076e-01 5.643254518508911133e-01
4.936695396900177002e-01 4.423016011714935303e-01
4.477492570877075195e-01 5.761117339134216309e-01
4.690083265304565430e-01 3.845118880271911621e-01
6.191956400871276855e-01 4.791466593742370605e-01
5.117821097373962402e-01 6.535031199455261230e-01
6.189610362052917480e-01 6.145527362823486328e-01
6.094440221786499023e-01 5.530037879943847656e-01
6.499211788177490234e-01 6.803088188171386719e-01
5.496353507041931152e-01 4.176477789878845215e-01
5.132351517677307129e-01 5.162593722343444824e-01
5.851731300354003906e-01 5.459313988685607910e-01
6.217241883277893066e-01 6.637750864028930664e-01
4.507730305194854736e-01 4.997946321964263916e-01
7.455801367759704590e-01 6.227288842201232910e-01
7.873018980026245117e-01 5.847399234771728516e-01
5.765500664710998535e-01 5.777406096458435059e-01
5.203099846839904785e-01 6.036285758018493652e-01
4.547986388206481934e-01 6.380247473716735840e-01
5.889034867286682129e-01 5.462918877601623535e-01
4.223663508892059326e-01 5.790741443634033203e-01
5.851697325706481934e-01 4.386119246482849121e-01
5.629531145095825195e-01 5.384616851806640625e-01
6.194411516189575195e-01 4.400296807289123535e-01
5.986427664756774902e-01 5.840379595756530762e-01
5.126724839210510254e-01 6.618858575820922852e-01
6.487727165222167969e-01 5.273899435997009277e-01
6.469156742095947266e-01 6.540270447731018066e-01
5.130776762962341309e-01 5.660110116004943848e-01
4.443655908107757568e-01 5.755734443664550781e-01
5.439639091491699219e-01 6.626087427139282227e-01
6.229038834571838379e-01 5.039205551147460938e-01
6.346227526664733887e-01 4.087863862514495850e-01
5.494363307952880859e-01 4.754863083362579346e-01
5.773573517799377441e-01 5.092004537582397461e-01
5.229855775833129883e-01 5.321231484413146973e-01
6.607381105422973633e-01 6.124622225761413574e-01
6.415268778800964355e-01 5.261508226394653320e-01
5.682826042175292969e-01 5.690256953239440918e-01
5.639706254005432129e-01 3.999509513378143311e-01
7.598143219947814941e-01 6.215390563011169434e-01
6.236680150032043457e-01 4.424951076507568359e-01
6.747009158134460449e-01 6.431479454040527344e-01
4.545989036560058594e-01 5.392497777938842773e-01
6.077299118041992188e-01 6.629419922828674316e-01
5.643898844718933105e-01 7.367818951606750488e-01
4.112150371074676514e-01 6.287332177162170410e-01
5.450373291969299316e-01 6.921775937080383301e-01
5.114689469337463379e-01 5.131981968879699707e-01
6.205273866653442383e-01 6.457700133323669434e-01
5.830951333045959473e-01 4.716811478137969971e-01
4.049934148788452148e-01 4.910493791103363037e-01
4.299952685832977295e-01 5.090958476066589355e-01
6.075587272644042969e-01 6.363469958305358887e-01
4.258686006069183350e-01 5.594028830528259277e-01
7.361997365951538086e-01 6.199591159820556641e-01
6.923687458038330078e-01 5.893854498863220215e-01
6.503703594207763672e-01 4.065506756305694580e-01
6.340488195419311523e-01 6.700468659400939941e-01
6.434885263442993164e-01 6.474768519401550293e-01
4.403084814548492432e-01 6.704746484756469727e-01
2.833436727523803711e-01 5.376234054565429688e-01
6.377630829811096191e-01 6.374596953392028809e-01
3.962224423885345459e-01 3.765869438648223877e-01
4.869953691959381104e-01 6.327514648437500000e-01
5.100578069686889648e-01 5.552185177803039551e-01
6.856896281242370605e-01 4.847299158573150635e-01
6.071149706840515137e-01 5.654150247573852539e-01
7.594705820083618164e-01 5.190011858940124512e-01
4.421008229255676270e-01 6.377717852592468262e-01
5.980584025382995605e-01 4.728783369064331055e-01
6.263604164123535156e-01 6.220245361328125000e-01
4.918813109397888184e-01 5.683066844940185547e-01
4.005327224731445312e-01 4.962749481201171875e-01
5.610513091087341309e-01 6.107562184333801270e-01
3.570356369018554688e-01 5.160896182060241699e-01
5.884611606597900391e-01 5.452696681022644043e-01
6.397454142570495605e-01 6.091499924659729004e-01
6.472553610801696777e-01 4.546207487583160400e-01
5.940404534339904785e-01 4.034323692321777344e-01
3.495862782001495361e-01 6.148162484169006348e-01
6.992647647857666016e-01 4.132812619209289551e-01
6.925821900367736816e-01 4.653514325618743896e-01
5.743101239204406738e-01 4.457602202892303467e-01
7.682031393051147461e-01 6.476727724075317383e-01
6.036422848701477051e-01 6.662443876266479492e-01
6.085406541824340820e-01 4.686281979084014893e-01
4.309805929660797119e-01 6.810505986213684082e-01
6.002029180526733398e-01 5.094891190528869629e-01
6.393920183181762695e-01 4.387248456478118896e-01
5.502201914787292480e-01 4.770897030830383301e-01
4.031828939914703369e-01 5.358697772026062012e-01
5.724096894264221191e-01 5.888301134109497070e-01
5.658544898033142090e-01 5.126987695693969727e-01
5.619127750396728516e-01 6.460986733436584473e-01
4.929591417312622070e-01 5.372036099433898926e-01
6.302458047866821289e-01 6.049983501434326172e-01
6.201725006103515625e-01 4.491567611694335938e-01
5.544506907463073730e-01 6.532789468765258789e-01
6.239099502563476562e-01 4.555090367794036865e-01
5.094562172889709473e-01 6.109152436256408691e-01
6.881238818168640137e-01 4.186762869358062744e-01
5.099300742149353027e-01 4.696352481842041016e-01
3.672261536121368408e-01 5.235057473182678223e-01
4.222145974636077881e-01 6.709291338920593262e-01
6.051379442214965820e-01 4.976221323013305664e-01
4.401367008686065674e-01 6.754633784294128418e-01
4.326754510402679443e-01 5.731490850448608398e-01
4.187922477722167969e-01 6.254776716232299805e-01
6.967071890830993652e-01 5.704593062400817871e-01
5.269777178764343262e-01 5.751814246177673340e-01
5.850089192390441895e-01 4.275653362274169922e-01
6.833389401435852051e-01 4.012649059295654297e-01
4.693879783153533936e-01 4.905789792537689209e-01
5.204021334648132324e-01 4.868974089622497559e-01
5.735519528388977051e-01 4.111083447933197021e-01
7.144596576690673828e-01 3.952361047267913818e-01
6.561613678932189941e-01 4.079682528972625732e-01
6.540069580078125000e-01 3.584839999675750732e-01
7.476279139518737793e-01 6.450724601745605469e-01
6.620530486106872559e-01 5.603313446044921875e-01
6.598119735717773438e-01 7.222130298614501953e-01
5.499849915504455566e-01 7.062050104141235352e-01
6.327434778213500977e-01 5.026246309280395508e-01
7.256315350532531738e-01 4.901219606399536133e-01
5.939879417419433594e-01 5.115133523941040039e-01
7.028157114982604980e-01 4.401302039623260498e-01
6.777907013893127441e-01 4.044042825698852539e-01
5.513908863067626953e-01 5.726495385169982910e-01
6.738266944885253906e-01 3.903152346611022949e-01
3.458538353443145752e-01 6.544108390808105469e-01
6.248406171798706055e-01 6.136001348495483398e-01
5.781058669090270996e-01 5.510867834091186523e-01
7.856533527374267578e-01 5.756915211677551270e-01
6.934070587158203125e-01 5.266400575637817383e-01
6.535670757293701172e-01 4.603274464607238770e-01
6.365066766738891602e-01 4.833704829216003418e-01
7.309207916259765625e-01 4.898835122585296631e-01
4.694455564022064209e-01 5.994858145713806152e-01
6.508293151855468750e-01 4.701949656009674072e-01
4.262027442455291748e-01 5.979398488998413086e-01
6.984823942184448242e-01 4.125444591045379639e-01
6.881418824195861816e-01 5.112591385841369629e-01
5.414729118347167969e-01 5.253788828849792480e-01
4.166544079780578613e-01 4.954582154750823975e-01
4.340815544128417969e-01 6.532080173492431641e-01
6.099427938461303711e-01 4.452932775020599365e-01
5.483729839324951172e-01 4.700288772583007812e-01
5.173113942146301270e-01 6.644983887672424316e-01
5.784336924552917480e-01 5.957940816879272461e-01
6.783201694488525391e-01 5.671857595443725586e-01
6.185611486434936523e-01 3.992847800254821777e-01
5.651015639305114746e-01 3.647854626178741455e-01
3.795111775398254395e-01 6.337261199951171875e-01
4.906666874885559082e-01 6.569236516952514648e-01
4.897061884403228760e-01 3.489086329936981201e-01
4.516417384147644043e-01 5.846373438835144043e-01
6.917311549186706543e-01 4.806949496269226074e-01
6.211634278297424316e-01 5.283687114715576172e-01
6.512675881385803223e-01 6.310024857521057129e-01
5.806768536567687988e-01 5.500971674919128418e-01
5.108531713485717773e-01 3.491067886352539062e-01
6.434650421142578125e-01 5.245243906974792480e-01
5.983597636222839355e-01 6.011031270027160645e-01
6.389901638031005859e-01 4.751861691474914551e-01
6.401078104972839355e-01 4.695800840854644775e-01
3.697411715984344482e-01 6.147066950798034668e-01
6.641553044319152832e-01 5.429331660270690918e-01
7.677103281021118164e-01 6.347265243530273438e-01
5.708875060081481934e-01 3.842792510986328125e-01
6.677271127700805664e-01 4.300208389759063721e-01
4.690334200859069824e-01 5.957924723625183105e-01
6.086030602455139160e-01 4.683102071285247803e-01
6.020583510398864746e-01 4.474982917308807373e-01
5.512469410896301270e-01 5.951344370841979980e-01
6.344176530838012695e-01 5.182599425315856934e-01
4.862103462219238281e-01 5.174371004104614258e-01
4.368923008441925049e-01 5.210536718368530273e-01
5.985614657402038574e-01 5.604093670845031738e-01
5.591264367103576660e-01 5.521373748779296875e-01
6.195176839828491211e-01 5.450842380523681641e-01
4.510857462882995605e-01 5.818091034889221191e-01
5.467438101768493652e-01 3.456143140792846680e-01
5.572304725646972656e-01 5.696798563003540039e-01
5.042397975921630859e-01 4.667933583259582520e-01
7.465083003044128418e-01 6.616439819335937500e-01
6.315562129020690918e-01 4.032824337482452393e-01
7.327336072921752930e-01 6.397185325622558594e-01
6.883803606033325195e-01 5.774061679840087891e-01
5.336903333663940430e-01 5.525327324867248535e-01
6.001175045967102051e-01 4.844464063644409180e-01
6.477785110473632812e-01 5.188932418823242188e-01
5.420145988464355469e-01 5.894458293914794922e-01
5.734206438064575195e-01 6.231683492660522461e-01
5.061333179473876953e-01 4.694828093051910400e-01
6.353456974029541016e-01 5.948681235313415527e-01
6.470590233802795410e-01 6.958965063095092773e-01
5.953570008277893066e-01 4.920558333396911621e-01
5.301101207733154297e-01 6.647213697433471680e-01
5.962111353874206543e-01 3.586822152137756348e-01
6.122881174087524414e-01 5.450607538223266602e-01
6.167158484458923340e-01 5.637505054473876953e-01
5.394425392150878906e-01 6.970408558845520020e-01
6.546064615249633789e-01 4.788510501384735107e-01
6.363059282302856445e-01 5.761393308639526367e-01
5.138788819313049316e-01 5.999125838279724121e-01
7.512968182563781738e-01 5.494931340217590332e-01
6.789955496788024902e-01 4.965021908283233643e-01
5.395009517669677734e-01 5.382368564605712891e-01
5.656018257141113281e-01 4.446792602539062500e-01
5.855368971824645996e-01 3.829569220542907715e-01
5.432912111282348633e-01 5.036334991455078125e-01
7.083936333656311035e-01 4.242665171623229980e-01
7.308852076530456543e-01 5.859580039978027344e-01
6.908372044563293457e-01 6.511950492858886719e-01
5.467591285705566406e-01 6.608342528343200684e-01
5.011895298957824707e-01 6.055502891540527344e-01
4.576357305049896240e-01 5.318732261657714844e-01
6.961620450019836426e-01 6.063294410705566406e-01
6.798607110977172852e-01 6.193861961364746094e-01
6.120806336402893066e-01 5.755813121795654297e-01
2.607119977474212646e-01 5.093650221824645996e-01
5.828796625137329102e-01 3.586053550243377686e-01
3.807412385940551758e-01 4.481310546398162842e-01
4.524233341217041016e-01 5.265624523162841797e-01
4.091393351554870605e-01 5.087147951126098633e-01
6.851945519447326660e-01 6.306874155998229980e-01
5.457420349121093750e-01 4.965973794460296631e-01
4.543896913528442383e-01 5.739746093750000000e-01
6.894254088401794434e-01 6.609964966773986816e-01
4.800437688827514648e-01 5.123135447502136230e-01
4.700196385383605957e-01 5.991433262825012207e-01
6.482915878295898438e-01 3.889700472354888916e-01
5.883458256721496582e-01 5.036969780921936035e-01
5.012807846069335938e-01 5.342867374420166016e-01
6.764280200004577637e-01 6.686257123947143555e-01
6.664419770240783691e-01 3.998115658760070801e-01
7.029569149017333984e-01 5.910291075706481934e-01
4.499046802520751953e-01 5.689405798912048340e-01
5.976632833480834961e-01 5.328642129898071289e-01
6.714722514152526855e-01 5.715118646621704102e-01
5.934889912605285645e-01 4.546223282814025879e-01
7.379554510116577148e-01 6.496884226799011230e-01
5.488692522048950195e-01 4.935667812824249268e-01
7.034566998481750488e-01 6.031997799873352051e-01
3.345397114753723145e-01 6.251852512359619141e-01
5.514345169067382812e-01 6.106312274932861328e-01
5.241491198539733887e-01 4.648026823997497559e-01
6.456839442253112793e-01 5.558210015296936035e-01
6.575163602828979492e-01 3.642286956310272217e-01
4.058502316474914551e-01 5.217267274856567383e-01
6.447423100471496582e-01 4.234783947467803955e-01
5.699923634529113770e-01 4.020834267139434814e-01
6.012966632843017578e-01 5.816891789436340332e-01
5.760068893432617188e-01 6.708801388740539551e-01
5.305202007293701172e-01 5.975033640861511230e-01
4.063961207866668701e-01 4.335623383522033691e-01
4.327423274517059326e-01 5.005833506584167480e-01
6.514385342597961426e-01 3.994591832160949707e-01
7.294906973838806152e-01 5.483577847480773926e-01
6.431179046630859375e-01 4.727073013782501221e-01
4.805154204368591309e-01 6.274527907371520996e-01
5.665280222892761230e-01 5.261670947074890137e-01
5.930318236351013184e-01 6.306737661361694336e-01
3.840515017509460449e-01 5.315124988555908203e-01
5.676913261413574219e-01 6.988529562950134277e-01
3.956047594547271729e-01 4.757286012172698975e-01
5.325266122817993164e-01 4.962388873100280762e-01
5.528084635734558105e-01 6.043676137924194336e-01
7.164102792739868164e-01 5.716281533241271973e-01
6.292321681976318359e-01 4.825162887573242188e-01
7.275266051292419434e-01 3.898041546344757080e-01
5.410983562469482422e-01 5.815239548683166504e-01
6.426122188568115234e-01 5.569576621055603027e-01
6.024323701858520508e-01 4.617029130458831787e-01
6.413248777389526367e-01 6.208832859992980957e-01
5.669642090797424316e-01 4.348613917827606201e-01
5.050578117370605469e-01 4.831316173076629639e-01
6.577143669128417969e-01 6.002801060676574707e-01
4.972197711467742920e-01 6.450813412666320801e-01
4.617938399314880371e-01 6.450901031494140625e-01
6.161879897117614746e-01 4.818935394287109375e-01
5.414553880691528320e-01 6.806390881538391113e-01
5.302424430847167969e-01 5.085432529449462891e-01
5.186800956726074219e-01 5.420587062835693359e-01
5.955428481101989746e-01 4.285715818405151367e-01
5.078030824661254883e-01 6.190555095672607422e-01
4.672710895538330078e-01 4.790000021457672119e-01
5.116978883743286133e-01 5.323213934898376465e-01
6.428177952766418457e-01 5.693684220314025879e-01
5.572811365127563477e-01 6.230635046958923340e-01
5.682027935981750488e-01 6.380482316017150879e-01
6.036326885223388672e-01 5.903414487838745117e-01
4.211261272430419922e-01 6.690560579299926758e-01
7.449523806571960449e-01 5.826650261878967285e-01
5.144525170326232910e-01 6.330087184906005859e-01
5.873330235481262207e-01 5.299304127693176270e-01
5.048354268074035645e-01 4.345863163471221924e-01
6.831735968589782715e-01 5.170156359672546387e-01
6.782156229019165039e-01 6.034917235374450684e-01
6.299979090690612793e-01 5.679801702499389648e-01
5.993365645408630371e-01 3.490600585937500000e-01
4.603396952152252197e-01 5.359207987785339355e-01
4.551345407962799072e-01 6.884590387344360352e-01
4.884083271026611328e-01 4.466021060943603516e-01
5.858902335166931152e-01 6.086768507957458496e-01
5.113819241523742676e-01 4.506380259990692139e-01
5.901501774787902832e-01 7.129274010658264160e-01
6.013241410255432129e-01 4.461504817008972168e-01
4.878822863101959229e-01 5.936530232429504395e-01
5.804068446159362793e-01 4.995045065879821777e-01
4.551992118358612061e-01 4.455770552158355713e-01
6.978133916854858398e-01 5.587025284767150879e-01
6.878207325935363770e-01 6.152593493461608887e-01
5.972658991813659668e-01 5.460485219955444336e-01
6.272769570350646973e-01 5.290253162384033203e-01
5.987378954887390137e-01 4.686514139175415039e-01
6.218881011009216309e-01 4.670949578285217285e-01
6.285621523857116699e-01 6.554933786392211914e-01
6.753871440887451172e-01 5.697700381278991699e-01
3.954765498638153076e-01 4.775979518890380859e-01
4.411681294441223145e-01 4.455232918262481689e-01
5.846561193466186523e-01 3.933595716953277588e-01
4.053605496883392334e-01 6.474878191947937012e-01
5.332422256469726562e-01 4.720540046691894531e-01
4.612088501453399658e-01 5.815586447715759277e-01
4.187045693397521973e-01 5.299931168556213379e-01
6.517821550369262695e-01 4.905490875244140625e-01
7.050157189369201660e-01 5.488594174385070801e-01
6.084176898002624512e-01 6.537079811096191406e-01
7.537652850151062012e-01 6.079179048538208008e-01
5.336675047874450684e-01 6.776017546653747559e-01
6.423749327659606934e-01 4.851104021072387695e-01
6.158433556556701660e-01 6.159617304801940918e-01
5.990586876869201660e-01 5.500227808952331543e-01
4.883302450180053711e-01 5.591828227043151855e-01
4.289129674434661865e-01 6.207561492919921875e-01
4.737015366554260254e-01 4.346170425415039062e-01
5.640502572059631348e-01 6.919709444046020508e-01
7.280254960060119629e-01 6.116616129875183105e-01
6.734400987625122070e-01 6.669660806655883789e-01
4.227715730667114258e-01 6.768181324005126953e-01
3.479440510272979736e-01 4.215009808540344238e-01
6.522481441497802734e-01 4.928458333015441895e-01
5.161783695220947266e-01 3.429580628871917725e-01
6.594962477684020996e-01 6.416074037551879883e-01
4.880258440971374512e-01 5.183677673339843750e-01
6.367779374122619629e-01 6.801376938819885254e-01
6.308361887931823730e-01 5.026305317878723145e-01
4.232321679592132568e-01 5.066103339195251465e-01
6.883046627044677734e-01 3.686491549015045166e-01
5.855962634086608887e-01 4.965736269950866699e-01
5.523722171783447266e-01 5.144714117050170898e-01
7.182750701904296875e-01 5.945441722869873047e-01
4.050951898097991943e-01 6.078587770462036133e-01
3.780526816844940186e-01 6.329741477966308594e-01
4.308180809020996094e-01 4.563027918338775635e-01
6.085075736045837402e-01 4.735978543758392334e-01
6.802446842193603516e-01 6.149614453315734863e-01
6.832934021949768066e-01 4.112781882286071777e-01
5.300067067146301270e-01 6.065877079963684082e-01
2.719089090824127197e-01 5.605407953262329102e-01
7.238386273384094238e-01 5.888146162033081055e-01
6.140270829200744629e-01 4.833684563636779785e-01
6.009109616279602051e-01 4.935869574546813965e-01
7.062187790870666504e-01 4.047818183898925781e-01
4.388741850852966309e-01 5.979175567626953125e-01
6.182809472084045410e-01 4.580256044864654541e-01
2.926562130451202393e-01 5.957677960395812988e-01
6.665327548980712891e-01 5.913749933242797852e-01
4.750827550888061523e-01 5.984356403350830078e-01
4.859518408775329590e-01 5.959975719451904297e-01
6.163899302482604980e-01 4.508909881114959717e-01
5.486360192298889160e-01 5.772100090980529785e-01
7.086445093154907227e-01 5.201548337936401367e-01
5.920361876487731934e-01 4.847017824649810791e-01
6.579926609992980957e-01 5.286493897438049316e-01
6.003959774971008301e-01 5.836569070816040039e-01
6.915721297264099121e-01 5.142549276351928711e-01
7.041658163070678711e-01 5.735242366790771484e-01
5.841440558433532715e-01 5.961395502090454102e-01
5.999457836151123047e-01 5.948336720466613770e-01
6.242228150367736816e-01 4.575331509113311768e-01
6.097146868705749512e-01 5.903046727180480957e-01
6.424138545989990234e-01 4.841973781585693359e-01
4.685245752334594727e-01 5.240776538848876953e-01
4.495725929737091064e-01 3.360916674137115479e-01
4.919736385345458984e-01 5.296826362609863281e-01
6.717432141304016113e-01 5.520691275596618652e-01
4.523645043373107910e-01 5.160063505172729492e-01
6.687265634536743164e-01 4.097425341606140137e-01
6.253844499588012695e-01 5.646381378173828125e-01
6.122626066207885742e-01 6.180065870285034180e-01
6.243917346000671387e-01 4.540383219718933105e-01
3.541273474693298340e-01 5.681037306785583496e-01
6.319060325622558594e-01 4.815174043178558350e-01
4.719460606575012207e-01 6.949634552001953125e-01
6.997469067573547363e-01 3.641929328441619873e-01
5.093042850494384766e-01 6.627636551856994629e-01
7.016931772232055664e-01 6.287193894386291504e-01
6.173689961433410645e-01 4.720604717731475830e-01
5.999966859817504883e-01 6.445211172103881836e-01
5.698472857475280762e-01 6.803293228149414062e-01
4.490487575531005859e-01 6.130564808845520020e-01
6.058416962623596191e-01 6.543263792991638184e-01
6.902497410774230957e-01 5.017934441566467285e-01
4.819588065147399902e-01 5.669216513633728027e-01
5.282089114189147949e-01 6.949235796928405762e-01
6.821042895317077637e-01 6.160313487052917480e-01
6.081610918045043945e-01 5.043073296546936035e-01
5.737258195877075195e-01 4.480113685131072998e-01
6.290270686149597168e-01 6.033037304878234863e-01
3.535941541194915771e-01 6.111800074577331543e-01
4.056488275527954102e-01 5.597518086433410645e-01
4.919554591178894043e-01 5.575162172317504883e-01
5.991070270538330078e-01 4.732354879379272461e-01
5.870999097824096680e-01 4.154387116432189941e-01
3.976616859436035156e-01 5.074068307876586914e-01
7.370688915252685547e-01 6.507037878036499023e-01
5.553517341613769531e-01 5.397676229476928711e-01
6.666522622108459473e-01 5.885782837867736816e-01
5.244006514549255371e-01 5.348544120788574219e-01
4.586560726165771484e-01 5.084930658340454102e-01
5.230827331542968750e-01 6.117059588432312012e-01
6.129759550094604492e-01 5.191588997840881348e-01
4.042218029499053955e-01 6.377389430999755859e-01
5.259228348731994629e-01 6.012571454048156738e-01
3.377178311347961426e-01 6.826248168945312500e-01
7.195228338241577148e-01 5.200006365776062012e-01
4.931363761425018311e-01 4.719623327255249023e-01
5.195038318634033203e-01 4.249745011329650879e-01
5.378788113594055176e-01 5.119938254356384277e-01
5.679767131805419922e-01 4.194636642932891846e-01
6.492957472801208496e-01 6.852993369102478027e-01
4.028298854827880859e-01 6.045486330986022949e-01
5.929867029190063477e-01 4.771915078163146973e-01
6.588033437728881836e-01 5.660939812660217285e-01
5.727770328521728516e-01 5.997806191444396973e-01
5.920770168304443359e-01 6.067628264427185059e-01
5.270672440528869629e-01 4.736950397491455078e-01
6.815249919891357422e-01 3.903527259826660156e-01
3.611164391040802002e-01 4.911116361618041992e-01
5.750691294670104980e-01 6.567592024803161621e-01
5.958104133605957031e-01 4.708948433399200439e-01
4.623955786228179932e-01 5.781576037406921387e-01
7.480577826499938965e-01 5.861490964889526367e-01
3.238193094730377197e-01 5.722641348838806152e-01
6.606265902519226074e-01 6.651583313941955566e-01
7.348491549491882324e-01 4.579310417175292969e-01
5.142163038253784180e-01 6.126601099967956543e-01
5.681327581405639648e-01 5.225394368171691895e-01
6.727667450904846191e-01 5.110555291175842285e-01
5.633537173271179199e-01 7.390723824501037598e-01
6.773681640625000000e-01 6.055716872215270996e-01
5.392752885818481445e-01 5.392720699310302734e-01
6.626054644584655762e-01 6.079651117324829102e-01
6.371699571609497070e-01 7.266786098480224609e-01
2.798539996147155762e-01 5.840702652931213379e-01
4.880537688732147217e-01 5.658527016639709473e-01
4.485490620136260986e-01 4.730149507522583008e-01
6.459348201751708984e-01 5.505881309509277344e-01
4.991070926189422607e-01 6.028309464454650879e-01
4.090857207775115967e-01 4.942609369754791260e-01
5.490676164627075195e-01 5.742923617362976074e-01
6.682291626930236816e-01 6.464321017265319824e-01
5.308053493499755859e-01 5.415867567062377930e-01
4.637247323989868164e-01 5.896515250205993652e-01
3.906487822532653809e-01 7.053610086441040039e-01
5.256236791610717773e-01 5.249539613723754883e-01
4.631944894790649414e-01 6.780202388763427734e-01
5.515189766883850098e-01 5.074436068534851074e-01
7.226484417915344238e-01 5.634530782699584961e-01
5.959410667419433594e-01 3.999579846858978271e-01
3.016819655895233154e-01 4.794426560401916504e-01
5.647631287574768066e-01 7.217659354209899902e-01
4.586587250232696533e-01 4.238011837005615234e-01
7.496983408927917480e-01 4.929866194725036621e-01
6.045380234718322754e-01 5.759175419807434082e-01
4.344052374362945557e-01 6.889846920967102051e-01
7.352883815765380859e-01 4.313493072986602783e-01
5.574711561203002930e-01 7.252969145774841309e-01
5.836728811264038086e-01 4.751693606376647949e-01
5.149698853492736816e-01 5.221464633941650391e-01
7.202321887016296387e-01 6.393990516662597656e-01
5.850397348403930664e-01 4.774914979934692383e-01
6.434034109115600586e-01 6.409610509872436523e-01
5.571249127388000488e-01 5.643891692161560059e-01
5.674952864646911621e-01 6.797621846199035645e-01
5.403120517730712891e-01 6.065897345542907715e-01
3.929275572299957275e-01 6.231346130371093750e-01
5.436156988143920898e-01 4.736338555812835693e-01
5.450010299682617188e-01 4.234309196472167969e-01
4.710820019245147705e-01 3.581157624721527100e-01
3.029902279376983643e-01 5.973015427589416504e-01
4.127410948276519775e-01 4.937130212783813477e-01
4.430890977382659912e-01 6.437373757362365723e-01
5.751593708992004395e-01 6.413155198097229004e-01
4.160753488540649414e-01 6.968131661415100098e-01
4.757603108882904053e-01 6.564053893089294434e-01
5.850729346275329590e-01 5.146968960762023926e-01
5.651925802230834961e-01 5.703042149543762207e-01
6.353041529655456543e-01 6.020364165306091309e-01
6.071446537971496582e-01 5.081098675727844238e-01
5.449278950691223145e-01 3.648886978626251221e-01
4.115959405899047852e-01 6.416672468185424805e-01
5.329694747924804688e-01 6.684529781341552734e-01
6.184126138687133789e-01 6.003820300102233887e-01
5.880990028381347656e-01 4.195461571216583252e-01
5.806457400321960449e-01 5.981857180595397949e-01
6.718163490295410156e-01 7.018140554428100586e-01
5.092251896858215332e-01 5.508650541305541992e-01
4.891435801982879639e-01 5.338621139526367188e-01
6.743342876434326172e-01 6.869616508483886719e-01
4.551313221454620361e-01 4.791096150875091553e-01
5.327138304710388184e-01 5.507792830467224121e-01
5.253489613533020020e-01 6.050260066986083984e-01
4.668883979320526123e-01 6.138604879379272461e-01
6.989321112632751465e-01 6.425943970680236816e-01
5.250040888786315918e-01 6.030461788177490234e-01
2.994028031826019287e-01 6.226428151130676270e-01
5.743149518966674805e-01 4.857395589351654053e-01
4.024651348590850830e-01 4.371776580810546875e-01
5.728474855422973633e-01 4.644953906536102295e-01
5.511263608932495117e-01 5.614779591560363770e-01
5.699568390846252441e-01 6.167432665824890137e-01
7.647902369499206543e-01 6.686742901802062988e-01
2.262971550226211548e-01 4.890375137329101562e-01
4.314203858375549316e-01 6.000488996505737305e-01
5.037177801132202148e-01 6.077582240104675293e-01
6.086639761924743652e-01 6.193821430206298828e-01
6.663059592247009277e-01 6.683919429779052734e-01
5.896898508071899414e-01 6.349582076072692871e-01
5.806279778480529785e-01 3.700048029422760010e-01
4.341484308242797852e-01 6.422346234321594238e-01
5.142970681190490723e-01 5.969213843345642090e-01
3.112876713275909424e-01 5.555217862129211426e-01
4.672423303127288818e-01 5.608119964599609375e-01
5.061827898025512695e-01 5.315176844596862793e-01
6.052499413490295410e-01 6.880096197128295898e-01
6.893481612205505371e-01 4.061296582221984863e-01
6.013417243957519531e-01 6.623370647430419922e-01
4.906917214393615723e-01 5.077221989631652832e-01
4.490457475185394287e-01 6.050809621810913086e-01
4.016184508800506592e-01 6.306777000427246094e-01
4.776190519332885742e-01 5.623066425323486328e-01
6.246923208236694336e-01 4.990278780460357666e-01
4.745035767555236816e-01 5.596612095832824707e-01
5.570825934410095215e-01 4.639355242252349854e-01
5.287814140319824219e-01 6.913499236106872559e-01
7.736542820930480957e-01 6.491401195526123047e-01
5.066422820091247559e-01 6.676228046417236328e-01
7.166388630867004395e-01 6.591915488243103027e-01
5.099104046821594238e-01 6.522471904754638672e-01
5.027014017105102539e-01 6.830465793609619141e-01
6.644439101219177246e-01 5.222868919372558594e-01
6.200168728828430176e-01 3.644038140773773193e-01
6.793393492698669434e-01 4.947201311588287354e-01
6.112875938415527344e-01 4.619878828525543213e-01
6.155527830123901367e-01 6.757498979568481445e-01
7.009603381156921387e-01 6.004894375801086426e-01
6.095718145370483398e-01 6.787979602813720703e-01
5.359833836555480957e-01 5.603588223457336426e-01
5.266252160072326660e-01 6.581825017929077148e-01
6.376729607582092285e-01 6.018990874290466309e-01
6.399145126342773438e-01 6.035039424896240234e-01
3.469301760196685791e-01 6.687647104263305664e-01
5.826276540756225586e-01 5.549598932266235352e-01
6.352202296257019043e-01 5.465514063835144043e-01
5.460511445999145508e-01 4.678789675235748291e-01
5.657854080200195312e-01 6.050380468368530273e-01
3.540724515914916992e-01 6.003870368003845215e-01
5.678603649139404297e-01 6.061802506446838379e-01
5.185244679450988770e-01 5.022539496421813965e-01
4.779563844203948975e-01 4.075764119625091553e-01
4.738543033599853516e-01 4.371384680271148682e-01
5.509228110313415527e-01 5.333506464958190918e-01
5.215365886688232422e-01 5.123038887977600098e-01
6.772423982620239258e-01 5.285354852676391602e-01
6.278597712516784668e-01 5.606479048728942871e-01
7.506553530693054199e-01 5.594801306724548340e-01
5.703551173210144043e-01 4.997812509536743164e-01
4.292159080505371094e-01 6.285878419876098633e-01
4.039567112922668457e-01 5.711663365364074707e-01
5.466123819351196289e-01 6.233525276184082031e-01
6.362751722335815430e-01 6.327046751976013184e-01
5.693950653076171875e-01 4.793933331966400146e-01
7.231668829917907715e-01 6.811300516128540039e-01
6.224145293235778809e-01 5.236935615539550781e-01
6.152639985084533691e-01 4.283159375190734863e-01
5.952273011207580566e-01 5.849974751472473145e-01
4.856232404708862305e-01 7.016775012016296387e-01
2.904972136020660400e-01 6.098794341087341309e-01
5.539041757583618164e-01 5.163491964340209961e-01
5.996032953262329102e-01 5.949192047119140625e-01
5.565767884254455566e-01 7.338246107101440430e-01
5.456233620643615723e-01 3.487188816070556641e-01
6.058558821678161621e-01 5.080722570419311523e-01
6.706927418708801270e-01 6.156055927276611328e-01
4.337940216064453125e-01 6.717380285263061523e-01
6.964128017425537109e-01 4.449872672557830811e-01
6.599843502044677734e-01 3.975860774517059326e-01
6.993259787559509277e-01 4.709862172603607178e-01
6.919314265251159668e-01 6.193999648094177246e-01
3.545721471309661865e-01 5.642520189285278320e-01
5.853877067565917969e-01 5.487735867500305176e-01
5.618754625320434570e-01 4.408712983131408691e-01
5.514293909072875977e-01 5.125859379768371582e-01
3.204203844070434570e-01 5.281565189361572266e-01
6.662816405296325684e-01 6.019535064697265625e-01
2.569608986377716064e-01 5.269197821617126465e-01
3.923709988594055176e-01 4.094414412975311279e-01
6.277875900268554688e-01 4.418264329433441162e-01
5.852877497673034668e-01 6.137472391128540039e-01
5.293944478034973145e-01 6.245254874229431152e-01
6.757909059524536133e-01 4.577593803405761719e-01
7.669669389724731445e-01 6.775401234626770020e-01
3.728860020637512207e-01 4.911960959434509277e-01
6.855812668800354004e-01 5.440607070922851562e-01
3.701837360858917236e-01 6.004368066787719727e-01
3.787816464900970459e-01 6.215294599533081055e-01
6.901435256004333496e-01 4.261726140975952148e-01
5.747990608215332031e-01 6.474333405494689941e-01
6.378911137580871582e-01 7.315983772277832031e-01
6.485114097595214844e-01 6.899257302284240723e-01
6.906840801239013672e-01 6.216369867324829102e-01
4.874127507209777832e-01 6.699518561363220215e-01
6.239386796951293945e-01 4.594977498054504395e-01
5.281700491905212402e-01 6.313643455505371094e-01
6.577042341232299805e-01 5.314798951148986816e-01
6.072809100151062012e-01 6.436849236488342285e-01
7.528426647186279297e-01 6.713455915451049805e-01
6.577363610267639160e-01 4.561962187290191650e-01
6.505357623100280762e-01 6.291508674621582031e-01
5.438677072525024414e-01 4.676185250282287598e-01
5.722435116767883301e-01 6.472098231315612793e-01
4.185877740383148193e-01 6.070379614830017090e-01
5.447157621383666992e-01 4.835122227668762207e-01
5.278164744377136230e-01 6.659092307090759277e-01
5.409364700317382812e-01 6.884123682975769043e-01
6.875792741775512695e-01 5.309122800827026367e-01
7.100583314895629883e-01 6.597571372985839844e-01
6.183549761772155762e-01 3.869289755821228027e-01
6.894982457160949707e-01 5.108132958412170410e-01
5.257656574249267578e-01 6.066946387290954590e-01
5.780475735664367676e-01 6.706784367561340332e-01
3.470954895019531250e-01 5.480058193206787109e-01
5.125901699066162109e-01 5.499048829078674316e-01
6.206775307655334473e-01 5.990195274353027344e-01
5.726425051689147949e-01 3.842953145503997803e-01
5.711053609848022461e-01 4.937226474285125732e-01
6.987010836601257324e-01 6.357133984565734863e-01
3.315160870552062988e-01 6.374175548553466797e-01
3.708148002624511719e-01 4.903125464916229248e-01
5.852407813072204590e-01 4.956168830394744873e-01
6.828546524047851562e-01 6.862866282463073730e-01
4.897788763046264648e-01 6.568680405616760254e-01
5.645159482955932617e-01 5.840916037559509277e-01
4.108238518238067627e-01 6.818655133247375488e-01
6.051170229911804199e-01 6.845394372940063477e-01
6.225815415382385254e-01 6.952894926071166992e-01
3.896198272705078125e-01 6.813079118728637695e-01
6.516007184982299805e-01 5.661181807518005371e-01
5.585269331932067871e-01 6.059659123420715332e-01
6.038548946380615234e-01 6.130823493003845215e-01
6.657178997993469238e-01 4.863010048866271973e-01
5.787947177886962891e-01 5.984065532684326172e-01
6.367890238761901855e-01 4.493771791458129883e-01
5.418477058410644531e-01 4.961535036563873291e-01
5.823279619216918945e-01 4.192019999027252197e-01
6.875146031379699707e-01 6.098775267601013184e-01
4.148348569869995117e-01 5.622439980506896973e-01
4.408813118934631348e-01 7.181213498115539551e-01
7.047469615936279297e-01 6.694073081016540527e-01
4.459900259971618652e-01 4.957536160945892334e-01
3.607624769210815430e-01 5.965965390205383301e-01
4.417203366756439209e-01 6.493169665336608887e-01
5.862663388252258301e-01 4.547279477119445801e-01
6.296151876449584961e-01 5.139171481132507324e-01
5.555998682975769043e-01 5.985465645790100098e-01
6.504392623901367188e-01 5.088683962821960449e-01
5.953344106674194336e-01 5.653638243675231934e-01
6.848509907722473145e-01 4.266639053821563721e-01
4.879337251186370850e-01 3.798424303531646729e-01
5.161041617393493652e-01 6.470784544944763184e-01
4.911591112613677979e-01 4.993161559104919434e-01
4.669939279556274414e-01 6.684587001800537109e-01
6.967078447341918945e-01 5.961210131645202637e-01
5.146835446357727051e-01 5.870935320854187012e-01
4.139964282512664795e-01 6.743327379226684570e-01
3.003084957599639893e-01 5.965484380722045898e-01
5.098740458488464355e-01 7.130947113037109375e-01
6.174880266189575195e-01 4.988160729408264160e-01
6.313129663467407227e-01 5.333560705184936523e-01
6.255686283111572266e-01 5.860062241554260254e-01
3.868398964405059814e-01 5.683956742286682129e-01
6.132810115814208984e-01 4.864852428436279297e-01
6.048419475555419922e-01 5.770747661590576172e-01
6.648342609405517578e-01 6.453462243080139160e-01
5.068922042846679688e-01 6.111208200454711914e-01
2.915694713592529297e-01 6.688513755798339844e-01
6.425781846046447754e-01 5.497182011604309082e-01
7.068532109260559082e-01 5.932628512382507324e-01
6.893048882484436035e-01 5.499747991561889648e-01
7.324310541152954102e-01 6.487282514572143555e-01
7.095725536346435547e-01 5.173115730285644531e-01
5.891506075859069824e-01 6.396182775497436523e-01
5.554489493370056152e-01 6.389125585556030273e-01
3.739391267299652100e-01 6.739227771759033203e-01
3.716547489166259766e-01 5.885021090507507324e-01
6.025422215461730957e-01 5.461944937705993652e-01
4.129118025302886963e-01 3.951902389526367188e-01
6.686772704124450684e-01 4.538446664810180664e-01
4.029658734798431396e-01 5.998644828796386719e-01
5.660728812217712402e-01 5.086780190467834473e-01
3.796412348747253418e-01 5.326150059700012207e-01
4.328457713127136230e-01 5.620663762092590332e-01
4.285227656364440918e-01 5.113431811332702637e-01
6.246016621589660645e-01 6.340427398681640625e-01
6.303337812423706055e-01 5.519233942031860352e-01
5.473279356956481934e-01 6.737932562828063965e-01
6.158797740936279297e-01 5.540930032730102539e-01
7.026143074035644531e-01 6.211434602737426758e-01
3.585867285728454590e-01 5.298578739166259766e-01
3.999719619750976562e-01 6.317050457000732422e-01
6.321985721588134766e-01 5.248827338218688965e-01
7.759719491004943848e-01 5.847691297531127930e-01
5.138689875602722168e-01 5.551376342773437500e-01
6.139415502548217773e-01 6.080225706100463867e-01
5.207432508468627930e-01 6.014872789382934570e-01
4.041925966739654541e-01 4.997467100620269775e-01
2.712151706218719482e-01 5.434966683387756348e-01
7.227422595024108887e-01 6.194416284561157227e-01
4.802108108997344971e-01 5.815060734748840332e-01
5.991437435150146484e-01 6.853764057159423828e-01
5.727357268333435059e-01 4.940332770347595215e-01
5.230388641357421875e-01 6.207489371299743652e-01
5.028983354568481445e-01 4.401900470256805420e-01
4.112802743911743164e-01 6.310293078422546387e-01
5.584741234779357910e-01 4.418091475963592529e-01
5.673660039901733398e-01 6.513817906379699707e-01
7.015480399131774902e-01 5.836374163627624512e-01
5.869159102439880371e-01 6.240238547325134277e-01
3.962009549140930176e-01 6.695222854614257812e-01
7.276644110679626465e-01 5.356164574623107910e-01
5.405391454696655273e-01 5.669647455215454102e-01
5.171623229980468750e-01 7.297952175140380859e-01
7.244064807891845703e-01 6.032082438468933105e-01
5.833974480628967285e-01 5.379904508590698242e-01
6.003268957138061523e-01 6.467946171760559082e-01
5.431287288665771484e-01 4.364300668239593506e-01
5.037629604339599609e-01 6.828131675720214844e-01
6.031342148780822754e-01 4.073007404804229736e-01
6.979705691337585449e-01 5.984380841255187988e-01
5.027357935905456543e-01 4.450428187847137451e-01
3.553362786769866943e-01 5.370410084724426270e-01
6.554801464080810547e-01 5.538917779922485352e-01
4.522556066513061523e-01 7.019630670547485352e-01
4.757572114467620850e-01 5.467195510864257812e-01
5.493512153625488281e-01 7.005654573440551758e-01
4.654822051525115967e-01 7.034811973571777344e-01
4.912761449813842773e-01 4.647079110145568848e-01
5.449262261390686035e-01 6.694896221160888672e-01
4.142886698246002197e-01 6.898205876350402832e-01
6.128007769584655762e-01 6.434455513954162598e-01
3.885055482387542725e-01 4.560213088989257812e-01
6.770316958427429199e-01 6.986398100852966309e-01
7.157274484634399414e-01 6.378877162933349609e-01
6.511095762252807617e-01 5.294355154037475586e-01
4.517329633235931396e-01 4.095888435840606689e-01
4.156166911125183105e-01 5.487360954284667969e-01
6.670843958854675293e-01 4.369786977767944336e-01
6.334480643272399902e-01 5.051715373992919922e-01
6.884400844573974609e-01 5.642179250717163086e-01
6.215018033981323242e-01 5.883586406707763672e-01
4.720356166362762451e-01 6.149985194206237793e-01
4.809052050113677979e-01 5.904015898704528809e-01
5.593408942222595215e-01 5.889196991920471191e-01
6.116431951522827148e-01 6.089153289794921875e-01
3.737836778163909912e-01 6.070200204849243164e-01
5.373739600181579590e-01 6.463837623596191406e-01
5.340043902397155762e-01 5.102231502532958984e-01
5.383353233337402344e-01 6.380878686904907227e-01
3.155255317687988281e-01 5.359583497047424316e-01
6.795982718467712402e-01 6.541709303855895996e-01
4.826563000679016113e-01 6.896278262138366699e-01
4.568037092685699463e-01 5.965151190757751465e-01
4.668588936328887939e-01 6.070789098739624023e-01
4.343168735504150391e-01 5.448080897331237793e-01
4.265542626380920410e-01 5.838901400566101074e-01
5.418143272399902344e-01 3.892942368984222412e-01
6.646227836608886719e-01 6.823694109916687012e-01
2.909985482692718506e-01 6.502397656440734863e-01
5.206642746925354004e-01 5.327982902526855469e-01
5.210161805152893066e-01 6.040394306182861328e-01
7.017788887023925781e-01 5.233858823776245117e-01
4.187174439430236816e-01 6.543224453926086426e-01
3.908415734767913818e-01 3.910039365291595459e-01
6.677222847938537598e-01 5.521280169486999512e-01
4.904463589191436768e-01 5.035031437873840332e-01
3.767053782939910889e-01 4.585487842559814453e-01
4.992970228195190430e-01 6.398411393165588379e-01
7.788336873054504395e-01 6.223807334899902344e-01
5.462303757667541504e-01 5.358052849769592285e-01
5.046482682228088379e-01 4.444067776203155518e-01
4.484960734844207764e-01 5.481448173522949219e-01
6.293463706970214844e-01 6.800709962844848633e-01
6.691045165061950684e-01 4.266147911548614502e-01
3.406267762184143066e-01 6.191650629043579102e-01
5.427451729774475098e-01 5.315678715705871582e-01
6.112216711044311523e-01 4.292901158332824707e-01
6.402335762977600098e-01 5.728423595428466797e-01
6.029697060585021973e-01 7.218964695930480957e-01
5.030999779701232910e-01 5.582273006439208984e-01
5.759496688842773438e-01 4.343014955520629883e-01
6.263642907142639160e-01 5.818101763725280762e-01
6.537187695503234863e-01 4.130325913429260254e-01
5.142731070518493652e-01 5.738658308982849121e-01
5.709893703460693359e-01 7.282369136810302734e-01
5.707580447196960449e-01 4.124167859554290771e-01
3.405622243881225586e-01 6.678370237350463867e-01
3.492414951324462891e-01 6.809269189834594727e-01
5.590694546699523926e-01 5.595607757568359375e-01
7.263343334197998047e-01 6.696560382843017578e-01
6.913996338844299316e-01 6.592806577682495117e-01
5.994246006011962891e-01 6.869702339172363281e-01
4.335020482540130615e-01 6.128404736518859863e-01
3.337956666946411133e-01 5.148567557334899902e-01
4.987484812736511230e-01 5.719497799873352051e-01
6.556758284568786621e-01 5.867728590965270996e-01
5.005893111228942871e-01 6.000530719757080078e-01
6.377769112586975098e-01 6.475778222084045410e-01
5.239206552505493164e-01 4.917179942131042480e-01
6.620032787322998047e-01 5.310562252998352051e-01
4.699973165988922119e-01 4.082211554050445557e-01
6.538859009742736816e-01 5.975824594497680664e-01
3.866127133369445801e-01 6.612692475318908691e-01
4.566919803619384766e-01 5.972245335578918457e-01
6.368704438209533691e-01 5.210155844688415527e-01
4.205091297626495361e-01 6.215547919273376465e-01
6.382889151573181152e-01 5.459259152412414551e-01
6.645989418029785156e-01 6.143835186958312988e-01
3.976793587207794189e-01 5.863444805145263672e-01
6.701365113258361816e-01 5.253919959068298340e-01
5.897591114044189453e-01 5.751468539237976074e-01
4.431732892990112305e-01 6.592021584510803223e-01
6.632213592529296875e-01 6.480669975280761719e-01
6.558472514152526855e-01 6.477041840553283691e-01
4.698352217674255371e-01 4.637551009654998779e-01
6.693658828735351562e-01 5.477746725082397461e-01
4.879077076911926270e-01 4.792929589748382568e-01
4.553380012512207031e-01 5.343660712242126465e-01
5.724658370018005371e-01 4.433209896087646484e-01
7.304701805114746094e-01 5.688733458518981934e-01
6.913956403732299805e-01 6.751868724822998047e-01
5.815386176109313965e-01 5.416725873947143555e-01
4.829359054565429688e-01 5.832561254501342773e-01
5.450199842453002930e-01 4.955926835536956787e-01
5.531003475189208984e-01 5.664345622062683105e-01
6.751146912574768066e-01 6.045083999633789062e-01
6.246433854103088379e-01 4.709314703941345215e-01
4.051482379436492920e-01 5.276039242744445801e-01
3.287970423698425293e-01 4.344533085823059082e-01
6.098736524581909180e-01 5.041915178298950195e-01
6.185601949691772461e-01 4.611065685749053955e-01
7.201694250106811523e-01 5.265976786613464355e-01
3.523835837841033936e-01 6.216441392898559570e-01
5.398317575454711914e-01 7.100706696510314941e-01
5.267179608345031738e-01 5.728392601013183594e-01
4.098857939243316650e-01 6.410980820655822754e-01
3.202196955680847168e-01 4.471244215965270996e-01
5.304211378097534180e-01 4.872885942459106445e-01
6.568181514739990234e-01 4.437364935874938965e-01
4.495935142040252686e-01 5.558604001998901367e-01
4.778929054737091064e-01 5.964804887771606445e-01
5.200839638710021973e-01 5.667120218276977539e-01
4.952960312366485596e-01 4.637161195278167725e-01
6.263329386711120605e-01 6.405457854270935059e-01
4.083148837089538574e-01 7.133772969245910645e-01
6.328936815261840820e-01 4.955580532550811768e-01
4.526383578777313232e-01 4.797190129756927490e-01
6.917371153831481934e-01 5.305253863334655762e-01
5.481909513473510742e-01 4.792918264865875244e-01
6.557471752166748047e-01 5.108324289321899414e-01
5.727277994155883789e-01 5.103564858436584473e-01
6.814734935760498047e-01 5.888375043869018555e-01
4.489475786685943604e-01 5.741244554519653320e-01
7.090901732444763184e-01 5.955170989036560059e-01
7.519118785858154297e-01 6.180273294448852539e-01
6.236275434494018555e-01 4.666970968246459961e-01
4.467165470123291016e-01 5.711117982864379883e-01
5.064477324485778809e-01 6.911958456039428711e-01
5.544639825820922852e-01 3.848195374011993408e-01
6.417703628540039062e-01 5.513954162597656250e-01
4.910829365253448486e-01 5.636280179023742676e-01
6.744344234466552734e-01 5.508429408073425293e-01
5.663983821868896484e-01 6.261240839958190918e-01
4.148685634136199951e-01 5.981891751289367676e-01
4.644100069999694824e-01 7.234566807746887207e-01
5.555818080902099609e-01 6.715580821037292480e-01
6.327083706855773926e-01 5.094847083091735840e-01
4.748122394084930420e-01 5.574614405632019043e-01
5.765601992607116699e-01 6.193516254425048828e-01
6.453079581260681152e-01 6.822311282157897949e-01
6.508892774581909180e-01 6.394940018653869629e-01
3.938674926757812500e-01 6.249439120292663574e-01
6.983265280723571777e-01 6.017755270004272461e-01
6.779437065124511719e-01 4.513705372810363770e-01
3.936315476894378662e-01 5.573617219924926758e-01
6.948496103286743164e-01 6.824432015419006348e-01
5.339607596397399902e-01 6.041417717933654785e-01
7.038358449935913086e-01 4.920219182968139648e-01
6.270430684089660645e-01 7.028984427452087402e-01
4.244869649410247803e-01 5.963122248649597168e-01
3.858079910278320312e-01 6.163989305496215820e-01
4.090726077556610107e-01 6.157365441322326660e-01
3.965818285942077637e-01 6.962941884994506836e-01
6.608097553253173828e-01 4.166124761104583740e-01
4.789241850376129150e-01 5.604568123817443848e-01
7.271026968955993652e-01 4.724898636341094971e-01
5.819762349128723145e-01 5.082408189773559570e-01
6.094827651977539062e-01 5.843845605850219727e-01
6.197664141654968262e-01 6.780767440795898438e-01
5.818172693252563477e-01 5.758070349693298340e-01
2.877798974514007568e-01 6.562834382057189941e-01
5.894069671630859375e-01 6.747195720672607422e-01
4.162003993988037109e-01 6.034967303276062012e-01
5.224116444587707520e-01 5.846065878868103027e-01
5.917025804519653320e-01 7.572714686393737793e-01
6.903406381607055664e-01 6.463164687156677246e-01
6.008687615394592285e-01 5.787440538406372070e-01
3.530601561069488525e-01 5.827905535697937012e-01
5.606102943420410156e-01 3.851418495178222656e-01
6.292740106582641602e-01 5.201894640922546387e-01
4.787054955959320068e-01 3.867253661155700684e-01
6.806219220161437988e-01 5.397465229034423828e-01
4.934788942337036133e-01 4.486749172210693359e-01
3.661040961742401123e-01 6.263826489448547363e-01
6.919177770614624023e-01 5.530459880828857422e-01
7.042197585105895996e-01 6.041644811630249023e-01
5.564696788787841797e-01 6.164069771766662598e-01
3.496532142162322998e-01 5.805385708808898926e-01
5.556843280792236328e-01 5.030696988105773926e-01
6.538180708885192871e-01 6.728047728538513184e-01
6.102526783943176270e-01 5.430347919464111328e-01
7.031422257423400879e-01 4.638079106807708740e-01
4.897195398807525635e-01 5.546343326568603516e-01
6.491333246231079102e-01 5.775570273399353027e-01
5.639711022377014160e-01 4.367223680019378662e-01
6.910954117774963379e-01 5.831602215766906738e-01
5.724459886550903320e-01 6.533597111701965332e-01
5.366728305816650391e-01 4.017162024974822998e-01
4.221654236316680908e-01 5.718283057212829590e-01
5.007456541061401367e-01 5.833752751350402832e-01
5.078818202018737793e-01 6.078360080718994141e-01
5.313546061515808105e-01 4.074759185314178467e-01
4.635991156101226807e-01 6.296048164367675781e-01
5.384540557861328125e-01 6.771745681762695312e-01
