6.402692198753356934e-01 6.097244024276733398e-01
5.695913434028625488e-01 6.510139107704162598e-01
4.532527029514312744e-01 5.049250721931457520e-01
3.877196609973907471e-01 3.825842440128326416e-01
5.745915770530700684e-01 5.229797363281250000e-01
5.491284728050231934e-01 6.187970638275146484e-01
4.241710901260375977e-01 3.903274238109588623e-01
4.076665639877319336e-01 5.102695226669311523e-01
4.576018154621124268e-01 5.775173902511596680e-01
4.818183779716491699e-01 5.134475827217102051e-01
6.662873625755310059e-01 5.496945381164550781e-01
4.837040603160858154e-01 5.158922672271728516e-01
5.681370496749877930e-01 6.435474753379821777e-01
6.392354369163513184e-01 5.901558399200439453e-01
4.735181927680969238e-01 5.582881569862365723e-01
5.183445215225219727e-01 5.803234577178955078e-01
5.727183818817138672e-01 6.076293587684631348e-01
6.371279358863830566e-01 5.409588217735290527e-01
4.994437992572784424e-01 5.664362311363220215e-01
5.225219130516052246e-01 5.426551103591918945e-01
4.992519021034240723e-01 5.546075701713562012e-01
6.932135820388793945e-01 5.172523260116577148e-01
3.235957324504852295e-01 4.975005984306335449e-01
6.386934518814086914e-01 6.076406240463256836e-01
3.576543629169464111e-01 4.392008185386657715e-01
5.266703963279724121e-01 6.404105424880981445e-01
5.700648427009582520e-01 5.174289941787719727e-01
6.708221435546875000e-01 5.884605050086975098e-01
6.938304901123046875e-01 6.465195417404174805e-01
6.973921656608581543e-01 4.479522705078125000e-01
4.979682564735412598e-01 6.182569861412048340e-01
5.113192200660705566e-01 5.184484124183654785e-01
6.057168841361999512e-01 6.083404421806335449e-01
6.895982623100280762e-01 5.056664347648620605e-01
7.299609780311584473e-01 5.351436734199523926e-01
4.640403985977172852e-01 5.524918437004089355e-01
6.032883524894714355e-01 6.545505523681640625e-01
5.990913510322570801e-01 4.943398535251617432e-01
6.644800901412963867e-01 5.440816879272460938e-01
5.072898268699645996e-01 3.200151324272155762e-01
6.600920557975769043e-01 5.505417585372924805e-01
5.397496223449707031e-01 5.519267916679382324e-01
4.618964195251464844e-01 6.204068660736083984e-01
4.843384623527526855e-01 5.427235364913940430e-01
6.065248250961303711e-01 5.681653618812561035e-01
4.929649829864501953e-01 6.418809294700622559e-01
5.048047900199890137e-01 4.165995121002197266e-01
6.249358057975769043e-01 5.273779034614562988e-01
6.416332721710205078e-01 6.589229702949523926e-01
4.208512008190155029e-01 5.244303345680236816e-01
7.064468860626220703e-01 6.251893043518066406e-01
5.166158080101013184e-01 5.999181270599365234e-01
6.350980401039123535e-01 6.128579378128051758e-01
5.108818411827087402e-01 6.384959816932678223e-01
4.417799711227416992e-01 5.751519203186035156e-01
5.623214840888977051e-01 5.008005499839782715e-01
7.378976941108703613e-01 5.381532907485961914e-01
7.137185335159301758e-01 5.668099522590637207e-01
6.238338947296142578e-01 5.599095821380615234e-01
5.630288720130920410e-01 4.441850483417510986e-01
6.715520620346069336e-01 4.937121272087097168e-01
7.158315181732177734e-01 5.834617614746093750e-01
7.422695755958557129e-01 6.296895742416381836e-01
4.974699914455413818e-01 5.332059264183044434e-01
6.670943498611450195e-01 5.170962810516357422e-01
5.565296411514282227e-01 3.791328966617584229e-01
3.430832326412200928e-01 4.112670719623565674e-01
4.061240553855895996e-01 5.309612751007080078e-01
5.899274945259094238e-01 6.317473649978637695e-01
5.116018056869506836e-01 5.556249022483825684e-01
5.847306847572326660e-01 4.226839840412139893e-01
6.135818362236022949e-01 7.063663601875305176e-01
5.047357678413391113e-01 4.522505998611450195e-01
6.966005563735961914e-01 6.361103057861328125e-01
5.178325772285461426e-01 6.602800488471984863e-01
5.387133359909057617e-01 5.941872000694274902e-01
5.203032493591308594e-01 5.696914196014404297e-01
5.770508050918579102e-01 4.802862405776977539e-01
5.150365829467773438e-01 5.669997334480285645e-01
5.340710282325744629e-01 5.963733792304992676e-01
6.602705121040344238e-01 6.348787546157836914e-01
5.945781469345092773e-01 4.209617972373962402e-01
6.360305547714233398e-01 6.312870979309082031e-01
7.017142772674560547e-01 5.540930032730102539e-01
5.669278502464294434e-01 4.562416374683380127e-01
6.163201332092285156e-01 5.445585846900939941e-01
6.657149791717529297e-01 6.596075892448425293e-01
5.713552236557006836e-01 5.688617229461669922e-01
6.798229813575744629e-01 5.024341344833374023e-01
4.727774560451507568e-01 5.530328750610351562e-01
5.617173910140991211e-01 4.858290553092956543e-01
4.314135313034057617e-01 5.336775183677673340e-01
5.678489208221435547e-01 6.501218080520629883e-01
6.291143298149108887e-01 3.934201598167419434e-01
6.243327856063842773e-01 6.894686818122863770e-01
5.362713336944580078e-01 4.380174279212951660e-01
6.518068909645080566e-01 5.444641113281250000e-01
5.324341654777526855e-01 3.889266252517700195e-01
5.316920876502990723e-01 4.069838225841522217e-01
3.618669807910919189e-01 5.429826974868774414e-01
7.331024408340454102e-01 5.566430091857910156e-01
5.603091716766357422e-01 5.986509323120117188e-01
5.699679255485534668e-01 5.515259504318237305e-01
6.380305886268615723e-01 6.000777482986450195e-01
6.558972001075744629e-01 4.859752953052520752e-01
3.975360989570617676e-01 2.559574246406555176e-01
4.748045206069946289e-01 5.422104597091674805e-01
4.667197465896606445e-01 6.337476372718811035e-01
5.527713894844055176e-01 5.573532581329345703e-01
5.648895502090454102e-01 3.997277617454528809e-01
5.358570814132690430e-01 4.921788573265075684e-01
3.262470662593841553e-01 4.025681912899017334e-01
5.958150029182434082e-01 4.966063499450683594e-01
4.904747307300567627e-01 3.873417973518371582e-01
5.613923668861389160e-01 4.322201609611511230e-01
2.572151422500610352e-01 4.183706939220428467e-01
6.857430934906005859e-01 5.765165686607360840e-01
5.557517409324645996e-01 4.444144368171691895e-01
4.776958525180816650e-01 5.790852308273315430e-01
5.546746850013732910e-01 5.401338934898376465e-01
4.148654937744140625e-01 4.529720246791839600e-01
5.136417746543884277e-01 6.396554112434387207e-01
6.063076257705688477e-01 5.233748555183410645e-01
4.798747897148132324e-01 6.243001222610473633e-01
4.549943804740905762e-01 6.334184408187866211e-01
4.562722444534301758e-01 5.503047108650207520e-01
5.654842853546142578e-01 4.429746568202972412e-01
5.867514014244079590e-01 3.986487984657287598e-01
6.172316074371337891e-01 5.358853340148925781e-01
5.062529444694519043e-01 5.313354134559631348e-01
4.291813075542449951e-01 3.861800730228424072e-01
6.170391440391540527e-01 6.611300706863403320e-01
6.741030216217041016e-01 5.636733174324035645e-01
5.872330069541931152e-01 5.184383392333984375e-01
6.494040489196777344e-01 4.394321441650390625e-01
6.295536160469055176e-01 5.504586696624755859e-01
5.895810723304748535e-01 4.324397146701812744e-01
5.612379908561706543e-01 3.300252556800842285e-01
5.108775496482849121e-01 4.225672185420989990e-01
4.085881114006042480e-01 5.329935550689697266e-01
2.823280692100524902e-01 4.562537670135498047e-01
4.699169397354125977e-01 5.215466022491455078e-01
6.932188272476196289e-01 4.926310181617736816e-01
4.860187470912933350e-01 4.259220063686370850e-01
5.641896128654479980e-01 4.363194704055786133e-01
6.623777747154235840e-01 4.635041654109954834e-01
5.829207897186279297e-01 4.793179929256439209e-01
6.177712678909301758e-01 4.630016684532165527e-01
4.883355200290679932e-01 5.250858664512634277e-01
6.766816973686218262e-01 4.827338457107543945e-01
3.727229237556457520e-01 5.997587442398071289e-01
4.276365935802459717e-01 5.391308665275573730e-01
6.040832996368408203e-01 5.801867246627807617e-01
6.887015104293823242e-01 5.042570233345031738e-01
4.854787290096282959e-01 4.490661919116973877e-01
4.535416960716247559e-01 4.204786717891693115e-01
5.812209844589233398e-01 5.691890120506286621e-01
5.897279381752014160e-01 3.746508359909057617e-01
6.197745203971862793e-01 5.802212357521057129e-01
6.774367690086364746e-01 4.596868455410003662e-01
7.030255198478698730e-01 4.233458936214447021e-01
6.699239611625671387e-01 5.981253385543823242e-01
5.661768317222595215e-01 5.656442046165466309e-01
5.354202389717102051e-01 5.655035972595214844e-01
4.563614726066589355e-01 3.307389914989471436e-01
7.096748948097229004e-01 5.765922069549560547e-01
5.298725962638854980e-01 5.957682132720947266e-01
6.129240393638610840e-01 6.368667483329772949e-01
6.409084796905517578e-01 4.672902226448059082e-01
6.467276215553283691e-01 4.091266691684722900e-01
4.536773860454559326e-01 5.661420226097106934e-01
6.356493830680847168e-01 6.636513471603393555e-01
5.448455810546875000e-01 6.365097165107727051e-01
5.732359886169433594e-01 3.986615538597106934e-01
4.993924498558044434e-01 4.473043978214263916e-01
4.001770615577697754e-01 4.185421764850616455e-01
4.150131046772003174e-01 5.917232632637023926e-01
6.415863633155822754e-01 4.918644726276397705e-01
5.644620060920715332e-01 5.299177765846252441e-01
6.944031715393066406e-01 5.402814149856567383e-01
5.048010945320129395e-01 3.801515102386474609e-01
3.371834456920623779e-01 4.676315486431121826e-01
5.798720121383666992e-01 6.368750333786010742e-01
5.438882112503051758e-01 5.658161044120788574e-01
5.610883235931396484e-01 4.676837027072906494e-01
6.651732325553894043e-01 5.525829792022705078e-01
4.931471347808837891e-01 3.901796042919158936e-01
6.334751248359680176e-01 4.400566220283508301e-01
5.913733243942260742e-01 4.947005212306976318e-01
3.927200734615325928e-01 4.310523271560668945e-01
6.207303404808044434e-01 4.528284370899200439e-01
4.627598226070404053e-01 4.759894013404846191e-01
4.129790365695953369e-01 4.935798943042755127e-01
5.069293379783630371e-01 6.319812536239624023e-01
3.660912811756134033e-01 6.034656167030334473e-01
5.653975009918212891e-01 5.229833126068115234e-01
4.387416243553161621e-01 4.657449722290039062e-01
6.106480956077575684e-01 5.117432475090026855e-01
3.254974186420440674e-01 3.866566121578216553e-01
4.889553487300872803e-01 5.108982920646667480e-01
5.841801762580871582e-01 4.977648556232452393e-01
4.397829174995422363e-01 5.734432935714721680e-01
6.441143751144409180e-01 4.859147667884826660e-01
3.077506422996520996e-01 5.156903862953186035e-01
5.266606807708740234e-01 4.289692938327789307e-01
5.129147171974182129e-01 5.988974571228027344e-01
6.508504748344421387e-01 5.921715497970581055e-01
4.105938076972961426e-01 3.348167538642883301e-01
5.864095091819763184e-01 5.242278575897216797e-01
3.925767838954925537e-01 3.008661568164825439e-01
6.235535144805908203e-01 5.484770536422729492e-01
5.492826104164123535e-01 6.614085435867309570e-01
5.456899404525756836e-01 5.175859928131103516e-01
3.222197294235229492e-01 6.119385957717895508e-01
3.059996664524078369e-01 4.214514493942260742e-01
5.021774768829345703e-01 4.939452409744262695e-01
3.661559820175170898e-01 4.989915788173675537e-01
7.243747711181640625e-01 6.152625679969787598e-01
5.548120737075805664e-01 5.327019691467285156e-01
4.811029732227325439e-01 4.715524911880493164e-01
5.805901885032653809e-01 4.363760352134704590e-01
5.512880086898803711e-01 5.641983151435852051e-01
5.174156427383422852e-01 6.099181175231933594e-01
4.347284138202667236e-01 4.700542986392974854e-01
5.490671396255493164e-01 4.375596344470977783e-01
4.378443062305450439e-01 5.789494514465332031e-01
5.988327264785766602e-01 5.941773653030395508e-01
5.661274790763854980e-01 4.519135951995849609e-01
5.855184793472290039e-01 4.424173235893249512e-01
5.787510275840759277e-01 5.315648913383483887e-01
3.557969927787780762e-01 4.864155948162078857e-01
3.694567084312438965e-01 5.413430333137512207e-01
6.367791891098022461e-01 6.280331611633300781e-01
7.144616842269897461e-01 6.367135643959045410e-01
3.693351447582244873e-01 5.480122566223144531e-01
6.407297253608703613e-01 5.723240971565246582e-01
4.761160314083099365e-01 5.255341529846191406e-01
5.808801054954528809e-01 5.421533584594726562e-01
5.391604900360107422e-01 6.183930039405822754e-01
6.174256801605224609e-01 6.860404610633850098e-01
4.759517610073089600e-01 5.336632132530212402e-01
6.725938916206359863e-01 4.494904577732086182e-01
6.522772908210754395e-01 4.867377877235412598e-01
4.840705096721649170e-01 5.181010961532592773e-01
5.941645503044128418e-01 6.320515871047973633e-01
6.957316398620605469e-01 4.215541481971740723e-01
4.887660741806030273e-01 5.868340134620666504e-01
5.459361672401428223e-01 5.125310420989990234e-01
5.698602795600891113e-01 5.602213144302368164e-01
7.151062488555908203e-01 5.491996407508850098e-01
5.903864502906799316e-01 5.558952689170837402e-01
3.414534330368041992e-01 5.034108757972717285e-01
5.905534029006958008e-01 4.932883977890014648e-01
6.459100246429443359e-01 5.237666964530944824e-01
4.745829403400421143e-01 4.980801343917846680e-01
5.471622347831726074e-01 4.282306730747222900e-01
6.399087309837341309e-01 4.908595085144042969e-01
4.874289631843566895e-01 6.285765767097473145e-01
3.929367065429687500e-01 4.408488273620605469e-01
5.897460579872131348e-01 6.296107172966003418e-01
6.501858234405517578e-01 5.983033776283264160e-01
6.749871373176574707e-01 5.631378293037414551e-01
6.072213649749755859e-01 6.342770457267761230e-01
6.521357297897338867e-01 5.199145078659057617e-01
4.397397041320800781e-01 5.130323767662048340e-01
3.013351857662200928e-01 3.638613522052764893e-01
5.801077485084533691e-01 3.560829758644104004e-01
5.650456547737121582e-01 5.330598354339599609e-01
5.035499334335327148e-01 5.017686486244201660e-01
4.262879192829132080e-01 4.638364315032958984e-01
3.272882103919982910e-01 5.078983902931213379e-01
6.464797854423522949e-01 5.407937169075012207e-01
5.264313817024230957e-01 4.666445553302764893e-01
6.013584733009338379e-01 4.706447720527648926e-01
4.246315956115722656e-01 4.027875065803527832e-01
6.402732133865356445e-01 4.790115952491760254e-01
6.054579615592956543e-01 6.357029080390930176e-01
7.190861105918884277e-01 5.124201774597167969e-01
4.836697578430175781e-01 5.731281042098999023e-01
3.812588453292846680e-01 3.210984468460083008e-01
6.062948703765869141e-01 6.016543507575988770e-01
5.239443182945251465e-01 6.038955450057983398e-01
6.302272677421569824e-01 6.018456220626831055e-01
5.879324674606323242e-01 6.136785149574279785e-01
6.119214892387390137e-01 5.105262994766235352e-01
6.556692123413085938e-01 5.014637112617492676e-01
6.082717776298522949e-01 4.663770496845245361e-01
5.338999032974243164e-01 4.330905079841613770e-01
4.791751205921173096e-01 5.370346307754516602e-01
5.693076252937316895e-01 6.576640009880065918e-01
4.161611199378967285e-01 4.105667471885681152e-01
3.007330596446990967e-01 3.440141081809997559e-01
5.583316087722778320e-01 4.942205250263214111e-01
5.963459610939025879e-01 5.317062139511108398e-01
4.984410107135772705e-01 4.694679081439971924e-01
4.232569634914398193e-01 4.841995835304260254e-01
5.698673725128173828e-01 4.505435526371002197e-01
5.053486824035644531e-01 3.820516467094421387e-01
6.587883234024047852e-01 5.066346526145935059e-01
6.742895841598510742e-01 4.202162027359008789e-01
5.787692070007324219e-01 5.861971974372863770e-01
7.390514612197875977e-01 6.200217008590698242e-01
4.580501019954681396e-01 4.513189494609832764e-01
4.909116923809051514e-01 6.080042123794555664e-01
5.007253289222717285e-01 4.960038959980010986e-01
5.000306367874145508e-01 4.621181190013885498e-01
6.071529388427734375e-01 6.564076542854309082e-01
5.594959855079650879e-01 5.921345353126525879e-01
5.981292128562927246e-01 4.558283090591430664e-01
5.053395032882690430e-01 4.809785187244415283e-01
5.195209980010986328e-01 4.936868846416473389e-01
6.343756318092346191e-01 5.518318414688110352e-01
5.273091197013854980e-01 5.140913128852844238e-01
4.584525525569915771e-01 4.654577076435089111e-01
5.016317367553710938e-01 4.797244071960449219e-01
5.497327446937561035e-01 5.681900978088378906e-01
5.895017385482788086e-01 6.504023671150207520e-01
6.900158524513244629e-01 5.677495002746582031e-01
6.284505724906921387e-01 4.126871824264526367e-01
6.156351566314697266e-01 3.688834607601165771e-01
5.759111642837524414e-01 4.489617049694061279e-01
6.700229048728942871e-01 5.559255480766296387e-01
5.932749509811401367e-01 4.224032461643218994e-01
6.563784480094909668e-01 6.068864464759826660e-01
5.491190552711486816e-01 6.143869161605834961e-01
3.923955261707305908e-01 4.777829349040985107e-01
5.259836912155151367e-01 5.097944140434265137e-01
5.979094505310058594e-01 3.746113479137420654e-01
4.481454193592071533e-01 5.334576964378356934e-01
5.283237695693969727e-01 3.156927525997161865e-01
6.665001511573791504e-01 3.789075613021850586e-01
6.102454066276550293e-01 3.774778842926025391e-01
5.234827399253845215e-01 4.316486418247222900e-01
5.118606090545654297e-01 5.560289025306701660e-01
5.326300263404846191e-01 5.159367918968200684e-01
5.581494569778442383e-01 6.468082070350646973e-01
6.069757938385009766e-01 5.588071942329406738e-01
6.180544495582580566e-01 4.081018567085266113e-01
6.435803771018981934e-01 6.339492201805114746e-01
5.561949014663696289e-01 4.879933595657348633e-01
4.740305542945861816e-01 6.012220978736877441e-01
6.832846403121948242e-01 6.472521424293518066e-01
6.706018447875976562e-01 6.026847362518310547e-01
5.459533333778381348e-01 6.428912878036499023e-01
4.084431529045104980e-01 6.117292642593383789e-01
5.837080478668212891e-01 6.634737253189086914e-01
7.207949757575988770e-01 6.099393963813781738e-01
6.183617711067199707e-01 6.333867907524108887e-01
2.819239497184753418e-01 5.206218957901000977e-01
3.764989078044891357e-01 4.435688555240631104e-01
3.955942094326019287e-01 5.431249141693115234e-01
6.197351813316345215e-01 5.406965613365173340e-01
5.185618400573730469e-01 5.287967920303344727e-01
6.035094857215881348e-01 4.058840274810791016e-01
4.719827175140380859e-01 5.799471139907836914e-01
4.945051074028015137e-01 6.087508201599121094e-01
5.299814939498901367e-01 4.725378453731536865e-01
5.615240931510925293e-01 5.326635837554931641e-01
5.197379589080810547e-01 5.170685648918151855e-01
6.415838003158569336e-01 5.049942135810852051e-01
5.838753581047058105e-01 5.004975199699401855e-01
3.709535300731658936e-01 4.490492641925811768e-01
4.275568425655364990e-01 4.037850201129913330e-01
6.585910320281982422e-01 6.960241794586181641e-01
5.434665083885192871e-01 3.930110931396484375e-01
5.844383239746093750e-01 6.293340921401977539e-01
5.657277107238769531e-01 6.000856161117553711e-01
6.381356716156005859e-01 7.055187225341796875e-01
6.770557165145874023e-01 4.282205700874328613e-01
4.608562290668487549e-01 4.595935344696044922e-01
4.713427126407623291e-01 4.340928196907043457e-01
3.907985985279083252e-01 5.529178380966186523e-01
7.284331321716308594e-01 5.732238888740539551e-01
6.249662041664123535e-01 6.451300978660583496e-01
6.320959925651550293e-01 5.286699533462524414e-01
6.141245365142822266e-01 4.374579787254333496e-01
6.032866239547729492e-01 4.043249189853668213e-01
5.772542357444763184e-01 5.232336521148681641e-01
4.117286801338195801e-01 5.477830767631530762e-01
6.281608939170837402e-01 5.201238393783569336e-01
5.791685581207275391e-01 5.458389520645141602e-01
2.753591835498809814e-01 4.275414049625396729e-01
6.124185323715209961e-01 4.767979085445404053e-01
3.991182446479797363e-01 5.413693785667419434e-01
5.245429277420043945e-01 5.482122302055358887e-01
6.081857085227966309e-01 5.828770995140075684e-01
5.717889666557312012e-01 4.193833470344543457e-01
3.881461322307586670e-01 5.222177505493164062e-01
4.393163025379180908e-01 5.409327149391174316e-01
5.930647253990173340e-01 4.850183427333831787e-01
3.570800721645355225e-01 3.280704617500305176e-01
3.423038423061370850e-01 4.302442073822021484e-01
6.501451730728149414e-01 4.826414883136749268e-01
6.732614636421203613e-01 3.699738383293151855e-01
3.877512514591217041e-01 3.778357207775115967e-01
7.125676870346069336e-01 5.703836679458618164e-01
6.648513674736022949e-01 4.688934087753295898e-01
6.449239253997802734e-01 5.582019090652465820e-01
4.829119741916656494e-01 4.288972914218902588e-01
5.952880382537841797e-01 4.820472002029418945e-01
6.758595108985900879e-01 4.960888922214508057e-01
5.172836184501647949e-01 5.090566873550415039e-01
6.030466556549072266e-01 5.706059336662292480e-01
6.465013027191162109e-01 6.424370408058166504e-01
4.179062843322753906e-01 5.630859136581420898e-01
5.406252741813659668e-01 5.299987792968750000e-01
5.838760137557983398e-01 4.265930056571960449e-01
5.979238152503967285e-01 6.520852446556091309e-01
4.170619547367095947e-01 4.972128272056579590e-01
3.848878145217895508e-01 3.943400681018829346e-01
5.810703039169311523e-01 6.469711065292358398e-01
5.308884978294372559e-01 4.760582149028778076e-01
4.716551303863525391e-01 4.682100713253021240e-01
5.976417064666748047e-01 5.108334422111511230e-01
5.532068610191345215e-01 5.824326276779174805e-01
6.226271390914916992e-01 5.050774216651916504e-01
4.878883361816406250e-01 4.215252101421356201e-01
7.534513473510742188e-01 6.019158363342285156e-01
6.653515696525573730e-01 5.913356542587280273e-01
6.348878741264343262e-01 6.462816596031188965e-01
2.824271917343139648e-01 4.844921827316284180e-01
3.856145739555358887e-01 4.753214120864868164e-01
6.306163072586059570e-01 4.212972819805145264e-01
3.900446891784667969e-01 4.948306679725646973e-01
6.413387060165405273e-01 4.114371538162231445e-01
4.979534447193145752e-01 5.545873641967773438e-01
5.004451274871826172e-01 5.937574505805969238e-01
4.822423756122589111e-01 5.959130525588989258e-01
6.285154819488525391e-01 4.333328902721405029e-01
5.469970107078552246e-01 5.469740033149719238e-01
7.087354660034179688e-01 5.259953737258911133e-01
4.224429726600646973e-01 4.363268911838531494e-01
6.948617100715637207e-01 5.121538639068603516e-01
4.989046752452850342e-01 3.699103891849517822e-01
4.150314331054687500e-01 6.318588256835937500e-01
5.558677911758422852e-01 5.017283558845520020e-01
5.468806624412536621e-01 5.802021026611328125e-01
5.349382162094116211e-01 3.969004154205322266e-01
5.242819786071777344e-01 5.397197604179382324e-01
3.792838752269744873e-01 3.602593839168548584e-01
6.628307700157165527e-01 4.357392489910125732e-01
6.962829828262329102e-01 6.180857419967651367e-01
6.632845997810363770e-01 5.823546648025512695e-01
4.573717415332794189e-01 4.064706265926361084e-01
5.937103033065795898e-01 6.378503441810607910e-01
3.204973042011260986e-01 4.499805569648742676e-01
5.424202680587768555e-01 5.691323876380920410e-01
4.892187118530273438e-01 6.053748130798339844e-01
4.150480926036834717e-01 5.366278290748596191e-01
6.965976953506469727e-01 5.256595611572265625e-01
5.603606104850769043e-01 6.437558531761169434e-01
3.928053081035614014e-01 5.549551844596862793e-01
5.205972194671630859e-01 4.856452643871307373e-01
4.582997560501098633e-01 3.565938174724578857e-01
5.238531231880187988e-01 5.221096873283386230e-01
3.808466494083404541e-01 5.119087696075439453e-01
6.674205064773559570e-01 5.325850844383239746e-01
6.600988507270812988e-01 4.188442230224609375e-01
3.726880848407745361e-01 5.240737795829772949e-01
5.438088774681091309e-01 4.820960462093353271e-01
5.108388662338256836e-01 4.088610410690307617e-01
3.287082314491271973e-01 5.426268577575683594e-01
6.369221210479736328e-01 4.309196472167968750e-01
6.603149175643920898e-01 4.732317030429840088e-01
4.823678731918334961e-01 5.061013698577880859e-01
4.209852814674377441e-01 6.003476977348327637e-01
4.716074168682098389e-01 6.168861985206604004e-01
4.626558423042297363e-01 4.726012349128723145e-01
4.615494310855865479e-01 4.440914392471313477e-01
4.056606292724609375e-01 6.170565485954284668e-01
4.299384057521820068e-01 4.891219437122344971e-01
3.285464346408843994e-01 3.927169442176818848e-01
4.817251265048980713e-01 5.606565475463867188e-01
6.652889251708984375e-01 4.774624407291412354e-01
7.416848540306091309e-01 6.212616562843322754e-01
6.444059014320373535e-01 6.077193617820739746e-01
5.284154415130615234e-01 6.077524423599243164e-01
4.842090308666229248e-01 5.498135089874267578e-01
2.545907497406005859e-01 3.808712065219879150e-01
3.396311104297637939e-01 4.342018067836761475e-01
5.226848125457763672e-01 5.645349621772766113e-01
4.966882169246673584e-01 3.774382472038269043e-01
4.687118232250213623e-01 5.895840525627136230e-01
6.162227988243103027e-01 5.171494483947753906e-01
4.973573684692382812e-01 5.091946125030517578e-01
5.784962773323059082e-01 4.350662827491760254e-01
6.762088537216186523e-01 5.033388137817382812e-01
5.388744473457336426e-01 4.752762615680694580e-01
6.482599377632141113e-01 4.730818271636962891e-01
4.087712466716766357e-01 6.023356914520263672e-01
3.808111846446990967e-01 4.122336506843566895e-01
5.335731506347656250e-01 5.870023369789123535e-01
6.084105968475341797e-01 6.055843830108642578e-01
4.361830651760101318e-01 4.986924529075622559e-01
4.365284144878387451e-01 5.362852811813354492e-01
7.121177911758422852e-01 5.525867342948913574e-01
5.816929340362548828e-01 5.673953890800476074e-01
6.892293691635131836e-01 5.070263147354125977e-01
5.028402209281921387e-01 6.534358263015747070e-01
6.324548721313476562e-01 5.528343915939331055e-01
3.665153980255126953e-01 4.626099467277526855e-01
6.081327795982360840e-01 3.805322647094726562e-01
5.793736577033996582e-01 6.434416174888610840e-01
5.842161774635314941e-01 3.904313147068023682e-01
6.053897142410278320e-01 5.691462159156799316e-01
5.271853208541870117e-01 4.915402233600616455e-01
6.351858973503112793e-01 6.174793839454650879e-01
5.393997430801391602e-01 4.808697700500488281e-01
6.725440025329589844e-01 6.501099467277526855e-01
4.923335611820220947e-01 5.778093934059143066e-01
3.834218382835388184e-01 5.344727635383605957e-01
5.036199688911437988e-01 4.456197023391723633e-01
4.790302217006683350e-01 5.339931845664978027e-01
5.215191245079040527e-01 4.589615762233734131e-01
5.348545908927917480e-01 5.479830503463745117e-01
6.062093377113342285e-01 5.528168082237243652e-01
7.040672898292541504e-01 5.884656906127929688e-01
5.497426986694335938e-01 3.703210055828094482e-01
3.820607066154479980e-01 4.889962971210479736e-01
6.193580627441406250e-01 5.202410817146301270e-01
6.492894887924194336e-01 4.225837588310241699e-01
4.177371859550476074e-01 4.545568227767944336e-01
5.920968055725097656e-01 4.934040009975433350e-01
3.866148889064788818e-01 4.551143050193786621e-01
6.723014116287231445e-01 5.606129765510559082e-01
6.170091629028320312e-01 5.105678439140319824e-01
5.675966143608093262e-01 5.228595137596130371e-01
5.237095355987548828e-01 4.851166307926177979e-01
4.394346773624420166e-01 5.586574673652648926e-01
4.945435523986816406e-01 6.480712890625000000e-01
6.056224107742309570e-01 6.931915283203125000e-01
7.253693938255310059e-01 5.396107435226440430e-01
5.472598671913146973e-01 4.598058462142944336e-01
6.000480651855468750e-01 3.750743567943572998e-01
5.290884971618652344e-01 5.411508083343505859e-01
7.199763059616088867e-01 5.112683176994323730e-01
2.750449776649475098e-01 4.662798345088958740e-01
7.038187384605407715e-01 4.991067349910736084e-01
5.671426057815551758e-01 5.317315459251403809e-01
5.004315376281738281e-01 4.732924401760101318e-01
5.955603122711181641e-01 4.616640210151672363e-01
5.590888261795043945e-01 6.262192130088806152e-01
6.062232255935668945e-01 5.118052363395690918e-01
2.898374795913696289e-01 5.438753366470336914e-01
4.071004986763000488e-01 3.514909744262695312e-01
3.587290942668914795e-01 3.941448330879211426e-01
4.483452141284942627e-01 4.884594678878784180e-01
6.574314236640930176e-01 6.123030781745910645e-01
3.642487823963165283e-01 4.011338949203491211e-01
6.123026609420776367e-01 3.909922242164611816e-01
5.252198576927185059e-01 5.655220746994018555e-01
5.202119946479797363e-01 5.825757384300231934e-01
6.323186755180358887e-01 4.569686651229858398e-01
4.293609857559204102e-01 3.753119409084320068e-01
2.638356089591979980e-01 3.523360788822174072e-01
5.621163249015808105e-01 4.765705168247222900e-01
5.656244158744812012e-01 3.578600585460662842e-01
5.617617964744567871e-01 3.720100820064544678e-01
5.910767912864685059e-01 6.638211011886596680e-01
6.426682472229003906e-01 5.454577207565307617e-01
4.607991278171539307e-01 5.851663351058959961e-01
6.583301424980163574e-01 4.678760468959808350e-01
5.076913237571716309e-01 6.247327923774719238e-01
3.169492781162261963e-01 4.302759170532226562e-01
6.284449696540832520e-01 6.188571453094482422e-01
4.757888913154602051e-01 6.218691468238830566e-01
5.149164795875549316e-01 5.825234055519104004e-01
6.979675889015197754e-01 6.288695335388183594e-01
5.122349858283996582e-01 6.400518417358398438e-01
6.242458224296569824e-01 5.145422220230102539e-01
3.583330214023590088e-01 5.534392595291137695e-01
7.240947484970092773e-01 5.364130139350891113e-01
3.347941637039184570e-01 4.624028801918029785e-01
4.271049499511718750e-01 3.091378509998321533e-01
3.435995578765869141e-01 4.127505719661712646e-01
6.383512020111083984e-01 5.795422196388244629e-01
2.597393989562988281e-01 3.982459008693695068e-01
4.878618121147155762e-01 3.064953386783599854e-01
5.089140534400939941e-01 4.706719219684600830e-01
5.017514824867248535e-01 5.343839526176452637e-01
6.729314327239990234e-01 4.925175607204437256e-01
5.337735414505004883e-01 5.463812947273254395e-01
6.876146793365478516e-01 4.825401306152343750e-01
4.633065164089202881e-01 5.635219812393188477e-01
3.842611014842987061e-01 3.570571839809417725e-01
6.416172981262207031e-01 4.257754683494567871e-01
4.713543951511383057e-01 3.308535814285278320e-01
6.944436430931091309e-01 5.985257029533386230e-01
4.890961945056915283e-01 3.702692091464996338e-01
6.946666836738586426e-01 4.565361738204956055e-01
6.194368004798889160e-01 5.517308115959167480e-01
5.334457755088806152e-01 5.361526608467102051e-01
4.457197785377502441e-01 4.897147417068481445e-01
4.388363957405090332e-01 5.578851699829101562e-01
6.253859400749206543e-01 6.142404079437255859e-01
4.605402052402496338e-01 4.548612833023071289e-01
5.566672682762145996e-01 4.401512742042541504e-01
5.249409675598144531e-01 4.802247285842895508e-01
4.253705739974975586e-01 4.908549785614013672e-01
3.956960737705230713e-01 4.381659924983978271e-01
5.457973480224609375e-01 4.943811595439910889e-01
5.784583687782287598e-01 6.610631346702575684e-01
5.543744564056396484e-01 3.765075802803039551e-01
4.490500986576080322e-01 4.904029965400695801e-01
6.261657476425170898e-01 5.913908481597900391e-01
4.100241363048553467e-01 4.474300146102905273e-01
5.517740845680236816e-01 4.910946190357208252e-01
6.080011129379272461e-01 7.226297259330749512e-01
6.096488237380981445e-01 4.700781404972076416e-01
2.705660164356231689e-01 4.344078302383422852e-01
5.010819435119628906e-01 5.557804107666015625e-01
4.379389286041259766e-01 5.538890361785888672e-01
6.449964642524719238e-01 4.358650743961334229e-01
5.148538351058959961e-01 3.540852963924407959e-01
3.341475129127502441e-01 3.426348865032196045e-01
5.461037158966064453e-01 4.549268782138824463e-01
4.200263619422912598e-01 3.513329625129699707e-01
5.761434435844421387e-01 4.000746905803680420e-01
6.103980541229248047e-01 4.770452678203582764e-01
5.901557207107543945e-01 6.289697885513305664e-01
5.765041708946228027e-01 5.078402161598205566e-01
4.745326936244964600e-01 5.808264613151550293e-01
2.441387772560119629e-01 4.375008046627044678e-01
3.685260713100433350e-01 5.484419465065002441e-01
5.542441010475158691e-01 4.405161440372467041e-01
6.615133285522460938e-01 5.199308991432189941e-01
6.224784255027770996e-01 4.955327510833740234e-01
3.861754238605499268e-01 5.797483921051025391e-01
6.368353962898254395e-01 3.712015450000762939e-01
3.935146927833557129e-01 5.699588060379028320e-01
5.146937370300292969e-01 4.702264666557312012e-01
5.443344116210937500e-01 5.930424332618713379e-01
4.545616805553436279e-01 5.820898413658142090e-01
6.124635338783264160e-01 6.351739764213562012e-01
5.111190080642700195e-01 3.362578749656677246e-01
4.711739718914031982e-01 3.875939548015594482e-01
3.612963259220123291e-01 6.097654104232788086e-01
6.185202598571777344e-01 5.159785747528076172e-01
6.628108024597167969e-01 6.016072034835815430e-01
5.048364996910095215e-01 4.406669139862060547e-01
5.429216623306274414e-01 5.911634564399719238e-01
3.514939844608306885e-01 4.761053621768951416e-01
5.298907756805419922e-01 5.314652919769287109e-01
4.963771104812622070e-01 4.436194598674774170e-01
5.500574707984924316e-01 5.467250943183898926e-01
5.287559628486633301e-01 6.393846869468688965e-01
4.634447693824768066e-01 5.641656517982482910e-01
6.390286684036254883e-01 6.845304965972900391e-01
5.083028078079223633e-01 6.078695058822631836e-01
4.704221785068511963e-01 5.466341376304626465e-01
6.293832659721374512e-01 3.999501466751098633e-01
2.516691982746124268e-01 4.369152784347534180e-01
2.958150804042816162e-01 3.733510076999664307e-01
5.351153016090393066e-01 5.150917172431945801e-01
6.694370508193969727e-01 6.125407814979553223e-01
5.318158268928527832e-01 4.127212762832641602e-01
6.612355709075927734e-01 5.494217276573181152e-01
5.135642290115356445e-01 3.953285217285156250e-01
5.970491170883178711e-01 4.229227006435394287e-01
6.329869627952575684e-01 6.316139101982116699e-01
3.968957066535949707e-01 4.067104458808898926e-01
5.762647390365600586e-01 4.636298716068267822e-01
5.242102742195129395e-01 5.243778824806213379e-01
4.956223964691162109e-01 3.935892581939697266e-01
4.953810870647430420e-01 5.310859084129333496e-01
6.530475616455078125e-01 5.600743293762207031e-01
4.018389880657196045e-01 5.722067952156066895e-01
5.930556058883666992e-01 4.978441298007965088e-01
5.186873674392700195e-01 6.096917986869812012e-01
3.586834073066711426e-01 5.091257691383361816e-01
5.113534331321716309e-01 4.461141824722290039e-01
5.887634158134460449e-01 4.690711796283721924e-01
6.017617583274841309e-01 6.618070006370544434e-01
6.127688884735107422e-01 4.436576962471008301e-01
6.244741678237915039e-01 5.301903486251831055e-01
5.608894824981689453e-01 4.623566269874572754e-01
3.174318075180053711e-01 5.119881033897399902e-01
4.737896621227264404e-01 4.408802986145019531e-01
4.748153388500213623e-01 4.313270747661590576e-01
5.759028792381286621e-01 4.493182599544525146e-01
4.578699767589569092e-01 5.612508058547973633e-01
3.922486603260040283e-01 2.765876948833465576e-01
5.325830578804016113e-01 4.394973218441009521e-01
5.637756586074829102e-01 4.920359253883361816e-01
6.178032755851745605e-01 5.940097570419311523e-01
5.412647128105163574e-01 5.334755778312683105e-01
4.316493272781372070e-01 4.680840373039245605e-01
4.103501737117767334e-01 5.714826583862304688e-01
3.819068372249603271e-01 5.048806667327880859e-01
4.565096497535705566e-01 3.537291288375854492e-01
6.056631803512573242e-01 6.043643355369567871e-01
5.882895588874816895e-01 4.497675895690917969e-01
3.696265816688537598e-01 4.426980614662170410e-01
4.632158577442169189e-01 5.538784861564636230e-01
3.881096839904785156e-01 5.529191493988037109e-01
5.112546682357788086e-01 4.608588814735412598e-01
6.873388290405273438e-01 4.251804053783416748e-01
4.804897904396057129e-01 6.404776573181152344e-01
6.119438409805297852e-01 5.607728362083435059e-01
3.948254287242889404e-01 3.668575882911682129e-01
2.761797904968261719e-01 3.950653374195098877e-01
5.969225764274597168e-01 5.210122466087341309e-01
5.583699941635131836e-01 5.264521837234497070e-01
5.752521753311157227e-01 4.569618105888366699e-01
4.467958211898803711e-01 4.325205385684967041e-01
4.274342060089111328e-01 5.598268508911132812e-01
5.766604542732238770e-01 5.141566395759582520e-01
4.696211218833923340e-01 5.572281479835510254e-01
4.119315147399902344e-01 5.642848610877990723e-01
4.143054485321044922e-01 4.340229332447052002e-01
4.242261052131652832e-01 5.601455569267272949e-01
3.671475350856781006e-01 4.598132967948913574e-01
4.001770019531250000e-01 4.160017073154449463e-01
5.615864396095275879e-01 5.010781884193420410e-01
2.732118964195251465e-01 3.752669095993041992e-01
4.756445288658142090e-01 5.916089415550231934e-01
5.414001345634460449e-01 3.967083990573883057e-01
4.832954704761505127e-01 4.322539269924163818e-01
4.542486369609832764e-01 4.983749389648437500e-01
5.530128479003906250e-01 4.808917343616485596e-01
5.631236433982849121e-01 5.197169780731201172e-01
3.257523775100708008e-01 4.031254053115844727e-01
5.826161503791809082e-01 6.429739594459533691e-01
4.906027913093566895e-01 4.196348190307617188e-01
5.071024298667907715e-01 6.109877824783325195e-01
6.488172411918640137e-01 5.604331493377685547e-01
4.563739895820617676e-01 6.190021634101867676e-01
4.000134468078613281e-01 5.152984261512756348e-01
6.287654042243957520e-01 5.847660303115844727e-01
5.182269811630249023e-01 4.145633280277252197e-01
5.373870730400085449e-01 6.322060227394104004e-01
3.665658235549926758e-01 3.634282648563385010e-01
6.752828359603881836e-01 6.642239093780517578e-01
5.433817505836486816e-01 4.904363155364990234e-01
6.114239096641540527e-01 3.529050052165985107e-01
6.925647854804992676e-01 5.823118090629577637e-01
6.340617537498474121e-01 4.416306614875793457e-01
6.468893289566040039e-01 6.130588054656982422e-01
3.714210689067840576e-01 2.532984018325805664e-01
5.021387934684753418e-01 4.316571056842803955e-01
3.287922739982604980e-01 3.607012927532196045e-01
4.059619009494781494e-01 5.177518129348754883e-01
5.443614721298217773e-01 6.243045926094055176e-01
4.708405137062072754e-01 5.141159296035766602e-01
4.928982853889465332e-01 4.346988797187805176e-01
6.491559147834777832e-01 5.193909406661987305e-01
6.046641469001770020e-01 5.927473306655883789e-01
7.098438739776611328e-01 6.081713438034057617e-01
5.418714284896850586e-01 6.588895916938781738e-01
6.336737275123596191e-01 4.182153046131134033e-01
4.874940812587738037e-01 2.945668101310729980e-01
4.637961983680725098e-01 6.182433366775512695e-01
5.042783617973327637e-01 6.301547288894653320e-01
5.568305850028991699e-01 5.054991245269775391e-01
6.256657838821411133e-01 5.692343711853027344e-01
4.656668603420257568e-01 5.855988264083862305e-01
4.964214265346527100e-01 6.671902537345886230e-01
5.293171405792236328e-01 6.060733199119567871e-01
4.285806715488433838e-01 5.372138023376464844e-01
5.281745195388793945e-01 5.509477853775024414e-01
4.188640117645263672e-01 5.065590739250183105e-01
6.035187840461730957e-01 5.530090928077697754e-01
4.305855929851531982e-01 6.245854496955871582e-01
4.195128381252288818e-01 5.297206640243530273e-01
4.877930581569671631e-01 6.617650985717773438e-01
5.684549808502197266e-01 5.419172048568725586e-01
5.176417827606201172e-01 3.514531254768371582e-01
4.420891404151916504e-01 5.804921984672546387e-01
4.557583034038543701e-01 3.662365078926086426e-01
5.597872138023376465e-01 4.682963192462921143e-01
6.303470730781555176e-01 5.534676313400268555e-01
2.299816310405731201e-01 3.578438758850097656e-01
6.970074176788330078e-01 5.967255830764770508e-01
5.801684260368347168e-01 6.613991856575012207e-01
6.802452802658081055e-01 5.109230875968933105e-01
3.905902802944183350e-01 6.018770933151245117e-01
3.958062827587127686e-01 5.137981176376342773e-01
6.297250986099243164e-01 4.074269235134124756e-01
6.977447867393493652e-01 4.732924997806549072e-01
6.571596860885620117e-01 4.076124131679534912e-01
5.707794427871704102e-01 6.601882576942443848e-01
7.319551706314086914e-01 6.070750355720520020e-01
5.970166325569152832e-01 4.706880748271942139e-01
6.358277797698974609e-01 4.947365820407867432e-01
4.081277251243591309e-01 4.761682748794555664e-01
4.859188795089721680e-01 4.767325818538665771e-01
5.977886319160461426e-01 6.260522603988647461e-01
3.820207715034484863e-01 4.958653450012207031e-01
6.421132087707519531e-01 4.996062815189361572e-01
2.937642037868499756e-01 4.338200092315673828e-01
4.765806794166564941e-01 3.910214602947235107e-01
5.518128871917724609e-01 5.115587115287780762e-01
5.562881827354431152e-01 5.064411759376525879e-01
6.590074896812438965e-01 5.811548829078674316e-01
4.148875772953033447e-01 4.217208921909332275e-01
4.459808766841888428e-01 5.268801450729370117e-01
7.036435008049011230e-01 4.577784538269042969e-01
4.411603510379791260e-01 3.816493153572082520e-01
6.087554693222045898e-01 5.076621770858764648e-01
6.310302615165710449e-01 4.584071338176727295e-01
3.689505755901336670e-01 3.573839962482452393e-01
6.650372147560119629e-01 4.955632388591766357e-01
4.433610737323760986e-01 5.394199490547180176e-01
5.575351119041442871e-01 5.700128674507141113e-01
5.383868813514709473e-01 3.389101326465606689e-01
4.299594461917877197e-01 5.932365655899047852e-01
5.931722521781921387e-01 5.058248043060302734e-01
4.641925692558288574e-01 6.152347326278686523e-01
5.343164205551147461e-01 4.845175147056579590e-01
5.972503423690795898e-01 4.351722300052642822e-01
4.454720020294189453e-01 4.647287428379058838e-01
5.543192625045776367e-01 6.304028630256652832e-01
5.682989954948425293e-01 4.816778302192687988e-01
5.610547661781311035e-01 6.424975991249084473e-01
3.483371734619140625e-01 4.779326319694519043e-01
6.143897771835327148e-01 6.038101911544799805e-01
5.599413514137268066e-01 6.447944641113281250e-01
5.379341244697570801e-01 5.409290194511413574e-01
5.600081682205200195e-01 5.214288234710693359e-01
4.161727726459503174e-01 4.852127432823181152e-01
4.183234274387359619e-01 4.475255608558654785e-01
5.380486249923706055e-01 3.453066051006317139e-01
5.676777362823486328e-01 6.365486979484558105e-01
4.323840141296386719e-01 5.381513833999633789e-01
4.423947036266326904e-01 3.535797595977783203e-01
6.801424622535705566e-01 5.683313608169555664e-01
5.292758941650390625e-01 5.463371276855468750e-01
5.813781023025512695e-01 5.695604085922241211e-01
5.246919393539428711e-01 5.669764876365661621e-01
6.389477849006652832e-01 4.421596825122833252e-01
4.237242937088012695e-01 4.843377172946929932e-01
5.863475203514099121e-01 5.619206428527832031e-01
5.948033332824707031e-01 6.746141910552978516e-01
4.450207650661468506e-01 4.641053080558776855e-01
5.934223532676696777e-01 6.667398214340209961e-01
5.536522865295410156e-01 5.934100151062011719e-01
6.698216795921325684e-01 5.461655259132385254e-01
2.507120966911315918e-01 3.860359787940979004e-01
5.108954906463623047e-01 5.212876796722412109e-01
6.080204248428344727e-01 4.813804328441619873e-01
5.351259112358093262e-01 4.994808137416839600e-01
6.443775892257690430e-01 4.570976495742797852e-01
5.706956386566162109e-01 6.463609933853149414e-01
5.509800314903259277e-01 5.278084278106689453e-01
6.160864233970642090e-01 5.336095094680786133e-01
5.803639292716979980e-01 3.943583369255065918e-01
5.435442328453063965e-01 3.782417774200439453e-01
5.326676964759826660e-01 4.598184525966644287e-01
5.576392412185668945e-01 4.138598442077636719e-01
3.640266358852386475e-01 5.281385779380798340e-01
6.677196025848388672e-01 5.266925096511840820e-01
4.941837489604949951e-01 5.394535064697265625e-01
5.306679010391235352e-01 3.346450626850128174e-01
5.661674737930297852e-01 4.881650507450103760e-01
6.258741021156311035e-01 5.781300067901611328e-01
3.946925997734069824e-01 5.115464329719543457e-01
5.351477265357971191e-01 3.894863426685333252e-01
6.740632653236389160e-01 5.681351423263549805e-01
3.598133027553558350e-01 3.641323149204254150e-01
5.230233073234558105e-01 5.125667452812194824e-01
5.716577768325805664e-01 4.569355547428131104e-01
5.666999816894531250e-01 3.526972234249114990e-01
5.590280294418334961e-01 5.272263288497924805e-01
5.578429698944091797e-01 5.496018528938293457e-01
5.595157742500305176e-01 5.670148730278015137e-01
6.013591289520263672e-01 4.721143841743469238e-01
5.540142059326171875e-01 4.572541415691375732e-01
5.971212387084960938e-01 4.289900064468383789e-01
4.758560657501220703e-01 4.507480561733245850e-01
6.546781063079833984e-01 6.000598073005676270e-01
6.578410863876342773e-01 5.519990324974060059e-01
5.232248902320861816e-01 4.737634062767028809e-01
6.463094353675842285e-01 6.014567017555236816e-01
5.024322867393493652e-01 5.516059398651123047e-01
6.183274984359741211e-01 5.210430026054382324e-01
5.529625415802001953e-01 4.789153635501861572e-01
4.985526204109191895e-01 4.328203201293945312e-01
3.857751488685607910e-01 4.182319343090057373e-01
6.926326155662536621e-01 4.867998361587524414e-01
4.635196626186370850e-01 5.914592146873474121e-01
5.938476324081420898e-01 4.415847659111022949e-01
3.575552403926849365e-01 5.941315889358520508e-01
5.652875900268554688e-01 6.274688243865966797e-01
6.581475138664245605e-01 4.370722770690917969e-01
5.760208964347839355e-01 4.442330896854400635e-01
5.396786928176879883e-01 5.826815962791442871e-01
4.610676169395446777e-01 6.133143901824951172e-01
5.821294784545898438e-01 4.192425310611724854e-01
6.316624879837036133e-01 5.840506553649902344e-01
2.608697116374969482e-01 4.551018178462982178e-01
6.693894863128662109e-01 3.910803496837615967e-01
4.652849435806274414e-01 3.556392788887023926e-01
4.808679521083831787e-01 5.041038990020751953e-01
6.582384109497070312e-01 4.244037568569183350e-01
6.265444159507751465e-01 3.626720309257507324e-01
5.179231762886047363e-01 6.313903927803039551e-01
5.828479528427124023e-01 4.756807386875152588e-01
6.165580153465270996e-01 6.495454907417297363e-01
3.898425996303558350e-01 4.850328862667083740e-01
6.402078270912170410e-01 4.820611178874969482e-01
7.131832838058471680e-01 5.854257345199584961e-01
4.936145246028900146e-01 3.972000479698181152e-01
5.693317055702209473e-01 6.470498442649841309e-01
4.597421586513519287e-01 5.360817909240722656e-01
3.813756406307220459e-01 2.605070173740386963e-01
4.210564792156219482e-01 5.662264823913574219e-01
5.817360281944274902e-01 3.510918319225311279e-01
6.192324757575988770e-01 5.464186072349548340e-01
4.841060936450958252e-01 5.491831898689270020e-01
5.302913188934326172e-01 4.685252904891967773e-01
4.984994828701019287e-01 6.374508738517761230e-01
4.670560359954833984e-01 4.137620031833648682e-01
3.894989788532257080e-01 3.890472352504730225e-01
5.420215725898742676e-01 5.322331786155700684e-01
4.762958288192749023e-01 3.802220225334167480e-01
5.771563053131103516e-01 6.166212558746337891e-01
6.032259464263916016e-01 4.647690355777740479e-01
5.504935383796691895e-01 5.307141542434692383e-01
4.962227940559387207e-01 5.827662944793701172e-01
4.750504195690155029e-01 5.199390649795532227e-01
4.728005826473236084e-01 5.270652770996093750e-01
7.478040456771850586e-01 6.200599670410156250e-01
5.847984552383422852e-01 5.209173560142517090e-01
3.820623159408569336e-01 5.928974747657775879e-01
6.531608104705810547e-01 6.434398293495178223e-01
7.013743519783020020e-01 4.685826599597930908e-01
7.192838191986083984e-01 4.576209783554077148e-01
6.026306152343750000e-01 5.583841204643249512e-01
4.113540947437286377e-01 4.034157097339630127e-01
5.460925698280334473e-01 5.413591861724853516e-01
5.801025032997131348e-01 5.877180099487304688e-01
5.001931190490722656e-01 4.142012894153594971e-01
3.745018839836120605e-01 5.172889828681945801e-01
5.898725390434265137e-01 5.951526761054992676e-01
6.727724075317382812e-01 4.134694635868072510e-01
5.858688950538635254e-01 6.029987335205078125e-01
6.965512037277221680e-01 5.205978155136108398e-01
4.895242154598236084e-01 6.436939239501953125e-01
4.964081346988677979e-01 4.388111829757690430e-01
6.094763875007629395e-01 4.389985501766204834e-01
4.209994077682495117e-01 6.499111056327819824e-01
3.986108303070068359e-01 5.046143531799316406e-01
5.098801255226135254e-01 5.482246279716491699e-01
4.838875830173492432e-01 3.467589914798736572e-01
5.816333889961242676e-01 5.448959469795227051e-01
5.330100059509277344e-01 5.177644491195678711e-01
4.507012367248535156e-01 5.826757550239562988e-01
4.816282689571380615e-01 5.328395366668701172e-01
5.590693950653076172e-01 6.185142397880554199e-01
4.642035961151123047e-01 4.042189419269561768e-01
5.542058348655700684e-01 3.852683901786804199e-01
4.951435923576354980e-01 3.763133287429809570e-01
5.563325881958007812e-01 6.502438783645629883e-01
2.702839374542236328e-01 4.691807329654693604e-01
4.957030117511749268e-01 4.563359618186950684e-01
5.652680993080139160e-01 6.408452391624450684e-01
4.645442068576812744e-01 5.750877261161804199e-01
5.443289875984191895e-01 5.248349905014038086e-01
6.029936075210571289e-01 5.491844415664672852e-01
5.408020615577697754e-01 5.084789991378784180e-01
3.639392554759979248e-01 4.524256885051727295e-01
6.106290221214294434e-01 3.649553954601287842e-01
6.055045127868652344e-01 4.431463181972503662e-01
5.251008272171020508e-01 4.877875745296478271e-01
6.740837097167968750e-01 5.287359952926635742e-01
5.154290199279785156e-01 4.020083546638488770e-01
6.450723409652709961e-01 5.284571647644042969e-01
4.947229623794555664e-01 4.904488027095794678e-01
4.848461449146270752e-01 5.410647392272949219e-01
5.467057228088378906e-01 6.257370710372924805e-01
5.612584352493286133e-01 5.670334696769714355e-01
5.582659840583801270e-01 5.100360512733459473e-01
5.317218899726867676e-01 5.241954922676086426e-01
6.321648955345153809e-01 5.623018741607666016e-01
6.482419371604919434e-01 5.978028774261474609e-01
4.823642969131469727e-01 5.395492315292358398e-01
5.250792503356933594e-01 5.414554476737976074e-01
6.963095068931579590e-01 6.446958780288696289e-01
5.864788889884948730e-01 5.757085084915161133e-01
4.544345438480377197e-01 5.573930740356445312e-01
5.616285204887390137e-01 4.269390702247619629e-01
4.797168076038360596e-01 5.749972462654113770e-01
3.905171155929565430e-01 4.699639379978179932e-01
5.170016884803771973e-01 3.378525674343109131e-01
4.808381497859954834e-01 5.795279741287231445e-01
5.203323364257812500e-01 6.080763339996337891e-01
6.474491953849792480e-01 5.259035825729370117e-01
6.221445202827453613e-01 6.396266222000122070e-01
6.485835909843444824e-01 4.333315193653106689e-01
4.361591935157775879e-01 5.559656620025634766e-01
5.987089872360229492e-01 5.302807688713073730e-01
6.345754861831665039e-01 4.968082010746002197e-01
