6.780061721801757812e-01 3.972432315349578857e-01
6.062376499176025391e-01 3.427110612392425537e-01
4.282232820987701416e-01 5.224006175994873047e-01
4.339659810066223145e-01 5.349440574645996094e-01
4.360987246036529541e-01 5.121020078659057617e-01
5.242273211479187012e-01 5.530075430870056152e-01
7.066656947135925293e-01 3.820214867591857910e-01
6.557385325431823730e-01 3.573555648326873779e-01
5.397634506225585938e-01 6.490848064422607422e-01
3.421261608600616455e-01 5.455278158187866211e-01
4.283935725688934326e-01 5.690107345581054688e-01
5.856797695159912109e-01 4.355132281780242920e-01
6.636435985565185547e-01 3.954381048679351807e-01
5.482925772666931152e-01 3.875370025634765625e-01
4.761174619197845459e-01 4.591015577316284180e-01
3.325713276863098145e-01 5.576156973838806152e-01
6.191886663436889648e-01 5.382903218269348145e-01
5.484457612037658691e-01 5.483591556549072266e-01
5.601608157157897949e-01 4.343193471431732178e-01
4.481267631053924561e-01 5.171388387680053711e-01
4.278566539287567139e-01 6.134345531463623047e-01
6.061873435974121094e-01 5.694661736488342285e-01
4.413846731185913086e-01 5.356127023696899414e-01
4.648061096668243408e-01 5.254979133605957031e-01
4.284967482089996338e-01 6.079679727554321289e-01
6.520687341690063477e-01 4.389219880104064941e-01
4.949505329132080078e-01 5.566083788871765137e-01
4.981637299060821533e-01 5.901502370834350586e-01
4.053554534912109375e-01 5.735893845558166504e-01
5.461744666099548340e-01 5.354588627815246582e-01
4.344849884510040283e-01 5.981909632682800293e-01
5.481918454170227051e-01 4.608851075172424316e-01
4.032880663871765137e-01 3.863496780395507812e-01
3.085830509662628174e-01 4.106707274913787842e-01
4.255742728710174561e-01 6.229797005653381348e-01
6.823026537895202637e-01 5.011400580406188965e-01
4.222497940063476562e-01 5.274319648742675781e-01
5.346369743347167969e-01 6.124023199081420898e-01
5.993852019309997559e-01 4.076072871685028076e-01
3.925247788429260254e-01 3.952608704566955566e-01
5.008021593093872070e-01 4.501129090785980225e-01
3.108600676059722900e-01 5.309266448020935059e-01
4.882858097553253174e-01 5.509859323501586914e-01
4.474270939826965332e-01 6.647753119468688965e-01
4.351351559162139893e-01 5.751418471336364746e-01
6.372928619384765625e-01 5.858138799667358398e-01
4.536774456501007080e-01 3.595067262649536133e-01
3.348541557788848877e-01 3.554148375988006592e-01
4.544104933738708496e-01 6.426988244056701660e-01
3.716971576213836670e-01 5.987669825553894043e-01
4.588916301727294922e-01 4.295718073844909668e-01
4.048376679420471191e-01 5.758373737335205078e-01
3.309220075607299805e-01 6.526902318000793457e-01
5.834258794784545898e-01 5.315757989883422852e-01
4.510501921176910400e-01 6.092324852943420410e-01
3.856369256973266602e-01 3.655837178230285645e-01
5.469289422035217285e-01 6.292217373847961426e-01
4.423125386238098145e-01 4.908128380775451660e-01
5.264943242073059082e-01 5.582780838012695312e-01
2.986888289451599121e-01 6.531136035919189453e-01
6.269353628158569336e-01 5.094866156578063965e-01
4.396535456180572510e-01 5.564163327217102051e-01
3.889889419078826904e-01 3.905493021011352539e-01
5.490161180496215820e-01 4.265966415405273438e-01
5.261112451553344727e-01 6.864745616912841797e-01
3.526613116264343262e-01 6.228159666061401367e-01
5.663281083106994629e-01 5.482606291770935059e-01
4.149631857872009277e-01 5.176685452461242676e-01
4.998553991317749023e-01 6.754642724990844727e-01
4.505186975002288818e-01 5.276739597320556641e-01
4.659667909145355225e-01 6.862726807594299316e-01
3.891853690147399902e-01 4.266260564327239990e-01
5.288784503936767578e-01 4.692987799644470215e-01
5.379018783569335938e-01 4.111193716526031494e-01
4.530754387378692627e-01 4.185893535614013672e-01
5.700277090072631836e-01 5.932552218437194824e-01
4.311200380325317383e-01 4.229629933834075928e-01
6.187161207199096680e-01 5.412369966506958008e-01
6.736095547676086426e-01 4.895226359367370605e-01
3.226910531520843506e-01 4.518785178661346436e-01
4.386554062366485596e-01 4.428999722003936768e-01
5.135691761970520020e-01 5.505096316337585449e-01
5.047291517257690430e-01 6.403005123138427734e-01
3.853151798248291016e-01 6.163150072097778320e-01
5.595930814743041992e-01 5.848377943038940430e-01
4.593634009361267090e-01 4.264803528785705566e-01
4.539406597614288330e-01 3.562488853931427002e-01
5.066116452217102051e-01 6.447517871856689453e-01
3.442257642745971680e-01 4.392372369766235352e-01
3.698380291461944580e-01 4.210850596427917480e-01
4.099257588386535645e-01 4.569104611873626709e-01
3.444426655769348145e-01 6.124728322029113770e-01
5.653998255729675293e-01 6.086024045944213867e-01
4.294201433658599854e-01 5.566141605377197266e-01
6.428927779197692871e-01 5.219230651855468750e-01
4.863809645175933838e-01 3.485867679119110107e-01
5.419238209724426270e-01 5.704749226570129395e-01
5.707046985626220703e-01 5.856414437294006348e-01
3.233986496925354004e-01 6.728366017341613770e-01
6.171703338623046875e-01 4.023367464542388916e-01
5.269857645034790039e-01 6.036136746406555176e-01
3.643018603324890137e-01 4.476844966411590576e-01
4.038808643817901611e-01 5.443761348724365234e-01
3.807741999626159668e-01 4.204997718334197998e-01
4.991639256477355957e-01 6.353412866592407227e-01
3.631312251091003418e-01 5.939216613769531250e-01
4.880324304103851318e-01 6.415222883224487305e-01
4.233450293540954590e-01 4.832140207290649414e-01
4.743627607822418213e-01 5.047227740287780762e-01
4.138469099998474121e-01 5.251556038856506348e-01
7.164567708969116211e-01 5.309446454048156738e-01
4.664224386215209961e-01 4.249977767467498779e-01
4.092985689640045166e-01 6.754408478736877441e-01
6.664397120475769043e-01 3.925983607769012451e-01
5.791507959365844727e-01 4.003048539161682129e-01
5.187135338783264160e-01 6.494357585906982422e-01
7.470724582672119141e-01 4.709194302558898926e-01
4.537756145000457764e-01 3.522539436817169189e-01
5.684717893600463867e-01 3.962800800800323486e-01
4.248710870742797852e-01 5.481594204902648926e-01
4.725196659564971924e-01 6.184903383255004883e-01
4.540280401706695557e-01 6.473245620727539062e-01
5.281478762626647949e-01 4.494120478630065918e-01
6.718409061431884766e-01 4.460309743881225586e-01
4.140113592147827148e-01 4.395664632320404053e-01
6.907969117164611816e-01 4.613982141017913818e-01
3.965175151824951172e-01 4.336943030357360840e-01
4.105374515056610107e-01 4.740236401557922363e-01
6.589164733886718750e-01 5.707290172576904297e-01
6.668452024459838867e-01 3.975702524185180664e-01
4.285268783569335938e-01 6.508391499519348145e-01
3.957183361053466797e-01 6.743184924125671387e-01
4.646508097648620605e-01 5.849783420562744141e-01
4.736977517604827881e-01 5.488631725311279297e-01
5.233829617500305176e-01 3.507747948169708252e-01
3.737364113330841064e-01 4.504947364330291748e-01
4.790794849395751953e-01 4.981344044208526611e-01
4.494896531105041504e-01 5.482630729675292969e-01
3.198755085468292236e-01 7.238691449165344238e-01
4.218376874923706055e-01 4.084456264972686768e-01
4.300226569175720215e-01 7.077491879463195801e-01
4.915147721767425537e-01 5.502607226371765137e-01
6.868191361427307129e-01 4.382703602313995361e-01
4.150619804859161377e-01 4.282024204730987549e-01
6.994616985321044922e-01 4.135732650756835938e-01
6.238201260566711426e-01 3.450556695461273193e-01
4.201618134975433350e-01 4.691883325576782227e-01
3.589461743831634521e-01 6.367169022560119629e-01
5.445356965065002441e-01 5.826398730278015137e-01
4.738145470619201660e-01 4.948297739028930664e-01
5.096386075019836426e-01 6.609730720520019531e-01
3.834162652492523193e-01 6.859371066093444824e-01
4.648354053497314453e-01 4.730332493782043457e-01
4.508172571659088135e-01 6.991144418716430664e-01
3.536600768566131592e-01 5.600188374519348145e-01
4.134932756423950195e-01 5.566340684890747070e-01
2.628718018531799316e-01 6.016317605972290039e-01
4.643084704875946045e-01 4.486502110958099365e-01
5.651051998138427734e-01 5.708321332931518555e-01
4.906109571456909180e-01 4.203661382198333740e-01
3.733968436717987061e-01 4.523293673992156982e-01
4.058322906494140625e-01 4.772987961769104004e-01
5.735563635826110840e-01 5.422322154045104980e-01
5.114318728446960449e-01 5.202378630638122559e-01
5.115173459053039551e-01 4.951069653034210205e-01
6.088259816169738770e-01 6.151398420333862305e-01
3.812171220779418945e-01 4.910246729850769043e-01
3.971385359764099121e-01 4.749781489372253418e-01
5.441184639930725098e-01 4.018465280532836914e-01
5.340004563331604004e-01 6.477230191230773926e-01
4.422722458839416504e-01 6.268857121467590332e-01
5.566228628158569336e-01 4.274196922779083252e-01
4.986675679683685303e-01 4.650150835514068604e-01
4.950110316276550293e-01 5.366978645324707031e-01
2.988575994968414307e-01 5.813208222389221191e-01
3.971238732337951660e-01 5.621603131294250488e-01
4.512437283992767334e-01 3.932499885559082031e-01
5.092493891716003418e-01 4.918339550495147705e-01
6.218431591987609863e-01 4.086951017379760742e-01
6.476085782051086426e-01 5.490419268608093262e-01
5.942074060440063477e-01 5.264586210250854492e-01
3.921881616115570068e-01 5.219852924346923828e-01
3.370003104209899902e-01 5.827446579933166504e-01
6.435620188713073730e-01 5.649811029434204102e-01
4.602002501487731934e-01 5.015198588371276855e-01
4.781201481819152832e-01 7.242336273193359375e-01
6.083868741989135742e-01 4.019847214221954346e-01
5.701957941055297852e-01 4.445452988147735596e-01
4.480545222759246826e-01 5.015314817428588867e-01
4.244917035102844238e-01 6.796824336051940918e-01
4.392592906951904297e-01 6.157033443450927734e-01
3.494207262992858887e-01 5.629355311393737793e-01
4.407276511192321777e-01 5.990207195281982422e-01
5.185268521308898926e-01 5.599856376647949219e-01
5.478091239929199219e-01 4.550298154354095459e-01
4.345395863056182861e-01 4.678837358951568604e-01
4.159418046474456787e-01 5.482620596885681152e-01
5.420072674751281738e-01 3.660641908645629883e-01
3.141175210475921631e-01 5.250498056411743164e-01
4.679594933986663818e-01 4.753367006778717041e-01
4.303194582462310791e-01 6.220515370368957520e-01
5.714541077613830566e-01 5.162634849548339844e-01
4.254647791385650635e-01 3.982938528060913086e-01
4.900122880935668945e-01 5.263352394104003906e-01
4.840490221977233887e-01 4.762286245822906494e-01
6.330975294113159180e-01 4.802746772766113281e-01
3.613952100276947021e-01 4.436729252338409424e-01
4.565476775169372559e-01 7.113708257675170898e-01
5.123742818832397461e-01 5.791596770286560059e-01
4.978769421577453613e-01 4.675261080265045166e-01
4.587431252002716064e-01 5.840579271316528320e-01
6.803870797157287598e-01 4.747047722339630127e-01
3.618613779544830322e-01 5.260664224624633789e-01
4.867660105228424072e-01 6.036003232002258301e-01
5.350974798202514648e-01 5.440052747726440430e-01
4.720689654350280762e-01 6.661514639854431152e-01
4.060898721218109131e-01 4.573477804660797119e-01
6.323283314704895020e-01 4.090696573257446289e-01
6.377040743827819824e-01 5.064567923545837402e-01
4.092589318752288818e-01 5.300241112709045410e-01
3.215596973896026611e-01 6.522578597068786621e-01
4.011512100696563721e-01 4.669202566146850586e-01
5.594052672386169434e-01 5.742690563201904297e-01
3.692337572574615479e-01 5.344446897506713867e-01
4.165689051151275635e-01 4.481435418128967285e-01
3.555441200733184814e-01 6.646873950958251953e-01
5.448691248893737793e-01 4.164846837520599365e-01
4.701689779758453369e-01 3.912695646286010742e-01
3.288660943508148193e-01 4.157124757766723633e-01
3.924632966518402100e-01 4.832222759723663330e-01
4.882042109966278076e-01 5.685372352600097656e-01
6.274594664573669434e-01 5.455231666564941406e-01
3.748407065868377686e-01 6.288442015647888184e-01
5.513268709182739258e-01 5.189591050148010254e-01
3.144058287143707275e-01 4.814949333667755127e-01
4.944784045219421387e-01 4.612708389759063721e-01
4.776009023189544678e-01 6.182723641395568848e-01
4.561211466789245605e-01 4.418645799160003662e-01
5.308324098587036133e-01 5.984518527984619141e-01
3.364268541336059570e-01 5.498237609863281250e-01
4.602121114730834961e-01 6.058676838874816895e-01
4.653103649616241455e-01 4.792662262916564941e-01
3.151315152645111084e-01 6.054379343986511230e-01
5.348290801048278809e-01 5.846425890922546387e-01
5.905808210372924805e-01 5.012037158012390137e-01
4.068263471126556396e-01 5.746948122978210449e-01
4.726363420486450195e-01 4.396563470363616943e-01
4.787347614765167236e-01 5.376939177513122559e-01
5.874280333518981934e-01 5.807984471321105957e-01
6.907178759574890137e-01 5.370231270790100098e-01
4.400054216384887695e-01 6.507528424263000488e-01
3.674324452877044678e-01 3.785566985607147217e-01
3.587269484996795654e-01 4.806084632873535156e-01
5.085511207580566406e-01 5.225457549095153809e-01
4.826407134532928467e-01 5.664918422698974609e-01
5.511735081672668457e-01 3.822723031044006348e-01
4.721300005912780762e-01 5.414209961891174316e-01
6.131240725517272949e-01 5.997849106788635254e-01
5.270131826400756836e-01 6.633195281028747559e-01
5.336843132972717285e-01 6.467262506484985352e-01
4.015181362628936768e-01 5.368142724037170410e-01
4.634450078010559082e-01 3.582922518253326416e-01
5.074018239974975586e-01 4.842051565647125244e-01
2.776515483856201172e-01 5.305455923080444336e-01
2.916294336318969727e-01 4.517126977443695068e-01
4.951134920120239258e-01 4.340340197086334229e-01
4.673204421997070312e-01 6.065018773078918457e-01
5.494883656501770020e-01 3.881258964538574219e-01
4.348712265491485596e-01 5.479229688644409180e-01
3.591975271701812744e-01 5.132341384887695312e-01
3.900264203548431396e-01 4.925405681133270264e-01
4.178324043750762939e-01 5.787463784217834473e-01
4.787984788417816162e-01 6.798239350318908691e-01
5.569704771041870117e-01 4.764906466007232666e-01
4.006838202476501465e-01 6.633006930351257324e-01
4.481823444366455078e-01 5.306122303009033203e-01
4.287889599800109863e-01 5.199169516563415527e-01
3.716402947902679443e-01 4.325000643730163574e-01
5.817739367485046387e-01 5.128513574600219727e-01
3.822195827960968018e-01 6.942850947380065918e-01
4.546305835247039795e-01 4.864348769187927246e-01
3.804152905941009521e-01 4.861543476581573486e-01
4.831279218196868896e-01 4.871399402618408203e-01
5.734577178955078125e-01 4.095847606658935547e-01
3.755926191806793213e-01 4.029337763786315918e-01
4.466361105442047119e-01 5.633111000061035156e-01
3.677368462085723877e-01 6.854844093322753906e-01
5.783054828643798828e-01 4.672192931175231934e-01
5.828406810760498047e-01 3.675837814807891846e-01
6.159970164299011230e-01 5.543568134307861328e-01
6.364213228225708008e-01 5.845165848731994629e-01
4.530699253082275391e-01 6.046937108039855957e-01
5.419487357139587402e-01 4.469218850135803223e-01
5.116347670555114746e-01 6.038728952407836914e-01
4.898706972599029541e-01 4.948447644710540771e-01
7.981870174407958984e-01 4.002519547939300537e-01
3.580843210220336914e-01 4.059495031833648682e-01
6.617240309715270996e-01 5.630283355712890625e-01
5.445898771286010742e-01 5.117057561874389648e-01
4.073985815048217773e-01 5.139278769493103027e-01
5.793834328651428223e-01 4.630610048770904541e-01
3.567273318767547607e-01 3.986160159111022949e-01
3.750299215316772461e-01 5.782687664031982422e-01
5.897065997123718262e-01 6.133685708045959473e-01
4.640143513679504395e-01 4.757045507431030273e-01
4.039293527603149414e-01 5.662529468536376953e-01
4.604691565036773682e-01 6.252757310867309570e-01
4.026331007480621338e-01 7.196239829063415527e-01
4.968375861644744873e-01 6.141927838325500488e-01
4.928973615169525146e-01 6.585930585861206055e-01
5.915715098381042480e-01 4.786647856235504150e-01
5.032508969306945801e-01 5.786467194557189941e-01
4.837808907032012939e-01 5.211448073387145996e-01
3.974682986736297607e-01 4.072343409061431885e-01
4.317562580108642578e-01 5.994482040405273438e-01
5.470189452171325684e-01 4.273630678653717041e-01
4.311531782150268555e-01 4.025025367736816406e-01
4.806772470474243164e-01 5.268713235855102539e-01
6.546692252159118652e-01 4.240217506885528564e-01
3.184318542480468750e-01 6.226221919059753418e-01
4.926191270351409912e-01 6.729485988616943359e-01
5.732432603836059570e-01 5.386458039283752441e-01
5.136876702308654785e-01 6.505802869796752930e-01
4.173677265644073486e-01 6.320838332176208496e-01
4.928837716579437256e-01 6.748457551002502441e-01
4.194145798683166504e-01 6.632807850837707520e-01
3.142241239547729492e-01 6.239166855812072754e-01
4.737488329410552979e-01 4.950790405273437500e-01
4.995535314083099365e-01 4.331056475639343262e-01
5.865039825439453125e-01 4.965737462043762207e-01
3.601273000240325928e-01 5.965620279312133789e-01
4.911846220493316650e-01 4.933066070079803467e-01
6.078808903694152832e-01 4.228671789169311523e-01
7.507819533348083496e-01 4.693049788475036621e-01
4.727786481380462646e-01 5.874425172805786133e-01
7.225958704948425293e-01 4.642769098281860352e-01
5.366395711898803711e-01 6.258006095886230469e-01
3.584792017936706543e-01 6.010096669197082520e-01
5.427089333534240723e-01 5.902128815650939941e-01
6.299040913581848145e-01 5.288777351379394531e-01
4.816300272941589355e-01 4.220255613327026367e-01
4.374476075172424316e-01 4.504990875720977783e-01
4.047278463840484619e-01 5.268301963806152344e-01
5.001099109649658203e-01 5.868839621543884277e-01
5.608617067337036133e-01 4.164045155048370361e-01
3.977664411067962646e-01 6.619352102279663086e-01
3.894290328025817871e-01 7.498993873596191406e-01
3.261908292770385742e-01 7.016932964324951172e-01
4.443922042846679688e-01 6.568375229835510254e-01
4.855664074420928955e-01 5.077227950096130371e-01
4.133484661579132080e-01 4.536602497100830078e-01
5.996388196945190430e-01 5.852740406990051270e-01
5.507534742355346680e-01 6.502962708473205566e-01
5.122901201248168945e-01 4.034630060195922852e-01
5.902447700500488281e-01 4.983416199684143066e-01
3.025709688663482666e-01 5.514198541641235352e-01
5.904697179794311523e-01 6.016786694526672363e-01
5.017495155334472656e-01 4.879575073719024658e-01
5.029351711273193359e-01 4.905146062374114990e-01
4.265539944171905518e-01 5.108892917633056641e-01
6.741227507591247559e-01 4.456845223903656006e-01
3.047376871109008789e-01 5.022132396697998047e-01
3.434805572032928467e-01 5.335842370986938477e-01
4.112276434898376465e-01 6.444751620292663574e-01
5.654050111770629883e-01 3.976399302482604980e-01
5.838850140571594238e-01 3.929058015346527100e-01
4.388964772224426270e-01 7.326191067695617676e-01
4.554014205932617188e-01 6.559066176414489746e-01
3.904281854629516602e-01 5.022502541542053223e-01
4.029256701469421387e-01 5.736063718795776367e-01
4.122893512248992920e-01 6.811490058898925781e-01
4.998098611831665039e-01 4.406285583972930908e-01
4.183299243450164795e-01 3.875746726989746094e-01
4.061661064624786377e-01 6.964141726493835449e-01
4.031247198581695557e-01 6.385775804519653320e-01
6.155996918678283691e-01 5.197706818580627441e-01
4.964712262153625488e-01 5.317203998565673828e-01
5.397486090660095215e-01 4.852698743343353271e-01
4.753326773643493652e-01 3.783845305442810059e-01
4.301162660121917725e-01 5.288844108581542969e-01
4.838929474353790283e-01 6.491032242774963379e-01
5.697107911109924316e-01 5.351586341857910156e-01
6.225588917732238770e-01 5.125402212142944336e-01
4.855073392391204834e-01 4.998136758804321289e-01
4.862464368343353271e-01 5.731845498085021973e-01
5.419439077377319336e-01 6.304216384887695312e-01
5.541461706161499023e-01 6.622697710990905762e-01
6.985883712768554688e-01 4.899793565273284912e-01
6.065238118171691895e-01 5.046904087066650391e-01
6.381888389587402344e-01 5.906555056571960449e-01
4.080582857131958008e-01 6.421829462051391602e-01
5.711691975593566895e-01 6.109023690223693848e-01
3.685022890567779541e-01 5.093548893928527832e-01
4.300400614738464355e-01 6.340136528015136719e-01
4.002825319766998291e-01 6.224368810653686523e-01
6.028031110763549805e-01 5.700092315673828125e-01
5.794814229011535645e-01 4.777924120426177979e-01
3.973696529865264893e-01 5.474537014961242676e-01
3.448779881000518799e-01 5.772434473037719727e-01
4.441104829311370850e-01 5.613361001014709473e-01
5.298773050308227539e-01 6.536112427711486816e-01
6.159362196922302246e-01 5.576303601264953613e-01
3.781569302082061768e-01 5.954199433326721191e-01
5.822782516479492188e-01 4.244912564754486084e-01
4.994416534900665283e-01 4.729216694831848145e-01
4.113924205303192139e-01 7.265394330024719238e-01
4.858994781970977783e-01 5.082227587699890137e-01
4.741291403770446777e-01 5.465931296348571777e-01
4.311663508415222168e-01 5.311008691787719727e-01
5.708161592483520508e-01 6.001331210136413574e-01
6.768158674240112305e-01 4.129435122013092041e-01
5.655350685119628906e-01 4.219272732734680176e-01
6.151694655418395996e-01 5.055859088897705078e-01
3.980586826801300049e-01 7.451289296150207520e-01
3.462067246437072754e-01 4.872004985809326172e-01
5.177682638168334961e-01 4.570406973361968994e-01
4.049809277057647705e-01 6.299078464508056641e-01
5.093315243721008301e-01 5.762233138084411621e-01
3.844218552112579346e-01 5.944763422012329102e-01
4.286444187164306641e-01 6.147357225418090820e-01
3.857579827308654785e-01 6.638232469558715820e-01
6.224781870841979980e-01 5.700948238372802734e-01
5.713123083114624023e-01 5.309611558914184570e-01
5.097354054450988770e-01 6.939916014671325684e-01
3.081121444702148438e-01 6.452137231826782227e-01
3.766908049583435059e-01 7.073258757591247559e-01
4.049082398414611816e-01 6.032897233963012695e-01
4.110821485519409180e-01 6.325762867927551270e-01
3.670772910118103027e-01 5.369371175765991211e-01
4.208496212959289551e-01 5.539461374282836914e-01
4.502193033695220947e-01 6.577625274658203125e-01
3.545806407928466797e-01 5.702487826347351074e-01
5.596107244491577148e-01 4.743250012397766113e-01
5.427678823471069336e-01 6.319810152053833008e-01
5.926324129104614258e-01 5.743241906166076660e-01
7.164789438247680664e-01 4.692670702934265137e-01
4.460900425910949707e-01 5.686880946159362793e-01
3.456902205944061279e-01 5.907078981399536133e-01
5.040727853775024414e-01 4.637203216552734375e-01
4.375694990158081055e-01 4.630670249462127686e-01
4.141854941844940186e-01 4.918478727340698242e-01
5.312931537628173828e-01 5.303107500076293945e-01
2.965634167194366455e-01 6.603361368179321289e-01
6.045719385147094727e-01 3.848855793476104736e-01
5.217840075492858887e-01 6.936045885086059570e-01
3.463560640811920166e-01 6.685433983802795410e-01
5.087591409683227539e-01 5.594614744186401367e-01
3.817528486251831055e-01 6.859307289123535156e-01
3.015061914920806885e-01 5.079615712165832520e-01
3.326734900474548340e-01 5.132346749305725098e-01
4.330824315547943115e-01 7.444505691528320312e-01
3.447497785091400146e-01 4.930492639541625977e-01
5.715202689170837402e-01 6.228898167610168457e-01
6.584238409996032715e-01 5.026178956031799316e-01
3.620478808879852295e-01 6.509152054786682129e-01
4.334304332733154297e-01 5.467216372489929199e-01
4.611929059028625488e-01 6.542055010795593262e-01
6.049036383628845215e-01 6.148625016212463379e-01
5.229184627532958984e-01 4.917913675308227539e-01
6.305794715881347656e-01 4.276198446750640869e-01
4.132037162780761719e-01 4.309832155704498291e-01
3.371738195419311523e-01 5.769311189651489258e-01
2.986786663532257080e-01 6.425437331199645996e-01
3.071147799491882324e-01 7.018637061119079590e-01
4.772429466247558594e-01 6.626459360122680664e-01
5.622783303260803223e-01 5.384370684623718262e-01
6.394670605659484863e-01 5.993906259536743164e-01
4.982566833496093750e-01 5.581710338592529297e-01
4.086551070213317871e-01 6.103006005287170410e-01
3.701466917991638184e-01 6.084182858467102051e-01
5.093322992324829102e-01 4.690631628036499023e-01
5.365347862243652344e-01 6.229245662689208984e-01
5.191376209259033203e-01 5.875807404518127441e-01
4.520806670188903809e-01 4.937354624271392822e-01
4.396200180053710938e-01 4.711353182792663574e-01
4.505769610404968262e-01 5.585982203483581543e-01
4.090453088283538818e-01 6.038246154785156250e-01
3.879208862781524658e-01 5.251507163047790527e-01
4.431767761707305908e-01 6.717956662178039551e-01
4.169598519802093506e-01 6.540085673332214355e-01
5.455226302146911621e-01 5.658839344978332520e-01
4.003101289272308350e-01 5.717319250106811523e-01
4.496904015541076660e-01 4.883720576763153076e-01
6.554521322250366211e-01 4.900169670581817627e-01
4.876747429370880127e-01 5.267181396484375000e-01
4.500297009944915771e-01 5.740172266960144043e-01
4.032936692237854004e-01 7.162342667579650879e-01
4.050024151802062988e-01 5.826881527900695801e-01
3.750438392162322998e-01 6.878346204757690430e-01
4.475087523460388184e-01 6.404643654823303223e-01
6.750134229660034180e-01 5.007714033126831055e-01
6.697802543640136719e-01 5.293381214141845703e-01
5.225839614868164062e-01 4.598345458507537842e-01
4.374862015247344971e-01 6.434949636459350586e-01
3.414736688137054443e-01 5.935500860214233398e-01
5.754979848861694336e-01 5.206689238548278809e-01
6.592264771461486816e-01 5.327410101890563965e-01
4.615208506584167480e-01 7.000596523284912109e-01
4.154740869998931885e-01 5.408400893211364746e-01
6.679881215095520020e-01 5.186243057250976562e-01
5.258361697196960449e-01 5.768275856971740723e-01
3.452285826206207275e-01 7.283682227134704590e-01
6.315658092498779297e-01 5.275205373764038086e-01
5.203325748443603516e-01 4.148798286914825439e-01
3.728825151920318604e-01 5.119976401329040527e-01
4.882680773735046387e-01 5.848761200904846191e-01
4.612013399600982666e-01 5.594596266746520996e-01
4.876769483089447021e-01 5.333346128463745117e-01
5.898435115814208984e-01 4.374803602695465088e-01
4.434193372726440430e-01 6.965317130088806152e-01
4.948560595512390137e-01 5.773355364799499512e-01
3.433848917484283447e-01 5.297238826751708984e-01
6.029753684997558594e-01 5.417893528938293457e-01
3.980445563793182373e-01 6.153996586799621582e-01
4.584699869155883789e-01 5.843379497528076172e-01
4.071716368198394775e-01 6.431697607040405273e-01
3.634524345397949219e-01 7.368091344833374023e-01
4.620740711688995361e-01 5.412343740463256836e-01
7.172359228134155273e-01 5.246034860610961914e-01
4.253500998020172119e-01 6.987411975860595703e-01
7.002264857292175293e-01 5.104475021362304688e-01
4.246571362018585205e-01 5.273042917251586914e-01
3.656825721263885498e-01 5.410109162330627441e-01
3.688736259937286377e-01 7.406023144721984863e-01
2.964081764221191406e-01 6.927677392959594727e-01
3.602662384510040283e-01 6.622677445411682129e-01
3.111850917339324951e-01 5.913161039352416992e-01
3.782314658164978027e-01 3.871192038059234619e-01
5.398139953613281250e-01 4.927246868610382080e-01
5.049554705619812012e-01 4.549802541732788086e-01
3.122352957725524902e-01 6.203764081001281738e-01
4.964492917060852051e-01 4.787282347679138184e-01
4.268588125705718994e-01 5.905744433403015137e-01
5.522125363349914551e-01 6.592497229576110840e-01
7.659428119659423828e-01 4.024631977081298828e-01
4.750364422798156738e-01 7.347701191902160645e-01
5.348249673843383789e-01 5.544024705886840820e-01
4.029085934162139893e-01 5.685375332832336426e-01
4.371271133422851562e-01 4.612745046615600586e-01
5.673097372055053711e-01 5.733961462974548340e-01
5.856050252914428711e-01 4.553411304950714111e-01
4.473618268966674805e-01 4.666872024536132812e-01
5.828639268875122070e-01 4.285895228385925293e-01
5.867522358894348145e-01 6.443789601325988770e-01
3.771825730800628662e-01 4.387530386447906494e-01
4.482781291007995605e-01 5.246353149414062500e-01
4.542623162269592285e-01 5.712358951568603516e-01
3.810558319091796875e-01 5.302206277847290039e-01
4.531025588512420654e-01 7.218586206436157227e-01
5.207044482231140137e-01 6.320356726646423340e-01
4.583942294120788574e-01 4.656157791614532471e-01
3.937078714370727539e-01 4.042860865592956543e-01
5.065658688545227051e-01 4.383687078952789307e-01
5.941427350044250488e-01 5.929929614067077637e-01
5.237155556678771973e-01 5.912733078002929688e-01
4.235164225101470947e-01 4.347310066223144531e-01
4.437538385391235352e-01 6.411060094833374023e-01
5.280587673187255859e-01 4.647887945175170898e-01
6.328535079956054688e-01 5.009670257568359375e-01
4.840195477008819580e-01 5.362480878829956055e-01
3.572847843170166016e-01 6.364531517028808594e-01
4.592033028602600098e-01 5.615255832672119141e-01
6.638754010200500488e-01 5.039435625076293945e-01
3.924590349197387695e-01 5.785509347915649414e-01
3.063463866710662842e-01 5.754059553146362305e-01
5.771446228027343750e-01 4.964647293090820312e-01
6.995218396186828613e-01 4.786561131477355957e-01
4.363929033279418945e-01 6.627000570297241211e-01
3.821573257446289062e-01 4.903804063796997070e-01
5.260701179504394531e-01 6.577419638633728027e-01
5.929349660873413086e-01 6.156505346298217773e-01
6.360114216804504395e-01 4.837046861648559570e-01
3.678449690341949463e-01 5.190427303314208984e-01
4.927825033664703369e-01 5.180388092994689941e-01
5.301111340522766113e-01 4.682014584541320801e-01
4.016511142253875732e-01 5.722178816795349121e-01
3.696224689483642578e-01 7.231765985488891602e-01
4.831059873104095459e-01 6.610856056213378906e-01
4.135263264179229736e-01 5.933663249015808105e-01
4.619636535644531250e-01 5.052286982536315918e-01
4.589654505252838135e-01 5.472686290740966797e-01
5.218584537506103516e-01 5.340420603752136230e-01
5.949923396110534668e-01 4.398627579212188721e-01
4.263136982917785645e-01 7.302750945091247559e-01
4.328476786613464355e-01 6.223216056823730469e-01
5.987805128097534180e-01 5.007764697074890137e-01
5.403625965118408203e-01 4.109145998954772949e-01
4.399385750293731689e-01 4.119914472103118896e-01
3.972027301788330078e-01 5.189480781555175781e-01
3.903526961803436279e-01 5.652785301208496094e-01
4.579086899757385254e-01 5.643844008445739746e-01
5.297740101814270020e-01 3.963871896266937256e-01
3.939779996871948242e-01 5.151216387748718262e-01
6.043996214866638184e-01 4.257594048976898193e-01
6.945321559906005859e-01 4.819236099720001221e-01
6.180782914161682129e-01 4.806896448135375977e-01
5.124001502990722656e-01 6.466851234436035156e-01
5.958665013313293457e-01 4.648370742797851562e-01
6.226197481155395508e-01 4.693760275840759277e-01
5.317364931106567383e-01 6.109309196472167969e-01
3.139539659023284912e-01 6.610583662986755371e-01
5.686290860176086426e-01 5.866154432296752930e-01
5.553253293037414551e-01 5.047152042388916016e-01
4.993426203727722168e-01 6.793013215065002441e-01
4.721297025680541992e-01 6.518503427505493164e-01
4.505243301391601562e-01 7.011181116104125977e-01
5.884844660758972168e-01 4.750105142593383789e-01
4.921294748783111572e-01 4.698270261287689209e-01
3.937429189682006836e-01 5.471971631050109863e-01
7.106385231018066406e-01 5.432481169700622559e-01
4.469166398048400879e-01 6.078752279281616211e-01
4.945886731147766113e-01 5.363585948944091797e-01
4.486949443817138672e-01 5.227862000465393066e-01
5.168085098266601562e-01 5.166161060333251953e-01
4.661489427089691162e-01 5.195956230163574219e-01
6.804528832435607910e-01 5.337383747100830078e-01
6.110151410102844238e-01 5.029588937759399414e-01
5.507766604423522949e-01 5.534887909889221191e-01
5.186705589294433594e-01 5.463484525680541992e-01
5.343303084373474121e-01 4.476959705352783203e-01
4.769804775714874268e-01 5.604605674743652344e-01
4.697465300559997559e-01 4.201857149600982666e-01
4.857123494148254395e-01 6.135577559471130371e-01
6.035880446434020996e-01 4.359943866729736328e-01
3.459208607673645020e-01 5.756723880767822266e-01
4.038222730159759521e-01 5.629421472549438477e-01
3.692511320114135742e-01 5.866478681564331055e-01
5.285438895225524902e-01 6.446595191955566406e-01
4.640549123287200928e-01 6.037495136260986328e-01
5.063752532005310059e-01 4.052141904830932617e-01
3.859706223011016846e-01 5.814119577407836914e-01
5.709963440895080566e-01 6.345781683921813965e-01
2.593981623649597168e-01 5.050703287124633789e-01
3.355444967746734619e-01 6.369745135307312012e-01
4.315155744552612305e-01 5.352740883827209473e-01
3.727907836437225342e-01 4.814752936363220215e-01
4.327149093151092529e-01 6.270074248313903809e-01
5.416864156723022461e-01 6.596809029579162598e-01
5.736382603645324707e-01 5.857517123222351074e-01
5.011751651763916016e-01 7.052715420722961426e-01
6.241087913513183594e-01 5.763596296310424805e-01
3.295944333076477051e-01 5.883677005767822266e-01
2.907876968383789062e-01 4.740394949913024902e-01
4.934316277503967285e-01 3.928987979888916016e-01
4.550806581974029541e-01 6.499933600425720215e-01
5.477307438850402832e-01 6.157086491584777832e-01
5.195759534835815430e-01 5.795097947120666504e-01
5.055601000785827637e-01 5.686560869216918945e-01
3.433241844177246094e-01 5.509597063064575195e-01
4.674452841281890869e-01 6.254431009292602539e-01
5.026599764823913574e-01 4.579128026962280273e-01
5.299801230430603027e-01 4.783145189285278320e-01
5.772348642349243164e-01 6.303929686546325684e-01
4.609963297843933105e-01 5.619350075721740723e-01
6.849257946014404297e-01 5.894764661788940430e-01
5.252261757850646973e-01 5.486629605293273926e-01
5.449833273887634277e-01 5.572388172149658203e-01
4.506236910820007324e-01 5.707327127456665039e-01
6.354793906211853027e-01 5.903550982475280762e-01
4.831455349922180176e-01 5.505750775337219238e-01
3.536953032016754150e-01 6.890599727630615234e-01
3.516664505004882812e-01 5.178388953208923340e-01
3.500307202339172363e-01 5.416687130928039551e-01
7.428231239318847656e-01 5.495297908782958984e-01
4.602464437484741211e-01 5.915864706039428711e-01
7.055085897445678711e-01 5.501766800880432129e-01
3.824208080768585205e-01 7.247579097747802734e-01
4.512720406055450439e-01 6.696570515632629395e-01
4.367433190345764160e-01 4.524077475070953369e-01
4.885571300983428955e-01 5.451019406318664551e-01
5.345543026924133301e-01 5.440838336944580078e-01
5.581296086311340332e-01 4.129151105880737305e-01
7.519709467887878418e-01 4.449060857295989990e-01
4.520872831344604492e-01 7.156302332878112793e-01
4.341592490673065186e-01 4.331708252429962158e-01
4.746952056884765625e-01 7.123457193374633789e-01
5.813807249069213867e-01 6.307107806205749512e-01
4.999907314777374268e-01 3.909289240837097168e-01
5.336598753929138184e-01 4.275790154933929443e-01
4.362030625343322754e-01 7.610455155372619629e-01
5.057861208915710449e-01 4.443306326866149902e-01
5.367003679275512695e-01 5.943607091903686523e-01
5.335504412651062012e-01 4.991306066513061523e-01
5.956335663795471191e-01 5.991290211677551270e-01
4.537406265735626221e-01 7.263799309730529785e-01
5.076010227203369141e-01 5.214864015579223633e-01
5.044987201690673828e-01 4.007652699947357178e-01
4.078524410724639893e-01 6.212968230247497559e-01
4.671371579170227051e-01 6.193832755088806152e-01
5.355535745620727539e-01 6.392388343811035156e-01
4.722228050231933594e-01 4.972800612449645996e-01
3.906920552253723145e-01 6.859978437423706055e-01
3.813171982765197754e-01 6.763294935226440430e-01
6.222019195556640625e-01 6.316103935241699219e-01
4.349325001239776611e-01 6.880102753639221191e-01
4.472452700138092041e-01 6.341837644577026367e-01
4.984989762306213379e-01 3.867871463298797607e-01
5.885261297225952148e-01 5.150977373123168945e-01
5.621687769889831543e-01 6.824899911880493164e-01
4.498756527900695801e-01 5.173919796943664551e-01
4.334419369697570801e-01 4.978756308555603027e-01
4.378317296504974365e-01 5.226998329162597656e-01
2.712419927120208740e-01 6.112999320030212402e-01
3.134276270866394043e-01 4.973863661289215088e-01
3.676972985267639160e-01 7.227790951728820801e-01
5.392838716506958008e-01 4.901811778545379639e-01
5.780964493751525879e-01 5.921773910522460938e-01
3.409004807472229004e-01 6.202268004417419434e-01
4.207119047641754150e-01 5.739172101020812988e-01
4.036841988563537598e-01 4.635514616966247559e-01
4.727433621883392334e-01 5.756707191467285156e-01
4.717583954334259033e-01 4.944787621498107910e-01
4.478491842746734619e-01 4.471721053123474121e-01
4.740481972694396973e-01 5.163686871528625488e-01
3.626313805580139160e-01 5.501103997230529785e-01
5.958561897277832031e-01 5.852280259132385254e-01
3.670182824134826660e-01 5.184256434440612793e-01
5.296773910522460938e-01 6.323511004447937012e-01
4.274818897247314453e-01 5.206429362297058105e-01
2.445961236953735352e-01 5.553438067436218262e-01
5.676701068878173828e-01 6.504675149917602539e-01
5.852833986282348633e-01 5.861835479736328125e-01
4.109808206558227539e-01 6.194038987159729004e-01
3.512589335441589355e-01 5.775098800659179688e-01
3.947880566120147705e-01 5.649266242980957031e-01
4.658047854900360107e-01 5.043128132820129395e-01
4.749847352504730225e-01 4.678167998790740967e-01
4.726139605045318604e-01 4.075344204902648926e-01
4.089405834674835205e-01 6.205457448959350586e-01
3.477540910243988037e-01 5.173475742340087891e-01
4.479550719261169434e-01 5.743993520736694336e-01
3.407550156116485596e-01 5.123938918113708496e-01
4.555659592151641846e-01 6.406809091567993164e-01
4.708552956581115723e-01 4.547341167926788330e-01
3.865207135677337646e-01 4.340730011463165283e-01
7.251092195510864258e-01 5.085325837135314941e-01
5.073515176773071289e-01 6.172632575035095215e-01
5.003375411033630371e-01 5.276528596878051758e-01
5.398550033569335938e-01 4.308469891548156738e-01
4.660193920135498047e-01 3.967361748218536377e-01
4.889230430126190186e-01 4.821754097938537598e-01
5.077722072601318359e-01 4.664722383022308350e-01
3.118184506893157959e-01 6.336951851844787598e-01
5.693686008453369141e-01 5.465077757835388184e-01
4.358494281768798828e-01 6.249228715896606445e-01
4.109972417354583740e-01 7.298755049705505371e-01
3.288181126117706299e-01 6.642205715179443359e-01
4.589804410934448242e-01 4.673143923282623291e-01
3.775047957897186279e-01 6.518600583076477051e-01
3.504449129104614258e-01 4.967155158519744873e-01
4.909651875495910645e-01 6.556113362312316895e-01
5.818190574645996094e-01 5.183066129684448242e-01
4.484798312187194824e-01 5.078366398811340332e-01
4.570013582706451416e-01 6.316608190536499023e-01
4.628261625766754150e-01 5.222343802452087402e-01
3.555635511875152588e-01 7.228649854660034180e-01
4.531471133232116699e-01 5.811726450920104980e-01
5.338087677955627441e-01 4.373104274272918701e-01
6.649395227432250977e-01 5.374722480773925781e-01
4.313116371631622314e-01 7.484124302864074707e-01
4.186628162860870361e-01 6.791191101074218750e-01
5.229480862617492676e-01 5.949304103851318359e-01
3.861933946609497070e-01 5.652534365653991699e-01
5.915620923042297363e-01 6.439286470413208008e-01
4.469404220581054688e-01 7.202973961830139160e-01
3.846226930618286133e-01 7.024864554405212402e-01
5.277190208435058594e-01 7.128553390502929688e-01
5.281689167022705078e-01 5.171926617622375488e-01
4.299683272838592529e-01 5.471802949905395508e-01
4.412831366062164307e-01 5.139614343643188477e-01
4.649918377399444580e-01 4.832776784896850586e-01
4.039685428142547607e-01 6.199758648872375488e-01
6.092538237571716309e-01 5.909847617149353027e-01
5.524924993515014648e-01 5.297827124595642090e-01
4.464115798473358154e-01 5.952552556991577148e-01
4.652910232543945312e-01 5.046634078025817871e-01
2.709477245807647705e-01 5.726355314254760742e-01
2.557889521121978760e-01 5.003109574317932129e-01
4.400426149368286133e-01 5.086708664894104004e-01
3.566984832286834717e-01 7.141698598861694336e-01
5.125015974044799805e-01 5.653514266014099121e-01
4.952059090137481689e-01 6.244400739669799805e-01
3.416644632816314697e-01 5.319373607635498047e-01
4.561812281608581543e-01 5.725615024566650391e-01
4.366747736930847168e-01 3.320039212703704834e-01
4.731161594390869141e-01 6.039287447929382324e-01
5.464181900024414062e-01 6.163822412490844727e-01
5.496715903282165527e-01 5.239942073822021484e-01
6.516283750534057617e-01 5.858525037765502930e-01
4.824706017971038818e-01 6.247496008872985840e-01
5.254365205764770508e-01 5.315631628036499023e-01
4.072921574115753174e-01 7.218227982521057129e-01
3.327576518058776855e-01 6.485772728919982910e-01
5.184299349784851074e-01 4.583320617675781250e-01
3.265365064144134521e-01 6.522804498672485352e-01
4.973033368587493896e-01 5.317773818969726562e-01
6.515061855316162109e-01 5.361781716346740723e-01
5.408772230148315430e-01 4.592047929763793945e-01
6.321730613708496094e-01 5.557087063789367676e-01
5.457766652107238770e-01 5.286048054695129395e-01
3.309865891933441162e-01 4.925484955310821533e-01
6.338472366333007812e-01 5.496362447738647461e-01
4.405985772609710693e-01 6.308012604713439941e-01
4.465518593788146973e-01 5.800538063049316406e-01
4.303807616233825684e-01 6.791811585426330566e-01
3.629022240638732910e-01 5.180479884147644043e-01
4.739944338798522949e-01 5.573844909667968750e-01
5.895049571990966797e-01 4.382338523864746094e-01
5.783413052558898926e-01 5.218834877014160156e-01
4.679982364177703857e-01 5.568224191665649414e-01
4.503476917743682861e-01 5.747439265251159668e-01
4.638442397117614746e-01 4.558300673961639404e-01
5.348806977272033691e-01 5.208613872528076172e-01
5.612801909446716309e-01 4.577206373214721680e-01
6.894488930702209473e-01 4.466759264469146729e-01
3.955332338809967041e-01 4.473642110824584961e-01
5.289683341979980469e-01 5.830799937248229980e-01
4.609188139438629150e-01 5.841653943061828613e-01
4.530581533908843994e-01 6.671971678733825684e-01
5.492965579032897949e-01 6.943035721778869629e-01
4.877254366874694824e-01 7.303415536880493164e-01
3.503367304801940918e-01 4.934246838092803955e-01
6.340718865394592285e-01 6.190172433853149414e-01
6.251741647720336914e-01 4.483034312725067139e-01
6.665043830871582031e-01 4.667069613933563232e-01
6.002233028411865234e-01 5.502172708511352539e-01
5.553939342498779297e-01 4.656401276588439941e-01
6.043595075607299805e-01 5.143432021141052246e-01
4.078084230422973633e-01 6.835314631462097168e-01
4.751046895980834961e-01 7.208120226860046387e-01
5.361544489860534668e-01 5.313041806221008301e-01
4.289929270744323730e-01 6.499626040458679199e-01
4.789237380027770996e-01 5.602477788925170898e-01
4.167109429836273193e-01 3.990561366081237793e-01
4.833140671253204346e-01 5.513121485710144043e-01
3.900627791881561279e-01 7.393434643745422363e-01
6.666672825813293457e-01 4.986802339553833008e-01
4.135389924049377441e-01 5.758319497108459473e-01
5.455787777900695801e-01 5.587944388389587402e-01
5.132635235786437988e-01 5.531599521636962891e-01
2.981866300106048584e-01 6.677201390266418457e-01
5.046142339706420898e-01 4.404002726078033447e-01
3.836582899093627930e-01 5.768568515777587891e-01
4.332758188247680664e-01 7.365046143531799316e-01
2.794733047485351562e-01 5.925728678703308105e-01
4.743044674396514893e-01 5.000880956649780273e-01
3.988064527511596680e-01 6.870346069335937500e-01
4.058004021644592285e-01 5.784941911697387695e-01
3.608930706977844238e-01 6.937861442565917969e-01
3.607318103313446045e-01 6.998174786567687988e-01
5.870046019554138184e-01 4.627286791801452637e-01
5.222390890121459961e-01 4.509046673774719238e-01
5.401365160942077637e-01 6.790568232536315918e-01
5.142288208007812500e-01 5.020508170127868652e-01
4.082323908805847168e-01 7.190660238265991211e-01
4.639638960361480713e-01 5.094231963157653809e-01
4.715369045734405518e-01 3.895495831966400146e-01
5.616166591644287109e-01 6.359164118766784668e-01
4.220302700996398926e-01 6.278885602951049805e-01
4.069616794586181641e-01 6.425028443336486816e-01
5.557211637496948242e-01 5.062078833580017090e-01
4.403482973575592041e-01 6.972203850746154785e-01
5.047143101692199707e-01 6.252623796463012695e-01
4.445879757404327393e-01 7.353452444076538086e-01
3.655740916728973389e-01 6.622938513755798340e-01
4.166564345359802246e-01 6.483458876609802246e-01
5.643584728240966797e-01 5.246302485466003418e-01
4.380784928798675537e-01 7.100519537925720215e-01
4.219881594181060791e-01 4.047604203224182129e-01
4.816846847534179688e-01 6.244633793830871582e-01
5.843062400817871094e-01 4.654178619384765625e-01
5.869525671005249023e-01 3.987772166728973389e-01
6.077370047569274902e-01 4.425410926342010498e-01
6.240375041961669922e-01 4.481544196605682373e-01
4.623347818851470947e-01 3.998900353908538818e-01
3.542408645153045654e-01 5.708093643188476562e-01
5.770935416221618652e-01 4.857989847660064697e-01
7.288767099380493164e-01 5.665201544761657715e-01
3.737873733043670654e-01 5.668615102767944336e-01
4.359795451164245605e-01 5.933326482772827148e-01
5.425207018852233887e-01 5.327210426330566406e-01
6.607038378715515137e-01 4.828397929668426514e-01
3.411939442157745361e-01 6.800810098648071289e-01
3.805614709854125977e-01 4.781012237071990967e-01
5.253403186798095703e-01 5.214474201202392578e-01
3.463455140590667725e-01 6.766107678413391113e-01
4.696274697780609131e-01 5.411692857742309570e-01
6.655997633934020996e-01 5.932176709175109863e-01
4.360178709030151367e-01 4.666078388690948486e-01
6.800249814987182617e-01 5.760871767997741699e-01
4.937825500965118408e-01 7.120665907859802246e-01
5.449506640434265137e-01 5.828701257705688477e-01
6.163908839225769043e-01 5.628525614738464355e-01
5.525774955749511719e-01 6.399849057197570801e-01
3.250502645969390869e-01 4.842370450496673584e-01
5.195090174674987793e-01 5.226024985313415527e-01
4.752848148345947266e-01 6.149313449859619141e-01
4.093818068504333496e-01 5.567590594291687012e-01
5.062156915664672852e-01 5.090122222900390625e-01
4.818993508815765381e-01 4.716401696205139160e-01
5.550668835639953613e-01 4.823578298091888428e-01
6.579388976097106934e-01 5.210608839988708496e-01
5.589720606803894043e-01 5.247161984443664551e-01
5.031613707542419434e-01 6.098776459693908691e-01
4.701909422874450684e-01 5.105510354042053223e-01
6.494044661521911621e-01 6.005592346191406250e-01
2.668003737926483154e-01 5.971136689186096191e-01
3.683837056159973145e-01 6.696211695671081543e-01
4.536693692207336426e-01 5.487995743751525879e-01
4.859718978404998779e-01 5.102220177650451660e-01
2.762657403945922852e-01 5.467383265495300293e-01
3.588735759258270264e-01 5.616201162338256836e-01
4.295564591884613037e-01 4.942976534366607666e-01
3.793144524097442627e-01 5.701217055320739746e-01
5.509963035583496094e-01 5.549072623252868652e-01
4.767401516437530518e-01 4.858897924423217773e-01
5.357331037521362305e-01 6.844953894615173340e-01
4.812973439693450928e-01 3.854765892028808594e-01
4.479910135269165039e-01 5.162822008132934570e-01
4.365047812461853027e-01 5.677379965782165527e-01
6.610320210456848145e-01 5.397042632102966309e-01
5.459252595901489258e-01 6.985800862312316895e-01
3.628810048103332520e-01 7.501935958862304688e-01
4.329136908054351807e-01 4.934548139572143555e-01
6.216524839401245117e-01 5.614395737648010254e-01
4.259355068206787109e-01 5.097275376319885254e-01
5.127567052841186523e-01 6.430368423461914062e-01
5.179601311683654785e-01 3.574161231517791748e-01
4.146220982074737549e-01 6.624139547348022461e-01
3.109132051467895508e-01 6.915243864059448242e-01
3.968410789966583252e-01 5.459558963775634766e-01
3.646319508552551270e-01 6.311413049697875977e-01
4.984384179115295410e-01 4.069575667381286621e-01
7.296510338783264160e-01 4.572336077690124512e-01
4.208274781703948975e-01 4.672943055629730225e-01
5.684620141983032227e-01 5.672439932823181152e-01
3.870970606803894043e-01 4.978477358818054199e-01
6.362670660018920898e-01 3.665518760681152344e-01
6.754006147384643555e-01 4.689711034297943115e-01
6.141853332519531250e-01 5.697172284126281738e-01
4.001674056053161621e-01 6.298053264617919922e-01
4.141042828559875488e-01 5.890819430351257324e-01
4.020045697689056396e-01 6.008732318878173828e-01
5.320218801498413086e-01 7.001212835311889648e-01
6.344709396362304688e-01 5.409345626831054688e-01
5.946603417396545410e-01 4.335401952266693115e-01
5.595600008964538574e-01 5.981244444847106934e-01
5.072580575942993164e-01 5.796127915382385254e-01
4.325372576713562012e-01 4.699559807777404785e-01
5.750312805175781250e-01 5.868467092514038086e-01
4.034028649330139160e-01 6.582968831062316895e-01
6.437849402427673340e-01 4.445714354515075684e-01
6.406773328781127930e-01 4.102117121219635010e-01
3.970240056514739990e-01 5.429252982139587402e-01
3.761583268642425537e-01 4.045098721981048584e-01
6.513333320617675781e-01 5.248194336891174316e-01
4.533928334712982178e-01 3.964785635471343994e-01
4.857067763805389404e-01 5.749181509017944336e-01
3.330450654029846191e-01 6.712341308593750000e-01
5.450427532196044922e-01 3.677307665348052979e-01
3.262311220169067383e-01 5.752379298210144043e-01
4.109438955783843994e-01 5.398391485214233398e-01
6.712645888328552246e-01 5.854005217552185059e-01
5.215321779251098633e-01 5.783634185791015625e-01
4.156709015369415283e-01 4.695113301277160645e-01
2.966431081295013428e-01 6.986284852027893066e-01
6.105081439018249512e-01 5.752846598625183105e-01
3.458505868911743164e-01 7.052323818206787109e-01
3.682390451431274414e-01 6.217701435089111328e-01
2.719475030899047852e-01 7.221766710281372070e-01
4.906761348247528076e-01 5.004225969314575195e-01
3.585540950298309326e-01 7.218303084373474121e-01
5.085898041725158691e-01 4.943682253360748291e-01
4.730910062789916992e-01 5.606140494346618652e-01
3.507926762104034424e-01 5.711731314659118652e-01
6.467493176460266113e-01 5.325040221214294434e-01
5.007143020629882812e-01 5.701113343238830566e-01
6.135169863700866699e-01 5.843495130538940430e-01
3.247186839580535889e-01 6.545745134353637695e-01
5.383017659187316895e-01 4.766269326210021973e-01
5.716001987457275391e-01 6.375724077224731445e-01
6.119444966316223145e-01 6.017765402793884277e-01
4.503367841243743896e-01 5.170239210128784180e-01
3.904920816421508789e-01 5.064272284507751465e-01
4.512436687946319580e-01 4.742587506771087646e-01
4.531038105487823486e-01 5.744448304176330566e-01
5.909497737884521484e-01 6.548954844474792480e-01
4.033809304237365723e-01 5.893259644508361816e-01
6.064671874046325684e-01 6.275545358657836914e-01
6.660281419754028320e-01 5.714802145957946777e-01
2.965305447578430176e-01 5.488618016242980957e-01
5.064001679420471191e-01 6.685392260551452637e-01
