-2.403311133384704590e-01 -1.339730620384216309e-01
8.948165178298950195e-02 -5.490678548812866211e-02
-1.442854404449462891e-01 2.964067459106445312e-01
1.533197164535522461e-01 -2.459539771080017090e-01
-5.264520645141601562e-03 -3.233867883682250977e-02
4.138654470443725586e-01 -2.778900265693664551e-01
-2.621740102767944336e-01 -1.899158954620361328e-02
-2.362996339797973633e-02 1.985712647438049316e-01
3.349311351776123047e-01 -4.657651185989379883e-01
-5.498367547988891602e-02 -2.815722227096557617e-01
-3.615210652351379395e-01 2.632954120635986328e-01
1.892199516296386719e-01 -1.684737205505371094e-02
-1.186800003051757812e-02 2.621358036994934082e-01
-2.027422189712524414e-02 1.764001846313476562e-01
-4.903334975242614746e-01 3.851696252822875977e-01
4.523313045501708984e-01 -1.273203492164611816e-01
1.730564236640930176e-01 -4.196529388427734375e-01
-1.200293898582458496e-01 3.220937252044677734e-01
-4.338020086288452148e-02 -2.124335765838623047e-01
3.731594681739807129e-01 -3.150993585586547852e-01
3.405814766883850098e-01 -2.290815114974975586e-02
2.135455608367919922e-03 -3.406499028205871582e-01
6.721836328506469727e-02 -2.103282213211059570e-01
1.595054864883422852e-01 -1.935300230979919434e-01
-3.785197734832763672e-01 4.553111791610717773e-01
-2.184920907020568848e-01 -4.348321557044982910e-01
-2.292173504829406738e-01 1.045060753822326660e-01
1.639646291732788086e-01 4.194025397300720215e-01
-2.976671457290649414e-01 1.250401735305786133e-01
-2.105777859687805176e-01 -1.958233118057250977e-01
-4.364885687828063965e-01 -5.135387182235717773e-02
3.544025421142578125e-01 2.720105648040771484e-01
2.167637944221496582e-01 -2.160226106643676758e-01
3.593682646751403809e-01 -1.662452220916748047e-01
-3.017718791961669922e-01 1.850926280021667480e-01
-1.651978492736816406e-01 -4.772706627845764160e-01
4.421871900558471680e-02 -1.688596010208129883e-01
-3.163180351257324219e-01 3.189203143119812012e-01
3.689235448837280273e-02 2.896319627761840820e-01
4.340649247169494629e-01 -4.184280037879943848e-01
-4.464166760444641113e-01 2.572059631347656250e-03
2.386682629585266113e-01 -2.750064730644226074e-01
4.709483981132507324e-01 -9.721970558166503906e-02
6.037747859954833984e-02 1.450675725936889648e-02
3.005187511444091797e-01 2.993015646934509277e-01
3.407350182533264160e-01 3.993088006973266602e-01
6.676280498504638672e-02 1.418347358703613281e-01
-4.425562024116516113e-01 3.298735022544860840e-01
-4.359043836593627930e-01 -3.597623109817504883e-02
-2.821852564811706543e-01 1.623159646987915039e-01
1.197448372840881348e-01 -1.199786067008972168e-01
-3.987801074981689453e-02 1.946330666542053223e-01
2.608630061149597168e-01 -4.124941825866699219e-01
-3.106534481048583984e-01 4.749655723571777344e-03
4.534468054771423340e-01 -2.174780964851379395e-01
1.426621675491333008e-01 -2.720882892608642578e-01
2.398144006729125977e-01 -1.059582233428955078e-01
4.775362610816955566e-01 -1.014554500579833984e-02
-7.187861204147338867e-02 -3.499529957771301270e-01
7.995104789733886719e-02 -7.820105552673339844e-02
1.035369634628295898e-01 -1.282813549041748047e-01
-4.774321913719177246e-01 -1.057210564613342285e-01
2.289352416992187500e-01 3.795737028121948242e-01
-2.554737329483032227e-01 1.280612349510192871e-01
1.515970826148986816e-01 1.888679265975952148e-01
-3.187090754508972168e-01 -3.366214036941528320e-01
1.185522675514221191e-01 3.394067883491516113e-01
-9.907412528991699219e-02 4.492227435111999512e-01
-1.147126555442810059e-01 1.004051566123962402e-01
3.278338313102722168e-01 -2.308403849601745605e-01
2.116081714630126953e-01 4.299736022949218750e-01
1.602067351341247559e-01 3.313344120979309082e-01
-7.178306579589843750e-03 -1.116995215415954590e-01
-3.253555297851562500e-02 1.957118511199951172e-02
-3.430271744728088379e-01 1.651223301887512207e-01
-3.025656342506408691e-01 -2.124186754226684570e-01
4.598786830902099609e-01 4.438270330429077148e-01
5.276250839233398438e-02 -1.551895737648010254e-01
-3.886916637420654297e-01 -1.394110918045043945e-02
4.954128861427307129e-01 -4.235703945159912109e-01
-1.229522824287414551e-01 -6.693392992019653320e-02
4.123504161834716797e-01 -3.391101956367492676e-01
2.344413995742797852e-01 -5.727779865264892578e-02
1.898091435432434082e-01 8.241224288940429688e-02
-2.540975809097290039e-01 1.555594205856323242e-01
-3.940188288688659668e-01 -3.303104639053344727e-01
-2.635772824287414551e-01 2.219976186752319336e-01
-2.682468295097351074e-01 -1.896469593048095703e-01
1.820222735404968262e-01 -3.695595264434814453e-02
4.113563895225524902e-01 -4.054962396621704102e-01
9.432387351989746094e-02 -4.288483262062072754e-01
-1.446242332458496094e-01 3.924618363380432129e-01
-4.910914301872253418e-01 -3.940806388854980469e-01
4.989609122276306152e-01 4.843998551368713379e-01
3.135687112808227539e-02 -4.236196875572204590e-01
2.508230209350585938e-01 -1.154268980026245117e-01
1.739952564239501953e-01 -4.622429609298706055e-02
-3.507504463195800781e-01 -8.456522226333618164e-02
-3.184267878532409668e-01 -1.741079092025756836e-01
3.075523376464843750e-01 -1.044413447380065918e-01
1.759203076362609863e-01 -4.957396388053894043e-01
1.674990057945251465e-01 2.878729104995727539e-01
-1.076215505599975586e-01 1.026696562767028809e-01
-2.256633043289184570e-01 2.102586627006530762e-01
-1.703047752380371094e-02 -1.155972480773925781e-02
-2.411596179008483887e-01 -1.425095200538635254e-01
-8.510333299636840820e-02 -2.076464891433715820e-01
-4.611823558807373047e-01 -4.352292418479919434e-01
4.900892376899719238e-01 2.669143080711364746e-01
1.575725078582763672e-01 3.060077428817749023e-01
4.154721498489379883e-01 -2.913908362388610840e-01
2.184994816780090332e-01 2.190747261047363281e-01
-3.693747520446777344e-01 -3.640838861465454102e-01
2.506916522979736328e-01 6.218022108078002930e-02
-2.543290853500366211e-01 -1.979056000709533691e-01
1.655453443527221680e-01 -3.500556945800781250e-01
4.103537797927856445e-01 -3.467367887496948242e-01
7.722538709640502930e-02 -2.358024120330810547e-01
-2.205842137336730957e-01 1.905125379562377930e-01
3.599508404731750488e-01 -2.472063899040222168e-01
4.465261697769165039e-01 2.552568912506103516e-02
-4.287582635879516602e-01 3.736526966094970703e-01
-1.053494215011596680e-01 -4.227542281150817871e-01
3.868113756179809570e-01 2.394599318504333496e-01
2.609068155288696289e-02 -2.840322256088256836e-01
3.730805516242980957e-01 1.261191964149475098e-01
1.989350914955139160e-01 -4.265546798706054688e-03
-1.160982847213745117e-01 1.162405610084533691e-01
-7.783859968185424805e-02 7.121568918228149414e-02
-2.694060206413269043e-01 4.673053622245788574e-01
-5.822670459747314453e-02 2.021517157554626465e-01
3.163524270057678223e-01 2.198487520217895508e-02
1.839390397071838379e-01 2.922886013984680176e-01
-2.656629681587219238e-01 -1.155018806457519531e-01
-9.083825349807739258e-02 3.718024492263793945e-02
-2.212969660758972168e-01 -8.571213483810424805e-02
3.168509006500244141e-01 8.116012811660766602e-02
1.992512941360473633e-01 -5.544382333755493164e-02
1.052845120429992676e-01 -2.445598244667053223e-01
3.336021900177001953e-01 2.450026869773864746e-01
-4.267297387123107910e-01 -1.347346305847167969e-01
3.454006314277648926e-01 2.587739229202270508e-01
-4.547093510627746582e-01 -3.098126649856567383e-01
1.648671627044677734e-01 2.654981613159179688e-01
7.342660427093505859e-02 -1.561804413795471191e-01
-3.343056440353393555e-01 4.081105589866638184e-01
-2.209008932113647461e-01 1.681762337684631348e-01
-9.224140644073486328e-02 1.205791831016540527e-01
4.198147654533386230e-01 2.587130069732666016e-01
-5.583596229553222656e-02 6.097531318664550781e-02
4.917018413543701172e-01 -4.945361018180847168e-01
6.853687763214111328e-02 2.718695402145385742e-01
-3.973138928413391113e-01 2.948760986328125000e-03
-2.065057754516601562e-01 1.791369915008544922e-02
-4.369342327117919922e-02 4.567701220512390137e-01
2.484940886497497559e-01 -4.417747259140014648e-01
2.810972332954406738e-01 2.314881086349487305e-01
-2.193214297294616699e-01 -2.440429329872131348e-01
-4.892935156822204590e-01 -4.282526969909667969e-01
-2.619116306304931641e-01 1.657329797744750977e-01
1.888732314109802246e-01 -1.463221311569213867e-01
-2.895314097404479980e-01 -2.934798002243041992e-01
-2.984351515769958496e-01 -9.433239698410034180e-02
4.735469818115234375e-03 3.867184519767761230e-01
-2.491286993026733398e-01 -2.906045317649841309e-01
4.413952827453613281e-01 4.983212351799011230e-01
-9.922534227371215820e-02 3.254082202911376953e-01
-2.472090125083923340e-01 -4.312143325805664062e-01
-4.571920633316040039e-01 1.117277741432189941e-01
-1.050738692283630371e-01 -9.454733133316040039e-02
-1.647943258285522461e-02 4.831116795539855957e-01
4.132460355758666992e-01 4.007857441902160645e-01
1.511588692665100098e-01 -1.296010613441467285e-01
4.765245318412780762e-01 4.909636974334716797e-01
-2.079280018806457520e-01 1.010789871215820312e-01
6.015235185623168945e-02 -2.584477663040161133e-01
2.239954471588134766e-02 2.718663215637207031e-01
-3.930282592773437500e-01 -2.578190565109252930e-01
1.418957114219665527e-01 3.520107865333557129e-01
-4.221091866493225098e-01 4.460748434066772461e-01
4.270532727241516113e-01 -3.480688333511352539e-01
3.013910651206970215e-01 -2.162159085273742676e-01
2.650582790374755859e-02 -3.335716724395751953e-01
2.749441862106323242e-01 -1.947507858276367188e-01
-4.206916689872741699e-01 -2.546820044517517090e-01
-1.442179083824157715e-01 -3.039492964744567871e-01
-3.553578853607177734e-01 -1.272380352020263672e-03
-6.889039278030395508e-02 -1.839743852615356445e-01
-4.414148926734924316e-01 2.507259249687194824e-01
-2.666600346565246582e-01 2.070676684379577637e-01
-4.724948406219482422e-01 1.213085651397705078e-01
-2.126257419586181641e-01 -4.475390315055847168e-01
-1.564537882804870605e-01 3.617759346961975098e-01
3.616495728492736816e-01 -2.391167879104614258e-01
-4.707217216491699219e-01 2.894878387451171875e-03
-2.506442666053771973e-01 -3.043137192726135254e-01
-3.333588838577270508e-01 -2.006317973136901855e-01
-1.123303771018981934e-01 3.692553043365478516e-01
3.075705766677856445e-01 3.334003686904907227e-01
4.276710748672485352e-01 3.599342703819274902e-01
-3.337843418121337891e-01 -4.945228695869445801e-01
-1.137061715126037598e-01 -3.954874277114868164e-01
-4.907470941543579102e-02 -4.336398243904113770e-01
-3.300511240959167480e-01 -1.679679155349731445e-01
1.372784376144409180e-01 -1.062105894088745117e-01
-1.547923088073730469e-01 -2.993664741516113281e-01
-3.239643573760986328e-02 3.956102132797241211e-01
-4.350696802139282227e-01 -1.184308528900146484e-01
-3.687494993209838867e-02 -1.010441780090332031e-02
-3.999459743499755859e-02 -7.519835233688354492e-02
-3.262100219726562500e-01 -1.239179968833923340e-01
2.369064688682556152e-01 6.531971693038940430e-02
1.383769512176513672e-02 -3.346313238143920898e-01
2.697930335998535156e-01 4.247960448265075684e-01
-1.533418297767639160e-01 4.017397761344909668e-01
1.943799257278442383e-01 -2.474366426467895508e-01
3.496170639991760254e-01 -4.081630706787109375e-01
-1.004163026809692383e-01 4.500467777252197266e-01
5.188912153244018555e-02 -3.932127356529235840e-01
-4.113709330558776855e-01 4.131540060043334961e-01
-2.206921577453613281e-02 1.503795385360717773e-02
-3.389592170715332031e-01 3.078127503395080566e-01
1.844982504844665527e-01 -1.972051262855529785e-01
4.304289221763610840e-01 3.562825918197631836e-02
4.307365417480468750e-01 2.387672066688537598e-01
-1.675273180007934570e-01 4.406809806823730469e-02
3.476634025573730469e-01 -1.672139167785644531e-01
-4.346228837966918945e-01 4.650669097900390625e-01
4.568614959716796875e-01 3.926901221275329590e-01
-1.420482993125915527e-01 -1.431360244750976562e-01
-9.193980693817138672e-02 2.958028912544250488e-01
-6.693094968795776367e-02 3.955194950103759766e-01
3.251045346260070801e-01 1.408290266990661621e-01
-4.076409339904785156e-02 -1.552125811576843262e-01
-3.123185634613037109e-01 -2.576994895935058594e-02
3.772849440574645996e-01 3.033307194709777832e-01
-2.521620988845825195e-01 -3.994634747505187988e-01
3.935551643371582031e-01 -1.463354229927062988e-01
-3.325027227401733398e-02 -3.093802928924560547e-02
1.861006617546081543e-01 -1.415398716926574707e-01
4.360880851745605469e-01 -1.905236244201660156e-01
-3.751736283302307129e-01 -2.644271254539489746e-01
-2.318468093872070312e-01 -2.156593203544616699e-01
7.974374294281005859e-02 -4.678580760955810547e-01
-1.534296870231628418e-01 4.726586937904357910e-01
-4.729986190795898438e-01 -3.770965337753295898e-01
-6.605297327041625977e-02 3.837090730667114258e-02
3.400180935859680176e-01 -4.340285658836364746e-01
-6.536853313446044922e-02 -4.869501590728759766e-01
-3.843894004821777344e-01 3.638413548469543457e-01
-1.171751618385314941e-01 -1.558383107185363770e-01
1.994218826293945312e-01 -3.313682675361633301e-01
-3.323695063591003418e-01 -1.023916602134704590e-01
-2.144789099693298340e-01 1.843179464340209961e-01
-2.615002989768981934e-01 1.999000310897827148e-01
-1.340720057487487793e-01 1.851843595504760742e-01
-2.827177047729492188e-01 -1.034932136535644531e-01
4.781023263931274414e-01 -2.377203106880187988e-01
-1.602869033813476562e-01 -4.947170615196228027e-01
3.489351868629455566e-01 2.392323613166809082e-01
4.650262594223022461e-01 -2.023038268089294434e-01
-1.674627661705017090e-01 1.895052790641784668e-01
-4.909425377845764160e-01 -5.930185317993164062e-02
-2.329073548316955566e-01 -4.212532639503479004e-01
2.821475863456726074e-01 -1.451307535171508789e-02
2.836077213287353516e-01 -9.506386518478393555e-02
-4.180145263671875000e-02 -7.402080297470092773e-02
3.280586004257202148e-02 1.105546951293945312e-01
-2.822513580322265625e-01 -6.129163503646850586e-02
3.289895057678222656e-01 -3.893232345581054688e-01
-1.620851159095764160e-01 -3.482627868652343750e-01
-2.065374255180358887e-01 3.869968652725219727e-01
2.239387631416320801e-01 -4.230822920799255371e-01
9.950780868530273438e-02 8.081078529357910156e-02
-2.628153562545776367e-01 -1.542055606842041016e-01
-3.230500221252441406e-02 -2.430422306060791016e-01
4.948973655700683594e-04 4.618582725524902344e-01
-3.336592912673950195e-01 -4.287128448486328125e-01
3.592876195907592773e-01 -2.385613322257995605e-01
2.821621894836425781e-01 -2.542409300804138184e-01
-3.610833883285522461e-01 -4.433881640434265137e-01
4.350880980491638184e-01 -2.214184403419494629e-01
4.229133725166320801e-01 -4.132882356643676758e-01
-2.068052887916564941e-01 -1.083042025566101074e-01
-3.602787256240844727e-01 -2.235189080238342285e-01
-1.342386007308959961e-01 4.227021932601928711e-01
4.467680454254150391e-01 -3.217319250106811523e-01
-2.523791790008544922e-02 1.981033086776733398e-01
1.172569990158081055e-01 -6.640893220901489258e-02
4.144214987754821777e-01 1.249752044677734375e-01
-1.606655120849609375e-02 1.389408111572265625e-02
-5.434513092041015625e-02 2.516448497772216797e-03
-4.928288459777832031e-01 -4.049094319343566895e-01
3.935841321945190430e-01 -1.463391184806823730e-01
-4.381175041198730469e-01 -1.845904588699340820e-01
-1.632716655731201172e-01 3.071627020835876465e-01
2.081563472747802734e-01 5.532974004745483398e-02
-1.519360542297363281e-01 -3.726392984390258789e-01
3.007084727287292480e-01 -4.432835578918457031e-01
2.409738898277282715e-01 3.270462751388549805e-01
-4.994333982467651367e-01 8.089303970336914062e-03
-2.768313884735107422e-02 1.302289366722106934e-01
2.280119657516479492e-01 4.814094901084899902e-01
1.602993011474609375e-01 -2.163615226745605469e-01
1.968300342559814453e-02 1.195572018623352051e-01
4.509931206703186035e-01 3.513875603675842285e-01
-3.185309767723083496e-01 3.454787731170654297e-01
4.218642711639404297e-01 7.098162174224853516e-02
-2.927891016006469727e-01 2.146090269088745117e-01
1.951173543930053711e-01 -5.845862627029418945e-02
-2.914620637893676758e-01 -3.560367822647094727e-01
2.894403338432312012e-01 -4.206754565238952637e-01
1.234062910079956055e-01 4.463412761688232422e-01
2.242892384529113770e-01 2.865881323814392090e-01
5.920517444610595703e-02 7.763421535491943359e-02
3.663349151611328125e-02 -4.371665120124816895e-01
1.024731993675231934e-01 -4.034754633903503418e-01
-3.493174910545349121e-01 -2.458598017692565918e-01
1.348544359207153320e-01 -1.700371503829956055e-02
3.804659247398376465e-01 -2.089885473251342773e-01
1.488072276115417480e-01 3.429442644119262695e-02
4.359153509140014648e-01 -4.886984825134277344e-01
-7.448637485504150391e-02 -4.200512170791625977e-01
2.582102417945861816e-01 -3.688375949859619141e-01
-4.186352491378784180e-01 -3.223018646240234375e-01
-1.430154442787170410e-01 4.650517106056213379e-01
-9.523510932922363281e-03 2.707177400588989258e-02
4.703533649444580078e-02 1.280232071876525879e-01
5.233979225158691406e-02 -4.545658230781555176e-01
4.968667030334472656e-02 1.977598667144775391e-02
1.613572835922241211e-01 -1.181309819221496582e-01
3.680799603462219238e-01 -3.058822154998779297e-01
2.426487803459167480e-01 -2.355276346206665039e-01
3.146750330924987793e-01 -6.549489498138427734e-02
-1.374421119689941406e-01 -3.585608005523681641e-01
-1.986409425735473633e-01 4.594523310661315918e-01
-3.139770030975341797e-02 -1.708453297615051270e-01
1.797121763229370117e-01 3.326573967933654785e-01
1.363831162452697754e-01 -1.692106127738952637e-01
-1.612673997879028320e-01 -1.129602789878845215e-01
4.763239622116088867e-02 -3.743470907211303711e-01
4.883689880371093750e-01 4.704971909523010254e-01
4.372996091842651367e-02 -4.250630736351013184e-01
-3.966411948204040527e-01 4.371164441108703613e-01
-1.710473299026489258e-01 -2.391363382339477539e-01
-1.193594932556152344e-01 -1.187891960144042969e-01
3.525033593177795410e-01 -3.347514271736145020e-01
-4.763277769088745117e-01 -2.303224205970764160e-01
1.751458048820495605e-01 4.328786134719848633e-01
1.218430399894714355e-01 -2.719634771347045898e-02
3.745324611663818359e-01 3.365628123283386230e-01
1.318432688713073730e-01 -2.254181504249572754e-01
-1.315393447875976562e-01 -2.158433794975280762e-01
-3.908025026321411133e-01 -2.508860230445861816e-01
2.086344957351684570e-01 2.297130823135375977e-01
-4.627526998519897461e-01 -1.479077339172363281e-02
4.764104485511779785e-01 1.647480130195617676e-01
4.029608964920043945e-01 3.842093944549560547e-01
3.035012483596801758e-01 3.639035820960998535e-01
3.874810934066772461e-01 6.214952468872070312e-02
-4.282620549201965332e-01 3.498548865318298340e-01
1.578330993652343750e-04 -4.034051299095153809e-01
-4.519649744033813477e-01 -3.488779067993164062e-03
-4.137837886810302734e-01 -3.718876838684082031e-01
3.984315991401672363e-01 1.800166368484497070e-01
-1.983958482742309570e-02 1.266121864318847656e-01
8.268541097640991211e-02 2.679001092910766602e-01
4.525503516197204590e-01 -3.927131891250610352e-01
-1.262300014495849609e-01 -3.146117329597473145e-01
-9.397268295288085938e-02 -4.913674592971801758e-01
3.581523895263671875e-02 -2.820271253585815430e-02
4.771283864974975586e-01 3.640234470367431641e-02
2.589858770370483398e-01 -2.726005911827087402e-01
4.719821810722351074e-01 -2.076815366744995117e-01
-2.079020738601684570e-01 -1.943541169166564941e-01
-4.870302081108093262e-01 4.606659412384033203e-01
1.981363892555236816e-01 -1.420978903770446777e-01
-4.614685177803039551e-01 4.398471713066101074e-01
4.188877344131469727e-02 5.003839731216430664e-02
1.255304217338562012e-01 -2.399428486824035645e-01
4.101527929306030273e-01 -4.239059090614318848e-01
-2.669226527214050293e-01 3.639732599258422852e-01
-4.204208850860595703e-01 -3.186498284339904785e-01
1.074540615081787109e-02 4.376526474952697754e-01
-1.337206363677978516e-01 1.844816207885742188e-01
-1.781380176544189453e-02 -3.101531863212585449e-01
2.555745244026184082e-01 2.853610515594482422e-01
1.813678145408630371e-01 3.301709294319152832e-01
3.086382150650024414e-02 -6.007874011993408203e-02
4.753575921058654785e-01 4.688449501991271973e-01
3.576452136039733887e-01 3.902445435523986816e-01
-8.976846933364868164e-02 -8.187311887741088867e-02
1.299479603767395020e-01 -3.998767733573913574e-01
2.070357203483581543e-01 -3.156793117523193359e-01
4.159983396530151367e-01 2.075652480125427246e-01
-4.445942640304565430e-01 4.601365327835083008e-01
-8.662098646163940430e-02 -2.511045336723327637e-01
3.473716974258422852e-01 1.315770745277404785e-01
-3.882582187652587891e-01 5.525499582290649414e-02
2.744886875152587891e-01 -9.172976016998291016e-02
4.038529992103576660e-01 1.076784729957580566e-01
-4.276500344276428223e-01 8.785533905029296875e-02
-2.367275953292846680e-01 -2.880823612213134766e-02
4.527577757835388184e-01 -4.742462038993835449e-01
2.714865207672119141e-01 2.685713171958923340e-01
8.123517036437988281e-04 -2.429779171943664551e-01
-4.339232444763183594e-01 -1.228911280632019043e-01
-6.274682283401489258e-02 -1.281377673149108887e-01
-1.395686268806457520e-01 4.266425967216491699e-01
1.612616181373596191e-01 1.827663183212280273e-01
4.317944049835205078e-01 4.717643260955810547e-01
-2.706056833267211914e-01 -2.131734490394592285e-01
-4.465929269790649414e-01 2.187066078186035156e-01
-1.040648818016052246e-01 1.429049372673034668e-01
-9.712517261505126953e-02 4.912118911743164062e-01
2.132638096809387207e-01 1.143230199813842773e-01
8.374089002609252930e-02 9.745794534683227539e-02
-4.519832134246826172e-01 4.112949967384338379e-01
2.473427653312683105e-01 2.579235434532165527e-01
4.087253808975219727e-01 1.369585394859313965e-01
1.585416197776794434e-01 -3.528348207473754883e-01
4.552136659622192383e-01 3.283280134201049805e-01
1.961056590080261230e-01 5.072444677352905273e-02
-1.562139987945556641e-01 -3.398758769035339355e-01
1.837512254714965820e-01 2.174993753433227539e-01
-2.215878367424011230e-01 3.740653395652770996e-01
-1.945311427116394043e-01 -3.401367664337158203e-01
-4.457715749740600586e-01 1.729981303215026855e-01
-4.744437932968139648e-01 -3.656888008117675781e-01
-4.908238053321838379e-01 -2.320855855941772461e-01
3.796732425689697266e-01 -1.342396140098571777e-01
2.916691899299621582e-01 4.736155271530151367e-02
4.865473508834838867e-01 3.365543484687805176e-01
3.721996545791625977e-01 2.279281020164489746e-01
5.466681718826293945e-02 1.286216378211975098e-01
-3.925393819808959961e-01 1.953564882278442383e-01
4.954260587692260742e-02 -6.969392299652099609e-02
-6.844466924667358398e-02 -2.402502298355102539e-01
-3.960810899734497070e-01 -4.757330417633056641e-01
1.455062627792358398e-01 2.180077433586120605e-01
3.521504998207092285e-01 1.807612776756286621e-01
3.154418468475341797e-01 -8.459866046905517578e-02
-4.312538504600524902e-01 -2.714508771896362305e-02
6.397563219070434570e-02 2.571645975112915039e-01
-2.910783290863037109e-01 4.919061660766601562e-01
-2.017608284950256348e-01 1.942302584648132324e-01
-1.208793520927429199e-01 -1.291783452033996582e-01
-1.791129708290100098e-01 3.124411106109619141e-01
3.876071572303771973e-01 3.657196760177612305e-01
-4.569675922393798828e-01 -9.280204772949218750e-03
-2.061646580696105957e-01 9.989613294601440430e-02
-2.837963700294494629e-01 -2.875671982765197754e-01
3.413660526275634766e-01 -2.394834756851196289e-01
-3.738331794738769531e-01 -1.884602308273315430e-01
1.935380697250366211e-01 -2.408074736595153809e-01
8.233964443206787109e-02 -4.227864742279052734e-01
3.354344367980957031e-01 2.763467431068420410e-01
3.102230429649353027e-01 -6.599950790405273438e-02
-2.946438193321228027e-01 1.391056776046752930e-01
-1.728480458259582520e-01 -4.355172514915466309e-01
-2.143204212188720703e-02 -7.913947105407714844e-02
2.348432540893554688e-01 4.853073358535766602e-01
2.647622823715209961e-01 -7.318973541259765625e-02
-3.592362999916076660e-01 2.162849903106689453e-01
2.552008032798767090e-01 3.387886881828308105e-01
1.734184622764587402e-01 -5.652266740798950195e-02
2.199443578720092773e-01 -4.859194159507751465e-01
-2.795569300651550293e-01 -4.581744670867919922e-01
2.697774171829223633e-01 -1.170694828033447266e-01
9.282666444778442383e-02 -9.416097402572631836e-02
-3.513619303703308105e-01 -1.276586055755615234e-01
7.577252388000488281e-02 1.455945372581481934e-01
4.820525646209716797e-01 2.377563118934631348e-01
4.805656671524047852e-01 4.492536187171936035e-01
-4.618954062461853027e-01 -3.437492847442626953e-01
4.506604075431823730e-01 2.295076847076416016e-02
4.352879524230957031e-01 -3.154168128967285156e-01
3.188374042510986328e-01 -1.670780181884765625e-01
3.857085704803466797e-01 4.208958148956298828e-01
2.153543829917907715e-01 -3.205611109733581543e-01
1.928062438964843750e-01 2.081345915794372559e-01
-1.593160033226013184e-01 1.214715838432312012e-01
-4.661253094673156738e-01 -4.821475148200988770e-01
1.097476482391357422e-02 2.590191364288330078e-02
1.076357364654541016e-01 3.756175637245178223e-01
-1.405040621757507324e-01 -3.281598091125488281e-01
4.178041815757751465e-01 4.954254031181335449e-01
-4.095293283462524414e-01 -1.749783158302307129e-01
1.779839992523193359e-01 2.596409916877746582e-01
-8.603239059448242188e-02 -1.282464265823364258e-01
9.017050266265869141e-02 2.827722430229187012e-01
-9.483754634857177734e-02 4.406623840332031250e-01
-1.034837961196899414e-01 1.596967577934265137e-01
4.744244813919067383e-01 3.424081206321716309e-01
2.893519401550292969e-01 3.168193101882934570e-01
-4.743087291717529297e-02 5.565494298934936523e-02
-1.516528725624084473e-01 1.717478632926940918e-01
4.555576443672180176e-01 4.616606831550598145e-01
-4.842977523803710938e-01 -1.177200675010681152e-01
-4.746211767196655273e-01 9.995764493942260742e-02
3.054343461990356445e-01 -1.378234624862670898e-01
1.138359904289245605e-01 -4.097119569778442383e-01
5.685019493103027344e-02 -3.266608119010925293e-01
-4.493459463119506836e-01 -4.303253293037414551e-01
-2.785524129867553711e-01 -4.929186105728149414e-01
-4.557594656944274902e-01 3.767180442810058594e-01
-4.312976598739624023e-01 2.119499444961547852e-01
-4.527764320373535156e-01 1.791186332702636719e-01
2.261545062065124512e-01 -4.606235623359680176e-01
4.195370078086853027e-01 -4.983956813812255859e-01
3.479057550430297852e-02 1.712211370468139648e-01
4.780662655830383301e-01 -2.734456658363342285e-01
1.599642634391784668e-01 3.747974038124084473e-01
-3.185006976127624512e-01 -3.406888246536254883e-02
-4.868547320365905762e-01 4.692687392234802246e-01
-1.352782845497131348e-01 3.512569665908813477e-01
-4.208666086196899414e-02 -4.067512154579162598e-01
-2.734587788581848145e-01 -8.570015430450439453e-02
4.263520836830139160e-01 -3.318511843681335449e-01
-2.728483676910400391e-01 4.969998002052307129e-01
1.689600348472595215e-01 -1.691590547561645508e-01
4.577001929283142090e-01 -2.694757580757141113e-01
1.733782887458801270e-01 3.442771434783935547e-01
2.702456712722778320e-01 -4.078984856605529785e-01
3.138548731803894043e-01 2.531762123107910156e-01
2.236517071723937988e-01 4.747764468193054199e-01
8.392727375030517578e-02 1.185673475265502930e-02
3.566706180572509766e-02 -1.079465746879577637e-01
-4.746006131172180176e-01 -3.612570762634277344e-01
1.432996988296508789e-02 4.149507880210876465e-01
4.207990169525146484e-01 -3.669483065605163574e-01
4.040155410766601562e-01 -3.558261394500732422e-01
3.317466974258422852e-01 3.829713463783264160e-01
2.026448249816894531e-01 1.569653749465942383e-01
4.122165441513061523e-01 -3.872618675231933594e-01
1.086484193801879883e-01 -2.956814169883728027e-01
-4.057861566543579102e-01 -3.687708973884582520e-01
-2.215160131454467773e-01 -8.805727958679199219e-02
-1.812691688537597656e-01 4.374899864196777344e-01
-2.153289914131164551e-01 -3.085429072380065918e-01
3.628156781196594238e-01 -7.104331254959106445e-02
-3.095636367797851562e-01 3.327607512474060059e-01
4.173569679260253906e-01 -2.033473253250122070e-01
1.959916949272155762e-01 -2.044292092323303223e-01
-4.077928066253662109e-01 5.413877964019775391e-02
-4.468566775321960449e-01 -3.395268321037292480e-01
-4.554623365402221680e-01 -2.307557463645935059e-01
-1.015655398368835449e-01 3.996050953865051270e-01
-2.628788352012634277e-01 2.894889712333679199e-01
1.973483562469482422e-01 -5.501979589462280273e-02
-4.885792136192321777e-01 3.997792005538940430e-01
2.129299640655517578e-01 -4.625570774078369141e-01
-3.121863007545471191e-01 4.902225732803344727e-02
4.595465064048767090e-01 -2.708759903907775879e-01
-3.077799081802368164e-01 4.583606719970703125e-01
-3.892388939857482910e-01 -3.501659631729125977e-02
2.475015521049499512e-01 -4.219717979431152344e-01
5.124360322952270508e-02 -3.386866450309753418e-01
-1.783372759819030762e-01 -3.673682808876037598e-01
8.005309104919433594e-02 4.447355866432189941e-01
-3.552331924438476562e-01 3.410499691963195801e-01
-4.199391603469848633e-01 -1.000690460205078125e-02
-3.758683800697326660e-01 -3.003213405609130859e-01
-4.789861440658569336e-01 -4.095615148544311523e-01
-4.521430730819702148e-01 2.181016802787780762e-01
-3.542184829711914062e-02 4.240279793739318848e-01
3.708660602569580078e-02 1.351336240768432617e-01
4.742031693458557129e-01 4.252608418464660645e-01
-3.736542463302612305e-01 1.298718452453613281e-01
2.513445615768432617e-01 -3.120629191398620605e-01
4.504141807556152344e-01 1.688646674156188965e-01
-6.463801860809326172e-02 -4.167920351028442383e-01
-2.962444424629211426e-01 -3.221698403358459473e-01
-1.223537325859069824e-01 -3.654978871345520020e-01
-2.041980624198913574e-01 -3.879218101501464844e-01
-8.654874563217163086e-02 -3.784543275833129883e-01
2.321897149085998535e-01 2.967566847801208496e-01
-3.735105395317077637e-01 4.125034809112548828e-02
-5.204498767852783203e-02 2.903304696083068848e-01
1.099622845649719238e-01 -6.755095720291137695e-02
-4.447640776634216309e-01 -5.193436145782470703e-02
3.200768828392028809e-01 2.995083928108215332e-01
2.032067775726318359e-01 -4.141117930412292480e-01
3.223333954811096191e-01 2.678102850914001465e-01
2.090203166007995605e-01 7.150691747665405273e-02
4.366099238395690918e-01 -3.797325491905212402e-01
-2.501438856124877930e-01 -4.755479097366333008e-01
-4.996324181556701660e-01 2.634678483009338379e-01
-8.110803365707397461e-02 1.507550477981567383e-01
-1.731706857681274414e-01 4.074742794036865234e-01
1.221911907196044922e-01 -2.589176297187805176e-01
-4.364691972732543945e-01 2.920863032341003418e-01
-2.224571704864501953e-01 -4.914888739585876465e-01
-4.625679850578308105e-01 3.239292502403259277e-01
-4.530478119850158691e-01 -4.918792247772216797e-01
-4.908222556114196777e-01 4.214161634445190430e-02
-4.191429615020751953e-01 3.185477852821350098e-01
-4.139905571937561035e-01 -1.475951671600341797e-01
-1.661908626556396484e-02 -4.848125576972961426e-01
-4.817634820938110352e-01 2.316690087318420410e-01
8.245557546615600586e-02 -9.605544805526733398e-02
-1.963253021240234375e-01 4.184661507606506348e-01
2.219378948211669922e-01 3.801414370536804199e-01
9.348368644714355469e-02 -5.804294347763061523e-02
4.061246514320373535e-01 6.485521793365478516e-02
4.069738984107971191e-01 2.697730064392089844e-01
-4.525883793830871582e-01 3.511750698089599609e-01
-1.480209231376647949e-01 -6.783491373062133789e-02
-4.003726840019226074e-01 -4.293961524963378906e-01
-5.314582586288452148e-02 1.790727376937866211e-01
-3.015983104705810547e-01 1.430317759513854980e-01
-3.313975930213928223e-01 -4.557014107704162598e-01
-1.369652152061462402e-01 -3.878788352012634277e-01
-4.082563519477844238e-01 -2.226642370223999023e-01
-4.734319448471069336e-02 -2.013422250747680664e-01
-3.348412513732910156e-01 3.907355666160583496e-01
2.964806556701660156e-02 4.312672615051269531e-01
-3.254222869873046875e-01 -1.381345391273498535e-01
-2.872115969657897949e-01 2.462719678878784180e-01
-2.428470849990844727e-01 -3.577833771705627441e-01
4.736073613166809082e-01 3.644159436225891113e-01
-4.655047059059143066e-01 -3.749964237213134766e-01
-1.039715409278869629e-01 -7.733303308486938477e-02
-2.473018169403076172e-01 1.327811479568481445e-01
1.045230031013488770e-01 -4.766919016838073730e-01
-3.386965394020080566e-01 4.018089175224304199e-01
4.599029421806335449e-01 1.763206720352172852e-01
-2.001212239265441895e-01 2.830956578254699707e-01
-4.610280394554138184e-01 -1.547770500183105469e-01
1.848854422569274902e-01 7.858991622924804688e-02
1.102656722068786621e-01 -2.026048898696899414e-01
3.799207806587219238e-01 3.488882780075073242e-01
2.599493861198425293e-01 4.128843545913696289e-02
1.926924586296081543e-01 -4.946619272232055664e-01
2.231878042221069336e-01 -2.060609459877014160e-01
3.042231798171997070e-01 3.410980105400085449e-01
-4.260424375534057617e-01 -1.894098520278930664e-01
-1.172437667846679688e-01 -3.300046920776367188e-02
8.402580022811889648e-02 1.048064827919006348e-01
-4.558858275413513184e-01 1.327117681503295898e-01
2.908058166503906250e-01 -1.567857861518859863e-01
-4.176085591316223145e-01 -1.806426048278808594e-01
-2.237580418586730957e-01 -3.810346126556396484e-02
-8.390349149703979492e-02 -2.372114062309265137e-01
3.428762555122375488e-01 2.849060893058776855e-01
-4.477472305297851562e-01 3.940436244010925293e-01
-2.754178047180175781e-01 -1.378403306007385254e-01
-3.908228874206542969e-01 4.559091329574584961e-01
-1.582113504409790039e-01 -7.308888435363769531e-02
4.280141592025756836e-01 -3.336101770401000977e-02
-1.279280781745910645e-01 4.946144223213195801e-01
2.638431191444396973e-01 -4.538523554801940918e-01
9.878486394882202148e-02 -4.676789641380310059e-01
-3.059226870536804199e-01 -4.950462579727172852e-01
-3.831996321678161621e-01 -1.443294286727905273e-01
-1.009734272956848145e-01 2.101617455482482910e-01
3.859131336212158203e-01 -4.874023795127868652e-01
3.784828186035156250e-01 3.454266190528869629e-01
-2.875141501426696777e-01 -2.634949088096618652e-01
-5.558145046234130859e-02 1.644475460052490234e-01
1.699007749557495117e-01 3.136718273162841797e-02
3.589981794357299805e-02 3.180144429206848145e-01
-2.456197738647460938e-01 -1.359480619430541992e-02
2.816880345344543457e-01 4.016322493553161621e-01
-1.160331368446350098e-01 -1.028551459312438965e-01
-1.843663454055786133e-01 2.867247462272644043e-01
-4.878136515617370605e-01 -4.874122738838195801e-01
1.811935901641845703e-01 -3.118442893028259277e-01
-1.332592964172363281e-01 -4.589014649391174316e-01
-4.260126948356628418e-01 4.326174259185791016e-01
2.051751017570495605e-01 -1.144778728485107422e-01
-4.462460875511169434e-01 -4.433810114860534668e-01
-4.707276225090026855e-01 4.648929238319396973e-01
-3.242928981781005859e-01 1.664375066757202148e-01
-9.539973735809326172e-02 -2.575326561927795410e-01
2.970424294471740723e-01 1.282970905303955078e-01
4.656705260276794434e-01 -4.143199920654296875e-01
-2.897034287452697754e-01 -2.681545615196228027e-01
-1.362924575805664062e-01 1.476616263389587402e-01
3.280158638954162598e-01 2.425487041473388672e-01
4.424777030944824219e-01 -1.566161513328552246e-01
-4.680881500244140625e-01 8.898228406906127930e-02
-4.617794156074523926e-01 -4.819518923759460449e-01
2.566708326339721680e-01 6.143331527709960938e-02
3.931285142898559570e-01 -2.826589345932006836e-01
-2.596830725669860840e-01 -3.150719404220581055e-02
-3.168151974678039551e-01 1.055002808570861816e-01
-3.771704435348510742e-02 -3.236131072044372559e-01
-3.563194870948791504e-01 2.415671348571777344e-01
2.698503136634826660e-01 2.819875478744506836e-01
2.601800560951232910e-01 -3.124197721481323242e-01
-4.756852388381958008e-01 4.105591773986816406e-01
-5.549085140228271484e-02 -4.008652567863464355e-01
-4.693657159805297852e-01 -1.202914118766784668e-01
2.329106926918029785e-01 -3.549082279205322266e-01
2.941215038299560547e-01 1.809561848640441895e-01
-2.873747944831848145e-01 -3.790440559387207031e-01
-4.765715003013610840e-01 -2.090831995010375977e-01
-1.045320034027099609e-01 8.469110727310180664e-02
4.322754740715026855e-01 4.950906038284301758e-01
-8.652406930923461914e-02 1.923073530197143555e-01
1.901604533195495605e-01 4.690605401992797852e-01
1.301001906394958496e-01 -2.198243737220764160e-01
2.089795470237731934e-01 -4.665969610214233398e-01
-4.734354615211486816e-01 3.599104881286621094e-01
2.103136777877807617e-01 -3.620541095733642578e-02
-5.892950296401977539e-02 -3.941267728805541992e-01
-9.895771741867065430e-02 -1.837290525436401367e-01
2.040254473686218262e-01 2.547354698181152344e-01
3.193725347518920898e-01 3.835386633872985840e-01
1.422349810600280762e-01 4.374170303344726562e-01
-8.249282836914062500e-02 -2.279204130172729492e-01
-9.494763612747192383e-02 -1.272490024566650391e-01
1.039801836013793945e-01 -3.544518351554870605e-01
-2.195823788642883301e-01 -1.936569809913635254e-01
3.547021746635437012e-01 -1.826905012130737305e-01
-2.062343955039978027e-01 -2.496533989906311035e-01
-6.840604543685913086e-02 -3.282071948051452637e-01
4.988527297973632812e-02 9.685057401657104492e-02
3.937995433807373047e-01 -3.270142674446105957e-01
7.133191823959350586e-02 -4.065047502517700195e-01
-4.800865054130554199e-01 -2.920170426368713379e-01
-1.491196155548095703e-01 1.363753676414489746e-01
2.132620811462402344e-01 -4.417223334312438965e-01
2.699124217033386230e-01 3.063312768936157227e-01
2.606490254402160645e-01 4.188326001167297363e-01
4.678096771240234375e-01 4.869102239608764648e-01
-8.652907609939575195e-02 -4.704045057296752930e-01
-2.879756689071655273e-02 -1.049910783767700195e-01
1.595633625984191895e-01 1.248795390129089355e-01
1.871764659881591797e-01 2.397424578666687012e-01
2.014994025230407715e-01 3.719836473464965820e-02
3.616094589233398438e-02 3.738002777099609375e-01
-1.110413670539855957e-01 2.909610867500305176e-01
-4.478552341461181641e-01 6.289756298065185547e-02
2.429865598678588867e-01 1.860591769218444824e-01
-4.950146079063415527e-01 3.703795075416564941e-01
-3.309310674667358398e-01 1.788970232009887695e-01
2.508091926574707031e-02 -4.832509160041809082e-01
-2.576871514320373535e-01 2.771044969558715820e-01
1.826450824737548828e-01 -4.497505426406860352e-01
2.264004945755004883e-01 -4.953451752662658691e-01
-3.237229585647583008e-01 -6.152355670928955078e-02
8.777946233749389648e-02 -7.419466972351074219e-02
-4.341588020324707031e-01 6.682109832763671875e-02
-2.136822938919067383e-01 -3.341482877731323242e-01
6.529140472412109375e-02 -4.670693278312683105e-01
-7.665401697158813477e-02 -9.254288673400878906e-02
7.136404514312744141e-03 -1.316791772842407227e-02
1.615496277809143066e-01 1.811179518699645996e-01
5.088216066360473633e-02 -2.916574478149414062e-03
9.980595111846923828e-02 3.324142098426818848e-01
1.068896055221557617e-01 -4.845663905143737793e-01
-2.420014142990112305e-02 3.523698449134826660e-01
-4.185504317283630371e-01 -1.036491990089416504e-01
4.523137211799621582e-01 -4.788675904273986816e-01
-3.499858975410461426e-01 -4.557087421417236328e-01
7.658600807189941406e-02 1.508468389511108398e-01
-1.512929201126098633e-01 4.511966109275817871e-01
-3.083086013793945312e-01 1.746375560760498047e-01
3.772854804992675781e-03 -2.088097333908081055e-01
4.248898029327392578e-01 3.767848014831542969e-01
2.766882777214050293e-01 -4.594090580940246582e-01
-3.580148220062255859e-01 -2.600976824760437012e-01
2.616329789161682129e-01 -3.054811358451843262e-01
-1.936767697334289551e-01 2.608752250671386719e-02
1.838282942771911621e-01 2.676067352294921875e-01
-4.373316168785095215e-01 2.821127176284790039e-01
-1.885126233100891113e-01 2.325178384780883789e-01
-4.894523620605468750e-01 -3.614026904106140137e-01
-6.868243217468261719e-03 -3.157837390899658203e-01
-8.019244670867919922e-02 -2.707275748252868652e-01
-5.554807186126708984e-02 1.629098057746887207e-01
4.094666242599487305e-01 -4.306415915489196777e-01
2.289305925369262695e-01 3.923001885414123535e-01
4.087550640106201172e-01 -2.753683924674987793e-01
-1.745889186859130859e-01 4.267533421516418457e-01
-2.134793996810913086e-01 4.145643711090087891e-01
4.774546027183532715e-01 -4.400591254234313965e-01
2.410542964935302734e-02 4.198520183563232422e-01
-1.043202280998229980e-01 2.852091193199157715e-01
4.441832304000854492e-01 2.112128138542175293e-01
2.562582492828369141e-01 -4.706984758377075195e-01
4.132921099662780762e-01 -4.780976176261901855e-01
-4.940200448036193848e-01 -3.943863511085510254e-01
8.077394962310791016e-02 5.656772851943969727e-02
-9.889686107635498047e-02 -4.944167733192443848e-01
-9.815376996994018555e-02 3.250860571861267090e-01
3.013489842414855957e-01 -7.709884643554687500e-02
-9.412479400634765625e-02 -4.121580123901367188e-01
-7.427352666854858398e-02 -4.071766734123229980e-01
2.347040772438049316e-01 2.458292245864868164e-02
2.949371933937072754e-01 2.810420989990234375e-01
-2.709908485412597656e-01 4.673052430152893066e-01
1.250207424163818359e-01 2.932054400444030762e-01
1.501144170761108398e-01 -1.964568495750427246e-01
9.166711568832397461e-02 2.578343749046325684e-01
1.047708988189697266e-01 1.209267973899841309e-01
4.468353986740112305e-01 -3.921985626220703125e-04
1.993942856788635254e-01 3.968717455863952637e-01
2.904278039932250977e-02 4.927279949188232422e-01
-1.131202578544616699e-01 -2.932584881782531738e-01
-4.074060320854187012e-01 -4.642767906188964844e-01
1.742036342620849609e-01 -8.230388164520263672e-02
-1.242199540138244629e-01 -1.578090190887451172e-01
-4.928429722785949707e-01 9.366858005523681641e-02
6.528550386428833008e-02 1.028994321823120117e-01
-2.821259498596191406e-01 4.831575751304626465e-01
-4.252510070800781250e-01 1.323677897453308105e-01
2.945925593376159668e-01 1.343677639961242676e-01
-3.566724061965942383e-02 -2.768494486808776855e-01
3.215273022651672363e-01 1.648947000503540039e-01
1.596032977104187012e-01 -1.574850678443908691e-01
4.875724315643310547e-01 2.837005257606506348e-01
-1.589828133583068848e-01 -1.273022890090942383e-01
4.823107719421386719e-01 -2.642341852188110352e-01
-4.539188146591186523e-01 -2.661943435668945312e-04
2.614376544952392578e-01 -1.695016026496887207e-01
-4.185521006584167480e-01 4.542744755744934082e-01
4.591584801673889160e-01 -1.076822280883789062e-01
2.075574994087219238e-01 -4.694985747337341309e-01
-1.349020600318908691e-01 -7.425236701965332031e-02
2.099722623825073242e-01 -4.901888966560363770e-01
-1.036501526832580566e-01 9.658056497573852539e-02
3.435972332954406738e-01 8.873939514160156250e-03
-1.060125231742858887e-01 -4.088889956474304199e-01
1.406401395797729492e-02 4.545880556106567383e-01
-1.993952989578247070e-01 1.159487366676330566e-01
-3.109167814254760742e-01 7.419884204864501953e-03
4.503071308135986328e-02 -3.554075360298156738e-01
-2.816150188446044922e-01 -4.931460022926330566e-01
2.960647940635681152e-01 4.192999005317687988e-01
-2.783400416374206543e-01 -3.170459866523742676e-01
-4.836831688880920410e-01 -3.284883499145507812e-02
-3.160119652748107910e-01 3.127235174179077148e-01
5.405223369598388672e-02 3.455998897552490234e-01
2.436503767967224121e-01 -1.729757189750671387e-01
-3.208278417587280273e-01 -4.583956003189086914e-01
1.194509863853454590e-01 -2.275211811065673828e-01
4.301136732101440430e-01 4.564509987831115723e-01
-1.629337072372436523e-01 2.513924837112426758e-01
4.700238108634948730e-01 -4.688690304756164551e-01
-2.860234975814819336e-01 1.107420325279235840e-01
9.012961387634277344e-02 3.449617624282836914e-01
3.690887689590454102e-01 2.592420578002929688e-01
-1.191158294677734375e-01 2.592831850051879883e-02
3.491352200508117676e-01 -1.490591764450073242e-01
-4.402906894683837891e-01 1.788048148155212402e-01
3.386599421501159668e-01 3.184053301811218262e-01
-2.987576127052307129e-01 3.263830542564392090e-01
4.650943875312805176e-01 -1.004994511604309082e-01
-2.407336235046386719e-02 -2.740464806556701660e-01
-4.638820290565490723e-01 1.440184712409973145e-01
-1.679758429527282715e-01 2.950245141983032227e-02
-2.783070802688598633e-01 -4.582852125167846680e-02
-4.157412648200988770e-01 4.312303662300109863e-01
-2.542704343795776367e-01 1.070905923843383789e-01
4.304026365280151367e-01 -3.942195177078247070e-01
-4.400519728660583496e-01 2.641443014144897461e-01
-2.606066465377807617e-01 -3.670504689216613770e-01
3.229833841323852539e-01 -1.424183249473571777e-01
1.340240836143493652e-01 3.203017711639404297e-01
-3.707467913627624512e-01 1.323575377464294434e-01
-2.829797863960266113e-01 3.973694443702697754e-01
4.887400865554809570e-01 -3.015570044517517090e-01
-4.741640090942382812e-01 -4.041903018951416016e-01
1.771744489669799805e-01 -2.529308199882507324e-01
3.754711747169494629e-01 -2.225234508514404297e-01
-3.557450771331787109e-01 -4.885225892066955566e-01
-3.633591532707214355e-01 2.831166982650756836e-01
4.793000221252441406e-01 -4.721562862396240234e-01
-7.538670301437377930e-02 1.224744319915771484e-01
1.942697763442993164e-01 2.023001909255981445e-01
4.113686084747314453e-01 3.962743282318115234e-02
3.496283888816833496e-01 1.793479323387145996e-01
-2.369098663330078125e-01 -2.071939110755920410e-01
-1.261135935783386230e-01 -3.802819252014160156e-01
-4.852730631828308105e-01 -9.230285882949829102e-02
1.119483709335327148e-01 -2.755528688430786133e-01
1.537675857543945312e-01 -3.221724033355712891e-01
-3.250597715377807617e-01 -4.388629794120788574e-01
1.449630856513977051e-01 2.686378955841064453e-01
-1.376050710678100586e-01 -2.396659255027770996e-01
-4.431959390640258789e-01 1.007378101348876953e-02
-1.258609294891357422e-01 -4.995679855346679688e-02
4.373762011528015137e-01 -2.391115427017211914e-01
3.843104839324951172e-02 -4.963654279708862305e-01
-6.234252452850341797e-02 -2.354633808135986328e-02
-4.144591093063354492e-02 3.485909104347229004e-01
2.068583965301513672e-01 2.499064207077026367e-01
5.941545963287353516e-02 2.065088152885437012e-01
-1.055091619491577148e-02 9.930044412612915039e-02
-1.682794690132141113e-01 -1.470178961753845215e-01
-4.334580302238464355e-01 3.348458409309387207e-01
9.835243225097656250e-02 -4.505268931388854980e-01
-7.521748542785644531e-03 -1.165759563446044922e-01
4.361835122108459473e-01 4.744965434074401855e-01
-9.558063745498657227e-02 2.457630634307861328e-01
4.290211200714111328e-02 -6.345587968826293945e-02
2.225828170776367188e-01 -6.983470916748046875e-02
2.471039295196533203e-01 -2.641692757606506348e-01
3.713029026985168457e-01 -3.445766568183898926e-01
3.104751706123352051e-01 -4.839807748794555664e-01
1.969114542007446289e-01 -2.819596529006958008e-01
-4.853280186653137207e-01 2.338214516639709473e-01
1.817317008972167969e-01 -1.778373122215270996e-01
3.999429345130920410e-01 2.534649968147277832e-01
3.338900208473205566e-01 -3.422434329986572266e-01
-3.791581392288208008e-01 7.355284690856933594e-02
-4.894201159477233887e-01 3.797752261161804199e-01
3.406218886375427246e-01 -4.120735526084899902e-01
4.874359965324401855e-01 3.103002905845642090e-01
4.143185615539550781e-01 1.330968141555786133e-01
-2.017301321029663086e-02 -2.535106539726257324e-01
-3.710600733757019043e-01 -4.367339611053466797e-01
2.696244120597839355e-01 -3.681260347366333008e-02
1.717141866683959961e-01 -2.290737628936767578e-02
2.202932834625244141e-01 -2.583646774291992188e-01
7.670015096664428711e-02 -3.982357382774353027e-01
-4.359943270683288574e-01 1.190767288208007812e-01
-1.529814004898071289e-01 4.565817117691040039e-02
-3.966635465621948242e-01 -4.990673065185546875e-02
1.260786056518554688e-01 -2.222860455513000488e-01
1.621187925338745117e-01 5.486518144607543945e-02
4.873518347740173340e-01 4.112272262573242188e-01
-4.594081044197082520e-01 -2.364607453346252441e-01
2.698806524276733398e-01 2.800737619400024414e-01
-3.090745806694030762e-01 4.797869324684143066e-01
-1.620892882347106934e-01 3.656049370765686035e-01
1.517931222915649414e-01 3.790748715400695801e-01
2.259511351585388184e-01 4.736992716789245605e-01
-3.833568096160888672e-02 -2.669605016708374023e-01
1.761523485183715820e-01 1.829564571380615234e-03
3.289248943328857422e-01 -1.294835209846496582e-01
4.883843660354614258e-01 2.061467170715332031e-01
2.972229123115539551e-01 2.256629467010498047e-01
-2.018469572067260742e-01 4.233881831169128418e-01
-4.451757669448852539e-02 1.812342405319213867e-01
-4.523554444313049316e-01 1.885147094726562500e-01
-6.600147485733032227e-02 4.490424394607543945e-01
3.723708391189575195e-01 2.188001275062561035e-01
-1.721245050430297852e-02 -3.571966886520385742e-01
-1.173053979873657227e-01 1.563959717750549316e-01
-2.651389241218566895e-01 -2.268806099891662598e-01
4.399673938751220703e-01 -2.707139849662780762e-01
1.938064098358154297e-01 -3.474534153938293457e-01
-8.258509635925292969e-02 3.550776243209838867e-01
-3.617602586746215820e-02 -4.274845719337463379e-01
4.996395707130432129e-01 3.076083660125732422e-01
1.942797303199768066e-01 4.860985279083251953e-01
2.851733565330505371e-01 -2.582249045372009277e-01
-9.609997272491455078e-03 -1.523978114128112793e-01
-3.578949570655822754e-01 4.405239820480346680e-01
-2.993539571762084961e-01 -1.889256834983825684e-01
3.165683746337890625e-01 2.024050354957580566e-01
4.428502917289733887e-01 -1.492882370948791504e-01
-3.721458315849304199e-01 -3.399771451950073242e-01
-2.053366303443908691e-01 3.802797198295593262e-01
-3.055228590965270996e-01 -3.958923816680908203e-01
2.109817862510681152e-01 -1.442724466323852539e-01
1.325514316558837891e-01 1.590878963470458984e-01
1.881119012832641602e-01 -3.401841521263122559e-01
2.860677242279052734e-02 4.989905357360839844e-01
3.191358447074890137e-01 2.890998125076293945e-01
-1.909422874450683594e-01 -2.521495819091796875e-01
1.154893636703491211e-01 3.883249759674072266e-01
-4.245775938034057617e-01 -1.723843216896057129e-01
-4.266715049743652344e-01 -4.824287295341491699e-01
1.898702979087829590e-01 1.665437817573547363e-01
2.029834985733032227e-01 -1.284344196319580078e-01
-7.668459415435791016e-02 -4.654471278190612793e-01
-2.405623793601989746e-01 -3.215823173522949219e-01
1.881082057952880859e-01 3.267419338226318359e-02
-3.558437824249267578e-01 -3.610557317733764648e-02
-2.005301117897033691e-01 -3.870666027069091797e-01
2.090345621109008789e-01 4.685869812965393066e-01
2.667979001998901367e-01 -4.680110216140747070e-01
1.895470023155212402e-01 -4.523767828941345215e-01
1.086562871932983398e-02 -4.993088841438293457e-01
-1.168903112411499023e-01 3.919161558151245117e-01
-1.186788082122802734e-01 2.502905130386352539e-01
8.685940504074096680e-02 -8.483839035034179688e-02
4.257094264030456543e-01 1.763257980346679688e-01
-1.960592865943908691e-01 -3.732281923294067383e-02
-1.876202821731567383e-01 -4.724769592285156250e-01
-4.294285178184509277e-01 -1.833592057228088379e-01
-3.172873258590698242e-01 -2.702606916427612305e-01
-2.339537143707275391e-01 4.331536889076232910e-01
1.870644092559814453e-01 -1.369932889938354492e-01
2.881765961647033691e-01 2.485338449478149414e-01
-4.196497201919555664e-01 1.550197005271911621e-01
-1.654823422431945801e-01 6.226354837417602539e-02
