-1.768034100532531738e-01 1.080954074859619141e-01
3.863223195075988770e-01 -1.934884786605834961e-01
1.661631464958190918e-01 4.297055602073669434e-01
-2.023531794548034668e-01 1.828160285949707031e-01
7.507407665252685547e-02 1.698753833770751953e-01
3.933612704277038574e-01 3.127023577690124512e-01
-7.114887237548828125e-02 -2.005468606948852539e-01
4.420340061187744141e-01 1.937630176544189453e-01
4.165856838226318359e-01 1.931582689285278320e-01
-3.909860253334045410e-01 1.581850051879882812e-01
2.517994642257690430e-01 2.985314726829528809e-01
2.297831773757934570e-01 -4.841045737266540527e-01
-8.729666471481323242e-02 -2.148565053939819336e-01
-1.024405956268310547e-01 3.911711573600769043e-01
-1.874299645423889160e-01 -1.874654293060302734e-01
2.668916583061218262e-01 1.739789843559265137e-01
-3.818452358245849609e-03 1.053040623664855957e-01
-1.327124834060668945e-01 -4.428597092628479004e-01
-3.181548714637756348e-01 3.930303454399108887e-01
4.483385086059570312e-01 -3.135042190551757812e-01
2.658095359802246094e-01 -1.948193907737731934e-01
-1.192307472229003906e-02 -3.325789570808410645e-01
-4.370678663253784180e-01 7.976967096328735352e-02
-4.357723593711853027e-01 1.184940338134765625e-04
3.391354084014892578e-01 4.927366971969604492e-01
-9.902703762054443359e-02 -4.819571375846862793e-01
-1.620579361915588379e-01 2.271850705146789551e-01
2.031375765800476074e-01 -1.200842261314392090e-01
3.641502261161804199e-01 -2.817686200141906738e-01
2.994351983070373535e-01 1.308756470680236816e-01
-3.192415237426757812e-01 -4.602422118186950684e-01
-3.809751868247985840e-01 -2.348784804344177246e-01
-3.757929801940917969e-02 -3.121569156646728516e-01
-1.720140576362609863e-01 3.982556462287902832e-01
-1.968777179718017578e-02 1.394014358520507812e-01
-3.494722247123718262e-01 6.733781099319458008e-02
2.869219779968261719e-01 1.051073074340820312e-01
-1.080308556556701660e-01 -4.174866080284118652e-01
-1.215423941612243652e-01 2.091268897056579590e-01
-2.826561331748962402e-01 -3.688009381294250488e-01
-3.297150731086730957e-01 -3.475878238677978516e-01
3.469097614288330078e-01 3.292296528816223145e-01
3.900549411773681641e-01 6.395220756530761719e-03
3.852299451828002930e-01 1.211253404617309570e-01
4.330939650535583496e-01 2.628567814826965332e-01
4.238963127136230469e-02 4.858639240264892578e-01
4.324281811714172363e-01 -2.248952388763427734e-01
-3.083412051200866699e-01 2.433061003684997559e-01
3.949655890464782715e-01 -3.628962635993957520e-01
-3.590017557144165039e-01 3.461528420448303223e-01
-4.731218814849853516e-01 1.674098372459411621e-01
4.895346760749816895e-01 -1.406956315040588379e-01
3.673613071441650391e-02 -3.655175566673278809e-01
-1.643804907798767090e-01 4.644399881362915039e-02
1.908315420150756836e-01 -2.434294223785400391e-01
2.356600761413574219e-02 1.723327636718750000e-01
3.775838613510131836e-01 -4.766371846199035645e-01
-3.883010745048522949e-01 4.511917233467102051e-01
-3.266541361808776855e-01 3.831860423088073730e-01
-3.044058084487915039e-01 1.433846354484558105e-01
-1.177144646644592285e-01 2.410233020782470703e-02
1.326799392700195312e-04 -1.750743389129638672e-01
3.064355254173278809e-01 3.963232040405273438e-01
7.098108530044555664e-02 3.496032953262329102e-02
3.031998872756958008e-02 -1.848142743110656738e-01
5.890774726867675781e-02 3.273150920867919922e-01
1.897841691970825195e-01 -4.579001665115356445e-02
-2.444672584533691406e-01 -8.973896503448486328e-03
-1.274152994155883789e-01 4.561090469360351562e-01
-4.553101062774658203e-01 -5.607241392135620117e-02
-7.033669948577880859e-02 1.018838882446289062e-01
4.681671261787414551e-01 -5.801123380661010742e-02
-3.849749565124511719e-01 2.921800017356872559e-01
1.217496395111083984e-01 -1.302484869956970215e-01
2.739161849021911621e-01 6.914007663726806641e-02
3.151089549064636230e-01 -3.374043703079223633e-01
-3.415606617927551270e-01 4.704410433769226074e-01
3.734055161476135254e-01 6.487882137298583984e-02
-4.828156828880310059e-01 -1.891511678695678711e-02
3.298844099044799805e-01 -2.474558353424072266e-02
-7.719367742538452148e-02 2.780928611755371094e-01
-1.902780532836914062e-01 2.551396489143371582e-01
4.376174807548522949e-01 -1.978526711463928223e-01
-5.331993103027343750e-03 4.240921735763549805e-01
-2.520327568054199219e-01 -5.381286144256591797e-03
4.644418954849243164e-01 -6.549811363220214844e-02
-1.663259267807006836e-01 1.160476803779602051e-01
2.641888856887817383e-01 -1.169084906578063965e-01
-3.314233422279357910e-01 -9.685420989990234375e-02
4.422455430030822754e-01 7.942020893096923828e-03
3.195312619209289551e-01 -3.217622041702270508e-01
-4.190152883529663086e-01 4.885535240173339844e-01
4.718933701515197754e-01 -1.801925897598266602e-02
1.260812878608703613e-01 -2.001939415931701660e-01
4.443968534469604492e-01 1.974236965179443359e-01
-2.639230489730834961e-01 -2.511114478111267090e-01
2.631876468658447266e-01 -4.275336265563964844e-01
-5.637288093566894531e-02 -2.179598212242126465e-01
-1.066021919250488281e-01 -2.522087097167968750e-02
-2.522557973861694336e-01 5.791616439819335938e-02
-4.765309095382690430e-01 -3.399834632873535156e-01
-1.169085502624511719e-01 1.925359368324279785e-01
1.621413230895996094e-01 -7.027792930603027344e-02
-3.249643445014953613e-01 -3.887635469436645508e-01
-1.094596385955810547e-01 -2.234858274459838867e-02
-2.437760233879089355e-01 -3.348592519760131836e-01
4.155274033546447754e-01 4.181501269340515137e-01
-4.460148811340332031e-01 -2.770844101905822754e-01
-4.320808053016662598e-01 1.180142164230346680e-02
-1.417120099067687988e-01 4.064884781837463379e-01
3.274977207183837891e-02 -4.293869137763977051e-01
1.175604462623596191e-01 -2.665753960609436035e-01
-4.983198642730712891e-02 1.148267984390258789e-01
-2.549220919609069824e-01 -4.558259248733520508e-01
-4.923945069313049316e-01 -4.958118796348571777e-01
-4.737654924392700195e-01 2.296375036239624023e-01
1.353470087051391602e-01 3.969222307205200195e-02
-1.523718833923339844e-01 3.727862834930419922e-01
1.223987936973571777e-01 1.457883119583129883e-01
2.365315556526184082e-01 1.399150490760803223e-01
7.301133871078491211e-02 -4.751529097557067871e-01
-1.641499996185302734e-01 2.141956686973571777e-01
1.056729555130004883e-01 4.046302437782287598e-01
-4.646731019020080566e-01 -4.949968457221984863e-01
-3.691434860229492188e-01 -7.285714149475097656e-02
-2.956613898277282715e-01 3.212257623672485352e-01
3.733040094375610352e-01 2.849853038787841797e-02
-1.083977222442626953e-01 7.020992040634155273e-02
-4.229430556297302246e-01 -4.139904379844665527e-01
8.203881978988647461e-02 3.122192025184631348e-01
-1.995868682861328125e-01 -1.571206450462341309e-01
1.511227488517761230e-01 2.328021526336669922e-01
-3.866227269172668457e-01 -4.970588684082031250e-01
-2.820514440536499023e-01 -2.018940448760986328e-01
-4.582929015159606934e-01 2.045132517814636230e-01
-2.065114378929138184e-01 -2.908904552459716797e-01
6.603020429611206055e-02 -2.010035514831542969e-02
-1.816238760948181152e-01 2.552341222763061523e-01
-2.969244718551635742e-01 -2.015228271484375000e-01
-4.208994507789611816e-01 -3.076242804527282715e-01
4.318884015083312988e-01 9.437131881713867188e-02
4.680987596511840820e-01 -3.866503238677978516e-01
9.479010105133056641e-02 9.538823366165161133e-02
8.340984582901000977e-02 8.434617519378662109e-02
-9.253382682800292969e-02 -2.611464858055114746e-01
1.659840345382690430e-02 -3.065919280052185059e-01
4.899554848670959473e-01 -2.670687437057495117e-01
9.561961889266967773e-02 -2.588177919387817383e-01
-1.051083207130432129e-01 3.413890600204467773e-01
-1.902976632118225098e-01 1.803899407386779785e-01
-3.209685087203979492e-01 -1.638510227203369141e-01
-9.867882728576660156e-02 -1.848616600036621094e-01
-2.968227863311767578e-02 4.229905605316162109e-01
-2.118391394615173340e-01 -1.944944262504577637e-01
2.616791725158691406e-01 3.618002533912658691e-01
-3.783279657363891602e-02 -4.168747663497924805e-01
-4.990194439888000488e-01 1.976726651191711426e-01
-5.777090787887573242e-02 -3.624290823936462402e-01
-4.471668004989624023e-01 -3.745179176330566406e-01
2.880545854568481445e-01 9.880989789962768555e-02
-4.306757450103759766e-01 1.238506436347961426e-01
3.865206837654113770e-01 -7.194375991821289062e-02
8.143621683120727539e-02 2.339572906494140625e-01
-1.781106591224670410e-01 2.950941920280456543e-01
3.357696533203125000e-02 1.925820708274841309e-01
-5.799585580825805664e-02 -1.919192075729370117e-01
3.479274511337280273e-01 -2.938172221183776855e-01
9.033483266830444336e-02 -1.933586001396179199e-01
4.750962853431701660e-01 -1.450958847999572754e-01
-1.305225491523742676e-01 3.617857098579406738e-01
3.691112399101257324e-01 1.371640563011169434e-01
-2.360629439353942871e-01 -4.923945069313049316e-01
-3.986303210258483887e-01 3.388413190841674805e-01
-1.835276484489440918e-01 3.047168850898742676e-01
3.444328308105468750e-01 -3.299213051795959473e-01
2.808687090873718262e-01 5.562305450439453125e-03
-2.247201204299926758e-01 1.898670792579650879e-01
4.284294843673706055e-01 -1.802076697349548340e-01
8.044528961181640625e-02 4.815459251403808594e-04
4.072962999343872070e-01 -1.179853677749633789e-01
-2.203854918479919434e-01 -2.381740212440490723e-01
-3.215504884719848633e-01 1.176397204399108887e-01
-1.237877011299133301e-01 3.569654226303100586e-01
1.841042041778564453e-01 -1.513814330101013184e-01
-1.192112565040588379e-01 4.351696968078613281e-01
-2.971661090850830078e-02 2.731397747993469238e-01
-3.385365605354309082e-01 2.744084596633911133e-02
-3.155252933502197266e-01 4.979140162467956543e-01
4.305593371391296387e-01 -4.071122407913208008e-01
-2.362938523292541504e-01 2.569917440414428711e-01
-1.421276330947875977e-01 1.831324100494384766e-01
-2.095629572868347168e-01 3.975458145141601562e-01
-1.882366538047790527e-01 -2.994465827941894531e-01
-1.307710409164428711e-01 -4.759521484375000000e-01
4.394657611846923828e-01 -9.581369161605834961e-02
-4.810861349105834961e-01 -3.947694897651672363e-01
-2.974926233291625977e-01 1.866415143013000488e-01
2.520518898963928223e-01 3.119528293609619141e-02
2.175263166427612305e-01 2.061867713928222656e-02
3.358716964721679688e-01 -3.317509293556213379e-01
-4.256467223167419434e-01 -1.489459872245788574e-01
-3.192767500877380371e-01 -6.507050991058349609e-02
-1.154347062110900879e-01 4.878054261207580566e-01
1.608508229255676270e-01 -4.409430027008056641e-01
3.282428383827209473e-01 3.621199727058410645e-01
1.032686233520507812e-02 -2.158878445625305176e-01
3.279193639755249023e-01 6.516045331954956055e-02
4.039200544357299805e-01 3.854765295982360840e-01
4.676379561424255371e-01 -4.928708076477050781e-01
4.973473548889160156e-01 1.063407659530639648e-01
1.277481317520141602e-01 3.284757733345031738e-01
-3.849304914474487305e-01 4.241722822189331055e-01
-2.286261320114135742e-02 -2.966147661209106445e-02
-3.836284279823303223e-01 -1.437731981277465820e-01
9.037131071090698242e-02 3.420983552932739258e-01
-3.320827484130859375e-01 9.216189384460449219e-03
-4.570191502571105957e-01 1.250294446945190430e-01
-2.815977931022644043e-01 -1.445128321647644043e-01
9.427148103713989258e-02 -3.010455965995788574e-01
4.642494320869445801e-01 -1.705777645111083984e-01
-3.532789945602416992e-01 -1.105660200119018555e-02
-3.966971039772033691e-01 4.079489111900329590e-01
-2.642428874969482422e-02 -3.205007910728454590e-01
3.024795055389404297e-01 4.490401148796081543e-01
1.754411458969116211e-01 3.736811876296997070e-01
5.617713928222656250e-02 -4.188989400863647461e-01
2.401565909385681152e-01 3.288641571998596191e-01
3.094523549079895020e-01 -1.942398548126220703e-01
4.756044745445251465e-01 -4.076896905899047852e-01
-5.681514739990234375e-04 4.755200147628784180e-01
3.207554817199707031e-01 -1.715661883354187012e-01
2.738605141639709473e-01 4.104388952255249023e-01
3.861119747161865234e-01 1.029112339019775391e-01
1.738380193710327148e-01 -3.171287178993225098e-01
2.436625361442565918e-01 3.855420947074890137e-01
3.552950620651245117e-01 1.560072302818298340e-01
-4.917240142822265625e-02 4.485051035881042480e-01
-2.425658702850341797e-01 7.451653480529785156e-02
4.874644279479980469e-01 2.617712616920471191e-01
9.810358285903930664e-02 3.307600617408752441e-01
-2.545773386955261230e-01 -2.562063932418823242e-02
4.322668313980102539e-01 -5.497789382934570312e-02
-3.933944106101989746e-01 1.916895508766174316e-01
-3.372339606285095215e-01 3.216030001640319824e-01
-3.732945919036865234e-01 -4.468267560005187988e-01
1.449871659278869629e-01 2.137244939804077148e-01
1.695687174797058105e-01 -3.657850623130798340e-01
-4.446157217025756836e-01 -9.157788753509521484e-02
-4.366621971130371094e-01 4.407461881637573242e-01
-2.381371259689331055e-01 5.136507749557495117e-02
2.654829025268554688e-01 4.697456359863281250e-01
-3.558506965637207031e-01 -4.396775960922241211e-01
4.435288310050964355e-01 2.848550677299499512e-01
2.939806580543518066e-01 1.427278518676757812e-01
-2.333918809890747070e-01 -3.254145979881286621e-01
-3.358130455017089844e-01 -1.109838485717773438e-03
1.969734430313110352e-01 3.538877367973327637e-01
-1.977615952491760254e-01 2.007080912590026855e-01
3.716888427734375000e-01 8.442127704620361328e-02
1.477945446968078613e-01 2.825016975402832031e-01
5.253380537033081055e-02 -2.624607086181640625e-02
-2.293550372123718262e-01 -4.969654083251953125e-01
3.450000286102294922e-01 1.384757161140441895e-01
-3.835430741310119629e-01 -3.531641960144042969e-01
-4.553880095481872559e-01 -3.782048821449279785e-01
-1.561796069145202637e-01 3.537654280662536621e-01
-4.534114003181457520e-01 4.719344377517700195e-01
-3.773245811462402344e-01 -3.234805464744567871e-01
1.658287048339843750e-01 2.165275812149047852e-01
-3.102902173995971680e-01 5.440223217010498047e-02
8.601313829421997070e-02 2.131537795066833496e-01
4.914090037345886230e-01 1.008049845695495605e-01
3.947475552558898926e-01 -7.411772012710571289e-02
-2.984333038330078125e-01 4.254462122917175293e-01
-8.728760480880737305e-02 1.163244247436523438e-02
-2.699679136276245117e-02 4.672312736511230469e-01
-2.027303576469421387e-01 -1.866519451141357422e-03
-8.220744132995605469e-02 -2.630948424339294434e-01
2.157841324806213379e-01 2.421402931213378906e-02
-3.420397043228149414e-01 1.818937063217163086e-01
-4.235863685607910156e-03 -4.777688980102539062e-01
-2.716175913810729980e-01 4.904735088348388672e-02
-2.970157265663146973e-01 3.976116776466369629e-01
-2.631600499153137207e-01 8.769255876541137695e-02
4.114812612533569336e-02 1.617580652236938477e-02
-3.809025883674621582e-01 5.061447620391845703e-03
2.971158027648925781e-01 4.852304458618164062e-01
-4.569985270500183105e-01 -3.316041827201843262e-01
-3.225372433662414551e-01 3.057028055191040039e-01
1.320282816886901855e-01 4.362809062004089355e-01
7.689875364303588867e-02 -2.358741164207458496e-01
2.868881821632385254e-01 4.262815713882446289e-01
-1.964797377586364746e-01 -4.591646194458007812e-01
9.780192375183105469e-02 -3.504900336265563965e-01
-1.629684567451477051e-01 4.215168952941894531e-02
-2.339871525764465332e-01 -3.150206804275512695e-02
3.369349241256713867e-01 6.813770532608032227e-02
2.776430845260620117e-01 -2.894926071166992188e-01
3.686298727989196777e-01 -8.507090806961059570e-02
2.278477549552917480e-01 1.595715284347534180e-01
4.079495072364807129e-01 -1.640658974647521973e-01
-3.451106548309326172e-01 -2.285796999931335449e-01
-2.975032329559326172e-01 -4.606744050979614258e-01
-2.938689589500427246e-01 -4.358736276626586914e-01
-3.471279144287109375e-02 2.595955133438110352e-02
-1.263334155082702637e-01 -1.728904843330383301e-01
3.576206564903259277e-01 2.420805096626281738e-01
2.053867578506469727e-01 1.604439616203308105e-01
-3.397810459136962891e-02 -4.760777950286865234e-02
-2.853397727012634277e-01 -1.775099039077758789e-01
-7.486087083816528320e-02 4.878759384155273438e-03
-3.806945681571960449e-01 1.899067759513854980e-01
3.166735172271728516e-03 -2.885435223579406738e-01
6.226885318756103516e-02 -3.107811808586120605e-01
-3.468401432037353516e-01 -1.597720384597778320e-02
8.761447668075561523e-02 2.783342003822326660e-01
-3.340068459510803223e-01 4.771116375923156738e-01
4.770549535751342773e-01 -2.294580340385437012e-01
2.374697923660278320e-01 -1.563010811805725098e-01
-7.204324007034301758e-02 -4.426143169403076172e-01
2.118541598320007324e-01 -2.448872327804565430e-01
-1.594325304031372070e-01 -7.111847400665283203e-02
3.849891424179077148e-01 2.339220046997070312e-01
9.830832481384277344e-03 -2.866096496582031250e-01
3.830299377441406250e-01 -8.717525005340576172e-02
-1.285438537597656250e-01 -3.341131210327148438e-01
-6.767135858535766602e-02 1.692944765090942383e-02
-8.773052692413330078e-02 -4.087126255035400391e-02
3.369256854057312012e-01 -2.757700085639953613e-01
-2.847729325294494629e-01 4.736443758010864258e-01
-2.676839232444763184e-01 2.231658697128295898e-01
2.771962285041809082e-01 2.062738537788391113e-01
-1.249931454658508301e-01 -1.758713722229003906e-01
1.980133056640625000e-01 1.027742028236389160e-01
4.442450404167175293e-01 -4.995348453521728516e-01
-4.017313718795776367e-01 2.049219012260437012e-01
-3.768568038940429688e-01 -2.806828618049621582e-01
-2.646840214729309082e-01 -5.480057001113891602e-02
1.828026771545410156e-01 -3.476083278656005859e-02
-3.494416475296020508e-01 -4.084095358848571777e-01
-3.004044890403747559e-01 3.757426142692565918e-01
3.552251458168029785e-01 7.841372489929199219e-02
-4.335618615150451660e-01 -4.287515282630920410e-01
1.222139596939086914e-01 -1.391831636428833008e-01
-1.603666543960571289e-01 -3.789891004562377930e-01
3.183002471923828125e-01 2.803925871849060059e-01
-1.254099607467651367e-01 -1.529340147972106934e-01
-2.447195053100585938e-01 -4.074048995971679688e-01
-6.653487682342529297e-03 2.445687055587768555e-01
-3.236434459686279297e-01 2.306573390960693359e-01
4.975163936614990234e-01 -5.311745405197143555e-02
-1.806058287620544434e-01 1.301627159118652344e-01
1.616433262825012207e-01 -1.501351594924926758e-01
-3.845109939575195312e-01 -2.875471115112304688e-01
-4.909785389900207520e-01 4.249802231788635254e-01
-2.776244878768920898e-01 1.091576814651489258e-01
-7.865792512893676758e-02 -2.682264447212219238e-01
-4.758278727531433105e-01 3.528102040290832520e-01
4.991400837898254395e-01 -4.639315605163574219e-02
-1.541535258293151855e-01 1.566252708435058594e-01
-2.647240161895751953e-01 4.153945446014404297e-01
-2.937377691268920898e-01 3.033171296119689941e-01
2.949011921882629395e-01 -2.395404577255249023e-01
-1.259797811508178711e-01 -4.346112012863159180e-01
4.431122541427612305e-02 -4.381269812583923340e-01
3.195787072181701660e-01 3.748475909233093262e-01
-3.398913145065307617e-01 2.445888519287109375e-01
-8.132469654083251953e-02 8.417510986328125000e-02
-2.114256620407104492e-01 4.431058764457702637e-01
4.599533677101135254e-01 -2.095440626144409180e-01
-5.366170406341552734e-02 -4.712450504302978516e-02
2.678526043891906738e-01 3.357888460159301758e-01
1.461043357849121094e-01 1.824235916137695312e-02
-5.589449405670166016e-02 3.282779455184936523e-01
2.669896483421325684e-01 3.472396135330200195e-01
-1.330512762069702148e-02 -4.935129284858703613e-01
-3.842027783393859863e-01 -2.229664325714111328e-01
-4.808532595634460449e-01 -3.943995833396911621e-01
-4.238459467887878418e-01 1.403798460960388184e-01
2.860829234123229980e-01 3.692088723182678223e-01
1.995722055435180664e-01 2.082438468933105469e-01
4.124535322189331055e-01 4.201310873031616211e-01
-1.490827798843383789e-01 -2.438874840736389160e-01
9.701597690582275391e-02 -1.872973442077636719e-01
-3.606339097023010254e-01 -2.649212479591369629e-01
-2.050902843475341797e-01 3.183506727218627930e-01
2.215544581413269043e-01 4.189175963401794434e-01
2.012712955474853516e-01 -6.747627258300781250e-02
-4.215292930603027344e-01 -2.776955366134643555e-01
-2.476117014884948730e-01 -3.639787435531616211e-02
-5.929464101791381836e-02 -4.795859456062316895e-01
1.257742643356323242e-01 2.779099941253662109e-01
4.753541350364685059e-01 2.418569326400756836e-01
-2.119901776313781738e-01 -6.464600563049316406e-03
2.648382186889648438e-01 1.463972330093383789e-01
1.174949407577514648e-01 -3.662899732589721680e-01
4.183340072631835938e-02 4.520775675773620605e-01
5.158901214599609375e-03 -5.683183670043945312e-02
-2.646121978759765625e-01 -1.898586750030517578e-02
-4.546424746513366699e-01 -3.182850480079650879e-01
2.197903394699096680e-02 4.083643555641174316e-01
-7.248812913894653320e-02 3.587298989295959473e-01
7.823759317398071289e-02 -3.593826293945312500e-01
-6.010949611663818359e-03 -2.425126433372497559e-01
4.645309448242187500e-01 -2.484201192855834961e-01
2.499646544456481934e-01 -3.220880627632141113e-01
4.278683066368103027e-01 -9.574371576309204102e-02
-2.935915589332580566e-01 -4.885827898979187012e-01
-3.932219743728637695e-02 4.251954555511474609e-01
-1.260587573051452637e-01 3.822425603866577148e-01
4.598428010940551758e-01 -4.350583553314208984e-01
4.585927724838256836e-01 2.718275785446166992e-01
2.228139638900756836e-01 -3.384098410606384277e-01
-1.146300435066223145e-01 -3.262081742286682129e-01
-3.064878582954406738e-01 1.796376109123229980e-01
-3.016049861907958984e-01 -3.993111848831176758e-01
4.749168753623962402e-01 -4.838690757751464844e-01
-1.675754189491271973e-01 -3.373697996139526367e-01
1.089214086532592773e-01 1.449403166770935059e-01
2.377429604530334473e-01 -1.577526330947875977e-01
-4.386126995086669922e-01 -4.077468514442443848e-01
3.560601472854614258e-01 -9.130001068115234375e-03
3.892284631729125977e-01 4.867513775825500488e-01
-3.061048984527587891e-01 3.648707866668701172e-01
3.035183548927307129e-01 -1.770841479301452637e-01
-2.422206997871398926e-01 1.564323902130126953e-03
-3.102365136146545410e-01 -7.128703594207763672e-02
2.983791232109069824e-01 3.169623017311096191e-01
-3.271711468696594238e-01 -1.446408629417419434e-01
-2.658291459083557129e-01 4.017283916473388672e-01
3.985388278961181641e-01 -1.587780117988586426e-01
-1.925964951515197754e-01 2.611644268035888672e-01
3.036389946937561035e-01 2.343156933784484863e-01
-1.920549869537353516e-01 -1.230359077453613281e-02
2.765373587608337402e-01 -4.325187206268310547e-02
1.707201600074768066e-01 1.870668530464172363e-01
-1.580791473388671875e-01 -4.457584619522094727e-01
4.298634529113769531e-01 4.612988233566284180e-01
-3.881740570068359375e-02 -2.255895733833312988e-01
-2.834650278091430664e-01 -1.494219899177551270e-01
-4.894316196441650391e-01 -4.213824868202209473e-01
-1.273655295372009277e-01 -2.646357417106628418e-01
-3.406660556793212891e-01 3.619654774665832520e-01
4.426257610321044922e-01 4.194998741149902344e-01
1.780250668525695801e-01 -1.613408923149108887e-01
2.053297758102416992e-01 -3.172076344490051270e-01
3.888204693794250488e-01 -2.571692466735839844e-01
-5.014127492904663086e-02 1.977642178535461426e-01
-4.573983550071716309e-01 -4.609227180480957031e-02
4.564830064773559570e-01 2.661023139953613281e-01
4.306556582450866699e-01 1.313447952270507812e-02
-1.310156583786010742e-01 -3.376733064651489258e-01
-3.115374445915222168e-01 2.722586393356323242e-01
1.562384366989135742e-01 3.739519715309143066e-01
3.078001737594604492e-02 -3.673517704010009766e-01
6.480473279953002930e-02 4.593713879585266113e-01
1.269408464431762695e-01 1.340174674987792969e-02
3.553206324577331543e-01 -2.991992235183715820e-01
4.311660528182983398e-01 2.308198213577270508e-01
-2.966015934944152832e-01 2.866576910018920898e-01
-4.255383014678955078e-01 -4.072887897491455078e-01
3.830506205558776855e-01 7.593864202499389648e-02
4.109079241752624512e-01 -1.349408626556396484e-01
-3.607092499732971191e-01 1.292169094085693359e-02
1.977466344833374023e-01 -8.528989553451538086e-02
-4.123389124870300293e-01 -1.406872868537902832e-01
4.158204197883605957e-01 -4.902312159538269043e-01
-1.712937951087951660e-01 -2.349203228950500488e-01
-4.537620544433593750e-01 1.819467544555664062e-01
-4.285131096839904785e-01 -8.659243583679199219e-02
4.166413545608520508e-01 2.418482303619384766e-02
-4.945059418678283691e-01 2.446250319480895996e-01
3.933281302452087402e-01 2.898588180541992188e-01
3.771639466285705566e-01 -4.627768993377685547e-01
-1.415832638740539551e-01 -3.427626490592956543e-01
-2.975139617919921875e-01 4.578346610069274902e-01
2.816511988639831543e-01 9.432184696197509766e-02
6.296336650848388672e-02 1.543299555778503418e-01
3.869524002075195312e-01 1.123840808868408203e-01
-4.749149084091186523e-02 2.927053570747375488e-01
1.926044821739196777e-01 1.977818608283996582e-01
-1.854117512702941895e-01 1.431793570518493652e-01
4.678238034248352051e-01 -1.155196428298950195e-01
3.083822727203369141e-01 -4.495539069175720215e-01
-2.399373650550842285e-01 -3.485918045043945312e-03
-2.988649010658264160e-01 -4.660113453865051270e-01
3.642984032630920410e-01 2.060622572898864746e-01
-2.071706056594848633e-01 4.046086668968200684e-01
-4.287033081054687500e-01 3.421465158462524414e-01
3.010049462318420410e-01 3.309726715087890625e-03
-6.606084108352661133e-02 -2.133548855781555176e-01
-2.967166304588317871e-01 -1.612544655799865723e-01
7.423889636993408203e-02 -4.064613580703735352e-02
9.810370206832885742e-02 -3.617303967475891113e-01
4.534880518913269043e-01 -3.557478785514831543e-01
-3.040195703506469727e-01 4.242026805877685547e-01
-2.353968024253845215e-01 2.647202610969543457e-01
4.384329319000244141e-01 4.081222414970397949e-01
-2.075506448745727539e-01 -1.990330219268798828e-01
1.822434067726135254e-01 3.101205229759216309e-01
4.146463871002197266e-01 3.379316926002502441e-01
2.636300921440124512e-01 -2.434965372085571289e-01
-1.828144192695617676e-01 -3.518671393394470215e-01
1.720865368843078613e-01 3.484603762626647949e-01
-2.484581470489501953e-01 3.460808992385864258e-01
-2.229481339454650879e-01 -5.799973011016845703e-02
4.329526424407958984e-02 1.939293742179870605e-01
4.380716085433959961e-01 -2.491444349288940430e-02
-8.093076944351196289e-02 -3.227397203445434570e-01
-4.032078385353088379e-01 3.572092056274414062e-01
2.137392163276672363e-01 -2.110447287559509277e-01
3.886613845825195312e-01 1.750588417053222656e-04
-1.612269878387451172e-02 -5.628323554992675781e-02
-3.924127817153930664e-01 -4.370831847190856934e-01
-4.886382818222045898e-01 2.467383742332458496e-01
3.387548327445983887e-01 4.186140894889831543e-01
3.549001216888427734e-01 -1.904189586639404297e-01
-4.660040140151977539e-01 -3.728449344635009766e-03
-3.880506157875061035e-01 -1.640288233757019043e-01
3.862780332565307617e-01 1.154924631118774414e-01
-2.486225962638854980e-01 -3.824679255485534668e-01
-2.678436040878295898e-02 2.006610035896301270e-01
3.206271529197692871e-01 -4.829156398773193359e-02
4.204362630844116211e-02 1.950634717941284180e-01
-4.432322978973388672e-01 4.490916132926940918e-01
2.714761495590209961e-01 -3.587545156478881836e-01
-4.325401782989501953e-02 -3.952611684799194336e-01
4.624849557876586914e-01 2.566472887992858887e-01
-1.047206521034240723e-01 -4.790043830871582031e-01
3.487142324447631836e-01 -1.722881793975830078e-01
-1.222291588783264160e-01 -4.650843739509582520e-01
1.759992241859436035e-01 -4.101800322532653809e-01
-3.197284340858459473e-01 -1.697909235954284668e-01
-3.124077320098876953e-01 1.756427884101867676e-01
-4.976049661636352539e-01 2.736954689025878906e-01
-4.851535558700561523e-01 -4.821664094924926758e-02
-4.821106195449829102e-01 2.715790867805480957e-01
-1.496267914772033691e-01 1.727722287178039551e-01
-6.240022182464599609e-02 -2.750208973884582520e-01
1.836389303207397461e-01 -3.664162755012512207e-01
-3.071008324623107910e-01 5.771946907043457031e-02
4.235842823982238770e-01 5.880182981491088867e-02
-4.833250641822814941e-01 4.070444703102111816e-01
-1.489527225494384766e-01 -4.139854907989501953e-01
1.288610696792602539e-02 -4.188379645347595215e-01
-7.986021041870117188e-02 -3.607006072998046875e-01
-3.520222306251525879e-01 -1.408214569091796875e-01
2.453107237815856934e-01 -4.446893930435180664e-01
1.367152333259582520e-01 7.982003688812255859e-02
-2.416195869445800781e-01 -1.220709681510925293e-01
-2.287075519561767578e-01 -1.794671416282653809e-01
3.658896684646606445e-02 -4.676997661590576172e-01
2.999207973480224609e-01 -2.113733291625976562e-01
-6.166338920593261719e-02 2.156460285186767578e-02
3.712674379348754883e-01 -9.922182559967041016e-02
3.333484530448913574e-01 -3.894120454788208008e-02
-4.679585695266723633e-01 1.778177618980407715e-01
4.101922512054443359e-01 -6.638455390930175781e-02
1.460297703742980957e-01 -3.885245323181152344e-02
1.479136943817138672e-01 1.704375743865966797e-01
-4.395937323570251465e-01 3.680898547172546387e-01
1.264662146568298340e-01 -2.602041959762573242e-01
-9.295529127120971680e-02 2.416878342628479004e-01
-3.070840835571289062e-01 4.700379371643066406e-01
-1.419841051101684570e-01 -2.721267938613891602e-02
-1.254456043243408203e-01 -1.806799769401550293e-01
4.889878630638122559e-01 -2.328701019287109375e-01
1.587520241737365723e-01 -6.573444604873657227e-02
3.162713050842285156e-01 -1.495263576507568359e-01
3.012509942054748535e-01 -2.207933068275451660e-01
2.160284519195556641e-01 6.894207000732421875e-02
-1.840301156044006348e-01 -2.618706822395324707e-01
4.340990781784057617e-01 -2.006571888923645020e-01
2.335560917854309082e-01 -4.047191739082336426e-01
2.834736704826354980e-01 -2.993432283401489258e-01
2.434934377670288086e-01 -3.711470365524291992e-01
-4.238758683204650879e-01 -4.316660761833190918e-01
-3.806235194206237793e-01 -4.761275053024291992e-01
4.320545792579650879e-01 -4.492400288581848145e-01
2.701455950736999512e-01 -2.731801867485046387e-01
4.031452536582946777e-01 3.764113187789916992e-01
2.950232028961181641e-01 -4.274308681488037109e-03
-1.127270460128784180e-01 -4.758290052413940430e-01
-1.725413799285888672e-01 1.078300476074218750e-01
4.627200961112976074e-01 3.616706132888793945e-01
-2.023292779922485352e-01 -3.200383782386779785e-01
1.406505107879638672e-01 8.746415376663208008e-02
-2.359670400619506836e-01 1.902818083763122559e-01
-4.210077524185180664e-01 -6.749713420867919922e-02
-1.767258644104003906e-01 -4.088852405548095703e-01
-4.312734603881835938e-01 1.608603596687316895e-01
-4.323591589927673340e-01 4.574493765830993652e-01
4.009574651718139648e-01 1.721999049186706543e-01
-4.845843315124511719e-01 2.440180778503417969e-01
3.917595744132995605e-01 -9.276050329208374023e-02
2.173565030097961426e-01 1.018947362899780273e-01
-9.107661247253417969e-02 1.198053359985351562e-01
2.470857501029968262e-01 -1.707058548927307129e-01
5.686724185943603516e-02 1.267009973526000977e-01
1.836977005004882812e-01 -5.704653263092041016e-02
1.201423406600952148e-01 9.936869144439697266e-03
-4.497720599174499512e-01 1.280780434608459473e-01
-2.308930754661560059e-01 6.752049922943115234e-02
-4.165890216827392578e-01 -8.135980367660522461e-02
2.716091871261596680e-01 -1.981167793273925781e-01
2.795848846435546875e-01 -2.448424696922302246e-01
4.948741197586059570e-01 -1.163325905799865723e-01
-5.018496513366699219e-02 2.716529965400695801e-01
-5.875653028488159180e-02 -2.146990299224853516e-01
4.829993844032287598e-01 -8.044707775115966797e-02
2.415859103202819824e-01 -4.426511526107788086e-01
-7.731753587722778320e-02 3.468230366706848145e-01
-1.025288105010986328e-01 4.280075430870056152e-01
4.961085915565490723e-01 -1.647489070892333984e-01
-9.648406505584716797e-02 -2.268992662429809570e-01
-1.271691918373107910e-01 3.329737782478332520e-01
1.370569467544555664e-01 -4.329540729522705078e-01
3.494011759757995605e-01 -1.986997723579406738e-01
1.591470241546630859e-01 -2.163261175155639648e-02
3.862005472183227539e-02 -1.560751199722290039e-01
-3.292024135589599609e-03 -3.146004676818847656e-01
-6.242567300796508789e-02 -2.540653944015502930e-01
2.900951504707336426e-01 -3.761512041091918945e-01
1.733149290084838867e-01 -2.037423849105834961e-02
-1.655037999153137207e-01 6.092905998229980469e-02
9.218710660934448242e-02 -3.053784370422363281e-01
-2.953931689262390137e-01 -2.342206835746765137e-01
1.690950393676757812e-01 8.189940452575683594e-02
2.566609978675842285e-01 -4.141807556152343750e-01
1.872135996818542480e-01 1.362942457199096680e-01
2.090901136398315430e-01 -2.358474135398864746e-01
-3.827592730522155762e-01 -6.495118141174316406e-03
4.628950357437133789e-02 2.504169940948486328e-01
4.794797897338867188e-01 -2.372324466705322266e-01
4.361340999603271484e-01 -4.137911200523376465e-01
-4.321457147598266602e-01 -3.093838691711425781e-02
-2.215045094490051270e-01 -2.458090186119079590e-01
8.668649196624755859e-02 -4.810405969619750977e-01
2.449929714202880859e-03 1.295938491821289062e-01
-2.475303411483764648e-01 4.794905781745910645e-01
9.208691120147705078e-02 -1.946805715560913086e-01
1.182826161384582520e-01 -3.702259063720703125e-01
-3.841416239738464355e-01 -2.727627754211425781e-02
-1.145688295364379883e-01 1.551055312156677246e-01
4.558308720588684082e-01 -5.765855312347412109e-03
2.869231104850769043e-01 3.269914388656616211e-01
-1.135884523391723633e-01 4.612785577774047852e-02
-1.493602395057678223e-01 -4.029635787010192871e-01
-4.935171008110046387e-01 -2.425584793090820312e-01
3.842295408248901367e-01 -2.966627478599548340e-01
-1.226928234100341797e-01 -8.596235513687133789e-02
3.514240980148315430e-01 -1.832114458084106445e-01
5.574071407318115234e-02 3.401869535446166992e-02
1.855106949806213379e-01 -1.622170209884643555e-01
-7.372999191284179688e-02 2.943281531333923340e-01
-3.763437271118164062e-04 -3.305739164352416992e-02
-1.403566002845764160e-01 1.610600948333740234e-01
3.134983181953430176e-01 3.692984580993652344e-01
-9.932965040206909180e-02 -4.606233835220336914e-01
-4.689705371856689453e-01 -4.827845096588134766e-01
5.623704195022583008e-02 -2.402043342590332031e-02
1.198613643646240234e-02 4.969214200973510742e-01
3.405237197875976562e-01 -1.445472240447998047e-03
2.024011611938476562e-01 -7.047432661056518555e-02
9.082162380218505859e-02 2.689839005470275879e-01
-8.668607473373413086e-02 6.171655654907226562e-02
4.999691843986511230e-01 4.294991493225097656e-01
4.581339955329895020e-01 -2.162042260169982910e-01
-3.221954703330993652e-01 4.903671741485595703e-01
1.415211558341979980e-01 1.544556617736816406e-01
-4.345589280128479004e-01 4.961361289024353027e-01
2.521390914916992188e-01 -3.366224169731140137e-01
-1.087364554405212402e-01 3.427529335021972656e-02
-2.820963263511657715e-01 -1.125760674476623535e-01
5.876541137695312500e-03 4.473664164543151855e-01
-2.861797809600830078e-03 2.032597064971923828e-01
-9.041327238082885742e-02 -1.569482684135437012e-01
-4.094826579093933105e-01 1.873056888580322266e-01
-1.326950788497924805e-01 3.491568565368652344e-02
2.263853549957275391e-01 -1.004542112350463867e-01
2.261071205139160156e-01 1.923102140426635742e-02
9.423971176147460938e-02 4.378648400306701660e-01
-2.458476424217224121e-01 -1.674902439117431641e-02
-2.653321623802185059e-01 -3.594675064086914062e-01
1.371967196464538574e-01 -1.057136654853820801e-01
-5.201709270477294922e-02 -1.818627119064331055e-01
4.601933360099792480e-01 1.181741952896118164e-01
-2.679366469383239746e-01 4.644296765327453613e-01
2.097612619400024414e-02 4.095532894134521484e-01
4.361864924430847168e-01 -3.768380284309387207e-01
1.526153683662414551e-01 -1.388579607009887695e-01
6.671971082687377930e-02 4.430173635482788086e-01
2.678415775299072266e-01 -1.792319416999816895e-01
-2.871705293655395508e-01 -1.814628243446350098e-01
-1.102303266525268555e-01 -1.868242025375366211e-02
4.809130430221557617e-01 -4.244225025177001953e-01
1.330150365829467773e-01 -4.590928554534912109e-03
-1.385647058486938477e-02 -4.217230081558227539e-01
4.872102141380310059e-01 3.285448551177978516e-01
-1.378502845764160156e-01 -3.255530595779418945e-01
3.108323812484741211e-01 4.212835431098937988e-01
5.844432115554809570e-02 2.881408333778381348e-01
-3.162910938262939453e-01 4.480904340744018555e-01
-4.840515851974487305e-01 -4.125604629516601562e-01
2.701185345649719238e-01 3.875018954277038574e-01
2.581783533096313477e-01 2.356014847755432129e-01
-1.682543754577636719e-02 1.296808123588562012e-01
-1.214812397956848145e-01 -2.857182621955871582e-01
4.770148992538452148e-01 1.777569055557250977e-01
-2.860016822814941406e-01 4.792683720588684082e-01
-4.053597450256347656e-01 -3.810869455337524414e-01
9.284710884094238281e-02 -2.022345662117004395e-01
5.439978837966918945e-02 -3.287925124168395996e-01
-3.605321049690246582e-01 2.409219741821289062e-02
3.479691147804260254e-01 1.052491068840026855e-01
-3.886559605598449707e-01 2.766916155815124512e-01
-4.656906127929687500e-01 3.123335242271423340e-01
-2.114294767379760742e-01 3.267213702201843262e-01
-3.508654832839965820e-01 -4.488250613212585449e-01
1.645977497100830078e-01 -1.090675592422485352e-01
2.940446138381958008e-01 -4.771120548248291016e-01
2.198503017425537109e-01 2.003428339958190918e-01
-1.228352785110473633e-01 -3.243581652641296387e-01
4.844497442245483398e-01 1.576713323593139648e-01
3.895215988159179688e-01 4.263827800750732422e-01
-1.298984885215759277e-01 -2.416533231735229492e-01
8.748805522918701172e-02 -3.386753797531127930e-01
-1.723054647445678711e-01 -4.766464233398437500e-03
4.592465162277221680e-01 -3.823968768119812012e-01
-2.088147401809692383e-01 -4.610995650291442871e-01
-2.933210730552673340e-01 -2.817181348800659180e-01
-3.272382616996765137e-01 2.103433012962341309e-01
1.125484704971313477e-01 -1.233794689178466797e-01
4.526624679565429688e-01 2.798876166343688965e-01
1.120617389678955078e-01 -1.603864431381225586e-01
3.776567578315734863e-01 2.168546915054321289e-01
1.082277297973632812e-01 -1.991465687751770020e-01
-4.401690959930419922e-01 4.493256807327270508e-01
-2.171918749809265137e-01 2.137253284454345703e-01
4.315654635429382324e-01 6.499290466308593750e-04
2.835599184036254883e-01 -5.116665363311767578e-02
9.694808721542358398e-02 5.893170833587646484e-03
9.575700759887695312e-02 -9.330499172210693359e-02
-8.104282617568969727e-02 -4.656869173049926758e-02
-1.056577563285827637e-01 3.418740630149841309e-01
-1.899701952934265137e-01 3.515029549598693848e-01
2.649506926536560059e-01 -3.926370143890380859e-01
-2.881972789764404297e-01 6.774604320526123047e-02
-3.040796518325805664e-02 -4.748280644416809082e-01
4.439376592636108398e-01 2.275050878524780273e-01
3.841228485107421875e-01 1.349294185638427734e-01
4.627293944358825684e-01 -3.453563451766967773e-01
1.918771266937255859e-01 2.356839179992675781e-02
2.254080772399902344e-02 9.262925386428833008e-02
-4.139268994331359863e-01 5.028831958770751953e-02
-2.048608660697937012e-01 -2.630056738853454590e-01
3.462272882461547852e-01 1.503545045852661133e-02
2.777544260025024414e-01 4.226776957511901855e-01
1.417515873908996582e-01 -2.501798272132873535e-01
4.239681959152221680e-01 2.081642746925354004e-01
1.511501669883728027e-01 4.957851767539978027e-01
4.522036314010620117e-01 2.067096233367919922e-01
4.022445082664489746e-01 -4.975369572639465332e-01
6.029552221298217773e-02 4.776174426078796387e-01
-1.141400337219238281e-01 -9.253263473510742188e-02
-2.791662216186523438e-01 -2.462198138236999512e-01
-8.783620595932006836e-02 -4.819096326828002930e-01
6.803041696548461914e-02 3.678496479988098145e-01
1.144867539405822754e-01 4.529756307601928711e-01
4.030975699424743652e-01 -8.503973484039306641e-03
8.882635831832885742e-02 -3.841612339019775391e-01
3.917797803878784180e-01 2.430982589721679688e-01
-4.622580409049987793e-01 -3.621463179588317871e-01
1.149685978889465332e-01 -3.446896672248840332e-01
-5.491894483566284180e-02 2.015075087547302246e-01
-4.715841412544250488e-01 -2.902699112892150879e-01
1.905123591423034668e-01 3.226712346076965332e-01
-1.222414970397949219e-01 -7.203769683837890625e-02
-1.688365936279296875e-01 1.956141591072082520e-01
4.271619915962219238e-01 -1.511962413787841797e-01
3.508410453796386719e-01 -4.163424968719482422e-01
-7.305407524108886719e-02 3.537518382072448730e-01
2.565372586250305176e-01 -1.947304606437683105e-01
-2.810651659965515137e-01 1.290763020515441895e-01
1.246983408927917480e-01 -2.690860629081726074e-01
2.573673725128173828e-01 4.261190295219421387e-01
-1.903701424598693848e-01 2.931915521621704102e-01
-8.299624919891357422e-02 2.168773412704467773e-01
-4.708170294761657715e-01 -4.338036179542541504e-01
-1.823949813842773438e-01 -4.450561404228210449e-01
-3.960987925529479980e-01 1.447170972824096680e-01
-3.760767579078674316e-01 -1.321914792060852051e-01
1.122091412544250488e-01 4.619758129119873047e-01
-6.180542707443237305e-02 -3.624887466430664062e-01
2.676458358764648438e-01 -1.470427513122558594e-01
3.908131718635559082e-01 -1.285893917083740234e-01
3.042155504226684570e-01 -4.605277776718139648e-01
-4.109501838684082031e-03 -3.813341259956359863e-01
-4.141518473625183105e-01 -1.443554162979125977e-01
2.135478854179382324e-01 3.042120337486267090e-01
2.412056326866149902e-01 -2.008509635925292969e-02
2.963367700576782227e-01 -5.725920200347900391e-02
-4.699828028678894043e-01 4.779931902885437012e-01
2.889638543128967285e-01 -1.988214254379272461e-01
1.018829941749572754e-01 2.161824703216552734e-02
-4.970929026603698730e-01 -1.859228610992431641e-01
1.452126502990722656e-01 3.178358078002929688e-01
-4.344111680984497070e-02 1.543918251991271973e-01
3.647606968879699707e-01 6.653809547424316406e-02
-2.071555256843566895e-01 4.723365902900695801e-01
3.513408899307250977e-01 2.784714102745056152e-01
1.830005645751953125e-01 -2.536998987197875977e-01
-2.350879311561584473e-01 2.985855340957641602e-01
-2.703541517257690430e-02 -2.269470691680908203e-01
4.005885124206542969e-01 -9.092402458190917969e-02
1.966909766197204590e-01 2.423408627510070801e-01
3.458247780799865723e-01 2.735435962677001953e-01
-3.819672465324401855e-01 3.632193803787231445e-01
2.615396380424499512e-01 2.905004024505615234e-01
-7.151019573211669922e-02 3.980025649070739746e-01
1.130643486976623535e-01 -4.896960258483886719e-01
-1.908197999000549316e-01 3.654682040214538574e-01
4.492680430412292480e-01 3.306930065155029297e-01
-3.125849366188049316e-01 2.930172681808471680e-01
-4.189300537109375000e-02 7.827150821685791016e-02
1.343213319778442383e-01 3.150477409362792969e-01
-3.999156355857849121e-01 2.725766301155090332e-01
3.971967101097106934e-01 3.591027855873107910e-01
-3.103404641151428223e-01 3.685032129287719727e-01
-1.158857345581054688e-02 1.576626896858215332e-01
-2.401442527770996094e-01 3.057612776756286621e-01
3.047110438346862793e-01 -1.206396222114562988e-01
-9.859615564346313477e-02 -4.472238421440124512e-01
-9.350442886352539062e-02 2.223223447799682617e-02
-3.406095504760742188e-01 -7.664322853088378906e-03
1.337672472000122070e-01 3.042825460433959961e-01
-1.219878196716308594e-01 -3.361460566520690918e-01
-3.252422213554382324e-01 4.026401638984680176e-01
-7.392191886901855469e-02 3.359502553939819336e-01
-3.815770149230957031e-02 4.853007793426513672e-01
3.902298212051391602e-02 4.540916681289672852e-01
-3.226020932197570801e-01 1.011146306991577148e-01
2.417950630187988281e-01 3.234905600547790527e-01
-2.023508548736572266e-01 -3.545470237731933594e-01
2.518879771232604980e-01 3.432649970054626465e-01
5.708754062652587891e-02 -1.452065110206604004e-01
-2.145882248878479004e-01 4.465270042419433594e-01
-2.999652028083801270e-01 3.561723828315734863e-01
2.087849378585815430e-02 1.930053234100341797e-01
3.859648108482360840e-01 -3.374449014663696289e-01
-1.426898837089538574e-01 3.478711843490600586e-02
-3.248901963233947754e-01 2.794451117515563965e-01
-4.042432904243469238e-01 4.299432039260864258e-01
-1.669586300849914551e-01 -2.117639183998107910e-01
-3.249108791351318359e-03 -7.327079772949218750e-02
4.779304862022399902e-01 1.399893760681152344e-01
4.211848974227905273e-02 -1.160169839859008789e-01
-1.216930747032165527e-01 -2.434412240982055664e-01
1.693537831306457520e-01 1.724678277969360352e-02
3.657482266426086426e-01 -2.835022807121276855e-01
-4.251616001129150391e-01 -2.675850391387939453e-01
4.443684816360473633e-01 4.500358700752258301e-01
-7.994931936264038086e-02 -3.444603681564331055e-01
-2.547728419303894043e-01 -1.433154940605163574e-01
2.274097204208374023e-01 -2.806905508041381836e-01
-2.536661028861999512e-01 -3.432447910308837891e-01
1.386575698852539062e-01 2.407428622245788574e-01
1.700403094291687012e-01 -2.905880212783813477e-01
-1.488625407218933105e-01 -9.791094064712524414e-02
-6.610137224197387695e-02 4.027901291847229004e-01
-4.163942337036132812e-01 2.452009320259094238e-01
3.645293116569519043e-01 -3.790201544761657715e-01
2.886248826980590820e-01 -1.969427466392517090e-01
-7.991617918014526367e-02 4.805584549903869629e-01
-4.652786254882812500e-01 -5.788618326187133789e-02
-4.861927032470703125e-01 -3.460576534271240234e-01
2.409937977790832520e-01 3.803902864456176758e-02
-2.526318430900573730e-01 -4.226714968681335449e-01
-4.033397436141967773e-01 3.114120364189147949e-01
6.813210248947143555e-02 4.309914708137512207e-01
-3.508037328720092773e-01 2.983085513114929199e-01
-5.184847116470336914e-02 4.692187309265136719e-01
4.909399151802062988e-01 2.816173434257507324e-01
-4.742631912231445312e-01 4.920353889465332031e-01
3.067224025726318359e-01 -2.732491493225097656e-01
1.733527183532714844e-01 8.435148000717163086e-02
2.013396024703979492e-01 3.058326244354248047e-02
-4.203093647956848145e-01 3.471190929412841797e-01
-6.854861974716186523e-02 -3.152322173118591309e-01
-4.567465782165527344e-01 -5.749607086181640625e-02
-1.640122532844543457e-01 -5.683743953704833984e-02
-3.286879658699035645e-01 4.081456661224365234e-01
-4.502058029174804688e-01 1.308171153068542480e-01
9.977370500564575195e-02 -2.817844152450561523e-01
-3.149149417877197266e-01 2.623834013938903809e-01
-4.199472069740295410e-01 -3.018119931221008301e-01
1.559933423995971680e-01 -1.504052877426147461e-01
-3.656301498413085938e-01 1.797451376914978027e-01
2.157109975814819336e-02 1.901363730430603027e-01
4.474846124649047852e-01 4.443705677986145020e-01
4.713041186332702637e-01 2.265147566795349121e-01
-3.440710306167602539e-01 4.291164278984069824e-01
2.027000188827514648e-01 -3.020053505897521973e-01
-3.948473930358886719e-02 -4.486767649650573730e-01
3.360995650291442871e-01 -2.742951512336730957e-01
-1.088021397590637207e-01 2.394570112228393555e-01
3.196555376052856445e-01 -3.797907233238220215e-01
7.706242799758911133e-02 3.918360471725463867e-01
4.610993266105651855e-01 -2.760555744171142578e-01
-2.312573790550231934e-01 7.136720418930053711e-02
-1.374781131744384766e-02 4.046017527580261230e-01
3.100366592407226562e-01 2.176536321640014648e-01
-1.088944673538208008e-01 -6.622481346130371094e-02
2.370776534080505371e-01 -2.998345494270324707e-01
2.655505537986755371e-01 3.673970699310302734e-03
-3.030923604965209961e-01 -4.501860737800598145e-01
5.263280868530273438e-02 -1.590455770492553711e-01
-2.703173160552978516e-01 -4.170918464660644531e-02
2.163438796997070312e-01 2.216039299964904785e-01
-2.906609177589416504e-01 -2.650546431541442871e-01
1.212940216064453125e-01 1.929521560668945312e-01
-2.289140224456787109e-01 -1.069188117980957031e-03
-9.465813636779785156e-03 7.655316591262817383e-02
4.733963608741760254e-01 4.607887268066406250e-01
4.579508304595947266e-01 4.743909835815429688e-01
-3.260834217071533203e-01 3.291065096855163574e-01
2.068390250205993652e-01 -1.242071390151977539e-01
-2.062171697616577148e-01 -1.497539281845092773e-01
1.602115035057067871e-01 -1.694734096527099609e-01
1.784861087799072266e-01 3.282983899116516113e-01
4.868298768997192383e-01 -4.808843135833740234e-03
4.355671405792236328e-01 -2.561002373695373535e-01
3.997650146484375000e-01 3.400862216949462891e-02
3.528034687042236328e-02 -4.510349035263061523e-02
-3.878161311149597168e-01 1.908361315727233887e-01
-2.851513028144836426e-01 -2.011216282844543457e-01
4.078022837638854980e-01 -3.126606345176696777e-01
3.698577880859375000e-01 -3.643647432327270508e-01
2.078544497489929199e-01 -3.507351279258728027e-01
-9.756630659103393555e-02 -4.125322103500366211e-01
-3.698393106460571289e-01 -1.739413738250732422e-01
6.950443983078002930e-02 -3.367626667022705078e-02
3.644177913665771484e-01 1.296805739402770996e-01
-2.259186506271362305e-01 -4.748940467834472656e-01
2.798753976821899414e-02 -1.532086133956909180e-01
3.088102340698242188e-01 2.132381200790405273e-01
-4.901531338691711426e-01 -3.885063529014587402e-01
2.526234388351440430e-01 1.157709360122680664e-01
-4.751526713371276855e-01 2.685722112655639648e-01
3.785211443901062012e-01 -2.146649360656738281e-01
4.016031622886657715e-01 2.337253093719482422e-01
-2.663583159446716309e-01 3.000016212463378906e-01
3.438240885734558105e-01 -3.302788734436035156e-01
-3.828042149543762207e-01 4.466986656188964844e-01
1.693017482757568359e-01 -3.492986559867858887e-01
-1.732677817344665527e-01 1.988440155982971191e-01
4.754773378372192383e-01 -1.732261180877685547e-01
4.616022706031799316e-01 2.966699600219726562e-01
4.281637668609619141e-01 -2.541940808296203613e-01
2.711312770843505859e-01 1.163853406906127930e-01
-3.965941667556762695e-01 -1.398697495460510254e-01
-4.999794363975524902e-01 2.963763475418090820e-01
2.336275577545166016e-01 -4.415459632873535156e-01
-1.910733580589294434e-01 2.705910801887512207e-01
-5.349051952362060547e-02 -4.352378845214843750e-01
-4.587204456329345703e-01 3.983873724937438965e-01
4.224113225936889648e-01 1.001435518264770508e-02
-3.700912594795227051e-01 2.626235485076904297e-01
-1.705675125122070312e-01 2.274369001388549805e-01
4.287626147270202637e-01 6.927508115768432617e-02
2.423399686813354492e-01 -3.893643617630004883e-01
-2.292367815971374512e-01 3.198969960212707520e-01
1.413569450378417969e-01 -2.697799801826477051e-01
-2.042132616043090820e-02 -1.012842655181884766e-01
-4.418727755546569824e-01 2.994912862777709961e-01
-5.878829956054687500e-02 -3.392158150672912598e-01
2.871738076210021973e-01 4.904255867004394531e-01
-1.799475550651550293e-01 -3.314093351364135742e-01
-2.262816429138183594e-01 3.175337314605712891e-01
4.313723444938659668e-01 4.705240130424499512e-01
1.081157326698303223e-01 -4.378724098205566406e-01
4.226355552673339844e-01 4.733857512474060059e-01
-3.452842235565185547e-01 -4.373362660408020020e-01
4.382781386375427246e-01 2.059087157249450684e-01
-7.633614540100097656e-02 6.872308254241943359e-02
-3.466331958770751953e-02 2.827295064926147461e-01
-5.992865562438964844e-02 -4.625453352928161621e-01
-2.426987886428833008e-01 2.811005711555480957e-01
3.472577929496765137e-01 3.711708188056945801e-01
-1.659597754478454590e-01 1.274615526199340820e-01
-1.417268514633178711e-01 -4.859953522682189941e-01
4.846673011779785156e-01 -4.441162347793579102e-01
