-1.638875603675842285e-01 -4.989873766899108887e-01
4.394834041595458984e-01 -4.055206775665283203e-01
3.617925643920898438e-01 1.460641622543334961e-01
2.390523552894592285e-01 2.007538080215454102e-01
-3.433006405830383301e-01 -2.905002236366271973e-01
-4.562631845474243164e-01 7.557994127273559570e-02
9.951275587081909180e-02 4.534025788307189941e-01
9.155970811843872070e-02 6.828725337982177734e-03
-2.524280548095703125e-02 1.904666423797607422e-02
-1.844941973686218262e-01 -2.131999731063842773e-01
-2.511760592460632324e-01 -3.616334199905395508e-01
-2.186012268066406250e-02 -1.678669452667236328e-02
-2.311289310455322266e-02 3.292289376258850098e-01
-4.641802310943603516e-01 -3.223780393600463867e-01
-3.044383525848388672e-01 2.702318429946899414e-01
3.897058367729187012e-01 -4.845011234283447266e-01
-1.964954137802124023e-01 -6.311792135238647461e-02
-6.497681140899658203e-02 1.306055188179016113e-01
-6.052726507186889648e-02 9.374046325683593750e-02
-3.284327983856201172e-01 -1.958073973655700684e-01
2.252465486526489258e-01 -4.972996711730957031e-01
-7.972961664199829102e-02 1.632730960845947266e-01
-4.831441640853881836e-01 1.795774698257446289e-02
-1.449699997901916504e-01 4.135334491729736328e-02
2.968925237655639648e-02 -2.156847715377807617e-02
2.552267313003540039e-01 -3.519381284713745117e-01
-2.991080880165100098e-01 2.257996201515197754e-01
2.339774370193481445e-02 3.216302394866943359e-02
-4.632964134216308594e-01 -4.873620271682739258e-01
1.712717413902282715e-01 4.561316967010498047e-02
-1.581872701644897461e-01 -3.420054912567138672e-01
-1.371732354164123535e-01 4.081629514694213867e-01
1.021117568016052246e-01 4.886803627014160156e-01
-3.188109993934631348e-01 4.697593450546264648e-01
4.531498551368713379e-01 2.484402656555175781e-01
2.175752520561218262e-01 -1.306474804878234863e-01
3.781504631042480469e-01 -1.582374572753906250e-01
1.905989646911621094e-02 -2.330838441848754883e-01
-2.215644717216491699e-01 2.586292624473571777e-01
-3.246762752532958984e-01 7.466089725494384766e-02
1.025011539459228516e-01 4.050025939941406250e-01
4.265895485877990723e-01 -3.429560065269470215e-01
-4.204481840133666992e-01 3.450082540512084961e-01
-3.326928019523620605e-01 2.644181251525878906e-03
-1.022578477859497070e-01 1.611823439598083496e-01
3.373840451240539551e-01 -2.130628228187561035e-01
1.081386208534240723e-01 2.080428600311279297e-02
-8.832246065139770508e-02 -4.469532370567321777e-01
2.733677029609680176e-01 4.964383840560913086e-01
-3.113788962364196777e-01 3.719568252563476562e-03
-3.573632240295410156e-01 -3.346844911575317383e-01
-3.495772480964660645e-01 2.000257968902587891e-01
-9.141445159912109375e-03 4.567658305168151855e-01
2.708733081817626953e-03 -7.762670516967773438e-02
1.830684542655944824e-01 4.144726395606994629e-01
1.764093637466430664e-01 1.721189618110656738e-01
-1.307613849639892578e-01 -4.385671615600585938e-01
4.826565384864807129e-01 -3.124604821205139160e-01
9.774291515350341797e-02 -2.113123536109924316e-01
-3.324462175369262695e-01 -4.078040122985839844e-01
-1.298266053199768066e-01 -4.958251714706420898e-01
5.871224403381347656e-02 1.150511503219604492e-01
7.053464651107788086e-02 -1.038132905960083008e-01
-4.924360513687133789e-01 1.570798754692077637e-01
3.475712537765502930e-01 -9.997367858886718750e-02
-6.848537921905517578e-02 4.382508993148803711e-01
-1.413447260856628418e-01 1.059109568595886230e-01
1.729947924613952637e-01 1.291576623916625977e-01
-2.311816811561584473e-01 9.820574522018432617e-02
3.168541193008422852e-01 -1.724826693534851074e-01
2.231432199478149414e-01 2.081100344657897949e-01
3.850539326667785645e-01 3.897976279258728027e-01
2.797539234161376953e-01 -5.851078033447265625e-02
-3.714596629142761230e-01 -2.662950158119201660e-01
1.529964804649353027e-01 7.783383131027221680e-02
4.680065512657165527e-01 -1.078398823738098145e-01
1.026465892791748047e-01 3.600567579269409180e-01
-3.473067283630371094e-02 4.257939457893371582e-01
1.157243251800537109e-01 -4.424139857292175293e-01
3.187274336814880371e-01 1.803795099258422852e-01
-4.059346318244934082e-01 3.784868121147155762e-01
1.790875196456909180e-02 3.261438012123107910e-01
-4.282155036926269531e-01 -1.728315353393554688e-01
6.129032373428344727e-02 -1.055414676666259766e-01
-1.480371952056884766e-01 3.630300164222717285e-01
2.622336149215698242e-02 -1.010527610778808594e-01
4.332911372184753418e-01 9.468746185302734375e-02
-4.932692050933837891e-01 2.738106250762939453e-02
3.062736988067626953e-02 1.846494078636169434e-01
3.033162355422973633e-01 -4.346251487731933594e-03
-3.037316799163818359e-01 2.974289655685424805e-02
1.924301385879516602e-01 2.701924443244934082e-01
-6.081730127334594727e-02 4.225781559944152832e-01
6.866878271102905273e-02 -1.130474209785461426e-01
-6.855946779251098633e-02 6.214231252670288086e-02
-4.488407969474792480e-01 3.690608739852905273e-01
2.899659872055053711e-01 -3.197854161262512207e-01
-1.258564591407775879e-01 -6.491208076477050781e-02
2.992782592773437500e-01 -2.335062026977539062e-01
4.102086424827575684e-01 1.953526735305786133e-01
-2.492638826370239258e-01 -4.020799994468688965e-01
4.230886697769165039e-01 -4.564146995544433594e-01
4.117670655250549316e-01 2.549462914466857910e-01
-4.187526106834411621e-01 -2.667644619941711426e-01
-2.213258743286132812e-01 8.199900388717651367e-02
3.025732636451721191e-01 3.282753229141235352e-01
-2.125208973884582520e-01 1.838603615760803223e-01
2.812636494636535645e-01 -7.214057445526123047e-02
-3.405502438545227051e-01 1.086748838424682617e-01
2.425609827041625977e-01 -4.515164494514465332e-01
-1.527804136276245117e-02 3.188498616218566895e-01
2.361827492713928223e-01 -1.068324446678161621e-01
-3.782507777214050293e-01 8.035540580749511719e-03
3.049908876419067383e-01 -3.324609994888305664e-02
1.637493371963500977e-01 4.068360924720764160e-01
-2.401719689369201660e-01 -1.664556264877319336e-01
-4.686378836631774902e-01 -3.672160506248474121e-01
4.936899542808532715e-01 -2.316279411315917969e-01
-3.125582933425903320e-01 -3.466386795043945312e-01
2.012503147125244141e-02 -4.027359485626220703e-01
-3.452976942062377930e-01 -1.832301020622253418e-01
-1.259421110153198242e-01 -1.839984655380249023e-01
-3.117513656616210938e-02 -4.961476922035217285e-01
-2.549403905868530273e-02 -2.496819496154785156e-01
4.210061430931091309e-01 -1.104538440704345703e-01
1.610103249549865723e-01 -4.751269817352294922e-01
3.059884905815124512e-01 -3.397870659828186035e-01
3.548905253410339355e-01 2.712994813919067383e-02
3.713693618774414062e-01 4.078997969627380371e-01
-2.688614726066589355e-01 2.581933140754699707e-01
1.971042156219482422e-01 -4.807560443878173828e-01
3.469697237014770508e-01 1.565651297569274902e-01
1.416568160057067871e-01 2.174741029739379883e-01
-3.394395112991333008e-02 2.296186089515686035e-01
4.132296442985534668e-01 -1.071553230285644531e-01
4.098653197288513184e-01 4.001118540763854980e-01
4.260300397872924805e-01 -7.239264249801635742e-02
5.582112073898315430e-02 1.459903120994567871e-01
4.123733639717102051e-01 -4.492200016975402832e-01
-1.580572128295898438e-02 -1.237176656723022461e-01
-4.420388340950012207e-01 -4.544796347618103027e-01
-4.422239661216735840e-01 -2.797293663024902344e-02
-1.672467589378356934e-01 -4.113131761550903320e-02
-3.621830940246582031e-01 -9.118556976318359375e-02
-2.728467583656311035e-01 2.429938316345214844e-01
-1.874095797538757324e-01 -4.775078892707824707e-01
4.192681312561035156e-01 7.694828510284423828e-02
4.941647052764892578e-01 3.489766716957092285e-01
2.763779759407043457e-01 -4.327470660209655762e-01
-1.452925205230712891e-01 -5.741572380065917969e-02
2.790271043777465820e-01 -3.730301260948181152e-01
4.193542599678039551e-01 -4.485136270523071289e-01
-2.021203637123107910e-01 4.386717081069946289e-02
-4.842956662178039551e-01 4.482823014259338379e-01
2.240206599235534668e-01 -2.381321191787719727e-01
-4.135609269142150879e-01 3.572340011596679688e-01
1.822873950004577637e-01 -3.157737255096435547e-01
1.824250817298889160e-01 -2.477896809577941895e-01
-4.378791451454162598e-01 -3.755933642387390137e-01
2.199337482452392578e-01 2.114337682723999023e-01
4.595644474029541016e-01 6.174176931381225586e-02
-1.059651374816894531e-01 -4.089934229850769043e-01
-4.184131026268005371e-01 3.444301486015319824e-01
4.223794341087341309e-01 -1.703553199768066406e-01
-2.946710586547851562e-02 -3.883570432662963867e-01
-3.528755903244018555e-02 6.244105100631713867e-02
1.228421926498413086e-01 1.993293762207031250e-01
1.213700175285339355e-01 2.665656805038452148e-02
4.576201438903808594e-01 2.527287602424621582e-01
2.615956664085388184e-01 3.254812955856323242e-02
2.981841564178466797e-03 3.117771744728088379e-01
-2.705878019332885742e-01 4.466861486434936523e-01
5.598229169845581055e-02 -2.948794960975646973e-01
3.773353099822998047e-01 2.976256608963012695e-02
-1.731984019279479980e-01 -7.226502895355224609e-02
2.517585754394531250e-01 -1.385642290115356445e-01
-4.816411137580871582e-01 -5.446898937225341797e-02
-2.431200742721557617e-01 1.528817415237426758e-01
-3.622027635574340820e-01 -1.992552280426025391e-01
4.926363229751586914e-01 -4.502050876617431641e-01
-4.033307433128356934e-01 -3.684040307998657227e-01
2.817751765251159668e-01 1.438313126564025879e-01
1.226366162300109863e-01 3.433319926261901855e-01
2.717036008834838867e-02 -4.635272026062011719e-01
4.979035258293151855e-01 -2.900084257125854492e-01
2.530130743980407715e-01 1.876051425933837891e-01
-4.322842955589294434e-01 4.333742260932922363e-01
-4.882149696350097656e-01 -2.219702005386352539e-01
4.783351421356201172e-01 4.593628644943237305e-01
-2.952302098274230957e-01 3.967562317848205566e-01
4.799826145172119141e-01 1.937325000762939453e-01
4.236600995063781738e-01 4.022201895713806152e-01
-2.547824978828430176e-01 -4.245390892028808594e-01
-2.680013775825500488e-01 3.454266190528869629e-01
-3.907071352005004883e-01 3.955781459808349609e-02
7.937031984329223633e-02 4.130590558052062988e-01
-4.633432626724243164e-01 2.218115329742431641e-01
-7.111763954162597656e-02 4.990748763084411621e-01
-2.865052223205566406e-02 -2.427089810371398926e-01
6.118237972259521484e-03 -2.980198264122009277e-01
-3.146318197250366211e-01 -3.240800499916076660e-01
4.274249076843261719e-01 3.926493525505065918e-01
-4.122823476791381836e-02 -4.350319504737854004e-01
1.739754676818847656e-01 9.447652101516723633e-02
-2.978873252868652344e-01 1.314972043037414551e-01
3.960574269294738770e-01 -3.547739386558532715e-01
8.165591955184936523e-02 2.117264270782470703e-02
2.542265653610229492e-01 2.987694740295410156e-02
4.565477371215820312e-03 4.440925717353820801e-01
-3.010163903236389160e-01 -4.810893535614013672e-01
1.810535788536071777e-01 8.002102375030517578e-02
1.292669773101806641e-01 9.660601615905761719e-02
4.947076439857482910e-01 -1.236103177070617676e-01
-5.796813964843750000e-02 -4.170340299606323242e-02
9.620165824890136719e-02 -3.121023774147033691e-01
6.043738126754760742e-02 -2.261431217193603516e-01
-4.141260385513305664e-01 6.462246179580688477e-02
-9.841191768646240234e-02 -3.620109558105468750e-01
4.042739868164062500e-01 3.238177299499511719e-01
-1.006046533584594727e-01 -1.674997806549072266e-01
-1.823067069053649902e-01 -3.237261772155761719e-01
-5.851948261260986328e-02 -3.470192551612854004e-01
1.817476749420166016e-02 3.048136830329895020e-01
5.514729022979736328e-02 1.686245799064636230e-01
-4.887824654579162598e-01 4.933927655220031738e-01
-2.998279333114624023e-01 -1.541072726249694824e-01
-1.009456515312194824e-01 -1.937645673751831055e-01
-3.272336125373840332e-01 3.159562349319458008e-01
1.701764464378356934e-01 3.476872444152832031e-01
-3.680759668350219727e-02 -4.870414137840270996e-01
9.824472665786743164e-02 -3.546574115753173828e-01
-4.433850049972534180e-01 3.664370775222778320e-01
2.981337308883666992e-01 1.216679811477661133e-01
2.197163105010986328e-01 -2.463560700416564941e-01
2.154663205146789551e-01 9.917747974395751953e-02
-2.533295750617980957e-01 3.418240547180175781e-01
-4.094105958938598633e-01 -3.055283427238464355e-01
-2.602239847183227539e-01 -3.199116587638854980e-01
-8.227258920669555664e-02 4.862837195396423340e-01
-1.852476596832275391e-01 3.119468688964843750e-01
-1.733735203742980957e-01 -4.536783695220947266e-02
1.286448836326599121e-01 -2.627519965171813965e-01
3.343874812126159668e-01 1.741153597831726074e-01
-2.701784968376159668e-01 7.627338171005249023e-02
-4.998267292976379395e-01 3.612363338470458984e-02
3.914182186126708984e-01 -2.386515736579895020e-01
-2.004988789558410645e-01 2.403448224067687988e-01
-3.093769550323486328e-01 -1.702504754066467285e-01
4.630601406097412109e-01 -9.223157167434692383e-02
2.500630617141723633e-01 -4.315776228904724121e-01
-8.022612333297729492e-02 3.789262175559997559e-01
-9.568804502487182617e-02 1.165894865989685059e-01
2.540355324745178223e-01 -2.727298736572265625e-01
-1.855158805847167969e-02 -4.271336197853088379e-01
4.169990420341491699e-01 -7.704323530197143555e-02
3.998042941093444824e-01 -6.427854299545288086e-02
2.190155982971191406e-01 3.936713933944702148e-01
4.547903537750244141e-01 3.306279182434082031e-01
4.870213270187377930e-01 -1.324906945228576660e-01
3.567145466804504395e-01 -1.389728784561157227e-01
-2.256465554237365723e-01 -1.773834824562072754e-01
-2.743536829948425293e-01 -3.007528185844421387e-01
5.612260103225708008e-02 1.888542771339416504e-01
-4.852485656738281250e-02 -4.661155343055725098e-01
1.722785234451293945e-01 -1.057593822479248047e-01
2.442722320556640625e-01 2.817356586456298828e-02
4.774436354637145996e-01 4.911698698997497559e-01
-1.174395680427551270e-01 4.936793446540832520e-01
4.290819168090820312e-02 -3.596781492233276367e-01
1.751943230628967285e-01 1.493953466415405273e-01
2.742407917976379395e-01 1.912013292312622070e-01
-3.615202307701110840e-01 4.248670935630798340e-01
-2.031539678573608398e-01 -1.989659667015075684e-01
-6.740313768386840820e-02 1.749231815338134766e-01
2.008374929428100586e-01 -2.443727850914001465e-01
8.800804615020751953e-03 -2.618437409400939941e-01
1.490169763565063477e-02 -3.225652575492858887e-01
-4.282168149948120117e-01 3.330723643302917480e-01
-4.724152088165283203e-01 1.859147548675537109e-01
-2.613187432289123535e-01 -3.190557360649108887e-01
2.638705968856811523e-01 -4.511524438858032227e-01
3.441342115402221680e-01 -3.359981179237365723e-01
2.707365751266479492e-01 -4.429852366447448730e-01
-1.887539625167846680e-01 4.972999691963195801e-01
-7.097005844116210938e-02 2.774211168289184570e-01
5.779266357421875000e-03 2.555797696113586426e-01
4.247963428497314453e-03 4.920887351036071777e-01
2.115990519523620605e-01 4.654311537742614746e-01
1.146796345710754395e-01 -2.906113266944885254e-01
-3.625062108039855957e-01 2.211384773254394531e-01
-1.209100484848022461e-01 -4.382149577140808105e-01
-4.461224079132080078e-01 7.067620754241943359e-03
-2.377161383628845215e-01 3.569502234458923340e-01
-2.410939931869506836e-01 2.277368307113647461e-01
-1.578426957130432129e-01 1.115986108779907227e-01
7.974338531494140625e-02 -1.834312081336975098e-01
2.902144789695739746e-01 -3.257632851600646973e-01
-3.323115110397338867e-01 -3.514858484268188477e-01
-3.880480527877807617e-01 -3.720551729202270508e-02
-1.964744329452514648e-01 -2.489274740219116211e-01
-4.634213447570800781e-01 -1.305723190307617188e-01
-3.716266751289367676e-01 3.588215708732604980e-01
2.750766277313232422e-02 9.247720241546630859e-02
4.429599642753601074e-01 -1.301738619804382324e-01
3.070498108863830566e-01 4.973185062408447266e-01
-3.363202214241027832e-01 -8.323699235916137695e-02
-8.070629835128784180e-02 2.595230340957641602e-01
3.533033728599548340e-01 -2.951642274856567383e-01
-6.604748964309692383e-02 -3.443553447723388672e-01
2.709634304046630859e-01 -3.118474483489990234e-01
1.741656064987182617e-01 4.600169062614440918e-01
-2.302789092063903809e-01 3.078509569168090820e-01
2.048349976539611816e-01 -4.059502482414245605e-01
1.139817237854003906e-01 -4.466461539268493652e-01
4.099038243293762207e-01 -1.379179954528808594e-02
4.344220757484436035e-01 -3.650553226470947266e-01
-2.222361564636230469e-01 4.297012686729431152e-01
-3.192514181137084961e-01 -3.465808629989624023e-01
-3.344081044197082520e-01 2.192965149879455566e-01
-4.864103198051452637e-01 -1.287953257560729980e-01
-4.500387907028198242e-01 4.455077648162841797e-02
-1.296599507331848145e-01 2.565522193908691406e-01
-3.281247019767761230e-01 2.755329608917236328e-01
2.412576675415039062e-01 1.714800000190734863e-01
-2.425533533096313477e-01 1.319974660873413086e-02
-1.104900836944580078e-01 4.708480834960937500e-01
-4.420188665390014648e-01 -7.480025291442871094e-03
-4.923092722892761230e-01 1.903616786003112793e-01
3.578066825866699219e-01 -1.601364612579345703e-01
-6.406962871551513672e-02 3.939546942710876465e-01
4.716175198554992676e-01 -3.457115292549133301e-01
-3.487777113914489746e-01 -3.617538809776306152e-01
-4.159771800041198730e-01 -1.277205944061279297e-01
-7.035166025161743164e-02 -3.433335423469543457e-01
-2.400507926940917969e-01 3.857831954956054688e-01
-4.885690808296203613e-01 3.472445607185363770e-01
-3.245429992675781250e-01 -1.094222068786621094e-03
-4.095492959022521973e-01 3.169360160827636719e-01
3.955532908439636230e-01 3.000406622886657715e-01
4.521266818046569824e-01 -8.647269010543823242e-02
3.913201689720153809e-01 -1.439478993415832520e-01
4.056386351585388184e-01 4.177612662315368652e-01
-3.803922533988952637e-01 1.929917335510253906e-01
2.414990663528442383e-01 -3.828761577606201172e-01
-1.971930265426635742e-02 3.938781619071960449e-01
-1.273572444915771484e-02 -1.894825696945190430e-02
-3.413724899291992188e-01 2.423130869865417480e-01
-2.014290690422058105e-01 1.841438412666320801e-01
1.642569303512573242e-01 8.948630094528198242e-02
-1.700915694236755371e-01 3.447394371032714844e-01
-1.752368211746215820e-01 2.563276886940002441e-01
-3.547059893608093262e-01 -2.294961810111999512e-01
-1.228575110435485840e-01 -1.011586189270019531e-02
-2.486780881881713867e-01 -4.335096478462219238e-01
-2.677708268165588379e-01 -4.505079984664916992e-01
-1.037639975547790527e-01 3.768100738525390625e-01
2.742813229560852051e-01 -3.726433515548706055e-01
-2.575037479400634766e-01 7.599699497222900391e-02
-3.763564229011535645e-01 3.765038251876831055e-01
-1.176992058753967285e-01 5.421489477157592773e-02
-2.506208419799804688e-02 -2.056371569633483887e-01
-3.307303190231323242e-01 -1.494591832160949707e-01
-1.758457422256469727e-01 5.766052007675170898e-02
-1.065930128097534180e-01 4.382329583168029785e-01
-4.206657409667968750e-01 -2.067588567733764648e-01
2.925081849098205566e-01 6.726342439651489258e-02
-4.549555182456970215e-01 -1.941074132919311523e-01
8.673864603042602539e-02 4.529480934143066406e-01
2.165794968605041504e-01 -9.081208705902099609e-02
-4.096449017524719238e-01 3.509973287582397461e-01
-3.237974643707275391e-01 -1.546311378479003906e-02
-4.845089912414550781e-01 2.430389523506164551e-01
3.654752969741821289e-01 1.956718564033508301e-01
-1.631932854652404785e-01 8.429819345474243164e-02
4.134536385536193848e-01 -1.577137708663940430e-01
-7.763612270355224609e-02 2.155480384826660156e-01
-2.288606166839599609e-01 -4.028936624526977539e-01
4.619038701057434082e-01 2.385452985763549805e-01
9.114068746566772461e-02 1.930206418037414551e-01
4.231328964233398438e-01 3.012517690658569336e-01
-2.305512428283691406e-01 -4.389560222625732422e-01
7.406353950500488281e-03 -4.006468057632446289e-01
4.691982269287109375e-01 -1.694039106369018555e-01
7.820576429367065430e-02 4.365802407264709473e-01
4.016972184181213379e-01 -1.459255218505859375e-01
4.306818246841430664e-01 4.008274078369140625e-01
-1.638050675392150879e-01 2.630846500396728516e-01
-2.595170140266418457e-01 1.165198087692260742e-01
-2.631950378417968750e-01 -4.393567442893981934e-01
-2.563582062721252441e-01 1.243871450424194336e-02
-1.816015243530273438e-01 -2.938476204872131348e-01
1.072736382484436035e-01 -1.861751079559326172e-03
2.324646711349487305e-02 -4.927756786346435547e-01
-4.226298332214355469e-01 4.765183925628662109e-01
-1.657605171203613281e-03 1.495832204818725586e-02
-2.090709805488586426e-01 3.079383969306945801e-01
-1.441091895103454590e-01 4.719160199165344238e-01
-2.004728913307189941e-01 -1.006569266319274902e-01
8.620738983154296875e-03 -1.548397541046142578e-02
1.373934745788574219e-02 1.847138404846191406e-01
3.017627000808715820e-01 1.365206837654113770e-01
3.176422715187072754e-01 -4.688185453414916992e-02
-9.764719009399414062e-02 1.972044706344604492e-01
3.592869043350219727e-01 -2.796251773834228516e-01
-2.235740423202514648e-02 -4.218017458915710449e-01
-2.287232279777526855e-01 4.743616580963134766e-01
-3.763172626495361328e-01 1.380237340927124023e-01
1.639815568923950195e-01 -1.011367440223693848e-01
-2.913535833358764648e-01 1.151487231254577637e-01
-2.099957466125488281e-01 -1.388109326362609863e-01
1.945349574089050293e-01 1.837034821510314941e-01
-1.475449800491333008e-01 -2.352450489997863770e-01
3.917227983474731445e-01 -1.703056693077087402e-01
-4.271101951599121094e-02 -2.113631963729858398e-01
3.496771454811096191e-01 2.175631523132324219e-01
2.920331954956054688e-01 3.443104028701782227e-02
1.490040421485900879e-01 -8.611369132995605469e-02
-9.316182136535644531e-02 4.376252293586730957e-01
1.607440710067749023e-01 -9.915971755981445312e-02
-4.411389231681823730e-01 3.761873245239257812e-01
2.216508388519287109e-01 -3.027054667472839355e-01
-1.115260124206542969e-01 -4.347514510154724121e-01
7.160031795501708984e-02 -3.827118277549743652e-01
-2.209680080413818359e-01 -8.112376928329467773e-02
-2.565934062004089355e-01 -2.870727777481079102e-01
3.342343568801879883e-01 4.624785780906677246e-01
9.921985864639282227e-02 9.372234344482421875e-04
3.223578333854675293e-01 -9.426468610763549805e-02
3.148165345191955566e-01 -4.650412797927856445e-01
4.638792276382446289e-01 4.981220364570617676e-01
3.470563292503356934e-01 -2.102198600769042969e-01
4.126498699188232422e-01 3.488847613334655762e-01
-1.173216104507446289e-01 1.071511507034301758e-01
4.072870016098022461e-01 1.741850376129150391e-02
4.348142743110656738e-01 1.179124116897583008e-01
1.093348860740661621e-01 2.629100680351257324e-01
4.888085722923278809e-01 2.431270480155944824e-01
-9.220367670059204102e-02 -2.851526141166687012e-01
-2.008546590805053711e-01 1.671370863914489746e-01
3.802742958068847656e-01 -5.488824844360351562e-02
1.382000446319580078e-01 -4.270967841148376465e-01
-8.070427179336547852e-02 -1.627587080001831055e-01
-3.545899391174316406e-01 1.877049207687377930e-01
4.980165958404541016e-01 -8.395564556121826172e-02
-3.979880213737487793e-01 -2.214610576629638672e-03
-1.203852295875549316e-01 -4.239835739135742188e-01
-1.847616434097290039e-01 1.739748716354370117e-01
-1.118838787078857422e-01 4.694789648056030273e-01
3.627679347991943359e-01 -1.411778330802917480e-01
-1.408643722534179688e-01 2.811304330825805664e-01
3.122296929359436035e-01 4.762603044509887695e-01
2.759265899658203125e-01 -7.359182834625244141e-02
-3.181998729705810547e-01 4.848812818527221680e-01
-1.997793912887573242e-01 9.178817272186279297e-02
-2.215924263000488281e-01 2.067584991455078125e-01
3.496791720390319824e-01 2.269775867462158203e-01
3.522415161132812500e-01 -1.311467885971069336e-01
5.780267715454101562e-02 2.844125032424926758e-01
-3.966087102890014648e-01 -2.256793379783630371e-01
2.265803217887878418e-01 2.108289003372192383e-01
3.169319629669189453e-01 1.913819909095764160e-01
-2.060809731483459473e-01 -6.675207614898681641e-02
-4.757353663444519043e-01 -2.611629366874694824e-01
3.950852155685424805e-01 1.867564320564270020e-01
-3.404898643493652344e-01 -4.311579465866088867e-02
4.133908152580261230e-01 -8.123743534088134766e-02
-3.521815538406372070e-01 -3.476173877716064453e-01
5.518233776092529297e-02 -1.017292737960815430e-01
-9.250944852828979492e-02 2.094429731369018555e-02
3.508439064025878906e-01 1.828280091285705566e-01
-2.876685261726379395e-01 -2.640123367309570312e-01
3.530228734016418457e-01 1.615941524505615234e-03
4.050748944282531738e-01 1.244993209838867188e-01
4.592982530593872070e-01 -3.312453031539916992e-01
-3.266473412513732910e-01 2.198511958122253418e-01
-3.820803761482238770e-01 -3.505535721778869629e-01
2.036054134368896484e-01 -2.909851074218750000e-02
3.544014692306518555e-02 -3.198485970497131348e-01
-2.060387134552001953e-01 2.502207159996032715e-01
3.601908683776855469e-01 -2.556346654891967773e-01
3.126732707023620605e-01 4.939860105514526367e-02
-3.240591287612915039e-02 -2.621744275093078613e-01
-1.123163104057312012e-01 3.316774368286132812e-01
2.278818488121032715e-01 -3.330063223838806152e-01
3.221417665481567383e-01 2.630438804626464844e-01
-1.477313041687011719e-02 -4.700732231140136719e-01
-4.214411377906799316e-01 -4.423888325691223145e-01
4.194844961166381836e-01 3.806562423706054688e-01
-6.015288829803466797e-02 -2.220060825347900391e-01
-3.209553956985473633e-01 1.614227890968322754e-01
1.431605815887451172e-01 3.096837401390075684e-01
-3.224269151687622070e-01 -1.819915175437927246e-01
3.806042671203613281e-02 2.561292052268981934e-01
-2.735176682472229004e-01 2.214959859848022461e-01
-1.270410418510437012e-01 -1.007053256034851074e-01
-4.402337074279785156e-01 -2.350454330444335938e-01
2.484727501869201660e-01 2.982583642005920410e-01
1.878819465637207031e-01 4.199225306510925293e-01
4.971596002578735352e-01 2.832232117652893066e-01
-4.336740374565124512e-01 -3.707438111305236816e-01
-3.116170167922973633e-01 -3.812915682792663574e-01
-1.695040464401245117e-01 4.695525169372558594e-01
1.648878455162048340e-01 3.762590885162353516e-02
9.924757480621337891e-02 4.832796454429626465e-01
-4.915650486946105957e-01 6.479620933532714844e-03
3.062771558761596680e-01 -3.296486139297485352e-01
8.606469631195068359e-02 4.846751689910888672e-03
-1.404771208763122559e-01 4.650720357894897461e-01
7.497680187225341797e-02 1.515827775001525879e-01
4.109334945678710938e-02 3.275057673454284668e-01
-2.035260200500488281e-01 -3.642465472221374512e-01
-1.663175225257873535e-01 2.499113082885742188e-01
-4.264686107635498047e-01 -2.861980795860290527e-01
-3.333188295364379883e-01 1.143355369567871094e-01
3.689190149307250977e-01 -1.976885199546813965e-01
-3.933339118957519531e-01 -2.569419741630554199e-01
2.145451307296752930e-01 3.284060955047607422e-02
-1.807705163955688477e-01 2.333042025566101074e-01
6.055676937103271484e-02 2.456312179565429688e-01
4.535508155822753906e-02 -2.842170000076293945e-02
-3.356174230575561523e-01 -1.752936840057373047e-02
1.797908544540405273e-01 1.388441920280456543e-01
2.536121010780334473e-01 -1.555743813514709473e-01
-3.334581851959228516e-03 -2.883512377738952637e-01
-1.990029811859130859e-01 6.722307205200195312e-02
-8.967441320419311523e-02 3.750827312469482422e-01
-3.697608709335327148e-01 -4.261305332183837891e-01
-2.656235694885253906e-01 3.957175612449645996e-01
1.107391119003295898e-01 2.058938145637512207e-01
1.129312515258789062e-01 4.805055856704711914e-01
3.193372488021850586e-02 -2.376540303230285645e-01
-2.514076232910156250e-02 4.279741644859313965e-01
-2.366102933883666992e-01 -1.548991203308105469e-01
2.109668254852294922e-01 3.277190327644348145e-01
-6.542384624481201172e-03 -1.524396538734436035e-01
-4.523286819458007812e-01 -1.590802073478698730e-01
-9.119760990142822266e-02 -4.045655727386474609e-01
3.233312368392944336e-01 -2.875472307205200195e-01
-3.880446553230285645e-01 -4.325823783874511719e-01
-3.680508732795715332e-01 -3.575201630592346191e-01
4.298213124275207520e-01 2.492144107818603516e-01
-3.664046525955200195e-01 4.501879215240478516e-03
4.509564042091369629e-01 3.388572335243225098e-01
-3.207728266716003418e-01 -4.414199590682983398e-01
4.330745935440063477e-01 2.696157097816467285e-01
-1.702809333801269531e-01 -2.395110726356506348e-01
3.573960065841674805e-01 2.443605661392211914e-01
-3.678154349327087402e-01 1.110577583312988281e-01
2.741446495056152344e-01 -4.405546784400939941e-01
4.040259122848510742e-02 -2.693958282470703125e-01
-4.068001508712768555e-01 -4.379374980926513672e-01
-2.991505265235900879e-01 -9.907257556915283203e-02
1.180316805839538574e-01 -4.326382279396057129e-01
-7.594633102416992188e-02 -4.981863498687744141e-02
-1.874510049819946289e-01 2.603318691253662109e-01
9.787034988403320312e-02 6.913673877716064453e-02
3.713982701301574707e-01 -8.819890022277832031e-02
-3.905756473541259766e-01 4.404112100601196289e-01
3.334704637527465820e-01 -4.377999901771545410e-01
4.074919223785400391e-01 7.002627849578857422e-02
3.826224207878112793e-01 2.683316469192504883e-01
-3.339391350746154785e-01 -8.621835708618164062e-02
1.754922866821289062e-01 2.555884122848510742e-01
-4.428507685661315918e-01 2.932901978492736816e-01
3.118534684181213379e-01 4.995310902595520020e-01
-1.236070990562438965e-01 1.234273910522460938e-01
-1.705114841461181641e-01 -3.273870944976806641e-01
-2.222896814346313477e-01 -2.272007465362548828e-01
4.806802868843078613e-01 -1.503658890724182129e-01
-3.481447696685791016e-01 -4.971677064895629883e-02
-4.626576304435729980e-01 4.345493316650390625e-01
1.144479513168334961e-01 3.081597685813903809e-01
3.302145004272460938e-02 1.885085105895996094e-01
-2.893275022506713867e-01 4.376509189605712891e-01
8.233082294464111328e-02 1.208038926124572754e-01
2.666329145431518555e-01 2.331659793853759766e-01
3.581112623214721680e-01 -1.427010893821716309e-01
-3.859486579895019531e-01 3.096757531166076660e-01
-4.612792730331420898e-01 6.625884771347045898e-02
3.482294082641601562e-02 -3.346536159515380859e-01
-1.345843672752380371e-01 -3.198041319847106934e-01
-1.451030373573303223e-01 -4.174448251724243164e-01
-1.821748018264770508e-01 3.119458556175231934e-01
2.734082937240600586e-02 -4.861521720886230469e-02
4.301171302795410156e-01 4.780822992324829102e-01
-2.658941745758056641e-01 -3.413126468658447266e-01
-3.292262554168701172e-03 1.250539422035217285e-01
4.383963942527770996e-01 -3.471618890762329102e-01
-2.927445173263549805e-01 -1.026574373245239258e-01
2.022334337234497070e-01 -4.750412702560424805e-02
-4.936379194259643555e-02 -2.943528294563293457e-01
-1.503074169158935547e-01 -4.252028465270996094e-01
-1.213994622230529785e-01 -4.030268788337707520e-01
1.370298266410827637e-01 -1.747303605079650879e-01
-4.777402877807617188e-01 4.307418465614318848e-01
4.631010890007019043e-01 -2.411508560180664062e-02
-2.116208076477050781e-01 9.414976835250854492e-02
-4.000203609466552734e-01 3.438302278518676758e-01
2.374733090400695801e-01 -6.480592489242553711e-02
-3.682769536972045898e-01 -3.075081706047058105e-01
3.976067304611206055e-01 -2.507275342941284180e-02
4.430578351020812988e-01 2.695683836936950684e-01
4.304764270782470703e-01 1.693696975708007812e-01
-1.019327640533447266e-01 2.197183370590209961e-01
2.229626178741455078e-01 -4.654936790466308594e-01
-4.680610895156860352e-01 -4.725447297096252441e-01
2.691466212272644043e-01 -4.342790842056274414e-01
-9.693336486816406250e-02 -5.945801734924316406e-03
8.818405866622924805e-02 3.256934881210327148e-01
1.676691770553588867e-01 -6.363981962203979492e-02
5.380958318710327148e-02 -7.782220840454101562e-02
-4.110221862792968750e-01 -3.212923407554626465e-01
-1.806628704071044922e-01 -4.467862248420715332e-01
-7.108741998672485352e-02 5.390375852584838867e-02
-2.973348498344421387e-01 1.135177612304687500e-01
-1.931915283203125000e-01 -1.122913360595703125e-01
9.539288282394409180e-02 -1.410301327705383301e-01
3.487219214439392090e-01 -2.070162892341613770e-01
-1.006477475166320801e-01 -4.883897900581359863e-01
6.248450279235839844e-02 -4.003433585166931152e-01
1.619800925254821777e-01 4.470829963684082031e-01
-1.968206167221069336e-01 -6.979048252105712891e-03
4.586387276649475098e-01 -2.300840020179748535e-01
3.920112252235412598e-01 1.337171196937561035e-01
1.307529211044311523e-02 -5.692780017852783203e-02
7.848459482192993164e-02 1.922732591629028320e-01
1.557351350784301758e-01 5.207723379135131836e-02
-5.137896537780761719e-02 -4.526537656784057617e-02
-2.270703911781311035e-01 -2.402882575988769531e-01
4.610970020294189453e-01 4.009072780609130859e-01
-7.095181941986083984e-02 -6.159126758575439453e-03
-2.867547273635864258e-01 1.556848287582397461e-01
-1.067836880683898926e-01 4.602810144424438477e-01
3.618665337562561035e-01 1.727957725524902344e-01
-1.375464797019958496e-01 3.719962835311889648e-01
4.471573233604431152e-01 7.208257913589477539e-02
-6.339722871780395508e-02 1.016745567321777344e-01
-2.368255257606506348e-01 2.437006831169128418e-01
-1.754171848297119141e-01 2.984557151794433594e-01
2.728005051612854004e-01 1.885253787040710449e-01
-2.415980100631713867e-01 -6.356012821197509766e-02
-3.150174021720886230e-01 -4.509932398796081543e-01
4.851209521293640137e-01 -8.910328149795532227e-02
-1.429220438003540039e-01 -2.734392881393432617e-01
1.199853420257568359e-01 -2.877858281135559082e-01
-1.921530365943908691e-01 2.474844455718994141e-03
1.999312639236450195e-02 -1.415769457817077637e-01
-2.011635303497314453e-01 -3.281050324440002441e-01
-4.725869297981262207e-01 9.323722124099731445e-02
-2.642532587051391602e-01 -1.183386445045471191e-01
-3.194379210472106934e-01 1.422399282455444336e-02
-3.906445503234863281e-01 -2.781736254692077637e-01
-2.981367707252502441e-01 4.579340219497680664e-01
2.953124642372131348e-01 -2.701049447059631348e-01
3.700273036956787109e-01 1.994584202766418457e-01
2.943694591522216797e-02 -3.245508670806884766e-02
3.485566377639770508e-01 -2.208226323127746582e-01
4.374547004699707031e-01 -2.252686023712158203e-02
4.492452740669250488e-01 -4.145736098289489746e-01
4.443888664245605469e-01 1.822947263717651367e-01
1.599899530410766602e-01 4.932681918144226074e-01
-8.733397722244262695e-02 -1.313720941543579102e-01
1.956212520599365234e-02 -4.068022966384887695e-01
3.600145578384399414e-01 -2.048135399818420410e-01
-7.941782474517822266e-03 3.471904993057250977e-02
-6.883889436721801758e-02 -1.979330182075500488e-01
3.555498719215393066e-01 -4.480198621749877930e-01
-2.181705832481384277e-01 -1.428943872451782227e-02
-3.237532973289489746e-01 1.026443839073181152e-01
4.413483738899230957e-01 -4.696494340896606445e-01
2.970409989356994629e-01 -1.736953854560852051e-01
-1.111914515495300293e-01 2.630147337913513184e-01
1.483129262924194336e-01 3.040332198143005371e-01
3.887166380882263184e-01 -4.330765604972839355e-01
4.977614283561706543e-01 -4.560434818267822266e-02
-3.234559893608093262e-01 2.011089920997619629e-01
-9.839904308319091797e-02 -4.516264200210571289e-01
3.435933589935302734e-01 4.383397102355957031e-01
1.763880252838134766e-02 -3.408521413803100586e-01
-5.656218528747558594e-02 1.891028285026550293e-01
-1.809163689613342285e-01 -1.797282695770263672e-01
-3.109700679779052734e-01 2.531242370605468750e-01
-1.580370068550109863e-01 -1.902313828468322754e-01
2.903380393981933594e-01 4.511780142784118652e-01
-4.101187586784362793e-01 -2.165179848670959473e-01
-2.609016895294189453e-01 -3.228908777236938477e-01
3.500938415527343750e-03 4.262721538543701172e-02
-2.758867144584655762e-01 -1.308220624923706055e-02
2.793908119201660156e-01 3.343045115470886230e-01
1.859681010246276855e-01 2.061462402343750000e-02
-4.233050346374511719e-01 -4.183630943298339844e-01
-2.219408154487609863e-01 -2.808725237846374512e-01
2.087275385856628418e-01 2.520452737808227539e-01
6.785035133361816406e-03 4.184368848800659180e-01
2.944206595420837402e-01 3.785484433174133301e-01
-3.408223390579223633e-01 -6.524032354354858398e-02
2.343110442161560059e-01 -4.800170660018920898e-02
6.739896535873413086e-02 2.217473983764648438e-01
-3.551577329635620117e-01 -2.592834234237670898e-01
-4.505712985992431641e-01 4.331980943679809570e-01
-1.985688209533691406e-01 -3.340122103691101074e-01
-2.223261594772338867e-01 3.375412821769714355e-01
-4.161428213119506836e-01 2.119455337524414062e-01
3.908663988113403320e-02 1.006587743759155273e-01
-2.819305658340454102e-01 1.213294267654418945e-01
-4.583609700202941895e-01 -3.562118411064147949e-01
-7.709360122680664062e-02 1.348555088043212891e-01
2.723294496536254883e-01 -1.168735623359680176e-01
-2.933181524276733398e-01 -1.285042166709899902e-01
-3.046555519104003906e-01 -1.879208683967590332e-01
-1.366919279098510742e-02 -2.434663772583007812e-01
2.116491794586181641e-01 4.884797334671020508e-01
1.875678896903991699e-01 3.894191980361938477e-02
-6.976938247680664062e-02 -1.301169395446777344e-04
-4.900264143943786621e-01 -3.037306070327758789e-01
-8.356875181198120117e-02 3.893126845359802246e-01
4.100632667541503906e-02 -4.685753583908081055e-01
-4.516975283622741699e-01 5.198055505752563477e-02
7.062691450119018555e-02 -7.744979858398437500e-02
4.929118156433105469e-01 3.776708841323852539e-01
-8.279246091842651367e-02 3.160071969032287598e-01
-4.244344234466552734e-01 -4.412556886672973633e-01
4.679189920425415039e-01 4.220021367073059082e-01
4.368956685066223145e-01 9.984195232391357422e-03
1.030377149581909180e-01 -2.312974333763122559e-01
-4.311538934707641602e-01 -4.077059626579284668e-01
1.508940458297729492e-01 3.306093215942382812e-01
2.400057911872863770e-01 -1.591360569000244141e-01
-4.945079684257507324e-01 3.020101785659790039e-01
-4.961085319519042969e-01 -2.633743286132812500e-01
-2.836177349090576172e-01 -2.673364877700805664e-01
1.699410080909729004e-01 -4.492497444152832031e-01
-1.195171475410461426e-01 1.952221393585205078e-01
-3.958636522293090820e-02 -1.267487406730651855e-01
3.928052783012390137e-01 1.634896397590637207e-01
4.420022964477539062e-01 1.305398941040039062e-01
-1.834022998809814453e-02 -1.542686820030212402e-01
-8.050882816314697266e-02 -1.982262730598449707e-01
-2.364365458488464355e-01 -3.760948777198791504e-01
1.533383131027221680e-02 4.501032233238220215e-01
-4.894091486930847168e-01 -9.422415494918823242e-02
4.587562084197998047e-01 3.701680302619934082e-01
-2.059093117713928223e-01 -1.197099685668945312e-03
2.860432863235473633e-01 -4.221261143684387207e-01
-4.214602708816528320e-01 -4.168006181716918945e-01
-4.197378754615783691e-01 -1.081347465515136719e-01
-2.588954567909240723e-01 7.553732395172119141e-02
2.013444900512695312e-04 -1.744776964187622070e-01
-1.400978565216064453e-01 3.436979651451110840e-01
-4.824729561805725098e-01 -2.324211001396179199e-01
-4.398584365844726562e-03 1.620126366615295410e-01
4.785405993461608887e-01 -2.362698316574096680e-01
-4.782397747039794922e-01 2.654878497123718262e-01
-2.602849602699279785e-01 -2.504370212554931641e-01
-4.507812857627868652e-01 4.886713624000549316e-01
-4.171718358993530273e-01 2.674841880798339844e-01
-2.732439637184143066e-01 -8.412820100784301758e-02
-3.171755671501159668e-01 -2.916449308395385742e-02
2.829098701477050781e-01 1.538878679275512695e-01
-1.711983084678649902e-01 3.670247793197631836e-01
2.247984409332275391e-01 4.553909301757812500e-01
-3.712681531906127930e-01 -4.971413612365722656e-01
-3.252084851264953613e-01 -3.186070322990417480e-01
-3.220021128654479980e-01 -4.334795475006103516e-01
-2.670021057128906250e-01 1.578862071037292480e-01
-4.881806373596191406e-01 4.570097327232360840e-01
1.440717577934265137e-01 -1.573017239570617676e-01
-1.894280910491943359e-01 -4.685539007186889648e-01
-1.422312855720520020e-01 1.703091859817504883e-01
-4.250342845916748047e-01 7.487535476684570312e-03
8.321875333786010742e-02 -3.159952759742736816e-01
-8.171141147613525391e-02 -4.599288105964660645e-01
-2.855691313743591309e-01 4.539752602577209473e-01
2.228218317031860352e-01 -8.475184440612792969e-03
-2.562516927719116211e-02 7.030504941940307617e-02
-4.974955320358276367e-01 -2.765643596649169922e-01
1.202058792114257812e-02 -2.678631544113159180e-01
4.805580377578735352e-01 4.122674465179443359e-03
-3.473328351974487305e-01 -4.551744461059570312e-02
4.958902597427368164e-01 -4.779627919197082520e-01
1.702670454978942871e-01 -3.709142208099365234e-01
-6.012976169586181641e-02 -1.411932706832885742e-02
-2.435973286628723145e-01 -6.464993953704833984e-02
-4.900019764900207520e-01 2.568137645721435547e-02
2.724762558937072754e-01 -3.756183385848999023e-01
5.296111106872558594e-03 1.448109149932861328e-01
-1.725409030914306641e-01 -3.298225402832031250e-01
4.369832873344421387e-01 -2.246231436729431152e-01
-1.706386208534240723e-01 -2.920003533363342285e-01
1.732879877090454102e-01 3.062611818313598633e-02
-3.201452493667602539e-01 -9.733480215072631836e-02
-3.075191378593444824e-01 4.573243856430053711e-02
-1.733129620552062988e-01 -4.248494505882263184e-01
-2.072512507438659668e-01 2.690480947494506836e-01
6.136232614517211914e-02 1.462302803993225098e-01
1.971369385719299316e-01 3.926986455917358398e-02
-4.544422030448913574e-01 -3.312905430793762207e-01
8.108985424041748047e-02 1.087929606437683105e-01
-2.701796293258666992e-01 1.402745842933654785e-01
-3.427344560623168945e-01 4.698376059532165527e-01
-8.617639541625976562e-02 8.518880605697631836e-02
3.624266386032104492e-02 -7.037061452865600586e-02
-3.946520090103149414e-01 -3.660801649093627930e-01
-1.980555057525634766e-01 3.726866245269775391e-01
-1.417083144187927246e-01 -4.916439652442932129e-01
-1.108404397964477539e-01 2.537025809288024902e-01
3.536376953125000000e-01 -4.934887290000915527e-01
2.174884080886840820e-01 4.420018792152404785e-01
-4.010903239250183105e-01 -3.755996227264404297e-01
4.235631823539733887e-01 4.768550395965576172e-03
-2.529556155204772949e-01 -4.488217830657958984e-01
-3.485445976257324219e-01 -8.250147104263305664e-02
1.846783161163330078e-01 1.638840436935424805e-01
1.195823550224304199e-01 2.706277370452880859e-01
-3.539728522300720215e-01 2.648079991340637207e-01
-4.151571989059448242e-01 -3.458933234214782715e-01
-2.177858352661132812e-01 1.837921142578125000e-01
-2.598491907119750977e-01 1.048202514648437500e-01
-1.416905522346496582e-01 -4.966992139816284180e-02
-1.407002806663513184e-01 -4.659938812255859375e-01
-4.913991093635559082e-01 4.888044595718383789e-01
-4.577553272247314453e-02 1.153953671455383301e-01
-1.634550690650939941e-01 -4.838036298751831055e-01
1.560038924217224121e-01 -4.285139441490173340e-01
-1.641267538070678711e-01 -3.587663173675537109e-01
3.361544609069824219e-01 1.709465980529785156e-01
-1.029646992683410645e-01 -4.154839515686035156e-01
-2.725434899330139160e-01 -1.799045801162719727e-01
1.882019042968750000e-01 3.799771070480346680e-01
2.893435955047607422e-01 2.227736115455627441e-01
4.810322523117065430e-01 -4.153831005096435547e-01
-3.721538186073303223e-01 -1.722652316093444824e-01
-1.694160699844360352e-02 -3.931735754013061523e-01
1.005322933197021484e-01 3.690492510795593262e-01
4.194296598434448242e-01 8.744680881500244141e-02
4.721602797508239746e-01 -4.076424837112426758e-01
3.961685299873352051e-01 4.283910393714904785e-01
-3.802422881126403809e-01 -4.945916533470153809e-01
-1.427060961723327637e-01 -3.771470785140991211e-01
3.945614099502563477e-01 1.555144786834716797e-01
4.074180126190185547e-01 -2.245826125144958496e-01
1.603807806968688965e-01 2.117999196052551270e-01
-2.422638535499572754e-01 2.859026193618774414e-02
2.239273786544799805e-01 2.962874174118041992e-01
-6.029510498046875000e-02 3.860557675361633301e-01
-3.921649456024169922e-01 4.413497447967529297e-02
-3.717553019523620605e-01 1.282585263252258301e-01
1.543025970458984375e-01 2.005357742309570312e-01
2.384769916534423828e-01 -3.523254394531250000e-02
3.145092725753784180e-01 2.212571501731872559e-01
2.543509602546691895e-01 3.639076948165893555e-01
-4.998134374618530273e-01 3.078852295875549316e-01
4.746617674827575684e-01 -2.747437357902526855e-01
2.892929315567016602e-02 -1.048446297645568848e-01
3.614571690559387207e-01 3.947236537933349609e-01
1.295248866081237793e-01 1.456421613693237305e-01
1.577306985855102539e-01 9.180903434753417969e-03
-2.452386021614074707e-01 2.288298010826110840e-01
7.586807012557983398e-02 -1.782807707786560059e-01
1.557853221893310547e-01 4.144018888473510742e-01
-3.034923076629638672e-01 -2.778913378715515137e-01
1.928168535232543945e-02 -4.918932318687438965e-01
3.693820834159851074e-01 1.317340731620788574e-01
-1.693206429481506348e-01 -3.105210065841674805e-01
3.347132802009582520e-01 4.599612355232238770e-01
2.052658796310424805e-02 -3.192767500877380371e-01
2.101929783821105957e-01 -1.834756731986999512e-01
-2.156212329864501953e-01 8.254021406173706055e-02
-4.590311050415039062e-01 3.679150342941284180e-01
-3.700654506683349609e-01 5.435049533843994141e-02
-4.584053754806518555e-01 5.313658714294433594e-02
-2.957091331481933594e-01 -6.517243385314941406e-02
2.939725518226623535e-01 -2.538738846778869629e-01
7.518196105957031250e-02 4.103989005088806152e-01
-3.040206432342529297e-01 -4.520415663719177246e-01
3.166579604148864746e-01 -2.126086950302124023e-01
-2.115559577941894531e-02 -5.506509542465209961e-02
4.263396263122558594e-01 -1.320807337760925293e-01
1.336287856101989746e-01 8.597791194915771484e-02
4.602046608924865723e-01 1.766786575317382812e-01
-3.469712734222412109e-01 1.366397142410278320e-01
4.290517568588256836e-01 2.152139544486999512e-01
4.556174874305725098e-01 1.735005378723144531e-01
1.506443619728088379e-01 -3.417927026748657227e-01
-1.783034205436706543e-01 -4.865627884864807129e-01
-1.967823505401611328e-02 4.100251197814941406e-02
-5.217641592025756836e-02 -1.905375123023986816e-01
3.889310359954833984e-01 -8.444428443908691406e-03
8.307039737701416016e-03 2.058976888656616211e-01
4.428765177726745605e-01 8.297777175903320312e-02
-3.628117442131042480e-01 4.435214400291442871e-01
3.085195422172546387e-01 -4.856635928153991699e-01
1.963800787925720215e-01 -2.560108304023742676e-01
-4.421126842498779297e-01 -1.614288687705993652e-01
2.575322985649108887e-01 1.911718249320983887e-01
4.011833071708679199e-01 -3.782047033309936523e-01
7.541894912719726562e-03 4.281992316246032715e-01
-4.844930768013000488e-01 -1.352354884147644043e-01
8.223658800125122070e-02 9.381014108657836914e-02
4.557175636291503906e-01 3.068751692771911621e-01
4.510282874107360840e-01 3.086282014846801758e-01
2.643877267837524414e-01 1.537622213363647461e-01
2.661353349685668945e-01 -4.556666612625122070e-01
-2.223809957504272461e-01 -4.495740532875061035e-01
-3.502909541130065918e-01 1.692833304405212402e-01
-1.806199550628662109e-03 -1.727069616317749023e-01
8.364701271057128906e-02 4.972096085548400879e-01
-5.016779899597167969e-02 3.246127963066101074e-01
-4.069954156875610352e-01 -5.513334274291992188e-02
3.241157531738281250e-02 1.637650132179260254e-01
-3.213410973548889160e-01 3.678868412971496582e-01
3.816782236099243164e-01 -3.973257541656494141e-02
-3.661111593246459961e-01 -4.763135313987731934e-01
-4.686813950538635254e-01 -7.746875286102294922e-03
1.178142428398132324e-01 1.692551374435424805e-01
8.617049455642700195e-02 -3.498013615608215332e-01
4.189369082450866699e-01 -1.775686740875244141e-01
2.625377178192138672e-01 2.570791244506835938e-01
-2.967125177383422852e-01 -1.742842197418212891e-01
4.113502502441406250e-01 4.783462882041931152e-01
3.043016195297241211e-01 -1.687071323394775391e-01
3.880378007888793945e-01 -1.549113392829895020e-01
2.085524797439575195e-01 -4.614839553833007812e-01
3.239876031875610352e-02 -1.694338321685791016e-01
4.916886091232299805e-01 -3.851138949394226074e-01
1.576411724090576172e-02 -3.579282760620117188e-01
-4.480203986167907715e-01 1.834130287170410156e-02
2.199686169624328613e-01 -3.328116536140441895e-01
1.078164577484130859e-01 1.043483018875122070e-01
-1.193665862083435059e-01 7.174938917160034180e-02
-4.689604043960571289e-01 -4.246923923492431641e-01
2.899348139762878418e-01 -1.749747395515441895e-01
3.002865314483642578e-01 -3.632313013076782227e-01
-2.941724658012390137e-01 3.522307872772216797e-01
-4.490771889686584473e-01 -3.638648986816406250e-01
-1.149851083755493164e-02 4.338393807411193848e-01
-7.779377698898315430e-02 1.648817062377929688e-01
-2.697587013244628906e-03 -4.243423938751220703e-01
-2.882314920425415039e-01 6.832534074783325195e-02
9.792482852935791016e-02 -4.787197709083557129e-01
2.888196706771850586e-01 1.263180971145629883e-01
3.158081769943237305e-01 -1.703842878341674805e-01
-2.700861692428588867e-01 3.105300664901733398e-02
-4.714424610137939453e-01 -4.999765157699584961e-01
4.176603555679321289e-01 4.613154530525207520e-01
4.379218220710754395e-01 -3.872700333595275879e-01
2.986574172973632812e-01 -4.169758558273315430e-01
-1.948040127754211426e-01 -3.141238093376159668e-01
1.522158384323120117e-01 4.483866691589355469e-02
-1.357850432395935059e-01 4.502928256988525391e-02
-4.334837794303894043e-01 -4.574736356735229492e-01
-2.882506847381591797e-01 -6.872522830963134766e-02
-2.376452088356018066e-01 -3.470979332923889160e-01
-8.215028047561645508e-02 -2.698287367820739746e-01
3.765856027603149414e-01 4.284656643867492676e-01
-1.855075359344482422e-03 -4.592562913894653320e-01
-1.659268140792846680e-02 -2.764381170272827148e-01
3.321917653083801270e-01 3.146612048149108887e-01
-3.192495107650756836e-01 -4.951961040496826172e-01
1.580303907394409180e-02 -2.982728481292724609e-01
4.979854822158813477e-01 1.525026559829711914e-02
4.226813316345214844e-01 -2.866268157958984375e-03
8.447551727294921875e-02 -2.016984224319458008e-01
-1.674752831459045410e-01 2.683987021446228027e-01
4.577695727348327637e-01 4.066553711891174316e-01
-6.988763809204101562e-03 9.870588779449462891e-03
-2.625002861022949219e-01 4.921400547027587891e-02
-3.421940207481384277e-01 -4.827034473419189453e-01
1.628178358078002930e-01 -1.848266720771789551e-01
-4.805383086204528809e-01 6.114119291305541992e-02
3.433479070663452148e-01 -2.433941960334777832e-01
-4.372267127037048340e-01 3.398650884628295898e-02
2.667540311813354492e-02 3.012039661407470703e-01
4.278394579887390137e-01 3.694844245910644531e-02
3.327236771583557129e-01 -2.406272292137145996e-01
2.247390151023864746e-01 -4.820498824119567871e-01
3.713237643241882324e-01 -1.854562759399414062e-01
-6.738227605819702148e-02 4.650115370750427246e-01
3.313128352165222168e-01 -1.873956322669982910e-01
6.518810987472534180e-02 1.305316686630249023e-01
-2.375172972679138184e-01 -2.865608334541320801e-01
4.316976666450500488e-01 1.546993255615234375e-01
-1.921451091766357422e-02 -8.701443672180175781e-02
4.006979465484619141e-01 -1.057275533676147461e-01
1.502731442451477051e-01 -2.593076229095458984e-01
-4.349135160446166992e-01 -1.474430561065673828e-01
4.266078472137451172e-01 -3.090302348136901855e-01
3.974736332893371582e-01 -7.754701375961303711e-02
-4.925315380096435547e-01 4.740929007530212402e-01
-4.631720781326293945e-01 2.770612239837646484e-01
8.958244323730468750e-02 -6.092178821563720703e-02
4.133156538009643555e-01 3.881686329841613770e-01
