7.211118936538696289e-01 5.791334509849548340e-01
6.244305372238159180e-01 4.933291673660278320e-01
6.972530484199523926e-01 5.088884830474853516e-01
6.217128634452819824e-01 4.263382256031036377e-01
7.034282684326171875e-01 6.638721823692321777e-01
7.616415023803710938e-01 6.231572628021240234e-01
6.176816821098327637e-01 5.251601934432983398e-01
6.025913357734680176e-01 3.540581762790679932e-01
4.146958291530609131e-01 5.440994501113891602e-01
6.955625414848327637e-01 3.089582026004791260e-01
7.766178846359252930e-01 6.476685404777526855e-01
4.175983369350433350e-01 5.127873420715332031e-01
6.358496546745300293e-01 6.754978299140930176e-01
7.314887642860412598e-01 3.292602300643920898e-01
8.673255443572998047e-01 5.487626194953918457e-01
4.502622187137603760e-01 4.566960036754608154e-01
4.914821088314056396e-01 5.112500786781311035e-01
7.706386446952819824e-01 4.084090590476989746e-01
7.421495914459228516e-01 4.765686094760894775e-01
7.579360008239746094e-01 3.109781742095947266e-01
4.400825202465057373e-01 4.924564361572265625e-01
7.349084615707397461e-01 5.543202757835388184e-01
7.067182660102844238e-01 7.166763544082641602e-01
7.730929851531982422e-01 3.531821370124816895e-01
7.004659175872802734e-01 6.911867260932922363e-01
6.754949688911437988e-01 2.978989481925964355e-01
8.176858425140380859e-01 4.429989755153656006e-01
7.316999435424804688e-01 6.107185482978820801e-01
5.534623861312866211e-01 5.260968804359436035e-01
7.272925972938537598e-01 5.392371416091918945e-01
7.423688769340515137e-01 4.755560457706451416e-01
7.481554150581359863e-01 3.984201550483703613e-01
6.198116540908813477e-01 5.388779640197753906e-01
7.389124035835266113e-01 6.830105781555175781e-01
5.419651269912719727e-01 4.482788145542144775e-01
4.740665256977081299e-01 5.465034842491149902e-01
7.127913236618041992e-01 3.843276798725128174e-01
5.296696424484252930e-01 3.536584377288818359e-01
8.257892727851867676e-01 3.783387243747711182e-01
7.887448072433471680e-01 5.129116773605346680e-01
5.311312675476074219e-01 6.762437820434570312e-01
7.395501732826232910e-01 5.143447518348693848e-01
5.602316856384277344e-01 3.182331025600433350e-01
7.801524996757507324e-01 6.252872347831726074e-01
8.599371910095214844e-01 5.727367401123046875e-01
7.769713997840881348e-01 7.091932892799377441e-01
7.211264371871948242e-01 5.136354565620422363e-01
8.528649210929870605e-01 4.307471215724945068e-01
7.230972051620483398e-01 3.748261034488677979e-01
6.946711540222167969e-01 5.795269012451171875e-01
8.707621693611145020e-01 3.938204050064086914e-01
7.071215510368347168e-01 5.103073120117187500e-01
7.402511239051818848e-01 7.509346604347229004e-01
5.708134770393371582e-01 6.687228679656982422e-01
7.239056825637817383e-01 8.008062243461608887e-01
8.187372088432312012e-01 3.502560853958129883e-01
8.287160396575927734e-01 4.359609782695770264e-01
7.802553176879882812e-01 4.912659823894500732e-01
4.588778018951416016e-01 6.478727459907531738e-01
8.100118041038513184e-01 5.111282467842102051e-01
8.018741607666015625e-01 6.507894992828369141e-01
6.594208478927612305e-01 5.067442655563354492e-01
5.586566329002380371e-01 3.728713095188140869e-01
5.428626537322998047e-01 3.793329894542694092e-01
6.006063818931579590e-01 7.379077076911926270e-01
7.064469456672668457e-01 3.123272657394409180e-01
4.873015582561492920e-01 5.722948908805847168e-01
7.005630731582641602e-01 6.427319645881652832e-01
4.758670032024383545e-01 6.998602747917175293e-01
4.465475976467132568e-01 5.083318352699279785e-01
4.084950387477874756e-01 4.119451642036437988e-01
7.228081226348876953e-01 3.632290661334991455e-01
7.301107645034790039e-01 6.922915577888488770e-01
6.619321107864379883e-01 5.705276131629943848e-01
7.514036893844604492e-01 7.005352377891540527e-01
7.754887342453002930e-01 6.195262670516967773e-01
7.235096693038940430e-01 4.810446202754974365e-01
3.724498152732849121e-01 4.609052240848541260e-01
7.212771773338317871e-01 4.382053613662719727e-01
6.579391360282897949e-01 7.015509009361267090e-01
6.703132987022399902e-01 5.471577048301696777e-01
5.959362983703613281e-01 6.561366915702819824e-01
5.838429927825927734e-01 3.082867562770843506e-01
6.966708302497863770e-01 4.754134118556976318e-01
4.990613460540771484e-01 5.192858576774597168e-01
6.127914190292358398e-01 5.183096528053283691e-01
5.564499497413635254e-01 4.008250832557678223e-01
6.956244707107543945e-01 8.168166875839233398e-01
6.695266366004943848e-01 7.005713582038879395e-01
5.821422934532165527e-01 3.911971151828765869e-01
7.172923088073730469e-01 4.359895884990692139e-01
5.481389164924621582e-01 6.067679524421691895e-01
6.771961450576782227e-01 7.156301140785217285e-01
6.828379034996032715e-01 3.769640624523162842e-01
6.424071192741394043e-01 6.623606085777282715e-01
7.080469727516174316e-01 5.459183454513549805e-01
7.085959315299987793e-01 3.710598051548004150e-01
6.502803564071655273e-01 5.581807494163513184e-01
4.337820410728454590e-01 5.068385004997253418e-01
8.728775382041931152e-01 5.868270993232727051e-01
7.686565518379211426e-01 5.718535184860229492e-01
5.783805847167968750e-01 5.852757096290588379e-01
5.385355353355407715e-01 5.450631380081176758e-01
7.604033946990966797e-01 4.563765525817871094e-01
7.177631258964538574e-01 5.507100224494934082e-01
7.024717330932617188e-01 6.254740953445434570e-01
5.527440309524536133e-01 4.307309687137603760e-01
7.615313529968261719e-01 5.907795429229736328e-01
7.228111028671264648e-01 5.968423485755920410e-01
8.549442887306213379e-01 5.588209629058837891e-01
6.486324071884155273e-01 4.446976482868194580e-01
8.046980500221252441e-01 4.044257700443267822e-01
6.868719458580017090e-01 5.360097289085388184e-01
7.667238116264343262e-01 6.709208488464355469e-01
7.905067205429077148e-01 7.222175002098083496e-01
7.367648482322692871e-01 6.962987780570983887e-01
7.955681085586547852e-01 4.551470875740051270e-01
7.190282344818115234e-01 7.814720869064331055e-01
8.171207308769226074e-01 4.230232536792755127e-01
7.111025452613830566e-01 5.477772951126098633e-01
7.927550673484802246e-01 2.861500978469848633e-01
7.560703754425048828e-01 4.741586446762084961e-01
6.070571541786193848e-01 3.800056874752044678e-01
8.379975557327270508e-01 5.935861468315124512e-01
8.288968205451965332e-01 4.653781950473785400e-01
8.189159035682678223e-01 4.338201880455017090e-01
7.767082452774047852e-01 7.114796638488769531e-01
7.921482920646667480e-01 7.388208508491516113e-01
7.264093756675720215e-01 4.742408990859985352e-01
7.269122004508972168e-01 3.612193763256072998e-01
6.686661839485168457e-01 3.337455093860626221e-01
5.975785255432128906e-01 5.818197727203369141e-01
7.739870548248291016e-01 7.422290444374084473e-01
5.641367435455322266e-01 4.663708806037902832e-01
5.024285316467285156e-01 5.297169089317321777e-01
5.554573535919189453e-01 5.673389434814453125e-01
7.346292138099670410e-01 6.490022540092468262e-01
6.885669827461242676e-01 5.612022876739501953e-01
5.547612309455871582e-01 4.231888949871063232e-01
5.808969140052795410e-01 6.032555103302001953e-01
6.455273032188415527e-01 5.883489251136779785e-01
4.728424847126007080e-01 5.090636610984802246e-01
7.423799633979797363e-01 5.748409628868103027e-01
7.364438772201538086e-01 6.282310485839843750e-01
6.885662674903869629e-01 7.177914977073669434e-01
6.380281448364257812e-01 4.417070448398590088e-01
7.248064279556274414e-01 6.631826162338256836e-01
5.551341772079467773e-01 7.755785584449768066e-01
5.319073200225830078e-01 4.575936198234558105e-01
6.593536734580993652e-01 6.779348850250244141e-01
7.607884407043457031e-01 8.003957867622375488e-01
7.184347510337829590e-01 7.480011582374572754e-01
6.492794752120971680e-01 4.744946956634521484e-01
5.715476870536804199e-01 4.970688223838806152e-01
4.489622414112091064e-01 4.564824700355529785e-01
8.174967169761657715e-01 5.120990276336669922e-01
7.329023480415344238e-01 5.764442086219787598e-01
5.840913057327270508e-01 6.107459068298339844e-01
4.274399280548095703e-01 5.463684797286987305e-01
8.205157518386840820e-01 5.141917467117309570e-01
5.699806809425354004e-01 6.948511004447937012e-01
5.993138551712036133e-01 5.455877184867858887e-01
6.495421528816223145e-01 3.894688487052917480e-01
5.978574156761169434e-01 6.814540028572082520e-01
7.190404534339904785e-01 4.986806213855743408e-01
6.539838910102844238e-01 7.789860367774963379e-01
6.877271533012390137e-01 6.673285961151123047e-01
7.758036851882934570e-01 6.597772240638732910e-01
7.611906528472900391e-01 4.121588766574859619e-01
7.792856693267822266e-01 4.095688164234161377e-01
6.910456418991088867e-01 5.364551544189453125e-01
7.915160655975341797e-01 6.121245026588439941e-01
5.484403371810913086e-01 4.541805684566497803e-01
6.930178999900817871e-01 5.071027874946594238e-01
4.627711474895477295e-01 6.037260890007019043e-01
7.374570965766906738e-01 4.786499738693237305e-01
7.617710232734680176e-01 4.035773575305938721e-01
7.399769425392150879e-01 6.517537832260131836e-01
4.216701388359069824e-01 4.441880583763122559e-01
5.760530829429626465e-01 5.610503554344177246e-01
7.206674218177795410e-01 6.958069801330566406e-01
7.428371310234069824e-01 7.280793190002441406e-01
7.456352114677429199e-01 6.171923279762268066e-01
7.545226812362670898e-01 6.438269019126892090e-01
5.829116106033325195e-01 6.410776376724243164e-01
6.610086560249328613e-01 4.443559348583221436e-01
6.597185730934143066e-01 6.276975870132446289e-01
7.173789739608764648e-01 4.646369516849517822e-01
4.954412877559661865e-01 6.539839506149291992e-01
7.530236244201660156e-01 5.969712138175964355e-01
7.249301075935363770e-01 6.806488037109375000e-01
6.807720065116882324e-01 8.016517162322998047e-01
6.351974606513977051e-01 3.180175721645355225e-01
7.814207673072814941e-01 3.792157471179962158e-01
8.376909494400024414e-01 4.041497111320495605e-01
6.381015181541442871e-01 6.465979814529418945e-01
8.269625306129455566e-01 6.593270897865295410e-01
7.217637896537780762e-01 2.925699055194854736e-01
7.553988695144653320e-01 4.979985952377319336e-01
7.052015662193298340e-01 4.336015880107879639e-01
6.053170561790466309e-01 3.705464899539947510e-01
6.859200596809387207e-01 4.391174912452697754e-01
7.604013085365295410e-01 8.166724443435668945e-01
5.440756082534790039e-01 5.063768625259399414e-01
7.827424407005310059e-01 6.609866619110107422e-01
5.602958798408508301e-01 4.055107533931732178e-01
6.763962507247924805e-01 6.834821701049804688e-01
5.639107227325439453e-01 6.446981430053710938e-01
7.368618845939636230e-01 5.784533023834228516e-01
6.512286067008972168e-01 6.553528308868408203e-01
7.805276513099670410e-01 5.144985914230346680e-01
8.064805865287780762e-01 6.381626129150390625e-01
6.788941025733947754e-01 4.904108345508575439e-01
6.886944174766540527e-01 8.078870177268981934e-01
6.727399826049804688e-01 7.850259542465209961e-01
6.849634647369384766e-01 8.016635179519653320e-01
6.920166015625000000e-01 6.444045305252075195e-01
4.785271883010864258e-01 4.464066922664642334e-01
7.677042484283447266e-01 6.866607666015625000e-01
7.144278883934020996e-01 7.611470222473144531e-01
6.726440787315368652e-01 6.625713706016540527e-01
5.491558909416198730e-01 6.283157467842102051e-01
8.149639368057250977e-01 4.195933938026428223e-01
5.872721672058105469e-01 7.750496268272399902e-01
7.551696896553039551e-01 4.061010777950286865e-01
7.287616133689880371e-01 7.224770188331604004e-01
5.116028785705566406e-01 6.335796117782592773e-01
6.480447649955749512e-01 7.136297225952148438e-01
4.608721137046813965e-01 5.361108779907226562e-01
4.399906098842620850e-01 5.240906476974487305e-01
5.169687271118164062e-01 4.044793844223022461e-01
7.553856968879699707e-01 5.619120001792907715e-01
8.006504178047180176e-01 6.626874208450317383e-01
6.621975302696228027e-01 6.776933670043945312e-01
5.621858835220336914e-01 6.017561554908752441e-01
6.472113132476806641e-01 3.319405913352966309e-01
7.543677687644958496e-01 7.145067453384399414e-01
6.281625032424926758e-01 4.042158722877502441e-01
6.472014784812927246e-01 4.550152420997619629e-01
5.315980911254882812e-01 6.229251027107238770e-01
6.418356299400329590e-01 4.135916829109191895e-01
5.067141652107238770e-01 6.378364562988281250e-01
7.098930478096008301e-01 8.311754465103149414e-01
5.227227807044982910e-01 4.245217144489288330e-01
6.667010784149169922e-01 4.729470908641815186e-01
6.828692555427551270e-01 5.003175735473632812e-01
6.537873148918151855e-01 5.699669122695922852e-01
6.710478067398071289e-01 6.287999749183654785e-01
5.978500247001647949e-01 7.045670151710510254e-01
7.774740457534790039e-01 3.447789549827575684e-01
7.248454093933105469e-01 5.466669201850891113e-01
5.439156293869018555e-01 6.151219010353088379e-01
6.483170986175537109e-01 5.750763416290283203e-01
7.198361754417419434e-01 4.313829243183135986e-01
7.229340076446533203e-01 3.672909438610076904e-01
7.023445367813110352e-01 4.252248704433441162e-01
6.478257179260253906e-01 6.195734739303588867e-01
4.750848412513732910e-01 5.361355543136596680e-01
5.558468699455261230e-01 5.101277232170104980e-01
5.618158578872680664e-01 6.088273525238037109e-01
4.182056486606597900e-01 5.033081769943237305e-01
7.647294402122497559e-01 7.696010470390319824e-01
5.545079112052917480e-01 5.922173261642456055e-01
6.782635450363159180e-01 3.624767363071441650e-01
6.747407913208007812e-01 6.496522426605224609e-01
7.701390981674194336e-01 7.519422173500061035e-01
6.212244033813476562e-01 5.917513966560363770e-01
7.975288033485412598e-01 5.005773305892944336e-01
5.212571024894714355e-01 5.230600833892822266e-01
6.717875003814697266e-01 6.925035119056701660e-01
5.365810394287109375e-01 5.175976157188415527e-01
5.463423132896423340e-01 8.161318898200988770e-01
7.280030846595764160e-01 6.428394317626953125e-01
7.278677225112915039e-01 4.969722032546997070e-01
8.405147790908813477e-01 6.596190333366394043e-01
5.074207186698913574e-01 5.184219479560852051e-01
7.577165961265563965e-01 7.294652462005615234e-01
5.901182293891906738e-01 5.515035986900329590e-01
6.608017086982727051e-01 5.307580232620239258e-01
5.480105280876159668e-01 4.129256904125213623e-01
4.049222767353057861e-01 4.456378519535064697e-01
5.937995314598083496e-01 6.318884491920471191e-01
6.947799921035766602e-01 6.872487664222717285e-01
6.606485843658447266e-01 5.415793061256408691e-01
5.645725727081298828e-01 5.681030154228210449e-01
6.636277437210083008e-01 5.276493430137634277e-01
6.467170715332031250e-01 6.238330602645874023e-01
7.692431807518005371e-01 4.740664660930633545e-01
7.564983367919921875e-01 4.611131250858306885e-01
6.210178136825561523e-01 8.441727161407470703e-01
6.605062484741210938e-01 6.000555157661437988e-01
5.570608377456665039e-01 5.913256406784057617e-01
8.403217196464538574e-01 6.097259521484375000e-01
6.642711162567138672e-01 7.630648612976074219e-01
7.903878092765808105e-01 4.908085465431213379e-01
7.487087249755859375e-01 6.787889003753662109e-01
7.567287087440490723e-01 4.781914353370666504e-01
6.810708642005920410e-01 6.809260249137878418e-01
6.530458331108093262e-01 3.889502882957458496e-01
6.484480500221252441e-01 8.114385604858398438e-01
6.544295549392700195e-01 5.951979756355285645e-01
6.349246501922607422e-01 5.736718773841857910e-01
6.694452166557312012e-01 3.846661448478698730e-01
8.592264056205749512e-01 6.108196377754211426e-01
8.679565191268920898e-01 4.244608581066131592e-01
7.377924919128417969e-01 6.865520477294921875e-01
6.235260963439941406e-01 4.839372336864471436e-01
7.851068973541259766e-01 6.212696433067321777e-01
5.833330750465393066e-01 7.077618241310119629e-01
7.569786906242370605e-01 3.962562680244445801e-01
5.072992444038391113e-01 6.570671796798706055e-01
6.598214507102966309e-01 6.812323927879333496e-01
8.324188590049743652e-01 5.303121209144592285e-01
4.997046589851379395e-01 6.423176527023315430e-01
7.525325417518615723e-01 7.441564202308654785e-01
7.653888463973999023e-01 6.989704966545104980e-01
5.871108174324035645e-01 6.689249277114868164e-01
6.000008583068847656e-01 4.677064120769500732e-01
7.201114892959594727e-01 4.872846901416778564e-01
7.821040153503417969e-01 4.009088277816772461e-01
5.923957228660583496e-01 4.284078180789947510e-01
6.931823492050170898e-01 4.564802944660186768e-01
7.223489880561828613e-01 7.649257779121398926e-01
8.237211704254150391e-01 6.338200569152832031e-01
6.969643235206604004e-01 7.283220291137695312e-01
7.164980769157409668e-01 6.149083375930786133e-01
7.314282059669494629e-01 6.751012802124023438e-01
4.728299379348754883e-01 5.257935523986816406e-01
6.180124282836914062e-01 6.544328331947326660e-01
7.747569084167480469e-01 4.631168246269226074e-01
6.262973546981811523e-01 3.548018634319305420e-01
6.888622641563415527e-01 5.222167968750000000e-01
5.077751874923706055e-01 7.977173328399658203e-01
4.968807101249694824e-01 6.425161957740783691e-01
5.626766085624694824e-01 4.949329197406768799e-01
8.090059757232666016e-01 7.016170620918273926e-01
6.562506556510925293e-01 6.557930111885070801e-01
6.264690756797790527e-01 5.030446648597717285e-01
6.667659282684326172e-01 6.383471488952636719e-01
7.154681086540222168e-01 6.621834039688110352e-01
8.002322316169738770e-01 5.102483034133911133e-01
6.773457527160644531e-01 3.422339260578155518e-01
6.571925282478332520e-01 4.197244644165039062e-01
5.431901216506958008e-01 7.812772393226623535e-01
6.523127555847167969e-01 4.322701990604400635e-01
7.744741439819335938e-01 5.550417304039001465e-01
5.984557271003723145e-01 4.826706647872924805e-01
6.397467851638793945e-01 6.659461259841918945e-01
6.792201995849609375e-01 6.895138621330261230e-01
7.151242494583129883e-01 5.160646438598632812e-01
7.487911581993103027e-01 7.491604685783386230e-01
7.713372707366943359e-01 4.199670553207397461e-01
4.914481639862060547e-01 8.066164255142211914e-01
7.176429629325866699e-01 6.348835229873657227e-01
4.769751131534576416e-01 5.908392071723937988e-01
7.396545410156250000e-01 6.939690709114074707e-01
7.979249358177185059e-01 6.870948076248168945e-01
5.327065587043762207e-01 6.171398758888244629e-01
6.038286685943603516e-01 7.471001744270324707e-01
4.524067640304565430e-01 6.539222598075866699e-01
7.418863773345947266e-01 6.566255688667297363e-01
7.907094955444335938e-01 5.409778952598571777e-01
6.186701655387878418e-01 3.970748782157897949e-01
6.932654380798339844e-01 6.661723256111145020e-01
7.744088768959045410e-01 7.822801470756530762e-01
7.837688326835632324e-01 4.794515073299407959e-01
6.356159448623657227e-01 6.431587338447570801e-01
8.712487816810607910e-01 4.816877543926239014e-01
5.531947016716003418e-01 6.418343186378479004e-01
6.106612682342529297e-01 7.189864516258239746e-01
6.620334386825561523e-01 6.109033823013305664e-01
7.167440652847290039e-01 6.150780916213989258e-01
5.998920202255249023e-01 7.137306928634643555e-01
6.639516353607177734e-01 3.999144732952117920e-01
7.423090934753417969e-01 7.873852849006652832e-01
6.730952858924865723e-01 5.794920921325683594e-01
7.689342498779296875e-01 6.652611494064331055e-01
6.157900691032409668e-01 6.698355078697204590e-01
7.358878850936889648e-01 7.545821666717529297e-01
6.837744712829589844e-01 6.835060119628906250e-01
7.556136846542358398e-01 6.515601873397827148e-01
6.745733618736267090e-01 6.097797751426696777e-01
5.364387035369873047e-01 4.738329350948333740e-01
6.024761199951171875e-01 8.239588737487792969e-01
7.882124185562133789e-01 4.664962589740753174e-01
7.897362709045410156e-01 7.939045429229736328e-01
4.205874204635620117e-01 4.917648434638977051e-01
7.622174620628356934e-01 6.749314069747924805e-01
6.386420130729675293e-01 6.106694936752319336e-01
7.248037457466125488e-01 6.873341202735900879e-01
6.938559412956237793e-01 4.100057184696197510e-01
7.322347164154052734e-01 4.420694410800933838e-01
7.362743616104125977e-01 7.960230112075805664e-01
6.309041380882263184e-01 4.100118279457092285e-01
7.094883322715759277e-01 7.280234098434448242e-01
7.894183993339538574e-01 6.721357107162475586e-01
6.265076994895935059e-01 5.877792835235595703e-01
7.665129303932189941e-01 6.769429445266723633e-01
5.040308833122253418e-01 5.682557225227355957e-01
6.762958168983459473e-01 6.326575279235839844e-01
7.195374965667724609e-01 6.350166201591491699e-01
7.099623680114746094e-01 5.107048153877258301e-01
5.340557694435119629e-01 5.447510480880737305e-01
7.686826586723327637e-01 7.275696396827697754e-01
7.483942508697509766e-01 4.382824003696441650e-01
6.757258176803588867e-01 8.628193140029907227e-01
6.632845997810363770e-01 3.841775357723236084e-01
8.574283123016357422e-01 5.461593270301818848e-01
5.880390405654907227e-01 3.952517807483673096e-01
5.020176172256469727e-01 4.133029282093048096e-01
8.385863900184631348e-01 7.137333750724792480e-01
6.514807939529418945e-01 4.262950718402862549e-01
6.191381216049194336e-01 4.930084645748138428e-01
7.085540890693664551e-01 6.223817467689514160e-01
5.837481617927551270e-01 6.056824326515197754e-01
8.310343027114868164e-01 4.671699404716491699e-01
5.535672903060913086e-01 5.608440637588500977e-01
6.573863625526428223e-01 7.929735779762268066e-01
7.034901976585388184e-01 6.540950536727905273e-01
5.983551144599914551e-01 7.011925578117370605e-01
5.803033709526062012e-01 5.442997813224792480e-01
7.704192399978637695e-01 7.222417593002319336e-01
6.228090524673461914e-01 3.936386108398437500e-01
5.672514438629150391e-01 4.879659712314605713e-01
7.310525178909301758e-01 6.174941658973693848e-01
7.026935815811157227e-01 5.778535008430480957e-01
7.744026780128479004e-01 7.321286201477050781e-01
6.664367318153381348e-01 6.193674802780151367e-01
7.454792857170104980e-01 7.673490643501281738e-01
6.755979657173156738e-01 5.201265811920166016e-01
5.538866519927978516e-01 5.932033061981201172e-01
4.995678663253784180e-01 5.601907968521118164e-01
7.829171419143676758e-01 7.778689861297607422e-01
6.020017266273498535e-01 4.884622991085052490e-01
6.426318287849426270e-01 3.906782269477844238e-01
5.946388244628906250e-01 5.189937353134155273e-01
6.273190379142761230e-01 7.583738565444946289e-01
6.377419233322143555e-01 5.039895772933959961e-01
8.127229809761047363e-01 7.187731862068176270e-01
7.655993700027465820e-01 5.961930155754089355e-01
5.651872158050537109e-01 6.296311616897583008e-01
4.770046770572662354e-01 4.203874766826629639e-01
7.694666981697082520e-01 6.427001953125000000e-01
8.738437294960021973e-01 5.507389307022094727e-01
5.299984812736511230e-01 4.719853401184082031e-01
5.319779515266418457e-01 4.996446967124938965e-01
8.114613890647888184e-01 6.591261029243469238e-01
6.050962209701538086e-01 7.137914896011352539e-01
7.513377070426940918e-01 7.204622626304626465e-01
7.082878947257995605e-01 5.420222878456115723e-01
7.645791769027709961e-01 5.116656422615051270e-01
7.791296243667602539e-01 6.686400175094604492e-01
7.854577302932739258e-01 7.244269847869873047e-01
6.112338900566101074e-01 7.241662144660949707e-01
6.141191720962524414e-01 6.210204362869262695e-01
7.342320084571838379e-01 7.173889279365539551e-01
7.283392548561096191e-01 5.839468240737915039e-01
7.642003893852233887e-01 4.938172996044158936e-01
5.617441534996032715e-01 5.152688026428222656e-01
6.578346490859985352e-01 7.496505379676818848e-01
7.932920455932617188e-01 6.473495960235595703e-01
5.743666291236877441e-01 5.439518094062805176e-01
7.010649442672729492e-01 5.796354413032531738e-01
5.684017539024353027e-01 5.338251590728759766e-01
4.832333922386169434e-01 6.072952747344970703e-01
7.221013903617858887e-01 7.579265236854553223e-01
6.664764881134033203e-01 4.850361943244934082e-01
5.201495885848999023e-01 7.574278116226196289e-01
8.233068585395812988e-01 6.446853280067443848e-01
7.309092879295349121e-01 6.644368171691894531e-01
7.954774498939514160e-01 5.323586463928222656e-01
7.071552276611328125e-01 6.662920713424682617e-01
7.900431156158447266e-01 6.284206509590148926e-01
8.361630439758300781e-01 4.104478657245635986e-01
8.791525959968566895e-01 6.042476296424865723e-01
7.087063193321228027e-01 5.974333882331848145e-01
5.470352768898010254e-01 6.754140853881835938e-01
6.475027203559875488e-01 6.414699554443359375e-01
8.323436379432678223e-01 5.915760397911071777e-01
5.988865494728088379e-01 6.097325086593627930e-01
5.123010277748107910e-01 5.796139836311340332e-01
7.169886827468872070e-01 5.659602880477905273e-01
7.622542977333068848e-01 7.781558036804199219e-01
7.028771638870239258e-01 7.355949878692626953e-01
5.928660035133361816e-01 5.277237296104431152e-01
6.636291146278381348e-01 7.671409845352172852e-01
7.343913912773132324e-01 5.058612227439880371e-01
6.034852862358093262e-01 4.276772439479827881e-01
6.312142610549926758e-01 7.675939202308654785e-01
7.367733716964721680e-01 5.731813907623291016e-01
7.088035345077514648e-01 7.602308988571166992e-01
7.770437598228454590e-01 8.199570178985595703e-01
5.708174705505371094e-01 6.161431670188903809e-01
5.719209909439086914e-01 7.836272120475769043e-01
7.892073988914489746e-01 7.937186956405639648e-01
7.638466954231262207e-01 8.034614920616149902e-01
6.343808770179748535e-01 6.365820169448852539e-01
4.047623276710510254e-01 5.644794106483459473e-01
6.217797994613647461e-01 5.338600873947143555e-01
6.629378795623779297e-01 4.531254470348358154e-01
6.858317255973815918e-01 8.365810513496398926e-01
5.645618438720703125e-01 6.603702902793884277e-01
4.962113499641418457e-01 5.877727866172790527e-01
7.286968231201171875e-01 6.885198354721069336e-01
7.601381540298461914e-01 5.610325336456298828e-01
5.636922717094421387e-01 5.457825064659118652e-01
7.134062051773071289e-01 8.155714869499206543e-01
6.053079962730407715e-01 4.710845947265625000e-01
6.652584075927734375e-01 4.510160982608795166e-01
7.159487605094909668e-01 8.503414392471313477e-01
6.649716496467590332e-01 6.077584028244018555e-01
6.774426102638244629e-01 5.906229615211486816e-01
7.139973640441894531e-01 5.904795527458190918e-01
6.765702962875366211e-01 8.105426430702209473e-01
6.690372228622436523e-01 7.835824489593505859e-01
7.751060128211975098e-01 5.732004046440124512e-01
5.564547181129455566e-01 6.097275018692016602e-01
6.255022883415222168e-01 3.626277446746826172e-01
6.679894328117370605e-01 4.527521133422851562e-01
7.602832317352294922e-01 5.372009873390197754e-01
7.313227057456970215e-01 6.351186037063598633e-01
5.094876289367675781e-01 5.594224929809570312e-01
7.809251546859741211e-01 4.665475785732269287e-01
6.855534315109252930e-01 5.360786914825439453e-01
6.783536076545715332e-01 5.553019046783447266e-01
7.176887392997741699e-01 6.179098486900329590e-01
8.708916306495666504e-01 4.712553918361663818e-01
6.133098602294921875e-01 5.524460673332214355e-01
8.531975150108337402e-01 4.744339287281036377e-01
6.561881899833679199e-01 7.464138865470886230e-01
6.721441149711608887e-01 6.453749537467956543e-01
6.278614401817321777e-01 4.114634096622467041e-01
7.645958065986633301e-01 3.784985840320587158e-01
6.807729601860046387e-01 5.362604260444641113e-01
7.830716371536254883e-01 7.597355842590332031e-01
7.563153505325317383e-01 6.255286931991577148e-01
7.497571706771850586e-01 6.926645040512084961e-01
6.242383718490600586e-01 5.814696550369262695e-01
7.445229291915893555e-01 6.233581900596618652e-01
7.153226733207702637e-01 6.137102842330932617e-01
7.834388613700866699e-01 5.276862978935241699e-01
6.279937624931335449e-01 6.592016816139221191e-01
7.328960895538330078e-01 7.570418119430541992e-01
8.126006126403808594e-01 5.416455268859863281e-01
7.528631091117858887e-01 7.340101599693298340e-01
7.890959978103637695e-01 4.902047812938690186e-01
8.203923702239990234e-01 6.542149782180786133e-01
5.943080186843872070e-01 8.024389743804931641e-01
8.520078659057617188e-01 6.998223662376403809e-01
7.200251221656799316e-01 5.962111353874206543e-01
7.987686395645141602e-01 5.454650521278381348e-01
5.797614455223083496e-01 7.059084773063659668e-01
5.351782441139221191e-01 4.905041754245758057e-01
5.524218678474426270e-01 4.053298532962799072e-01
6.111226677894592285e-01 6.498257517814636230e-01
5.511605143547058105e-01 6.453673839569091797e-01
8.722764253616333008e-01 5.864850878715515137e-01
7.784690856933593750e-01 8.256219029426574707e-01
6.607775092124938965e-01 7.349720597267150879e-01
6.422789692878723145e-01 5.705155134201049805e-01
5.755409598350524902e-01 8.316417932510375977e-01
5.746366381645202637e-01 5.220108628273010254e-01
5.470198988914489746e-01 5.907961130142211914e-01
7.817988991737365723e-01 5.282281637191772461e-01
6.916359663009643555e-01 5.882436037063598633e-01
5.708857178688049316e-01 6.445028781890869141e-01
5.320949554443359375e-01 5.770111680030822754e-01
7.651175856590270996e-01 5.537103414535522461e-01
6.520265340805053711e-01 8.270651698112487793e-01
7.334995865821838379e-01 5.395879745483398438e-01
6.950968503952026367e-01 5.162653923034667969e-01
7.535792589187622070e-01 8.068596720695495605e-01
7.405543327331542969e-01 7.327747941017150879e-01
4.931551218032836914e-01 4.923294186592102051e-01
7.170688509941101074e-01 7.627486586570739746e-01
6.609641313552856445e-01 6.842677593231201172e-01
6.869815587997436523e-01 6.218492984771728516e-01
7.406579852104187012e-01 5.609242916107177734e-01
6.292126178741455078e-01 7.383340001106262207e-01
4.925999045372009277e-01 5.708736777305603027e-01
7.841342687606811523e-01 6.156288981437683105e-01
6.722123026847839355e-01 5.432724952697753906e-01
7.142990827560424805e-01 6.001163721084594727e-01
6.070800423622131348e-01 7.233087420463562012e-01
7.519717812538146973e-01 5.386180877685546875e-01
5.282905697822570801e-01 8.018515110015869141e-01
6.888614892959594727e-01 6.944403648376464844e-01
7.326972484588623047e-01 5.756562352180480957e-01
6.899657845497131348e-01 7.176637053489685059e-01
6.851321458816528320e-01 8.463724851608276367e-01
6.686729192733764648e-01 5.685064196586608887e-01
6.822173595428466797e-01 7.825031876564025879e-01
5.779208540916442871e-01 5.097233653068542480e-01
7.215147614479064941e-01 6.943391561508178711e-01
4.413441121578216553e-01 6.185060739517211914e-01
5.047411322593688965e-01 5.963521599769592285e-01
5.719190239906311035e-01 5.766705274581909180e-01
8.742761611938476562e-01 4.929208457469940186e-01
7.556286454200744629e-01 8.093438744544982910e-01
4.782896041870117188e-01 6.097390651702880859e-01
5.551457405090332031e-01 5.184774994850158691e-01
6.481602787971496582e-01 5.639886260032653809e-01
4.786458015441894531e-01 5.826467275619506836e-01
7.746200561523437500e-01 4.445260465145111084e-01
6.436426639556884766e-01 5.667997002601623535e-01
7.235168218612670898e-01 7.676984667778015137e-01
7.012048363685607910e-01 7.193263173103332520e-01
6.085844039916992188e-01 7.368631958961486816e-01
5.555884242057800293e-01 7.560382485389709473e-01
4.289371371269226074e-01 6.302985548973083496e-01
6.122315526008605957e-01 6.726033091545104980e-01
5.609909296035766602e-01 6.395902633666992188e-01
7.615676522254943848e-01 7.892319560050964355e-01
6.723240017890930176e-01 6.863936185836791992e-01
7.020686864852905273e-01 5.499600172042846680e-01
5.985086560249328613e-01 4.322125911712646484e-01
6.360818147659301758e-01 7.136914730072021484e-01
6.882064342498779297e-01 8.163129687309265137e-01
6.404836177825927734e-01 6.766939759254455566e-01
6.796122193336486816e-01 6.376163959503173828e-01
6.200820803642272949e-01 7.199424505233764648e-01
7.006350755691528320e-01 6.230579018592834473e-01
7.523405551910400391e-01 4.874788224697113037e-01
7.724443674087524414e-01 6.186786890029907227e-01
8.169237971305847168e-01 7.790221571922302246e-01
7.830823659896850586e-01 7.366542220115661621e-01
7.812420129776000977e-01 6.700752377510070801e-01
5.531560778617858887e-01 5.958321690559387207e-01
5.430576801300048828e-01 5.994266867637634277e-01
6.366525292396545410e-01 6.617572903633117676e-01
7.875689268112182617e-01 6.891624331474304199e-01
3.924756944179534912e-01 5.345029234886169434e-01
7.270596623420715332e-01 6.165763735771179199e-01
7.275229096412658691e-01 6.391444802284240723e-01
5.848518610000610352e-01 4.328094720840454102e-01
5.634750127792358398e-01 4.584480226039886475e-01
7.110836505889892578e-01 7.519874572753906250e-01
5.924833416938781738e-01 4.679742753505706787e-01
6.204908490180969238e-01 7.175669670104980469e-01
5.090727806091308594e-01 5.602865815162658691e-01
7.159997224807739258e-01 5.354950428009033203e-01
4.382563829421997070e-01 6.159569025039672852e-01
8.000292778015136719e-01 7.273343205451965332e-01
6.022217869758605957e-01 4.188352525234222412e-01
7.135407924652099609e-01 5.628085136413574219e-01
7.779577374458312988e-01 6.351765990257263184e-01
7.429417371749877930e-01 7.213287353515625000e-01
7.508188486099243164e-01 5.996899008750915527e-01
8.501664996147155762e-01 5.196369290351867676e-01
6.845413446426391602e-01 6.403319835662841797e-01
6.737606525421142578e-01 8.553475737571716309e-01
6.415343880653381348e-01 6.065598130226135254e-01
8.352636694908142090e-01 6.883350014686584473e-01
7.638416886329650879e-01 7.266601324081420898e-01
5.728118419647216797e-01 7.322015166282653809e-01
5.337369441986083984e-01 6.595518589019775391e-01
7.147185206413269043e-01 6.981138586997985840e-01
6.698703169822692871e-01 7.259029746055603027e-01
5.215985178947448730e-01 7.472162246704101562e-01
7.300037741661071777e-01 8.065924048423767090e-01
6.325646042823791504e-01 6.648398041725158691e-01
7.877126932144165039e-01 5.483794808387756348e-01
6.399849057197570801e-01 7.475901842117309570e-01
8.677366971969604492e-01 4.679180383682250977e-01
6.293269395828247070e-01 6.898956894874572754e-01
7.381206750869750977e-01 5.674689412117004395e-01
7.623412609100341797e-01 4.690393507480621338e-01
6.686608791351318359e-01 8.661262989044189453e-01
6.947691440582275391e-01 5.890255570411682129e-01
6.501291394233703613e-01 4.865556359291076660e-01
7.094178199768066406e-01 7.432886958122253418e-01
5.268801450729370117e-01 6.122292280197143555e-01
6.933780908584594727e-01 4.724744856357574463e-01
6.050541996955871582e-01 7.783501744270324707e-01
7.758622169494628906e-01 5.940875411033630371e-01
6.130492091178894043e-01 5.718436241149902344e-01
5.824118256568908691e-01 7.499228715896606445e-01
7.475603818893432617e-01 6.817313432693481445e-01
6.636829972267150879e-01 6.362702250480651855e-01
7.182013988494873047e-01 8.110225796699523926e-01
7.975898385047912598e-01 6.734611988067626953e-01
4.715441763401031494e-01 6.955863237380981445e-01
6.577658057212829590e-01 5.863596796989440918e-01
7.954295277595520020e-01 4.612365067005157471e-01
7.274906635284423828e-01 6.793147921562194824e-01
6.814198493957519531e-01 4.148274660110473633e-01
6.739400625228881836e-01 6.344434618949890137e-01
7.459840178489685059e-01 4.740090668201446533e-01
7.885685563087463379e-01 5.063916444778442383e-01
6.377643346786499023e-01 5.303935408592224121e-01
7.596064209938049316e-01 8.032051324844360352e-01
7.747780084609985352e-01 6.708201766014099121e-01
7.288453578948974609e-01 7.341348528861999512e-01
7.089541554450988770e-01 8.254815936088562012e-01
5.566607117652893066e-01 5.286499261856079102e-01
6.318148374557495117e-01 5.451979637145996094e-01
5.615804195404052734e-01 4.729229509830474854e-01
7.285693883895874023e-01 6.091884374618530273e-01
3.565883338451385498e-01 5.601805448532104492e-01
5.823294520378112793e-01 8.328418731689453125e-01
5.845552682876586914e-01 6.979683637619018555e-01
7.446469664573669434e-01 7.372465729713439941e-01
6.859434843063354492e-01 5.894439220428466797e-01
4.895088374614715576e-01 5.360742211341857910e-01
6.115275025367736816e-01 5.930870771408081055e-01
7.400111556053161621e-01 6.816122531890869141e-01
7.741215229034423828e-01 7.703692913055419922e-01
4.890190660953521729e-01 6.284957528114318848e-01
6.937607526779174805e-01 4.903476238250732422e-01
5.537756085395812988e-01 6.564577221870422363e-01
8.403704166412353516e-01 6.489816904067993164e-01
5.804589390754699707e-01 5.205018520355224609e-01
8.023808598518371582e-01 7.762032151222229004e-01
6.504219174385070801e-01 5.246949195861816406e-01
4.955018758773803711e-01 6.589042544364929199e-01
7.063644528388977051e-01 7.520004510879516602e-01
8.848185539245605469e-01 5.968691110610961914e-01
6.978052854537963867e-01 5.879234075546264648e-01
7.376776933670043945e-01 7.856439352035522461e-01
5.860828161239624023e-01 6.673019528388977051e-01
6.211131811141967773e-01 4.578609168529510498e-01
8.088215589523315430e-01 7.793798446655273438e-01
5.929444432258605957e-01 8.284694552421569824e-01
7.615327239036560059e-01 6.768153309822082520e-01
6.170241832733154297e-01 8.495592474937438965e-01
7.119312882423400879e-01 7.387785315513610840e-01
6.701353192329406738e-01 5.978263020515441895e-01
8.552242517471313477e-01 6.960355639457702637e-01
4.835960865020751953e-01 6.951663494110107422e-01
8.032364249229431152e-01 7.482613325119018555e-01
6.460289955139160156e-01 4.881142973899841309e-01
6.992249488830566406e-01 6.170014739036560059e-01
6.832302808761596680e-01 7.126579284667968750e-01
6.422965526580810547e-01 7.589510083198547363e-01
7.829033732414245605e-01 7.988053560256958008e-01
7.198888063430786133e-01 6.217730045318603516e-01
5.725224018096923828e-01 6.942234635353088379e-01
6.713593006134033203e-01 6.531219482421875000e-01
7.266127467155456543e-01 4.578801393508911133e-01
5.917543172836303711e-01 5.311210751533508301e-01
4.898758530616760254e-01 6.687008738517761230e-01
5.215762257575988770e-01 7.120015025138854980e-01
6.334260702133178711e-01 8.249650597572326660e-01
7.391726374626159668e-01 7.738932967185974121e-01
5.997909903526306152e-01 7.637539505958557129e-01
7.421913743019104004e-01 7.926164865493774414e-01
7.049340605735778809e-01 7.541683912277221680e-01
7.207844853401184082e-01 5.534743666648864746e-01
6.572714447975158691e-01 5.472631454467773438e-01
4.869591891765594482e-01 7.742683887481689453e-01
6.488893628120422363e-01 7.251605987548828125e-01
6.853292584419250488e-01 6.814469099044799805e-01
6.329410672187805176e-01 5.775496959686279297e-01
5.132960081100463867e-01 5.558030009269714355e-01
7.231771349906921387e-01 7.400958538055419922e-01
5.680742859840393066e-01 7.292276620864868164e-01
6.091325879096984863e-01 7.738685607910156250e-01
7.373285293579101562e-01 6.321990489959716797e-01
7.286373972892761230e-01 6.407639384269714355e-01
6.158542037010192871e-01 5.411671996116638184e-01
6.223537921905517578e-01 7.120450735092163086e-01
5.528463125228881836e-01 5.775514245033264160e-01
6.045199036598205566e-01 5.438055992126464844e-01
6.264983415603637695e-01 6.589638590812683105e-01
5.850403904914855957e-01 6.862583160400390625e-01
6.541811823844909668e-01 5.656600594520568848e-01
6.076589822769165039e-01 7.748901844024658203e-01
6.829106211662292480e-01 6.511816978454589844e-01
6.119323372840881348e-01 7.218420505523681641e-01
7.336052060127258301e-01 7.831013202667236328e-01
6.081272959709167480e-01 7.877469658851623535e-01
5.924780368804931641e-01 4.604705572128295898e-01
4.287656247615814209e-01 6.512669920921325684e-01
5.220997333526611328e-01 5.700386762619018555e-01
6.358542442321777344e-01 8.573318719863891602e-01
7.621130943298339844e-01 5.994677543640136719e-01
6.673470139503479004e-01 7.806206941604614258e-01
6.700540184974670410e-01 7.319409847259521484e-01
5.838108062744140625e-01 6.637293696403503418e-01
7.940520048141479492e-01 6.690886616706848145e-01
7.521967291831970215e-01 6.595032811164855957e-01
4.903689324855804443e-01 7.227535843849182129e-01
6.606469750404357910e-01 6.974605321884155273e-01
6.116484403610229492e-01 6.481816768646240234e-01
7.801919579505920410e-01 8.004003167152404785e-01
6.840120553970336914e-01 5.655280351638793945e-01
5.830388069152832031e-01 7.293796539306640625e-01
4.260252118110656738e-01 5.787284374237060547e-01
6.664054393768310547e-01 5.907897949218750000e-01
7.717552185058593750e-01 6.327384710311889648e-01
6.864858269691467285e-01 6.216524839401245117e-01
7.128371000289916992e-01 7.061787247657775879e-01
4.575142860412597656e-01 6.487708091735839844e-01
8.113857507705688477e-01 7.969087958335876465e-01
7.505130767822265625e-01 4.043819010257720947e-01
7.796421647071838379e-01 6.294768452644348145e-01
6.940062642097473145e-01 5.959465503692626953e-01
6.457551717758178711e-01 6.818359494209289551e-01
7.868562340736389160e-01 4.760240018367767334e-01
6.684462428092956543e-01 7.227990031242370605e-01
6.171386837959289551e-01 8.549041748046875000e-01
5.860177278518676758e-01 7.444877028465270996e-01
5.670078396797180176e-01 7.213587164878845215e-01
5.983310937881469727e-01 6.990258693695068359e-01
6.154425144195556641e-01 6.579782366752624512e-01
6.160230636596679688e-01 8.055738210678100586e-01
6.238815784454345703e-01 7.423887848854064941e-01
5.408844351768493652e-01 6.608729362487792969e-01
7.435146570205688477e-01 6.607804298400878906e-01
6.206160783767700195e-01 6.134505271911621094e-01
7.692132592201232910e-01 7.636146545410156250e-01
4.887290894985198975e-01 7.190473079681396484e-01
7.982721328735351562e-01 6.752080917358398438e-01
7.319494485855102539e-01 6.754781007766723633e-01
7.806788682937622070e-01 5.729894638061523438e-01
6.359000205993652344e-01 5.949573516845703125e-01
7.503176927566528320e-01 6.814141869544982910e-01
7.228583097457885742e-01 6.442252993583679199e-01
7.613206505775451660e-01 6.458239555358886719e-01
6.653926968574523926e-01 4.327926933765411377e-01
7.335403561592102051e-01 8.771288394927978516e-01
5.506277680397033691e-01 7.532435655593872070e-01
5.873754620552062988e-01 6.615394353866577148e-01
6.776901483535766602e-01 7.521610260009765625e-01
7.376660108566284180e-01 4.490690231323242188e-01
6.630845665931701660e-01 6.486664414405822754e-01
6.523948311805725098e-01 8.358879685401916504e-01
6.257562041282653809e-01 7.354993224143981934e-01
6.853623986244201660e-01 5.251362323760986328e-01
5.094410777091979980e-01 5.286535024642944336e-01
5.832337141036987305e-01 6.092752218246459961e-01
6.715090274810791016e-01 7.025988101959228516e-01
6.096112728118896484e-01 7.645854353904724121e-01
6.037997007369995117e-01 8.556973934173583984e-01
5.965626239776611328e-01 6.841679811477661133e-01
6.223610043525695801e-01 4.267562627792358398e-01
7.243168354034423828e-01 7.224310040473937988e-01
7.349570393562316895e-01 5.900373458862304688e-01
6.006486415863037109e-01 7.108660340309143066e-01
7.799421548843383789e-01 6.594542860984802246e-01
7.059668302536010742e-01 7.894703745841979980e-01
4.876841306686401367e-01 6.643872261047363281e-01
5.450741052627563477e-01 5.492871999740600586e-01
8.503756523132324219e-01 5.603256821632385254e-01
5.163888335227966309e-01 6.529023051261901855e-01
5.990161299705505371e-01 7.498415708541870117e-01
6.441156268119812012e-01 7.062153220176696777e-01
7.302089333534240723e-01 8.136653304100036621e-01
8.208245038986206055e-01 6.117240190505981445e-01
8.079656362533569336e-01 7.423313260078430176e-01
7.280939221382141113e-01 6.070637702941894531e-01
6.914517283439636230e-01 6.154826283454895020e-01
5.637839436531066895e-01 5.925512313842773438e-01
5.876444578170776367e-01 6.991219520568847656e-01
6.352924704551696777e-01 8.015285730361938477e-01
7.367327809333801270e-01 5.154998898506164551e-01
7.616279125213623047e-01 8.263775110244750977e-01
4.715763926506042480e-01 6.047472357749938965e-01
8.147255778312683105e-01 6.143356561660766602e-01
6.247786879539489746e-01 6.887090802192687988e-01
8.100847601890563965e-01 5.665908455848693848e-01
8.236746788024902344e-01 7.407976984977722168e-01
7.710394859313964844e-01 7.848008275032043457e-01
5.757099390029907227e-01 6.830227971076965332e-01
6.894062161445617676e-01 5.866411328315734863e-01
7.462111115455627441e-01 7.573674917221069336e-01
5.913981199264526367e-01 5.426508188247680664e-01
6.232637763023376465e-01 7.043523788452148438e-01
8.497758507728576660e-01 5.078772902488708496e-01
8.263812661170959473e-01 5.820038318634033203e-01
8.259670138359069824e-01 7.202295064926147461e-01
7.849757075309753418e-01 5.339925289154052734e-01
7.471235990524291992e-01 4.558054804801940918e-01
8.278952836990356445e-01 6.053168773651123047e-01
6.566991209983825684e-01 5.715927481651306152e-01
7.787597179412841797e-01 7.409384250640869141e-01
4.842905998229980469e-01 6.608932018280029297e-01
7.242042422294616699e-01 6.515372395515441895e-01
6.116405129432678223e-01 7.262645959854125977e-01
6.137948632240295410e-01 7.421640753746032715e-01
5.600373148918151855e-01 5.850010514259338379e-01
5.826511383056640625e-01 5.663442611694335938e-01
7.718451023101806641e-01 7.269125580787658691e-01
6.718260049819946289e-01 7.272635698318481445e-01
7.112190723419189453e-01 6.405127048492431641e-01
7.464296817779541016e-01 6.301978826522827148e-01
6.198261976242065430e-01 7.288072109222412109e-01
6.727182269096374512e-01 7.681874632835388184e-01
6.217197179794311523e-01 4.134224057197570801e-01
7.263354659080505371e-01 6.667451262474060059e-01
4.324601590633392334e-01 6.701698303222656250e-01
5.999574065208435059e-01 8.602393269538879395e-01
5.787811279296875000e-01 7.197178006172180176e-01
7.245557308197021484e-01 6.656242012977600098e-01
6.109668612480163574e-01 4.625574350357055664e-01
6.522603034973144531e-01 6.500062942504882812e-01
6.630507707595825195e-01 7.687682509422302246e-01
8.015879988670349121e-01 5.716081857681274414e-01
5.890352725982666016e-01 6.596212983131408691e-01
8.011406064033508301e-01 7.591586112976074219e-01
5.619601011276245117e-01 7.576453089714050293e-01
6.897307038307189941e-01 4.965437352657318115e-01
6.899307966232299805e-01 8.542836904525756836e-01
5.813610553741455078e-01 5.800012350082397461e-01
7.576749920845031738e-01 7.430967092514038086e-01
6.625433564186096191e-01 7.788936495780944824e-01
8.496131300926208496e-01 5.129901766777038574e-01
8.742271661758422852e-01 5.483348965644836426e-01
6.061412096023559570e-01 4.118564128875732422e-01
5.189539194107055664e-01 7.525596022605895996e-01
6.338086724281311035e-01 6.968855857849121094e-01
8.272300362586975098e-01 6.520689725875854492e-01
5.098566412925720215e-01 7.942837476730346680e-01
4.832409024238586426e-01 5.690922737121582031e-01
6.504896283149719238e-01 6.779691576957702637e-01
5.904994606971740723e-01 5.991546511650085449e-01
7.416826486587524414e-01 5.933807492256164551e-01
7.129742503166198730e-01 7.987858653068542480e-01
5.161246657371520996e-01 7.990658879280090332e-01
6.441847681999206543e-01 7.073480486869812012e-01
8.028874993324279785e-01 5.677239298820495605e-01
5.953369140625000000e-01 7.070028781890869141e-01
7.708913087844848633e-01 6.136786937713623047e-01
7.718349099159240723e-01 6.737158298492431641e-01
6.880716681480407715e-01 8.110533356666564941e-01
7.598739862442016602e-01 7.927806377410888672e-01
6.697344779968261719e-01 7.194236516952514648e-01
6.970602273941040039e-01 7.529594302177429199e-01
5.312317013740539551e-01 6.337227821350097656e-01
4.832612574100494385e-01 5.311840772628784180e-01
7.593593597412109375e-01 6.499455571174621582e-01
7.732981443405151367e-01 7.284899950027465820e-01
6.416377425193786621e-01 8.260290622711181641e-01
6.748327016830444336e-01 7.214196920394897461e-01
6.231390833854675293e-01 6.154067516326904297e-01
7.428609132766723633e-01 6.114224791526794434e-01
8.008792400360107422e-01 7.978920340538024902e-01
5.146834850311279297e-01 5.645767450332641602e-01
7.183910608291625977e-01 8.042843937873840332e-01
6.416607499122619629e-01 6.305518746376037598e-01
6.379026770591735840e-01 5.122672319412231445e-01
5.735943913459777832e-01 7.574926018714904785e-01
6.113296747207641602e-01 7.277157902717590332e-01
8.132047057151794434e-01 6.687458753585815430e-01
7.396582961082458496e-01 7.890349030494689941e-01
6.005907058715820312e-01 6.127294898033142090e-01
5.272438526153564453e-01 6.259549260139465332e-01
7.072923183441162109e-01 6.001130342483520508e-01
4.921420514583587646e-01 5.703517198562622070e-01
5.274239778518676758e-01 6.205422282218933105e-01
7.444382309913635254e-01 7.679167389869689941e-01
8.021750450134277344e-01 7.282680869102478027e-01
5.058411359786987305e-01 5.401455760002136230e-01
5.979243516921997070e-01 7.193127870559692383e-01
5.559684038162231445e-01 6.545318961143493652e-01
6.163053512573242188e-01 7.886434793472290039e-01
5.765337347984313965e-01 6.695945262908935547e-01
5.716426372528076172e-01 6.585837602615356445e-01
6.906020641326904297e-01 6.847733259201049805e-01
7.535063028335571289e-01 4.695423841476440430e-01
7.028034925460815430e-01 5.419927835464477539e-01
4.874905347824096680e-01 7.967569231986999512e-01
6.601735353469848633e-01 6.570848226547241211e-01
7.869507074356079102e-01 7.940583229064941406e-01
6.349430680274963379e-01 7.430379986763000488e-01
6.801864504814147949e-01 6.067317128181457520e-01
7.781412005424499512e-01 5.165743827819824219e-01
8.131907582283020020e-01 5.467606782913208008e-01
7.237752676010131836e-01 8.283640742301940918e-01
6.736064553260803223e-01 7.975074648857116699e-01
6.098958253860473633e-01 5.833988189697265625e-01
8.416169881820678711e-01 7.179421782493591309e-01
6.462634205818176270e-01 5.823158025741577148e-01
5.730176568031311035e-01 7.015459537506103516e-01
5.388707518577575684e-01 5.743362307548522949e-01
5.363154411315917969e-01 6.298003792762756348e-01
7.601615190505981445e-01 7.792492508888244629e-01
5.847048163414001465e-01 6.245818138122558594e-01
8.001048564910888672e-01 7.703464627265930176e-01
7.341547012329101562e-01 8.008216023445129395e-01
7.162071466445922852e-01 7.124568223953247070e-01
5.338550806045532227e-01 7.627537846565246582e-01
8.066315054893493652e-01 7.864456772804260254e-01
4.819565117359161377e-01 6.301023364067077637e-01
4.955653846263885498e-01 5.419330000877380371e-01
6.370424628257751465e-01 7.681768536567687988e-01
8.224107623100280762e-01 6.889806985855102539e-01
7.489486336708068848e-01 6.477659940719604492e-01
7.358205318450927734e-01 8.498021364212036133e-01
7.201224565505981445e-01 7.926604151725769043e-01
6.131836175918579102e-01 5.157865285873413086e-01
7.224810719490051270e-01 7.013418674468994141e-01
