5.733472704887390137e-01 8.786522746086120605e-01
5.989038944244384766e-01 8.062646389007568359e-01
6.016402244567871094e-01 7.768583893775939941e-01
5.583992600440979004e-01 6.537215113639831543e-01
5.925031900405883789e-01 6.604185700416564941e-01
8.027011156082153320e-01 7.456412315368652344e-01
7.336778640747070312e-01 6.842473149299621582e-01
5.513777136802673340e-01 5.980452895164489746e-01
7.821687459945678711e-01 7.798016071319580078e-01
5.503141283988952637e-01 7.527970671653747559e-01
7.051593661308288574e-01 5.970047712326049805e-01
6.866887211799621582e-01 6.694020628929138184e-01
6.585490107536315918e-01 8.273308277130126953e-01
7.390253543853759766e-01 6.239781975746154785e-01
7.525293827056884766e-01 7.583610415458679199e-01
5.687955021858215332e-01 7.088716030120849609e-01
6.808797717094421387e-01 7.834146022796630859e-01
4.960440993309020996e-01 8.180949687957763672e-01
6.588975787162780762e-01 8.080776333808898926e-01
6.602553129196166992e-01 7.953190803527832031e-01
7.925849556922912598e-01 7.734215855598449707e-01
6.582525968551635742e-01 7.127021551132202148e-01
7.681838274002075195e-01 6.209499835968017578e-01
7.229760885238647461e-01 6.951205730438232422e-01
8.349190950393676758e-01 7.708876132965087891e-01
6.293346285820007324e-01 7.528007626533508301e-01
7.556930184364318848e-01 7.494941353797912598e-01
6.113439202308654785e-01 7.753275632858276367e-01
6.982390880584716797e-01 6.918538808822631836e-01
8.121911287307739258e-01 5.799522399902343750e-01
6.936996579170227051e-01 7.753221988677978516e-01
5.695584416389465332e-01 7.597874402999877930e-01
5.804145932197570801e-01 7.731693387031555176e-01
6.334119439125061035e-01 6.600980162620544434e-01
7.309638261795043945e-01 7.164986729621887207e-01
6.570953130722045898e-01 6.085183620452880859e-01
6.190710067749023438e-01 7.316341400146484375e-01
6.572211384773254395e-01 6.216623187065124512e-01
6.936519145965576172e-01 8.079339861869812012e-01
6.816953420639038086e-01 7.926616072654724121e-01
5.891649127006530762e-01 7.733582854270935059e-01
7.918107509613037109e-01 7.456677556037902832e-01
7.404400706291198730e-01 5.530694723129272461e-01
6.086290478706359863e-01 6.722468733787536621e-01
6.218834519386291504e-01 6.147345900535583496e-01
6.538249254226684570e-01 7.370939850807189941e-01
6.002591848373413086e-01 7.810863852500915527e-01
6.759309768676757812e-01 6.685019135475158691e-01
7.712938785552978516e-01 7.790090441703796387e-01
6.366267204284667969e-01 8.187230229377746582e-01
5.342409610748291016e-01 7.288897633552551270e-01
4.440945684909820557e-01 7.886784076690673828e-01
7.212793231010437012e-01 7.660645246505737305e-01
5.596490502357482910e-01 7.553081512451171875e-01
6.975613236427307129e-01 6.280556917190551758e-01
4.904123544692993164e-01 8.294523954391479492e-01
7.006738185882568359e-01 8.108209967613220215e-01
5.881713032722473145e-01 7.101097106933593750e-01
7.411834597587585449e-01 8.469744324684143066e-01
6.272005438804626465e-01 7.957525253295898438e-01
6.274265646934509277e-01 8.241089582443237305e-01
5.701436996459960938e-01 6.473699808120727539e-01
6.854138374328613281e-01 6.483528614044189453e-01
6.749501228332519531e-01 7.395136356353759766e-01
6.073207855224609375e-01 7.190681695938110352e-01
6.281132102012634277e-01 7.105432152748107910e-01
5.267963409423828125e-01 8.298398256301879883e-01
5.313896536827087402e-01 6.434330940246582031e-01
6.350945830345153809e-01 8.398547172546386719e-01
4.669695794582366943e-01 7.089304327964782715e-01
6.854302883148193359e-01 5.444715619087219238e-01
6.491724252700805664e-01 7.885910272598266602e-01
8.278943300247192383e-01 7.393749952316284180e-01
7.007912397384643555e-01 7.115823626518249512e-01
6.876822710037231445e-01 6.484721302986145020e-01
6.808189153671264648e-01 6.986365914344787598e-01
6.232345104217529297e-01 6.269800066947937012e-01
6.236448287963867188e-01 8.208361268043518066e-01
6.617245078086853027e-01 8.238884806632995605e-01
7.580699324607849121e-01 6.449881792068481445e-01
5.795294046401977539e-01 7.782156467437744141e-01
7.051827311515808105e-01 8.196083307266235352e-01
7.463256120681762695e-01 6.874317526817321777e-01
4.923057258129119873e-01 6.245484948158264160e-01
7.023501396179199219e-01 5.570973753929138184e-01
4.872009158134460449e-01 7.895761132240295410e-01
6.296852231025695801e-01 8.498471379280090332e-01
4.849168956279754639e-01 6.579422354698181152e-01
4.863658845424652100e-01 6.308660507202148438e-01
5.147264003753662109e-01 6.804620623588562012e-01
5.410878658294677734e-01 7.430055141448974609e-01
7.428849339485168457e-01 6.180461645126342773e-01
7.577121257781982422e-01 8.012915849685668945e-01
5.586559176445007324e-01 8.696705698966979980e-01
7.231336832046508789e-01 7.419013381004333496e-01
6.550813913345336914e-01 8.183146715164184570e-01
6.952090859413146973e-01 8.554469347000122070e-01
7.439489960670471191e-01 7.245603203773498535e-01
4.943000376224517822e-01 7.573123574256896973e-01
5.549847483634948730e-01 7.857125401496887207e-01
7.483450770378112793e-01 6.968573331832885742e-01
5.832199454307556152e-01 7.995251417160034180e-01
6.316568851470947266e-01 7.440259456634521484e-01
6.279152631759643555e-01 7.577666044235229492e-01
6.177139282226562500e-01 7.069199085235595703e-01
6.395607590675354004e-01 7.894481420516967773e-01
7.404969334602355957e-01 7.567273378372192383e-01
7.414739727973937988e-01 6.820187568664550781e-01
6.808687448501586914e-01 6.954578757286071777e-01
6.567681431770324707e-01 7.643302679061889648e-01
5.025149583816528320e-01 6.439113020896911621e-01
7.752358913421630859e-01 7.824144363403320312e-01
8.044357895851135254e-01 6.366213560104370117e-01
5.769037604331970215e-01 8.360806703567504883e-01
5.606960058212280273e-01 8.291927576065063477e-01
6.383243203163146973e-01 8.199147582054138184e-01
6.559100747108459473e-01 6.731501221656799316e-01
5.364714860916137695e-01 5.842829942703247070e-01
5.851898193359375000e-01 6.871766448020935059e-01
7.593658566474914551e-01 7.813249230384826660e-01
6.469461917877197266e-01 8.433619141578674316e-01
5.828692317008972168e-01 7.752615213394165039e-01
6.510469913482666016e-01 5.293868184089660645e-01
5.698690414428710938e-01 8.070430755615234375e-01
6.751236915588378906e-01 6.540218591690063477e-01
7.693935632705688477e-01 7.807130813598632812e-01
7.828111052513122559e-01 7.822650074958801270e-01
6.957591176033020020e-01 8.221325874328613281e-01
6.416327953338623047e-01 5.839909911155700684e-01
7.454681396484375000e-01 7.344610691070556641e-01
7.473928928375244141e-01 7.733057141304016113e-01
5.840986967086791992e-01 8.628729581832885742e-01
6.890137195587158203e-01 8.381320238113403320e-01
6.580896377563476562e-01 5.698761343955993652e-01
7.627881169319152832e-01 7.758378386497497559e-01
6.170204281806945801e-01 6.876950263977050781e-01
5.574352741241455078e-01 7.682999372482299805e-01
7.952644824981689453e-01 6.509135961532592773e-01
6.129866242408752441e-01 8.013558983802795410e-01
5.610009431838989258e-01 8.243929147720336914e-01
4.961869418621063232e-01 7.391399145126342773e-01
6.580740213394165039e-01 6.507575511932373047e-01
6.344411969184875488e-01 5.157793164253234863e-01
8.128868341445922852e-01 6.651318669319152832e-01
5.393882989883422852e-01 7.143864631652832031e-01
7.325673103332519531e-01 7.269865870475769043e-01
6.076006293296813965e-01 7.380622625350952148e-01
5.184677243232727051e-01 7.743654847145080566e-01
7.415853738784790039e-01 6.754165291786193848e-01
7.428373098373413086e-01 7.925892472267150879e-01
7.743095755577087402e-01 7.215991616249084473e-01
5.839487910270690918e-01 7.299994826316833496e-01
4.955707788467407227e-01 7.653222084045410156e-01
6.660786271095275879e-01 5.701075792312622070e-01
6.960530281066894531e-01 6.923283338546752930e-01
6.536856889724731445e-01 7.825394868850708008e-01
6.987435817718505859e-01 6.900440454483032227e-01
5.363649129867553711e-01 6.454796791076660156e-01
6.017946600914001465e-01 7.810825109481811523e-01
6.088823080062866211e-01 8.263090848922729492e-01
6.861664056777954102e-01 8.466792106628417969e-01
6.352205872535705566e-01 7.007017731666564941e-01
4.681418538093566895e-01 7.024955153465270996e-01
5.128442645072937012e-01 8.528103232383728027e-01
5.306007266044616699e-01 7.666636109352111816e-01
5.957797765731811523e-01 8.117638230323791504e-01
4.289857745170593262e-01 7.365866303443908691e-01
5.866745114326477051e-01 8.104372024536132812e-01
5.699875950813293457e-01 7.908520698547363281e-01
6.582022309303283691e-01 7.958496809005737305e-01
6.708205342292785645e-01 7.850508093833923340e-01
6.033443212509155273e-01 7.465661168098449707e-01
7.189769148826599121e-01 7.508332133293151855e-01
5.630350112915039062e-01 6.203219294548034668e-01
5.977317690849304199e-01 7.705752849578857422e-01
8.043460845947265625e-01 6.073042750358581543e-01
5.551907420158386230e-01 6.522270441055297852e-01
7.091445922851562500e-01 6.344586610794067383e-01
5.625478625297546387e-01 6.863363385200500488e-01
6.238753795623779297e-01 8.027092218399047852e-01
6.771527528762817383e-01 8.300644755363464355e-01
7.861799001693725586e-01 7.431305050849914551e-01
6.241146326065063477e-01 6.910673379898071289e-01
5.485866665840148926e-01 7.224425673484802246e-01
7.473557591438293457e-01 6.427465081214904785e-01
7.881686687469482422e-01 7.690246701240539551e-01
6.897771358489990234e-01 5.972977876663208008e-01
4.583244323730468750e-01 6.940360069274902344e-01
5.056148767471313477e-01 6.995033025741577148e-01
6.766240000724792480e-01 7.098292708396911621e-01
7.882787585258483887e-01 5.822495222091674805e-01
5.754027962684631348e-01 7.871364951133728027e-01
7.611516714096069336e-01 8.123632073402404785e-01
4.457647800445556641e-01 7.662333846092224121e-01
6.841495633125305176e-01 8.407064676284790039e-01
5.492492318153381348e-01 5.874344110488891602e-01
4.965810775756835938e-01 8.191062211990356445e-01
7.045199871063232422e-01 7.838177084922790527e-01
4.628442525863647461e-01 7.378395199775695801e-01
5.030547976493835449e-01 6.332461237907409668e-01
7.062472701072692871e-01 7.495013475418090820e-01
6.799576878547668457e-01 7.156257629394531250e-01
6.068007946014404297e-01 7.724459767341613770e-01
6.500403285026550293e-01 6.657459139823913574e-01
5.072290897369384766e-01 7.505819201469421387e-01
4.770587980747222900e-01 7.841469049453735352e-01
7.314856648445129395e-01 7.674552798271179199e-01
7.032196521759033203e-01 6.430928707122802734e-01
5.056431889533996582e-01 7.398791313171386719e-01
6.989102363586425781e-01 5.587690472602844238e-01
7.365740537643432617e-01 5.450980067253112793e-01
6.428784728050231934e-01 6.320648193359375000e-01
7.369949221611022949e-01 5.663425922393798828e-01
6.597001552581787109e-01 6.545774340629577637e-01
4.302419722080230713e-01 7.348635792732238770e-01
4.417537748813629150e-01 7.265658378601074219e-01
7.443292140960693359e-01 7.762661576271057129e-01
6.388829350471496582e-01 7.414454817771911621e-01
7.436739802360534668e-01 7.665888667106628418e-01
6.697998046875000000e-01 8.087904453277587891e-01
5.301288962364196777e-01 8.561349511146545410e-01
5.561654567718505859e-01 6.757171750068664551e-01
5.370633006095886230e-01 5.908732414245605469e-01
6.337201595306396484e-01 7.352958917617797852e-01
5.520477890968322754e-01 7.357649803161621094e-01
5.536211729049682617e-01 6.611406207084655762e-01
4.961782991886138916e-01 8.016167879104614258e-01
5.181201696395874023e-01 7.622312307357788086e-01
6.687484383583068848e-01 8.378185629844665527e-01
6.728634834289550781e-01 6.943984031677246094e-01
6.908648610115051270e-01 7.601149678230285645e-01
5.986465215682983398e-01 8.397676944732666016e-01
6.226167082786560059e-01 6.215578913688659668e-01
6.134003996849060059e-01 6.422435641288757324e-01
6.642349958419799805e-01 6.677170395851135254e-01
6.047362685203552246e-01 7.777261137962341309e-01
5.797193646430969238e-01 6.258221268653869629e-01
5.948015451431274414e-01 7.206770777702331543e-01
4.320425689220428467e-01 7.077552676200866699e-01
7.110319733619689941e-01 6.043468117713928223e-01
5.865706205368041992e-01 7.915949225425720215e-01
6.748239398002624512e-01 8.198010921478271484e-01
4.474498331546783447e-01 6.962997913360595703e-01
7.508786916732788086e-01 7.023015022277832031e-01
6.136560440063476562e-01 5.340206027030944824e-01
5.972995758056640625e-01 8.575015664100646973e-01
6.326090097427368164e-01 8.095595240592956543e-01
7.474645376205444336e-01 7.635873556137084961e-01
7.016590237617492676e-01 8.274183869361877441e-01
6.139134764671325684e-01 7.508505582809448242e-01
7.374347448348999023e-01 8.254072070121765137e-01
6.788251399993896484e-01 8.240716457366943359e-01
6.945037245750427246e-01 6.867882609367370605e-01
6.755877733230590820e-01 8.237400054931640625e-01
5.973893404006958008e-01 7.300724387168884277e-01
5.632157921791076660e-01 7.792686820030212402e-01
6.861641407012939453e-01 8.141810894012451172e-01
7.338020801544189453e-01 7.831825613975524902e-01
7.398011088371276855e-01 6.621606945991516113e-01
5.849343538284301758e-01 7.837358117103576660e-01
7.297112345695495605e-01 6.068223118782043457e-01
5.127906799316406250e-01 7.909510135650634766e-01
6.482378840446472168e-01 7.989828586578369141e-01
7.628652453422546387e-01 6.663100123405456543e-01
7.221571803092956543e-01 7.556148767471313477e-01
6.323117017745971680e-01 5.925266146659851074e-01
7.080761790275573730e-01 7.222362756729125977e-01
7.027827501296997070e-01 5.580202341079711914e-01
6.142467260360717773e-01 7.775964140892028809e-01
4.893085360527038574e-01 6.736051440238952637e-01
4.703247547149658203e-01 6.536275744438171387e-01
5.720273256301879883e-01 7.526450753211975098e-01
6.084194779396057129e-01 6.657276749610900879e-01
7.106827497482299805e-01 8.534833192825317383e-01
6.131042838096618652e-01 6.776515841484069824e-01
6.851215958595275879e-01 6.420657038688659668e-01
4.869473278522491455e-01 7.801637053489685059e-01
6.881552934646606445e-01 7.945371866226196289e-01
6.706031560897827148e-01 8.544825315475463867e-01
6.097054481506347656e-01 7.882027626037597656e-01
6.638974547386169434e-01 7.730522751808166504e-01
5.010998249053955078e-01 7.226867675781250000e-01
5.730615258216857910e-01 7.923735976219177246e-01
4.466642439365386963e-01 7.450652122497558594e-01
6.889412403106689453e-01 6.476199030876159668e-01
6.693250536918640137e-01 8.480700850486755371e-01
6.266688108444213867e-01 5.959880948066711426e-01
6.218031048774719238e-01 8.110439777374267578e-01
5.558104515075683594e-01 7.654877901077270508e-01
6.646358370780944824e-01 7.410910725593566895e-01
6.699996590614318848e-01 5.852593183517456055e-01
7.022179365158081055e-01 6.071622967720031738e-01
5.593883395195007324e-01 8.510295748710632324e-01
6.794096231460571289e-01 5.714447498321533203e-01
4.931534826755523682e-01 7.838204503059387207e-01
7.395265102386474609e-01 5.960762500762939453e-01
7.797741293907165527e-01 6.448242068290710449e-01
6.230999827384948730e-01 5.656830072402954102e-01
7.013123035430908203e-01 5.323551893234252930e-01
5.327202081680297852e-01 7.049831748008728027e-01
6.553905606269836426e-01 8.652224540710449219e-01
5.629900097846984863e-01 7.244789004325866699e-01
7.172670364379882812e-01 7.920760512351989746e-01
5.064137578010559082e-01 6.287645697593688965e-01
7.358877062797546387e-01 7.410095930099487305e-01
5.400645136833190918e-01 6.781859993934631348e-01
7.898858189582824707e-01 7.842324376106262207e-01
6.444586515426635742e-01 8.224080801010131836e-01
6.802343130111694336e-01 6.878511309623718262e-01
6.689831614494323730e-01 6.217544078826904297e-01
6.546648144721984863e-01 8.029111027717590332e-01
4.384598135948181152e-01 6.991335749626159668e-01
6.013500690460205078e-01 6.948633193969726562e-01
5.595414042472839355e-01 7.125182747840881348e-01
6.969072222709655762e-01 7.457642555236816406e-01
6.714262962341308594e-01 5.637223720550537109e-01
6.323847174644470215e-01 6.263576745986938477e-01
6.255503296852111816e-01 7.855286598205566406e-01
5.544056296348571777e-01 6.405786275863647461e-01
5.540239810943603516e-01 7.269139885902404785e-01
6.030838489532470703e-01 8.074822425842285156e-01
4.103646874427795410e-01 7.680417299270629883e-01
5.323771238327026367e-01 7.709387540817260742e-01
8.221633434295654297e-01 6.836981773376464844e-01
6.371255517005920410e-01 7.348968386650085449e-01
7.110270857810974121e-01 7.749071717262268066e-01
4.965684711933135986e-01 6.566050648689270020e-01
5.769131779670715332e-01 6.690830588340759277e-01
7.437808513641357422e-01 5.317912697792053223e-01
6.192755103111267090e-01 7.769419550895690918e-01
4.040742218494415283e-01 7.291292548179626465e-01
5.387035608291625977e-01 6.796838641166687012e-01
5.060222744941711426e-01 6.443761587142944336e-01
7.701708078384399414e-01 7.825494408607482910e-01
7.178374528884887695e-01 5.916913747787475586e-01
5.673703551292419434e-01 7.291602492332458496e-01
5.858564972877502441e-01 8.758221864700317383e-01
6.832749843597412109e-01 5.901599526405334473e-01
6.554933190345764160e-01 6.745863556861877441e-01
6.547673940658569336e-01 6.175392270088195801e-01
4.611617326736450195e-01 7.785664796829223633e-01
5.598754286766052246e-01 6.341073513031005859e-01
6.862186789512634277e-01 5.906922817230224609e-01
4.594244956970214844e-01 7.729592919349670410e-01
6.614566445350646973e-01 6.678236126899719238e-01
4.275320768356323242e-01 7.712515592575073242e-01
5.660360455513000488e-01 8.332701921463012695e-01
6.961484551429748535e-01 6.798788905143737793e-01
5.971480011940002441e-01 6.723475456237792969e-01
6.155999898910522461e-01 8.208828568458557129e-01
4.243971109390258789e-01 7.587409019470214844e-01
6.048511266708374023e-01 8.140211701393127441e-01
6.100730895996093750e-01 6.379656791687011719e-01
5.946065783500671387e-01 7.878727316856384277e-01
5.590703487396240234e-01 6.639991998672485352e-01
6.779999732971191406e-01 7.453210949897766113e-01
7.862513065338134766e-01 7.463249564170837402e-01
7.139941453933715820e-01 5.809899568557739258e-01
6.517452001571655273e-01 7.626975774765014648e-01
7.308757901191711426e-01 7.780857086181640625e-01
5.142806768417358398e-01 6.340985298156738281e-01
5.069881677627563477e-01 8.133719563484191895e-01
6.136669516563415527e-01 7.361202239990234375e-01
5.994381308555603027e-01 6.785380840301513672e-01
6.166229248046875000e-01 8.665853142738342285e-01
6.769548058509826660e-01 7.352520823478698730e-01
4.913141131401062012e-01 7.448892593383789062e-01
7.377857565879821777e-01 6.792093515396118164e-01
5.435426831245422363e-01 5.903600454330444336e-01
6.585548520088195801e-01 7.954853177070617676e-01
8.112818598747253418e-01 7.118216753005981445e-01
6.160116195678710938e-01 7.416589260101318359e-01
7.173468470573425293e-01 7.644448280334472656e-01
7.609076499938964844e-01 7.423518300056457520e-01
5.859444737434387207e-01 6.112807989120483398e-01
7.325180768966674805e-01 5.317658185958862305e-01
6.407132148742675781e-01 5.769538879394531250e-01
4.536924660205841064e-01 7.919902801513671875e-01
5.981264710426330566e-01 7.432568073272705078e-01
7.113010883331298828e-01 5.850780606269836426e-01
4.896710813045501709e-01 7.309060692787170410e-01
5.671706199645996094e-01 6.897802352905273438e-01
6.945812702178955078e-01 7.180148959159851074e-01
7.687735557556152344e-01 6.588112115859985352e-01
5.507445335388183594e-01 7.173902392387390137e-01
6.048874855041503906e-01 6.541059613227844238e-01
5.148173570632934570e-01 7.601469159126281738e-01
6.165553927421569824e-01 8.171326518058776855e-01
5.866452455520629883e-01 8.343769311904907227e-01
6.947379708290100098e-01 8.496683239936828613e-01
5.479802489280700684e-01 6.965420246124267578e-01
4.345462024211883545e-01 7.111123204231262207e-01
6.624952554702758789e-01 6.854190230369567871e-01
6.332144141197204590e-01 7.718408703804016113e-01
5.169540047645568848e-01 6.697355508804321289e-01
7.131919264793395996e-01 8.272938132286071777e-01
6.034368872642517090e-01 6.378794312477111816e-01
6.121669411659240723e-01 7.430251836776733398e-01
5.003446936607360840e-01 7.467100620269775391e-01
6.030501723289489746e-01 8.122917413711547852e-01
6.806765794754028320e-01 7.766996622085571289e-01
6.946223378181457520e-01 7.723731994628906250e-01
6.809448599815368652e-01 6.407209038734436035e-01
5.851023197174072266e-01 6.851381063461303711e-01
6.017370820045471191e-01 7.776762843132019043e-01
6.832439899444580078e-01 8.477433323860168457e-01
5.431336760520935059e-01 7.821533083915710449e-01
6.711149215698242188e-01 6.818881630897521973e-01
5.348878502845764160e-01 6.084921360015869141e-01
6.426630020141601562e-01 6.127111315727233887e-01
5.736650228500366211e-01 8.651243448257446289e-01
6.193150877952575684e-01 7.874367833137512207e-01
4.455436766147613525e-01 6.839610934257507324e-01
7.082332372665405273e-01 7.675805687904357910e-01
6.021347045898437500e-01 7.152686119079589844e-01
4.914006888866424561e-01 6.407662034034729004e-01
6.491700410842895508e-01 8.029655814170837402e-01
4.776078462600708008e-01 8.057445883750915527e-01
6.855321526527404785e-01 7.362867593765258789e-01
6.739770770072937012e-01 7.229149937629699707e-01
7.160875201225280762e-01 7.973242998123168945e-01
7.218402624130249023e-01 7.017854452133178711e-01
7.113294601440429688e-01 6.521230340003967285e-01
5.722332000732421875e-01 7.597273588180541992e-01
5.259830355644226074e-01 7.401151061058044434e-01
6.861968636512756348e-01 7.299727797508239746e-01
5.680762529373168945e-01 6.647820472717285156e-01
6.150965094566345215e-01 5.831019878387451172e-01
5.097503662109375000e-01 7.880792021751403809e-01
5.920585989952087402e-01 7.724029421806335449e-01
4.934496283531188965e-01 7.515828013420104980e-01
5.484324693679809570e-01 6.380802392959594727e-01
4.303138852119445801e-01 7.525492906570434570e-01
6.479325294494628906e-01 6.014835834503173828e-01
4.763355255126953125e-01 7.636300921440124512e-01
6.493597626686096191e-01 7.867572307586669922e-01
5.368745326995849609e-01 6.963021755218505859e-01
4.763069450855255127e-01 7.611662745475769043e-01
6.474103927612304688e-01 7.661617994308471680e-01
7.696380615234375000e-01 7.755546569824218750e-01
4.565111696720123291e-01 7.482115030288696289e-01
6.916543245315551758e-01 6.855822205543518066e-01
7.618588209152221680e-01 7.749645709991455078e-01
7.045285701751708984e-01 7.331683635711669922e-01
5.390974879264831543e-01 5.692920088768005371e-01
6.506545543670654297e-01 6.561988592147827148e-01
4.927468597888946533e-01 7.792924046516418457e-01
5.532224774360656738e-01 8.576498031616210938e-01
6.777412295341491699e-01 7.471891045570373535e-01
6.475476622581481934e-01 8.322075605392456055e-01
6.230326890945434570e-01 8.164057731628417969e-01
6.480135917663574219e-01 6.665251851081848145e-01
6.504198908805847168e-01 7.043654918670654297e-01
4.904718697071075439e-01 7.267901897430419922e-01
6.828122138977050781e-01 7.825661301612854004e-01
5.643886923789978027e-01 5.500051975250244141e-01
5.858848094940185547e-01 7.832075357437133789e-01
7.615925073623657227e-01 8.115954399108886719e-01
5.598603487014770508e-01 8.354917764663696289e-01
7.162942886352539062e-01 5.214587450027465820e-01
6.571561694145202637e-01 6.171529293060302734e-01
4.975327253341674805e-01 7.717325687408447266e-01
5.184484720230102539e-01 7.449811697006225586e-01
6.775376796722412109e-01 7.386383414268493652e-01
7.016164660453796387e-01 7.722809314727783203e-01
7.339573502540588379e-01 7.695598602294921875e-01
5.441225767135620117e-01 7.756215929985046387e-01
6.103466749191284180e-01 7.420738339424133301e-01
5.654093623161315918e-01 6.077281236648559570e-01
6.886863112449645996e-01 7.699210047721862793e-01
5.350433588027954102e-01 8.499597311019897461e-01
6.333674788475036621e-01 7.160519957542419434e-01
5.228757262229919434e-01 6.702205538749694824e-01
5.122858285903930664e-01 8.432422280311584473e-01
6.436485052108764648e-01 7.258544564247131348e-01
6.802137494087219238e-01 6.952197551727294922e-01
6.213948726654052734e-01 8.267052769660949707e-01
7.037407755851745605e-01 7.086553573608398438e-01
6.388243436813354492e-01 7.040002346038818359e-01
6.442122459411621094e-01 8.451254963874816895e-01
6.562869548797607422e-01 6.210617423057556152e-01
6.316840052604675293e-01 5.910986065864562988e-01
6.002405881881713867e-01 6.200420260429382324e-01
7.195295095443725586e-01 6.902372241020202637e-01
5.417305827140808105e-01 7.638239860534667969e-01
6.219418048858642578e-01 6.917166709899902344e-01
6.336109042167663574e-01 6.464510560035705566e-01
5.429226160049438477e-01 6.560526490211486816e-01
5.583611130714416504e-01 8.082624077796936035e-01
5.865965485572814941e-01 5.533919334411621094e-01
7.792834639549255371e-01 6.918717026710510254e-01
6.411005854606628418e-01 6.380440592765808105e-01
5.006124973297119141e-01 7.199656367301940918e-01
5.133534073829650879e-01 7.300773859024047852e-01
6.738453507423400879e-01 6.362380385398864746e-01
6.139331459999084473e-01 6.846847534179687500e-01
3.947431445121765137e-01 7.246544361114501953e-01
5.835235118865966797e-01 7.603155970573425293e-01
5.420926809310913086e-01 7.902743220329284668e-01
5.327841639518737793e-01 8.092454671859741211e-01
6.283252239227294922e-01 8.395786881446838379e-01
5.704731345176696777e-01 6.907975077629089355e-01
6.182041764259338379e-01 6.157249212265014648e-01
6.321220397949218750e-01 7.265107631683349609e-01
6.403862833976745605e-01 6.286665797233581543e-01
6.206502914428710938e-01 6.088104844093322754e-01
6.443898677825927734e-01 7.803143262863159180e-01
7.567030787467956543e-01 6.409976482391357422e-01
6.273121833801269531e-01 8.092186450958251953e-01
7.174440026283264160e-01 6.254900693893432617e-01
6.779401302337646484e-01 6.371863484382629395e-01
7.224167585372924805e-01 5.984219908714294434e-01
7.019741535186767578e-01 6.080744266510009766e-01
7.382474541664123535e-01 8.051968216896057129e-01
6.738674640655517578e-01 8.017805814743041992e-01
5.956848263740539551e-01 5.185865759849548340e-01
6.600589752197265625e-01 7.420043349266052246e-01
5.083892345428466797e-01 6.737855672836303711e-01
6.020811796188354492e-01 7.700842618942260742e-01
4.596028029918670654e-01 6.697226166725158691e-01
5.996587276458740234e-01 7.935948967933654785e-01
6.808717846870422363e-01 5.642259716987609863e-01
4.909277260303497314e-01 7.583029866218566895e-01
5.292444825172424316e-01 6.023652553558349609e-01
6.155167222023010254e-01 8.024817705154418945e-01
5.947368741035461426e-01 6.747758388519287109e-01
6.861832737922668457e-01 6.903595924377441406e-01
6.144548654556274414e-01 6.798462867736816406e-01
6.962743401527404785e-01 5.878358483314514160e-01
7.774648666381835938e-01 6.857091784477233887e-01
6.231684088706970215e-01 4.297075569629669189e-01
6.618383526802062988e-01 8.191841244697570801e-01
4.882921278476715088e-01 8.085516691207885742e-01
6.414294242858886719e-01 5.173228383064270020e-01
6.306508183479309082e-01 8.262172937393188477e-01
5.232846736907958984e-01 7.075493931770324707e-01
6.042572259902954102e-01 8.188840150833129883e-01
6.474680304527282715e-01 7.900547385215759277e-01
5.330288410186767578e-01 8.377392888069152832e-01
6.747938394546508789e-01 7.732315659523010254e-01
6.873537898063659668e-01 6.682571172714233398e-01
5.145288705825805664e-01 7.353938817977905273e-01
6.242931485176086426e-01 6.823738217353820801e-01
6.380558609962463379e-01 7.190634012222290039e-01
5.291966199874877930e-01 5.831221938133239746e-01
7.362647652626037598e-01 7.654304504394531250e-01
7.430189251899719238e-01 6.761683821678161621e-01
5.861224532127380371e-01 6.287064552307128906e-01
5.334683656692504883e-01 7.293574213981628418e-01
5.558953285217285156e-01 7.278610467910766602e-01
5.243639349937438965e-01 6.666998863220214844e-01
6.366095542907714844e-01 7.852317690849304199e-01
7.251560091972351074e-01 6.293470859527587891e-01
7.196761965751647949e-01 6.473604440689086914e-01
5.065218210220336914e-01 7.870194911956787109e-01
7.373556494712829590e-01 6.057822108268737793e-01
5.213814377784729004e-01 7.634492516517639160e-01
5.997361540794372559e-01 7.850253582000732422e-01
5.558204650878906250e-01 7.994877099990844727e-01
6.632204055786132812e-01 7.851613163948059082e-01
6.395626664161682129e-01 8.515263199806213379e-01
6.907914876937866211e-01 5.208800435066223145e-01
4.753539562225341797e-01 7.222674489021301270e-01
6.604074239730834961e-01 7.490723133087158203e-01
5.394808650016784668e-01 7.464975714683532715e-01
6.882857680320739746e-01 7.940912842750549316e-01
7.338834404945373535e-01 6.917539834976196289e-01
5.541194677352905273e-01 7.735320329666137695e-01
7.654071450233459473e-01 6.726793646812438965e-01
5.010321140289306641e-01 7.453944683074951172e-01
5.270825028419494629e-01 8.453003764152526855e-01
7.536904811859130859e-01 7.574214339256286621e-01
5.618404150009155273e-01 7.523201107978820801e-01
6.415804624557495117e-01 5.780538916587829590e-01
5.985263586044311523e-01 6.729556918144226074e-01
6.781424880027770996e-01 7.493954300880432129e-01
6.486476659774780273e-01 8.336902260780334473e-01
6.024901270866394043e-01 8.399868607521057129e-01
6.713352799415588379e-01 7.265688776969909668e-01
6.023909449577331543e-01 8.385936021804809570e-01
5.895859599113464355e-01 6.090220212936401367e-01
7.021178603172302246e-01 7.509853243827819824e-01
7.902666926383972168e-01 7.004937529563903809e-01
5.103015899658203125e-01 7.033690810203552246e-01
5.647664070129394531e-01 8.199559450149536133e-01
6.236050724983215332e-01 5.958760976791381836e-01
7.471802830696105957e-01 6.931389570236206055e-01
4.787707030773162842e-01 7.169317603111267090e-01
5.321241617202758789e-01 7.075802087783813477e-01
5.471962094306945801e-01 6.619321703910827637e-01
6.730172634124755859e-01 6.275699734687805176e-01
6.019613146781921387e-01 8.537730574607849121e-01
5.835643410682678223e-01 7.076699137687683105e-01
6.042905449867248535e-01 6.406201124191284180e-01
7.030000686645507812e-01 6.882500052452087402e-01
7.901799082756042480e-01 6.630700826644897461e-01
5.798555612564086914e-01 8.004367947578430176e-01
6.035722494125366211e-01 7.176006436347961426e-01
4.603166580200195312e-01 6.600446701049804688e-01
6.636008620262145996e-01 7.091485857963562012e-01
6.356176137924194336e-01 7.904950380325317383e-01
5.882266759872436523e-01 6.521127820014953613e-01
6.198501586914062500e-01 6.981433033943176270e-01
4.727585911750793457e-01 8.022587895393371582e-01
7.548014521598815918e-01 7.285049557685852051e-01
5.888957381248474121e-01 7.571040987968444824e-01
6.516459584236145020e-01 7.662530541419982910e-01
5.819231271743774414e-01 5.501777529716491699e-01
4.465497732162475586e-01 7.711027860641479492e-01
4.769226014614105225e-01 6.962731480598449707e-01
5.620832443237304688e-01 7.557532787322998047e-01
7.420879602432250977e-01 8.053814768791198730e-01
7.050577998161315918e-01 8.147512078285217285e-01
6.324270963668823242e-01 8.080005645751953125e-01
4.904432892799377441e-01 6.606133580207824707e-01
7.050349116325378418e-01 8.367268443107604980e-01
5.218456387519836426e-01 8.166935443878173828e-01
4.371376037597656250e-01 7.682953476905822754e-01
5.642299056053161621e-01 6.968610882759094238e-01
7.707031965255737305e-01 7.764952778816223145e-01
7.703161239624023438e-01 7.560210824012756348e-01
4.855516552925109863e-01 7.905885577201843262e-01
5.184794664382934570e-01 6.746876835823059082e-01
6.482607722282409668e-01 7.361447811126708984e-01
5.557550787925720215e-01 8.389879465103149414e-01
5.651221871376037598e-01 6.726596355438232422e-01
5.658929944038391113e-01 7.790893316268920898e-01
6.947474479675292969e-01 7.721979022026062012e-01
5.715571045875549316e-01 8.153376579284667969e-01
6.791061758995056152e-01 6.124606728553771973e-01
6.108640432357788086e-01 7.144569754600524902e-01
5.056235194206237793e-01 8.307216167449951172e-01
4.954196214675903320e-01 8.048675060272216797e-01
5.415077805519104004e-01 7.266722917556762695e-01
5.313889384269714355e-01 8.460527062416076660e-01
7.309730052947998047e-01 7.338279485702514648e-01
6.602028012275695801e-01 7.272611856460571289e-01
5.922694802284240723e-01 7.099778652191162109e-01
5.501423478126525879e-01 8.052765727043151855e-01
6.465180516242980957e-01 6.716485023498535156e-01
6.286882758140563965e-01 6.114732027053833008e-01
5.491810441017150879e-01 8.257980346679687500e-01
5.832999944686889648e-01 8.471341729164123535e-01
6.202313899993896484e-01 6.022921204566955566e-01
4.605648815631866455e-01 7.729328274726867676e-01
5.212489366531372070e-01 5.795567631721496582e-01
6.886637210845947266e-01 5.551429986953735352e-01
6.009055972099304199e-01 5.729320049285888672e-01
6.572743654251098633e-01 7.902189493179321289e-01
7.640114426612854004e-01 6.839847564697265625e-01
5.000410079956054688e-01 8.143222332000732422e-01
4.471548795700073242e-01 7.891409397125244141e-01
6.426159143447875977e-01 7.979099154472351074e-01
7.050203680992126465e-01 7.680269479751586914e-01
6.774779558181762695e-01 7.923092842102050781e-01
7.820462584495544434e-01 6.749265193939208984e-01
4.607423543930053711e-01 6.452835798263549805e-01
5.361864566802978516e-01 8.441466689109802246e-01
5.263491272926330566e-01 7.027795314788818359e-01
5.119043588638305664e-01 7.178430557250976562e-01
6.645771861076354980e-01 7.682156562805175781e-01
5.221734642982482910e-01 6.862649321556091309e-01
6.654341816902160645e-01 6.437742710113525391e-01
7.222472429275512695e-01 6.791160106658935547e-01
7.269983887672424316e-01 8.069099783897399902e-01
5.354184508323669434e-01 7.320438027381896973e-01
5.881105065345764160e-01 5.650502443313598633e-01
4.429973661899566650e-01 6.543946862220764160e-01
7.377588748931884766e-01 6.300423145294189453e-01
4.988319575786590576e-01 5.502066016197204590e-01
7.573580145835876465e-01 6.869940757751464844e-01
6.686301231384277344e-01 7.490481734275817871e-01
6.226585507392883301e-01 6.681563854217529297e-01
6.100220084190368652e-01 8.073041439056396484e-01
5.690767765045166016e-01 7.651602029800415039e-01
6.770023703575134277e-01 6.732683181762695312e-01
6.636474728584289551e-01 5.616936683654785156e-01
5.733860135078430176e-01 6.761247515678405762e-01
6.721112728118896484e-01 5.918723940849304199e-01
5.260091423988342285e-01 7.541128993034362793e-01
6.298038363456726074e-01 7.453062534332275391e-01
5.464280247688293457e-01 7.374968528747558594e-01
6.543812751770019531e-01 7.238615155220031738e-01
7.187563180923461914e-01 6.085557937622070312e-01
6.968605518341064453e-01 8.292260169982910156e-01
6.005222201347351074e-01 6.475563049316406250e-01
6.312574744224548340e-01 7.019197940826416016e-01
7.018079161643981934e-01 6.485956311225891113e-01
7.044560313224792480e-01 8.380197882652282715e-01
5.242598652839660645e-01 7.189719676971435547e-01
6.605104207992553711e-01 7.314719557762145996e-01
4.627142548561096191e-01 7.822838425636291504e-01
5.926232337951660156e-01 6.658524870872497559e-01
6.267440915107727051e-01 7.323641777038574219e-01
6.247009634971618652e-01 5.596270561218261719e-01
6.186998486518859863e-01 7.973955869674682617e-01
6.287652254104614258e-01 5.332626104354858398e-01
6.612595319747924805e-01 6.235645413398742676e-01
5.354139208793640137e-01 7.389110922813415527e-01
6.593080759048461914e-01 7.062785029411315918e-01
6.454144716262817383e-01 5.442619323730468750e-01
5.334540009498596191e-01 7.756804227828979492e-01
6.615238189697265625e-01 7.012659907341003418e-01
5.591415166854858398e-01 6.137611865997314453e-01
6.380947232246398926e-01 7.145069241523742676e-01
5.171700716018676758e-01 6.593861579895019531e-01
5.010510683059692383e-01 7.034029960632324219e-01
5.739254951477050781e-01 5.683791041374206543e-01
4.541621804237365723e-01 8.256368041038513184e-01
4.642450511455535889e-01 6.425969004631042480e-01
6.267805099487304688e-01 7.990047335624694824e-01
6.060204505920410156e-01 7.683581113815307617e-01
4.929413497447967529e-01 6.971799731254577637e-01
5.694025158882141113e-01 6.459022760391235352e-01
7.475448250770568848e-01 5.886237621307373047e-01
6.071342825889587402e-01 7.644746899604797363e-01
6.016018390655517578e-01 7.142230272293090820e-01
6.003780364990234375e-01 6.767961382865905762e-01
5.857098698616027832e-01 7.674421668052673340e-01
6.410106420516967773e-01 5.962184071540832520e-01
6.536585092544555664e-01 6.983247995376586914e-01
5.004088878631591797e-01 6.742747426033020020e-01
7.105412483215332031e-01 6.323106884956359863e-01
4.692254066467285156e-01 7.002289295196533203e-01
5.505497455596923828e-01 6.795098781585693359e-01
4.734150171279907227e-01 7.713432312011718750e-01
6.064320802688598633e-01 7.279202938079833984e-01
6.512578725814819336e-01 7.791640758514404297e-01
6.821063160896301270e-01 7.939207553863525391e-01
5.485064387321472168e-01 6.453021168708801270e-01
4.434429109096527100e-01 6.136425733566284180e-01
5.781083703041076660e-01 8.541057705879211426e-01
4.716758131980895996e-01 8.149978518486022949e-01
6.760832071304321289e-01 7.095049619674682617e-01
5.552064776420593262e-01 7.808090448379516602e-01
5.633733272552490234e-01 5.358234643936157227e-01
7.522979378700256348e-01 7.426900267601013184e-01
4.965944290161132812e-01 7.978754639625549316e-01
6.337548494338989258e-01 7.392643690109252930e-01
5.831950902938842773e-01 8.008188009262084961e-01
5.977630615234375000e-01 5.113050341606140137e-01
5.758147239685058594e-01 8.105936646461486816e-01
5.161993503570556641e-01 7.840694785118103027e-01
4.205251634120941162e-01 7.613604664802551270e-01
6.263043880462646484e-01 6.133257150650024414e-01
6.056721210479736328e-01 7.221130132675170898e-01
4.559836089611053467e-01 6.549195647239685059e-01
7.037648558616638184e-01 7.431410551071166992e-01
5.544843077659606934e-01 7.618712782859802246e-01
6.705610156059265137e-01 6.885168552398681641e-01
7.003619074821472168e-01 7.408375144004821777e-01
5.889330506324768066e-01 6.220403909683227539e-01
5.292463898658752441e-01 7.321060895919799805e-01
5.656754374504089355e-01 8.265088200569152832e-01
6.229190826416015625e-01 6.711028218269348145e-01
5.978229045867919922e-01 7.706120610237121582e-01
5.193550586700439453e-01 8.286756873130798340e-01
5.944080352783203125e-01 7.287161946296691895e-01
6.455646157264709473e-01 7.395537495613098145e-01
4.569010138511657715e-01 7.423269152641296387e-01
5.462722778320312500e-01 7.104163765907287598e-01
6.309375762939453125e-01 5.842708349227905273e-01
4.633449912071228027e-01 7.753997445106506348e-01
7.284138202667236328e-01 7.698484063148498535e-01
7.293381690979003906e-01 7.829151153564453125e-01
5.814794898033142090e-01 6.198443770408630371e-01
5.742365717887878418e-01 6.484643816947937012e-01
4.822152554988861084e-01 6.533959507942199707e-01
7.474120259284973145e-01 5.386584401130676270e-01
7.613430619239807129e-01 6.920756697654724121e-01
4.532849490642547607e-01 8.004030585289001465e-01
5.193182229995727539e-01 7.324220538139343262e-01
6.410409212112426758e-01 6.009026169776916504e-01
6.085928082466125488e-01 6.620792746543884277e-01
6.455827355384826660e-01 7.518615126609802246e-01
6.199678778648376465e-01 6.488093137741088867e-01
6.693971753120422363e-01 8.319462537765502930e-01
6.110437512397766113e-01 7.681749463081359863e-01
6.424821019172668457e-01 7.207268476486206055e-01
7.842908501625061035e-01 5.975728631019592285e-01
5.839979052543640137e-01 4.918988049030303955e-01
4.815936982631683350e-01 7.576101422309875488e-01
6.534700989723205566e-01 8.290772438049316406e-01
5.244007110595703125e-01 7.423127293586730957e-01
4.727577567100524902e-01 7.414126396179199219e-01
6.215513348579406738e-01 7.173760533332824707e-01
6.326000690460205078e-01 7.327802777290344238e-01
4.505469501018524170e-01 8.261652588844299316e-01
5.512821674346923828e-01 7.960978746414184570e-01
6.383877396583557129e-01 8.259614706039428711e-01
6.544648408889770508e-01 7.881057858467102051e-01
6.278418898582458496e-01 7.745352387428283691e-01
5.569801926612854004e-01 7.449613809585571289e-01
6.930794119834899902e-01 8.057115077972412109e-01
5.877206921577453613e-01 8.306199312210083008e-01
7.444360256195068359e-01 7.685507535934448242e-01
5.799326300621032715e-01 8.143973350524902344e-01
6.895354390144348145e-01 5.750095248222351074e-01
6.513907909393310547e-01 7.413519024848937988e-01
6.209200620651245117e-01 7.036408185958862305e-01
6.288044452667236328e-01 7.228287458419799805e-01
5.424463152885437012e-01 8.243214488029479980e-01
5.065809488296508789e-01 8.302603960037231445e-01
5.018984079360961914e-01 6.508007049560546875e-01
5.659189224243164062e-01 5.800263881683349609e-01
4.623866081237792969e-01 7.803103327751159668e-01
6.832615733146667480e-01 6.218110322952270508e-01
5.299568176269531250e-01 6.518014669418334961e-01
5.717063546180725098e-01 7.847090959548950195e-01
6.816851496696472168e-01 7.469487786293029785e-01
7.145565152168273926e-01 7.522585391998291016e-01
6.303717494010925293e-01 7.040221691131591797e-01
5.407790541648864746e-01 8.632021546363830566e-01
7.154718041419982910e-01 7.353056073188781738e-01
6.972755193710327148e-01 7.514616847038269043e-01
6.253386735916137695e-01 8.057511448860168457e-01
5.705448985099792480e-01 7.760735750198364258e-01
6.424532532691955566e-01 8.232639431953430176e-01
5.180931091308593750e-01 6.922803521156311035e-01
5.479472279548645020e-01 6.435946226119995117e-01
7.074291110038757324e-01 8.030368685722351074e-01
4.777006506919860840e-01 7.761209011077880859e-01
5.773871541023254395e-01 8.339999318122863770e-01
5.789997577667236328e-01 7.058932781219482422e-01
7.322591543197631836e-01 5.409396886825561523e-01
6.229401826858520508e-01 8.484351634979248047e-01
6.741458773612976074e-01 7.753576040267944336e-01
7.050011754035949707e-01 7.334648966789245605e-01
5.674704909324645996e-01 7.159366011619567871e-01
7.714015245437622070e-01 7.409507036209106445e-01
6.315398812294006348e-01 6.619443893432617188e-01
7.612818479537963867e-01 7.485833168029785156e-01
4.959832429885864258e-01 6.424130201339721680e-01
6.622692346572875977e-01 5.496462583541870117e-01
6.402295827865600586e-01 8.311313986778259277e-01
4.407243430614471436e-01 7.220218181610107422e-01
4.692145884037017822e-01 7.716702222824096680e-01
4.626425802707672119e-01 6.933141946792602539e-01
7.247144579887390137e-01 7.641468048095703125e-01
7.237906455993652344e-01 6.859984397888183594e-01
5.882561206817626953e-01 7.153156399726867676e-01
7.789734601974487305e-01 5.697350502014160156e-01
3.770180046558380127e-01 7.689458727836608887e-01
7.144834995269775391e-01 6.088317632675170898e-01
5.276666879653930664e-01 6.557134389877319336e-01
6.442801356315612793e-01 6.568859815597534180e-01
6.447135210037231445e-01 5.970089435577392578e-01
6.518400311470031738e-01 7.017371058464050293e-01
7.380140423774719238e-01 5.381978750228881836e-01
5.516452193260192871e-01 7.025287747383117676e-01
7.287073731422424316e-01 7.550798654556274414e-01
5.442849397659301758e-01 8.425517678260803223e-01
6.831575632095336914e-01 5.631666183471679688e-01
6.694118976593017578e-01 5.347665548324584961e-01
5.983020663261413574e-01 8.157712221145629883e-01
5.035219788551330566e-01 6.226010322570800781e-01
5.628135800361633301e-01 8.689269423484802246e-01
5.614241361618041992e-01 7.887271046638488770e-01
6.007884144783020020e-01 7.419127225875854492e-01
6.977692842483520508e-01 7.700386643409729004e-01
8.080909252166748047e-01 6.602838039398193359e-01
4.913780093193054199e-01 6.279976367950439453e-01
7.749175429344177246e-01 7.685198783874511719e-01
6.242431402206420898e-01 6.720541715621948242e-01
6.544424295425415039e-01 5.025252699851989746e-01
6.281336545944213867e-01 7.884861230850219727e-01
5.357566475868225098e-01 8.152177333831787109e-01
6.347979307174682617e-01 6.367989778518676758e-01
7.104373574256896973e-01 8.022083640098571777e-01
4.630176424980163574e-01 6.492648124694824219e-01
6.914203166961669922e-01 6.038751006126403809e-01
6.056379675865173340e-01 6.463413834571838379e-01
3.920242786407470703e-01 7.271393537521362305e-01
7.523431777954101562e-01 7.326521873474121094e-01
6.417281031608581543e-01 6.918766498565673828e-01
5.997095108032226562e-01 6.734850406646728516e-01
6.112416982650756836e-01 8.626472353935241699e-01
4.131188690662384033e-01 6.856188774108886719e-01
4.868022799491882324e-01 6.260768771171569824e-01
7.320469021797180176e-01 7.316936850547790527e-01
5.779798030853271484e-01 8.129793405532836914e-01
6.377679109573364258e-01 7.350999712944030762e-01
6.817114949226379395e-01 5.752345919609069824e-01
6.146944165229797363e-01 7.877934575080871582e-01
6.952053904533386230e-01 7.121751308441162109e-01
4.232240915298461914e-01 7.596290707588195801e-01
6.060814261436462402e-01 6.593446135520935059e-01
5.101930499076843262e-01 8.244855403900146484e-01
4.888730645179748535e-01 6.791068315505981445e-01
4.024454057216644287e-01 6.526562571525573730e-01
5.361229777336120605e-01 7.252168655395507812e-01
4.280024468898773193e-01 7.704363465309143066e-01
4.155520200729370117e-01 7.211174368858337402e-01
4.790170788764953613e-01 6.845089197158813477e-01
4.885077178478240967e-01 7.401942014694213867e-01
6.002116799354553223e-01 6.466621160507202148e-01
6.019412875175476074e-01 7.081117033958435059e-01
5.899487733840942383e-01 6.896684169769287109e-01
5.937425494194030762e-01 8.078305125236511230e-01
6.608912348747253418e-01 6.457300782203674316e-01
5.214569568634033203e-01 6.906709074974060059e-01
5.384575724601745605e-01 6.599556207656860352e-01
5.516484379768371582e-01 8.279916644096374512e-01
6.204769015312194824e-01 5.885643959045410156e-01
5.689411163330078125e-01 7.090093493461608887e-01
4.551118314266204834e-01 7.775199413299560547e-01
5.046597719192504883e-01 7.096017599105834961e-01
5.179708003997802734e-01 6.999209523200988770e-01
4.782085418701171875e-01 8.414692282676696777e-01
5.635054111480712891e-01 8.447085618972778320e-01
5.624879002571105957e-01 6.679846048355102539e-01
5.023664236068725586e-01 7.132102251052856445e-01
7.338424921035766602e-01 7.786927819252014160e-01
7.640557885169982910e-01 6.909456253051757812e-01
7.410206794738769531e-01 6.994441747665405273e-01
7.118394970893859863e-01 7.923269271850585938e-01
6.054029464721679688e-01 7.830839753150939941e-01
5.504031181335449219e-01 7.602917551994323730e-01
4.502554833889007568e-01 7.288100719451904297e-01
5.615388154983520508e-01 7.563069462776184082e-01
5.795994997024536133e-01 7.612907886505126953e-01
5.938506126403808594e-01 6.561679244041442871e-01
5.965752005577087402e-01 6.545664668083190918e-01
6.460093855857849121e-01 7.725867629051208496e-01
6.056184172630310059e-01 6.269429326057434082e-01
6.527699828147888184e-01 6.679990291595458984e-01
5.064368844032287598e-01 5.835576653480529785e-01
6.720781326293945312e-01 7.313528060913085938e-01
5.827593207359313965e-01 6.205123066902160645e-01
5.705131888389587402e-01 6.911799907684326172e-01
5.954005122184753418e-01 6.808511614799499512e-01
5.651822090148925781e-01 7.583349943161010742e-01
5.131844282150268555e-01 7.203052043914794922e-01
6.270703077316284180e-01 8.180610537528991699e-01
5.538756251335144043e-01 8.138849139213562012e-01
5.983636379241943359e-01 7.371540665626525879e-01
5.923579931259155273e-01 6.388748884201049805e-01
5.221224427223205566e-01 7.497206926345825195e-01
6.038284301757812500e-01 6.364348530769348145e-01
5.895486474037170410e-01 7.639685273170471191e-01
5.152565836906433105e-01 7.522917389869689941e-01
4.151891469955444336e-01 7.215269207954406738e-01
6.225767135620117188e-01 8.135166764259338379e-01
6.669551134109497070e-01 8.568028807640075684e-01
4.595395028591156006e-01 8.195178508758544922e-01
4.594303667545318604e-01 7.846395373344421387e-01
6.080114841461181641e-01 7.694481611251831055e-01
4.387387037277221680e-01 6.796706914901733398e-01
6.124157905578613281e-01 5.940357446670532227e-01
6.307193636894226074e-01 7.357704043388366699e-01
7.023234367370605469e-01 7.975891232490539551e-01
5.770792365074157715e-01 6.542001366615295410e-01
4.106883108615875244e-01 7.326816916465759277e-01
7.051169276237487793e-01 7.743408083915710449e-01
7.968317866325378418e-01 6.948943734169006348e-01
5.225250124931335449e-01 6.910641789436340332e-01
4.521310031414031982e-01 7.085280418395996094e-01
5.464960932731628418e-01 8.481737375259399414e-01
6.118689179420471191e-01 7.736638188362121582e-01
7.383077144622802734e-01 7.891355752944946289e-01
4.549221098423004150e-01 6.560531854629516602e-01
4.388391673564910889e-01 8.435645699501037598e-01
5.737377405166625977e-01 6.642845273017883301e-01
4.797824025154113770e-01 7.608637213706970215e-01
6.726454496383666992e-01 8.026407957077026367e-01
7.596853375434875488e-01 7.558130025863647461e-01
6.973243951797485352e-01 6.155766248703002930e-01
4.241643249988555908e-01 7.594453692436218262e-01
7.622133493423461914e-01 6.621122360229492188e-01
5.730840563774108887e-01 8.399592638015747070e-01
5.645216703414916992e-01 8.038015365600585938e-01
6.636119484901428223e-01 6.794950366020202637e-01
5.258412957191467285e-01 7.496476173400878906e-01
5.450961589813232422e-01 7.579326033592224121e-01
4.945632219314575195e-01 6.953030824661254883e-01
5.579400062561035156e-01 7.601011991500854492e-01
5.461234450340270996e-01 6.871812343597412109e-01
6.181541085243225098e-01 8.308219909667968750e-01
6.671537756919860840e-01 8.242850899696350098e-01
7.002333998680114746e-01 7.229236364364624023e-01
7.271226644515991211e-01 7.986234426498413086e-01
4.979599714279174805e-01 7.006312012672424316e-01
5.282293558120727539e-01 7.010648250579833984e-01
5.153855085372924805e-01 5.922733545303344727e-01
6.101781129837036133e-01 7.760289311408996582e-01
5.282134413719177246e-01 8.251976370811462402e-01
6.556126475334167480e-01 7.287957072257995605e-01
6.276587843894958496e-01 8.394185304641723633e-01
5.604057312011718750e-01 8.274845480918884277e-01
5.913294553756713867e-01 5.264123082160949707e-01
3.854101002216339111e-01 6.917367577552795410e-01
4.619891047477722168e-01 7.978072762489318848e-01
