6.567612290382385254e-01 5.757076740264892578e-01
6.053999066352844238e-01 6.799451112747192383e-01
7.576842308044433594e-01 6.468751430511474609e-01
4.950988590717315674e-01 7.206254601478576660e-01
7.669225931167602539e-01 5.987213850021362305e-01
5.188591480255126953e-01 6.264830231666564941e-01
7.352631688117980957e-01 5.777619481086730957e-01
6.607393622398376465e-01 7.696547508239746094e-01
5.555366873741149902e-01 3.963704109191894531e-01
6.870912909507751465e-01 6.583293080329895020e-01
5.718083977699279785e-01 6.403995752334594727e-01
6.593683362007141113e-01 5.071982145309448242e-01
7.216462492942810059e-01 6.282128095626831055e-01
6.207387447357177734e-01 7.725625634193420410e-01
7.070223093032836914e-01 3.678512871265411377e-01
4.279867708683013916e-01 5.495066046714782715e-01
6.878424286842346191e-01 5.242873430252075195e-01
4.551456570625305176e-01 6.596010923385620117e-01
6.810500621795654297e-01 7.658855319023132324e-01
6.292923688888549805e-01 6.777672171592712402e-01
5.537042021751403809e-01 6.164841055870056152e-01
5.628199577331542969e-01 4.256819188594818115e-01
7.274047732353210449e-01 6.033389568328857422e-01
7.086386084556579590e-01 5.055139064788818359e-01
6.292608976364135742e-01 4.039914906024932861e-01
6.414107680320739746e-01 6.752148866653442383e-01
5.843265652656555176e-01 6.461068391799926758e-01
6.881779432296752930e-01 8.176308870315551758e-01
7.562984824180603027e-01 6.006488204002380371e-01
7.728804945945739746e-01 5.321094393730163574e-01
5.109352469444274902e-01 5.117141008377075195e-01
6.593239903450012207e-01 7.908760309219360352e-01
6.672286987304687500e-01 5.539390444755554199e-01
7.167061567306518555e-01 5.854293704032897949e-01
4.821714460849761963e-01 7.073385715484619141e-01
4.930083453655242920e-01 6.634655594825744629e-01
6.173680424690246582e-01 6.092742085456848145e-01
6.113817691802978516e-01 4.484706223011016846e-01
4.920080304145812988e-01 4.843401610851287842e-01
5.346643924713134766e-01 6.173708438873291016e-01
6.843910217285156250e-01 5.424056649208068848e-01
7.723869085311889648e-01 4.962298572063446045e-01
4.447206556797027588e-01 6.368650197982788086e-01
7.422386407852172852e-01 7.613215446472167969e-01
5.982871055603027344e-01 7.186986804008483887e-01
6.980397701263427734e-01 4.924103617668151855e-01
6.274157166481018066e-01 7.824031114578247070e-01
6.639324426651000977e-01 5.915610194206237793e-01
6.435406804084777832e-01 5.762655735015869141e-01
4.109847843647003174e-01 6.925058960914611816e-01
6.867470145225524902e-01 6.114277839660644531e-01
4.667043983936309814e-01 4.586533904075622559e-01
5.640886425971984863e-01 8.363396525382995605e-01
5.354256033897399902e-01 6.298086643218994141e-01
6.962050795555114746e-01 6.288411617279052734e-01
6.622037887573242188e-01 6.743846535682678223e-01
6.238172054290771484e-01 6.389029622077941895e-01
5.509741902351379395e-01 8.562000393867492676e-01
4.963067173957824707e-01 6.320040822029113770e-01
5.965589284896850586e-01 7.017207741737365723e-01
5.307741761207580566e-01 6.944731473922729492e-01
5.753176808357238770e-01 6.121630072593688965e-01
5.862634778022766113e-01 6.584521532058715820e-01
4.991069436073303223e-01 7.357747554779052734e-01
7.249392271041870117e-01 7.931359410285949707e-01
6.996196508407592773e-01 6.502009034156799316e-01
6.514548063278198242e-01 6.297606229782104492e-01
7.004314064979553223e-01 3.436972200870513916e-01
5.287052392959594727e-01 5.432794094085693359e-01
6.288872957229614258e-01 4.056147634983062744e-01
5.870453715324401855e-01 8.275055885314941406e-01
5.148667693138122559e-01 8.081353902816772461e-01
7.281238436698913574e-01 6.342649459838867188e-01
5.698540210723876953e-01 7.690429687500000000e-01
4.901097118854522705e-01 6.690304279327392578e-01
5.447802543640136719e-01 4.065575599670410156e-01
3.766381144523620605e-01 5.515720844268798828e-01
6.079793572425842285e-01 7.797072529792785645e-01
7.267505526542663574e-01 7.204603552818298340e-01
6.263755559921264648e-01 5.157563686370849609e-01
6.509447693824768066e-01 4.867905378341674805e-01
5.520530343055725098e-01 7.279114127159118652e-01
5.845454335212707520e-01 7.255182862281799316e-01
7.189865112304687500e-01 4.519796967506408691e-01
5.530652403831481934e-01 4.771384000778198242e-01
3.875396847724914551e-01 5.271360278129577637e-01
6.539565920829772949e-01 6.076461076736450195e-01
6.058107018470764160e-01 6.709181666374206543e-01
5.301239490509033203e-01 6.489831805229187012e-01
6.295850276947021484e-01 3.492444753646850586e-01
6.101173162460327148e-01 6.831060647964477539e-01
4.244632124900817871e-01 5.620183944702148438e-01
4.465846717357635498e-01 5.681434273719787598e-01
7.025455236434936523e-01 6.155753135681152344e-01
4.881666004657745361e-01 6.427110433578491211e-01
6.789985299110412598e-01 6.794494986534118652e-01
4.690752923488616943e-01 4.511888623237609863e-01
6.961575150489807129e-01 7.524364590644836426e-01
5.552500486373901367e-01 4.964193701744079590e-01
3.559417128562927246e-01 5.807459354400634766e-01
7.287344932556152344e-01 6.070175170898437500e-01
6.921933889389038086e-01 6.633761525154113770e-01
6.526538133621215820e-01 6.949694752693176270e-01
5.608623623847961426e-01 4.092127680778503418e-01
5.849065184593200684e-01 4.913597404956817627e-01
6.068741679191589355e-01 5.439866781234741211e-01
7.566366791725158691e-01 6.533773541450500488e-01
4.728151857852935791e-01 7.318380475044250488e-01
5.005202293395996094e-01 6.199516057968139648e-01
6.194963455200195312e-01 7.237441539764404297e-01
5.360057950019836426e-01 4.412673115730285645e-01
7.140395045280456543e-01 4.964953958988189697e-01
6.224400401115417480e-01 5.768678784370422363e-01
5.664417743682861328e-01 6.430732607841491699e-01
5.994129776954650879e-01 8.284253478050231934e-01
5.166964530944824219e-01 4.192911088466644287e-01
5.079678893089294434e-01 5.718950033187866211e-01
6.436330080032348633e-01 6.636304855346679688e-01
7.074491977691650391e-01 4.651562869548797607e-01
5.585971474647521973e-01 6.696071624755859375e-01
7.186435461044311523e-01 5.732929706573486328e-01
5.542864203453063965e-01 5.049741864204406738e-01
7.110560536384582520e-01 6.493473052978515625e-01
5.566980838775634766e-01 5.731179118156433105e-01
7.090362310409545898e-01 8.063315153121948242e-01
5.432900786399841309e-01 3.666781783103942871e-01
5.696560144424438477e-01 5.644121170043945312e-01
5.454425811767578125e-01 6.744362711906433105e-01
5.135312080383300781e-01 4.752489328384399414e-01
5.638515353202819824e-01 6.127240657806396484e-01
7.017394900321960449e-01 5.770264267921447754e-01
7.022380828857421875e-01 4.530663788318634033e-01
3.917346298694610596e-01 7.032822966575622559e-01
5.778427124023437500e-01 3.267755806446075439e-01
6.635320186614990234e-01 7.456930875778198242e-01
7.223851680755615234e-01 7.469083070755004883e-01
4.131283164024353027e-01 6.418052315711975098e-01
6.275072097778320312e-01 7.711340188980102539e-01
6.747366189956665039e-01 7.211719751358032227e-01
6.741206645965576172e-01 6.761960983276367188e-01
6.587051749229431152e-01 6.004925370216369629e-01
7.846379280090332031e-01 6.043913364410400391e-01
6.322478652000427246e-01 6.147481799125671387e-01
7.162498235702514648e-01 7.017708420753479004e-01
5.324003696441650391e-01 4.353143274784088135e-01
5.386042594909667969e-01 4.588488936424255371e-01
6.605235338211059570e-01 6.263641715049743652e-01
7.025037407875061035e-01 7.948755025863647461e-01
8.161703348159790039e-01 5.510664582252502441e-01
4.346776008605957031e-01 4.545789659023284912e-01
6.310699582099914551e-01 6.214095950126647949e-01
5.211362838745117188e-01 5.368422865867614746e-01
5.922970175743103027e-01 6.129548549652099609e-01
5.634058713912963867e-01 5.172805786132812500e-01
7.012121081352233887e-01 7.851566672325134277e-01
6.569107174873352051e-01 6.494332551956176758e-01
5.296325683593750000e-01 5.010704994201660156e-01
6.148524284362792969e-01 6.526797413825988770e-01
6.209331750869750977e-01 4.554124772548675537e-01
6.991670131683349609e-01 5.178880095481872559e-01
6.756502985954284668e-01 5.549226999282836914e-01
7.494014501571655273e-01 7.264106273651123047e-01
7.297942638397216797e-01 6.718913316726684570e-01
7.198073267936706543e-01 5.265719890594482422e-01
7.453240156173706055e-01 3.833144009113311768e-01
4.452641606330871582e-01 4.620692133903503418e-01
7.215077280998229980e-01 7.193689346313476562e-01
7.716364860534667969e-01 6.398620605468750000e-01
6.727820634841918945e-01 7.230929136276245117e-01
5.867050886154174805e-01 7.910914421081542969e-01
4.464276134967803955e-01 6.865072250366210938e-01
4.639281034469604492e-01 5.065792202949523926e-01
5.253784656524658203e-01 5.529364347457885742e-01
6.162865161895751953e-01 4.241581261157989502e-01
6.697610616683959961e-01 8.058993816375732422e-01
7.575238943099975586e-01 7.661619186401367188e-01
6.191359162330627441e-01 4.178130328655242920e-01
5.637789368629455566e-01 6.659588813781738281e-01
6.649079322814941406e-01 4.707617759704589844e-01
7.322977185249328613e-01 7.573724985122680664e-01
5.688505172729492188e-01 4.476667642593383789e-01
5.635217428207397461e-01 4.360398352146148682e-01
3.928998410701751709e-01 5.049379467964172363e-01
5.428264737129211426e-01 4.233987331390380859e-01
4.986819028854370117e-01 5.239645838737487793e-01
5.694652199745178223e-01 4.282304048538208008e-01
4.364798963069915771e-01 5.637183785438537598e-01
5.890594124794006348e-01 4.847769439220428467e-01
4.025296270847320557e-01 6.993356347084045410e-01
6.168342232704162598e-01 3.647985756397247314e-01
7.527433037757873535e-01 7.684186697006225586e-01
7.067855596542358398e-01 5.019064545631408691e-01
5.227079987525939941e-01 5.664067864418029785e-01
6.653743982315063477e-01 5.246952772140502930e-01
6.165639162063598633e-01 7.791716456413269043e-01
5.798453688621520996e-01 3.764471113681793213e-01
6.102257966995239258e-01 8.707154393196105957e-01
7.219655513763427734e-01 5.589201450347900391e-01
6.803936958312988281e-01 4.975133538246154785e-01
8.136174082756042480e-01 4.446117281913757324e-01
5.296210050582885742e-01 5.652624964714050293e-01
4.551706910133361816e-01 7.201147675514221191e-01
6.072922945022583008e-01 5.917631983757019043e-01
6.870614290237426758e-01 4.403918087482452393e-01
6.002493500709533691e-01 8.038068413734436035e-01
6.281908154487609863e-01 6.264569759368896484e-01
4.172192811965942383e-01 5.268363356590270996e-01
5.949925780296325684e-01 6.341694593429565430e-01
4.449334144592285156e-01 4.594223201274871826e-01
7.121359109878540039e-01 5.279834270477294922e-01
7.175914645195007324e-01 3.947936296463012695e-01
3.892743587493896484e-01 4.703128039836883545e-01
3.353711068630218506e-01 5.509191155433654785e-01
4.880775511264801025e-01 4.441168308258056641e-01
6.538258790969848633e-01 5.275186300277709961e-01
5.462384223937988281e-01 7.961939573287963867e-01
7.343981862068176270e-01 7.193729877471923828e-01
6.035782694816589355e-01 6.622896790504455566e-01
4.793600738048553467e-01 6.396183967590332031e-01
6.173918843269348145e-01 5.233963131904602051e-01
6.105722784996032715e-01 6.453887820243835449e-01
6.082314848899841309e-01 8.598737120628356934e-01
6.954729557037353516e-01 5.955260396003723145e-01
5.843035578727722168e-01 6.923034191131591797e-01
5.819224715232849121e-01 5.295327305793762207e-01
6.918398737907409668e-01 7.426068782806396484e-01
5.609775185585021973e-01 6.555746793746948242e-01
6.485004425048828125e-01 7.762143611907958984e-01
4.828635454177856445e-01 5.551627874374389648e-01
5.098726153373718262e-01 6.224355697631835938e-01
8.038209676742553711e-01 3.716260492801666260e-01
4.296416938304901123e-01 5.688489079475402832e-01
8.074149489402770996e-01 4.980093240737915039e-01
5.568017959594726562e-01 5.977516770362854004e-01
3.679346740245819092e-01 5.741027593612670898e-01
5.209832787513732910e-01 5.910650491714477539e-01
6.209304332733154297e-01 6.426833271980285645e-01
7.075815200805664062e-01 4.598951339721679688e-01
5.366727113723754883e-01 6.567738652229309082e-01
4.943440556526184082e-01 3.448951244354248047e-01
5.437606573104858398e-01 8.288341760635375977e-01
3.896459937095642090e-01 5.847276449203491211e-01
6.435074210166931152e-01 3.590740561485290527e-01
7.176473736763000488e-01 4.893327057361602783e-01
3.783339858055114746e-01 6.236063241958618164e-01
4.462984204292297363e-01 7.813865542411804199e-01
7.369793653488159180e-01 5.715451836585998535e-01
5.892327427864074707e-01 7.412833571434020996e-01
5.946897268295288086e-01 5.549854636192321777e-01
3.410073220729827881e-01 6.526979207992553711e-01
5.340607762336730957e-01 7.299432158470153809e-01
6.739577054977416992e-01 5.825991034507751465e-01
5.161106586456298828e-01 4.681821167469024658e-01
5.638370513916015625e-01 3.984266221523284912e-01
7.186414599418640137e-01 6.108570694923400879e-01
5.914523005485534668e-01 6.437068581581115723e-01
6.209445595741271973e-01 6.904518604278564453e-01
5.924291014671325684e-01 5.126727223396301270e-01
7.013427615165710449e-01 5.067482590675354004e-01
6.068230867385864258e-01 4.632255136966705322e-01
7.483571767807006836e-01 3.911909759044647217e-01
5.217650532722473145e-01 3.456903100013732910e-01
5.355271100997924805e-01 4.644159376621246338e-01
6.649010181427001953e-01 6.799259781837463379e-01
7.009570002555847168e-01 3.123376965522766113e-01
6.379262208938598633e-01 4.437233805656433105e-01
3.980718553066253662e-01 4.844523370265960693e-01
5.155079364776611328e-01 4.055777788162231445e-01
4.834862351417541504e-01 6.972342133522033691e-01
5.553119778633117676e-01 5.619242191314697266e-01
6.711563467979431152e-01 5.780193209648132324e-01
6.874050498008728027e-01 7.153190970420837402e-01
3.771089613437652588e-01 5.904330611228942871e-01
6.333634257316589355e-01 5.895839333534240723e-01
7.037894129753112793e-01 3.167998194694519043e-01
5.519574880599975586e-01 7.161857485771179199e-01
6.324049234390258789e-01 6.422009468078613281e-01
3.948888182640075684e-01 5.730103850364685059e-01
5.196116566658020020e-01 4.489837586879730225e-01
5.901382565498352051e-01 5.820833444595336914e-01
5.145459175109863281e-01 5.785853266716003418e-01
6.347039937973022461e-01 4.197643101215362549e-01
4.188485145568847656e-01 5.656993985176086426e-01
7.027297616004943848e-01 6.862233877182006836e-01
5.446373820304870605e-01 4.613660871982574463e-01
5.668305158615112305e-01 5.130077004432678223e-01
4.879037439823150635e-01 7.177708148956298828e-01
5.889189243316650391e-01 7.044496536254882812e-01
5.614633560180664062e-01 4.664371907711029053e-01
4.776253402233123779e-01 5.833312869071960449e-01
5.645625591278076172e-01 5.150518417358398438e-01
7.450572252273559570e-01 5.417167544364929199e-01
7.145265936851501465e-01 7.121100425720214844e-01
5.869460701942443848e-01 4.986585080623626709e-01
6.309797763824462891e-01 6.703790426254272461e-01
5.639097094535827637e-01 5.503439307212829590e-01
7.530256509780883789e-01 6.576685905456542969e-01
5.391286611557006836e-01 6.421037912368774414e-01
5.619037747383117676e-01 5.483754277229309082e-01
6.078518033027648926e-01 7.124174237251281738e-01
5.459312796592712402e-01 5.906533598899841309e-01
6.162253618240356445e-01 6.766218543052673340e-01
4.269053637981414795e-01 7.449154257774353027e-01
6.867414116859436035e-01 4.856140315532684326e-01
5.155963897705078125e-01 6.186244487762451172e-01
6.075004935264587402e-01 5.256330966949462891e-01
5.211583375930786133e-01 5.237405300140380859e-01
6.629905700683593750e-01 3.364181220531463623e-01
4.822688996791839600e-01 5.789470672607421875e-01
6.049528121948242188e-01 4.639759361743927002e-01
6.392655968666076660e-01 3.170863986015319824e-01
6.348423361778259277e-01 5.037577748298645020e-01
4.444216191768646240e-01 5.436065793037414551e-01
4.106303453445434570e-01 5.554585456848144531e-01
5.756695866584777832e-01 7.775195837020874023e-01
4.102101922035217285e-01 4.999171793460845947e-01
8.217740654945373535e-01 5.312803387641906738e-01
6.177487373352050781e-01 6.965749263763427734e-01
7.392828464508056641e-01 6.272527575492858887e-01
6.442710757255554199e-01 6.582965850830078125e-01
5.259144902229309082e-01 5.452588796615600586e-01
6.426334977149963379e-01 3.170058429241180420e-01
6.413760781288146973e-01 5.542327165603637695e-01
8.074528574943542480e-01 5.915648937225341797e-01
4.650226533412933350e-01 5.259789228439331055e-01
6.438600420951843262e-01 6.389830112457275391e-01
6.558199524879455566e-01 6.896571516990661621e-01
7.146646380424499512e-01 6.305968761444091797e-01
6.635229587554931641e-01 3.928381502628326416e-01
6.079295873641967773e-01 4.559506773948669434e-01
5.314703583717346191e-01 4.232648909091949463e-01
6.689584851264953613e-01 4.794854223728179932e-01
8.146082162857055664e-01 5.064098238945007324e-01
4.726267457008361816e-01 5.168815851211547852e-01
6.667032241821289062e-01 4.847140014171600342e-01
4.332494735717773438e-01 7.297864556312561035e-01
6.168234348297119141e-01 7.000153660774230957e-01
4.894596934318542480e-01 6.030744910240173340e-01
7.271634340286254883e-01 8.126571774482727051e-01
7.283334732055664062e-01 6.281670331954956055e-01
6.532691121101379395e-01 4.813862144947052002e-01
7.061107158660888672e-01 4.903679490089416504e-01
6.979428529739379883e-01 8.289220333099365234e-01
5.372218489646911621e-01 7.691062092781066895e-01
6.981698870658874512e-01 7.560350298881530762e-01
6.128250360488891602e-01 5.542222857475280762e-01
4.457697570323944092e-01 4.281405210494995117e-01
6.218353509902954102e-01 7.888935208320617676e-01
6.848037838935852051e-01 7.730692028999328613e-01
6.411104798316955566e-01 5.704996585845947266e-01
7.152472734451293945e-01 8.206985592842102051e-01
4.936932623386383057e-01 6.417385339736938477e-01
6.989764571189880371e-01 7.718954682350158691e-01
3.866465091705322266e-01 5.924713015556335449e-01
6.506483554840087891e-01 4.704940021038055420e-01
3.949859142303466797e-01 5.348386168479919434e-01
6.564847230911254883e-01 7.554312944412231445e-01
6.445475816726684570e-01 5.127623081207275391e-01
4.455791413784027100e-01 4.686981439590454102e-01
6.372186541557312012e-01 4.094984829425811768e-01
4.834139943122863770e-01 6.769303679466247559e-01
5.188549160957336426e-01 5.934691429138183594e-01
5.791293978691101074e-01 5.048567652702331543e-01
6.585580706596374512e-01 6.493542194366455078e-01
7.746068835258483887e-01 6.297101974487304688e-01
7.092775702476501465e-01 6.496674418449401855e-01
7.654973864555358887e-01 5.583231449127197266e-01
4.173986911773681641e-01 7.070521116256713867e-01
5.613509416580200195e-01 6.741070151329040527e-01
5.737622976303100586e-01 4.437431097030639648e-01
5.069103240966796875e-01 8.179731965065002441e-01
7.214899659156799316e-01 6.895204186439514160e-01
6.143423318862915039e-01 6.255871057510375977e-01
7.081432342529296875e-01 7.988564968109130859e-01
5.423256158828735352e-01 5.758516788482666016e-01
6.962420344352722168e-01 4.116090238094329834e-01
6.489979028701782227e-01 6.503686904907226562e-01
5.407895445823669434e-01 5.349733829498291016e-01
5.017192959785461426e-01 8.133365511894226074e-01
5.233719348907470703e-01 8.022699356079101562e-01
7.773430943489074707e-01 5.034155845642089844e-01
7.044528126716613770e-01 5.869827866554260254e-01
7.911059856414794922e-01 5.233644843101501465e-01
6.638404726982116699e-01 5.994558930397033691e-01
6.062893271446228027e-01 6.151204109191894531e-01
7.471448183059692383e-01 4.887203574180603027e-01
6.746126413345336914e-01 5.298292636871337891e-01
5.757296681404113770e-01 4.892847239971160889e-01
8.313412666320800781e-01 4.346224367618560791e-01
7.363775968551635742e-01 7.594885230064392090e-01
5.298710465431213379e-01 6.562650203704833984e-01
7.904727458953857422e-01 4.732030034065246582e-01
7.039636373519897461e-01 7.790126800537109375e-01
7.793585658073425293e-01 5.296748280525207520e-01
6.754688620567321777e-01 4.627371728420257568e-01
7.411896586418151855e-01 4.288075268268585205e-01
3.645554184913635254e-01 5.343395471572875977e-01
6.663710474967956543e-01 3.352376520633697510e-01
6.062349081039428711e-01 4.187627434730529785e-01
5.156103372573852539e-01 6.368998885154724121e-01
7.665595412254333496e-01 5.166270732879638672e-01
4.825713336467742920e-01 6.944057345390319824e-01
7.389696836471557617e-01 6.710813641548156738e-01
7.759487032890319824e-01 6.527168154716491699e-01
8.257154226303100586e-01 4.424571096897125244e-01
7.812657356262207031e-01 3.950645923614501953e-01
5.808055996894836426e-01 4.829906821250915527e-01
4.870170354843139648e-01 5.317707657814025879e-01
8.117997646331787109e-01 4.527163207530975342e-01
7.238531708717346191e-01 2.958790361881256104e-01
5.812085270881652832e-01 4.529572129249572754e-01
5.023717880249023438e-01 6.244556903839111328e-01
6.355397105216979980e-01 5.298304557800292969e-01
6.834921240806579590e-01 4.719796180725097656e-01
6.750074028968811035e-01 5.345292687416076660e-01
4.695318937301635742e-01 6.748704910278320312e-01
4.474616944789886475e-01 5.391051173210144043e-01
5.447342991828918457e-01 6.063454151153564453e-01
8.050026893615722656e-01 4.891740977764129639e-01
6.216377019882202148e-01 3.394405841827392578e-01
6.672515869140625000e-01 5.837301611900329590e-01
6.330448389053344727e-01 7.081379890441894531e-01
4.984374940395355225e-01 6.770089864730834961e-01
5.361273884773254395e-01 4.975598454475402832e-01
7.837169766426086426e-01 6.198953986167907715e-01
4.684117138385772705e-01 4.951957166194915771e-01
5.493944883346557617e-01 5.197377204895019531e-01
7.039760351181030273e-01 3.458232581615447998e-01
6.693753004074096680e-01 5.485757589340209961e-01
5.658244490623474121e-01 6.352851390838623047e-01
7.051124572753906250e-01 6.003100275993347168e-01
6.829637885093688965e-01 7.690399289131164551e-01
7.843909859657287598e-01 3.454153835773468018e-01
6.743305325508117676e-01 5.372997522354125977e-01
5.156967043876647949e-01 5.977538824081420898e-01
5.684671998023986816e-01 4.436785280704498291e-01
4.683016836643218994e-01 5.441447496414184570e-01
6.071222424507141113e-01 4.677179455757141113e-01
7.395758032798767090e-01 4.723052084445953369e-01
4.480897784233093262e-01 5.305849313735961914e-01
8.053776621818542480e-01 3.962308168411254883e-01
4.658000469207763672e-01 6.497251987457275391e-01
4.893620312213897705e-01 7.812361717224121094e-01
4.722352623939514160e-01 5.182732343673706055e-01
4.299125969409942627e-01 7.174390554428100586e-01
5.269123911857604980e-01 5.496773123741149902e-01
5.131749510765075684e-01 5.705071091651916504e-01
5.515086054801940918e-01 5.620964169502258301e-01
7.456247806549072266e-01 6.324281692504882812e-01
5.642879009246826172e-01 5.263563990592956543e-01
4.683567583560943604e-01 4.056946039199829102e-01
6.481133103370666504e-01 4.917985796928405762e-01
7.523720860481262207e-01 5.215441584587097168e-01
3.887171447277069092e-01 6.577476263046264648e-01
6.119394302368164062e-01 5.599460005760192871e-01
4.565176069736480713e-01 6.435322165489196777e-01
4.214410483837127686e-01 4.799388051033020020e-01
4.796636700630187988e-01 7.199852466583251953e-01
7.273740172386169434e-01 6.660611033439636230e-01
7.206875085830688477e-01 6.412615180015563965e-01
6.854053735733032227e-01 3.744521141052246094e-01
4.987704455852508545e-01 7.544121146202087402e-01
7.490833997726440430e-01 3.790313303470611572e-01
6.048350334167480469e-01 6.579602360725402832e-01
7.505583763122558594e-01 6.565981507301330566e-01
5.360786318778991699e-01 4.395116865634918213e-01
5.612440705299377441e-01 5.186626911163330078e-01
6.643784642219543457e-01 5.701811313629150391e-01
7.422826290130615234e-01 6.003528833389282227e-01
6.456722021102905273e-01 7.817932367324829102e-01
6.821809411048889160e-01 3.235005140304565430e-01
6.017277240753173828e-01 6.321717500686645508e-01
5.891255140304565430e-01 4.283687174320220947e-01
6.964420080184936523e-01 4.437307119369506836e-01
5.467342138290405273e-01 5.795242786407470703e-01
4.894869327545166016e-01 6.208470463752746582e-01
6.325272321701049805e-01 5.547417402267456055e-01
5.303136706352233887e-01 5.279953479766845703e-01
6.396104693412780762e-01 6.167399883270263672e-01
5.041632056236267090e-01 6.496262550354003906e-01
5.600928068161010742e-01 4.490039646625518799e-01
3.931716084480285645e-01 6.448069810867309570e-01
5.668107867240905762e-01 5.578926801681518555e-01
6.437334418296813965e-01 6.880773901939392090e-01
6.192822456359863281e-01 5.754891633987426758e-01
5.736031532287597656e-01 3.052738904953002930e-01
4.009610712528228760e-01 6.076115369796752930e-01
6.290984749794006348e-01 6.903515458106994629e-01
3.850746750831604004e-01 6.438968181610107422e-01
5.808301568031311035e-01 8.378729820251464844e-01
7.394539713859558105e-01 6.849780678749084473e-01
6.407446861267089844e-01 3.673141598701477051e-01
5.316382646560668945e-01 7.665820121765136719e-01
6.129694581031799316e-01 3.600653111934661865e-01
7.155056595802307129e-01 6.175945997238159180e-01
3.894502818584442139e-01 4.763224422931671143e-01
7.230134010314941406e-01 5.939700007438659668e-01
4.800468385219573975e-01 4.326576888561248779e-01
7.444519996643066406e-01 3.571805655956268311e-01
5.128165483474731445e-01 7.869541645050048828e-01
5.374186635017395020e-01 7.108078002929687500e-01
5.995386242866516113e-01 6.398816704750061035e-01
7.019020318984985352e-01 5.169786810874938965e-01
4.585625529289245605e-01 7.783125042915344238e-01
5.755677819252014160e-01 5.651068687438964844e-01
6.795482039451599121e-01 7.768827676773071289e-01
6.103594303131103516e-01 6.598863005638122559e-01
7.317067384719848633e-01 6.698294281959533691e-01
6.471653580665588379e-01 5.736776590347290039e-01
5.289447903633117676e-01 5.663983225822448730e-01
5.757161974906921387e-01 6.604181528091430664e-01
6.296439766883850098e-01 5.358265042304992676e-01
6.509684324264526367e-01 4.416402876377105713e-01
7.786735892295837402e-01 4.888311624526977539e-01
6.159560084342956543e-01 3.167702853679656982e-01
6.702523231506347656e-01 6.463456153869628906e-01
6.223403811454772949e-01 5.922567844390869141e-01
7.471302747726440430e-01 5.269604325294494629e-01
6.436529159545898438e-01 4.986149072647094727e-01
5.476000308990478516e-01 5.259345173835754395e-01
5.981343984603881836e-01 5.452162027359008789e-01
7.287855744361877441e-01 7.068375945091247559e-01
5.441771149635314941e-01 4.454215466976165771e-01
5.745686292648315430e-01 8.212970495223999023e-01
7.309275269508361816e-01 3.438532650470733643e-01
7.147023081779479980e-01 6.409406661987304688e-01
5.946282148361206055e-01 4.014672338962554932e-01
4.317459762096405029e-01 6.734086871147155762e-01
7.519931793212890625e-01 3.702438771724700928e-01
5.675609707832336426e-01 4.567080140113830566e-01
4.327697157859802246e-01 4.885040223598480225e-01
5.457873344421386719e-01 4.743005931377410889e-01
4.729787409305572510e-01 4.763818681240081787e-01
6.170967817306518555e-01 5.518139004707336426e-01
6.155179142951965332e-01 4.444031119346618652e-01
3.738813698291778564e-01 5.035623908042907715e-01
5.894939899444580078e-01 3.623552620410919189e-01
7.111872434616088867e-01 6.643934845924377441e-01
6.360572576522827148e-01 4.274023175239562988e-01
6.922945976257324219e-01 6.781045794486999512e-01
5.654824972152709961e-01 3.740155994892120361e-01
6.777694821357727051e-01 5.297884941101074219e-01
8.211066722869873047e-01 4.907203316688537598e-01
7.301110029220581055e-01 6.434039473533630371e-01
3.797010779380798340e-01 6.527996659278869629e-01
5.501430630683898926e-01 4.028236865997314453e-01
4.811060130596160889e-01 4.435178339481353760e-01
7.293542027473449707e-01 6.425859928131103516e-01
6.971995234489440918e-01 5.449948906898498535e-01
4.945799708366394043e-01 6.379301548004150391e-01
6.100928783416748047e-01 3.785791099071502686e-01
6.854549646377563477e-01 7.365947961807250977e-01
6.015774607658386230e-01 7.449689507484436035e-01
6.766595244407653809e-01 7.415524721145629883e-01
6.376879215240478516e-01 3.797412216663360596e-01
4.654839038848876953e-01 5.342267155647277832e-01
5.771915316581726074e-01 5.751448273658752441e-01
6.809837222099304199e-01 5.369567871093750000e-01
6.161935925483703613e-01 4.473738670349121094e-01
5.515087246894836426e-01 4.287604093551635742e-01
6.698936820030212402e-01 5.436622500419616699e-01
7.045699954032897949e-01 8.110911250114440918e-01
7.125424742698669434e-01 6.357104778289794922e-01
4.907095134258270264e-01 5.150409936904907227e-01
4.934883415699005127e-01 6.643236279487609863e-01
7.547958493232727051e-01 5.829455256462097168e-01
4.375548064708709717e-01 5.485882163047790527e-01
7.108920812606811523e-01 6.158337593078613281e-01
6.970846652984619141e-01 3.946073949337005615e-01
5.500105023384094238e-01 5.839825868606567383e-01
7.315639257431030273e-01 6.885911822319030762e-01
6.570402383804321289e-01 6.502967476844787598e-01
6.402748227119445801e-01 5.160837173461914062e-01
5.574352145195007324e-01 5.092176795005798340e-01
6.472994685173034668e-01 5.364267826080322266e-01
7.542471289634704590e-01 4.286483228206634521e-01
5.340744853019714355e-01 6.141026020050048828e-01
4.928708970546722412e-01 4.816786348819732666e-01
5.492572784423828125e-01 4.491009116172790527e-01
7.203378677368164062e-01 4.477670490741729736e-01
5.678727626800537109e-01 5.017068982124328613e-01
7.245715260505676270e-01 6.748794317245483398e-01
5.397548675537109375e-01 4.013012945652008057e-01
6.183250546455383301e-01 5.180634856224060059e-01
7.626579999923706055e-01 4.841038584709167480e-01
5.426321625709533691e-01 5.489883422851562500e-01
5.656729340553283691e-01 4.438815712928771973e-01
5.543807744979858398e-01 4.602713584899902344e-01
5.995655059814453125e-01 5.025011897087097168e-01
6.679219007492065430e-01 5.031331777572631836e-01
5.550779104232788086e-01 3.308935761451721191e-01
6.582111716270446777e-01 4.577612280845642090e-01
6.302421689033508301e-01 4.237880408763885498e-01
5.662105679512023926e-01 5.115067362785339355e-01
6.233551502227783203e-01 5.834768414497375488e-01
6.549699902534484863e-01 5.905439853668212891e-01
6.389905214309692383e-01 6.456177830696105957e-01
7.880327701568603516e-01 3.012124896049499512e-01
6.186200380325317383e-01 5.282737612724304199e-01
4.278482198715209961e-01 4.822116196155548096e-01
7.390976548194885254e-01 4.880616664886474609e-01
6.496637463569641113e-01 5.602074265480041504e-01
7.048880457878112793e-01 7.792093157768249512e-01
6.718711853027343750e-01 4.496511816978454590e-01
7.043904066085815430e-01 6.115111708641052246e-01
6.645414233207702637e-01 5.753450989723205566e-01
5.516061186790466309e-01 6.665168404579162598e-01
6.441776156425476074e-01 6.093394160270690918e-01
6.428880691528320312e-01 4.385918378829956055e-01
6.881356239318847656e-01 4.520663917064666748e-01
6.272420287132263184e-01 5.594989657402038574e-01
4.945915937423706055e-01 5.753732323646545410e-01
5.837844014167785645e-01 5.263167023658752441e-01
7.481518983840942383e-01 7.248939275741577148e-01
6.103542447090148926e-01 5.914439558982849121e-01
7.854815125465393066e-01 6.131209731101989746e-01
4.526723325252532959e-01 4.389094412326812744e-01
6.236023902893066406e-01 5.716180801391601562e-01
7.094668149948120117e-01 5.724864602088928223e-01
6.703808307647705078e-01 4.794190824031829834e-01
5.806192159652709961e-01 7.118480205535888672e-01
5.095170736312866211e-01 6.769317388534545898e-01
8.285799026489257812e-01 3.602193295955657959e-01
5.880464911460876465e-01 4.811163246631622314e-01
5.241185426712036133e-01 4.906868636608123779e-01
7.328792810440063477e-01 4.938026964664459229e-01
5.283079743385314941e-01 3.662273585796356201e-01
6.019794940948486328e-01 4.711188971996307373e-01
5.323635935783386230e-01 3.615604341030120850e-01
6.258620619773864746e-01 5.784720778465270996e-01
5.761983990669250488e-01 7.454856634140014648e-01
7.762253880500793457e-01 4.839004874229431152e-01
6.718385219573974609e-01 6.582738757133483887e-01
5.899343490600585938e-01 5.623843073844909668e-01
7.709639072418212891e-01 5.982416868209838867e-01
6.841028332710266113e-01 7.503361105918884277e-01
5.083150863647460938e-01 4.264073371887207031e-01
6.253384351730346680e-01 5.572540163993835449e-01
5.066837668418884277e-01 7.245048880577087402e-01
5.203589797019958496e-01 5.764559507369995117e-01
6.786944270133972168e-01 4.737751483917236328e-01
4.276584684848785400e-01 4.473374187946319580e-01
6.325019001960754395e-01 5.056983232498168945e-01
7.648153901100158691e-01 4.561057984828948975e-01
5.751862525939941406e-01 5.184154510498046875e-01
7.642036676406860352e-01 5.354644656181335449e-01
4.959030151367187500e-01 4.045747518539428711e-01
6.167579293251037598e-01 4.948193430900573730e-01
7.041258215904235840e-01 7.964748740196228027e-01
5.543680787086486816e-01 4.968037605285644531e-01
6.305772066116333008e-01 5.624710321426391602e-01
6.490942835807800293e-01 4.845260083675384521e-01
5.009979605674743652e-01 6.917675733566284180e-01
5.350310802459716797e-01 6.165509819984436035e-01
5.266248583793640137e-01 3.299960196018218994e-01
6.860696077346801758e-01 4.369219839572906494e-01
6.345317959785461426e-01 6.506551504135131836e-01
4.652955234050750732e-01 5.177663564682006836e-01
4.790077507495880127e-01 4.322051703929901123e-01
7.350473403930664062e-01 3.512604832649230957e-01
5.487133860588073730e-01 4.024988114833831787e-01
4.793674051761627197e-01 4.063682854175567627e-01
6.358279585838317871e-01 5.793747305870056152e-01
7.363732457160949707e-01 3.765689134597778320e-01
7.744358181953430176e-01 6.510264873504638672e-01
6.509093642234802246e-01 5.110974907875061035e-01
5.203136801719665527e-01 4.442797303199768066e-01
7.313597202301025391e-01 5.343286395072937012e-01
4.828899502754211426e-01 5.833358168601989746e-01
4.836787283420562744e-01 4.583423435688018799e-01
4.504213631153106689e-01 5.245223641395568848e-01
6.143028140068054199e-01 5.008108615875244141e-01
6.933974027633666992e-01 3.968392312526702881e-01
6.572968363761901855e-01 5.723245143890380859e-01
6.948555111885070801e-01 4.572117328643798828e-01
5.633088350296020508e-01 4.944232404232025146e-01
5.445169806480407715e-01 7.291458845138549805e-01
7.431346178054809570e-01 2.549360692501068115e-01
6.864695549011230469e-01 6.339572668075561523e-01
6.516561508178710938e-01 4.386647045612335205e-01
6.740639805793762207e-01 2.446205765008926392e-01
3.977242708206176758e-01 5.662170052528381348e-01
6.261960268020629883e-01 4.216849207878112793e-01
6.921142339706420898e-01 8.082849383354187012e-01
7.262839674949645996e-01 4.450992345809936523e-01
6.442434191703796387e-01 5.960525274276733398e-01
6.507775783538818359e-01 5.215848088264465332e-01
6.899707317352294922e-01 5.494506359100341797e-01
7.581246495246887207e-01 5.131515860557556152e-01
4.102077782154083252e-01 5.955161452293395996e-01
8.124074339866638184e-01 4.227320253849029541e-01
7.874932289123535156e-01 5.350076556205749512e-01
7.217665314674377441e-01 6.608022451400756836e-01
4.820603132247924805e-01 7.294417619705200195e-01
4.631015658378601074e-01 6.625682711601257324e-01
4.525620341300964355e-01 3.825375139713287354e-01
5.807001590728759766e-01 5.177444219589233398e-01
7.719734907150268555e-01 5.214066505432128906e-01
5.746833682060241699e-01 4.903931915760040283e-01
6.287214756011962891e-01 4.774695634841918945e-01
5.773004293441772461e-01 3.701262176036834717e-01
6.337530016899108887e-01 5.944571495056152344e-01
8.218558430671691895e-01 3.683795928955078125e-01
6.366963386535644531e-01 5.958703756332397461e-01
4.911915361881256104e-01 5.993483662605285645e-01
7.227023839950561523e-01 3.449991941452026367e-01
5.544313788414001465e-01 3.580680489540100098e-01
7.439599633216857910e-01 5.612983703613281250e-01
5.867762565612792969e-01 4.517369270324707031e-01
6.581732034683227539e-01 5.309152603149414062e-01
6.094950437545776367e-01 8.552533984184265137e-01
6.471720337867736816e-01 7.549751996994018555e-01
4.126292467117309570e-01 4.511967003345489502e-01
5.530153512954711914e-01 2.999835014343261719e-01
6.599920988082885742e-01 5.061942338943481445e-01
7.248582839965820312e-01 5.227525234222412109e-01
4.388886094093322754e-01 6.347140073776245117e-01
5.158443450927734375e-01 5.343086719512939453e-01
5.993396043777465820e-01 2.924349606037139893e-01
5.439710617065429688e-01 4.021004438400268555e-01
7.297266125679016113e-01 5.813571810722351074e-01
5.918792486190795898e-01 3.380075097084045410e-01
6.602490544319152832e-01 4.210219383239746094e-01
6.151002645492553711e-01 5.531633496284484863e-01
6.812359094619750977e-01 5.597438216209411621e-01
6.829751133918762207e-01 6.041580438613891602e-01
6.088261604309082031e-01 4.414530098438262939e-01
5.448484420776367188e-01 5.370767712593078613e-01
6.532723903656005859e-01 6.724053621292114258e-01
6.566002964973449707e-01 5.003402233123779297e-01
4.769558906555175781e-01 5.996090173721313477e-01
7.595596313476562500e-01 4.049813747406005859e-01
6.424322128295898438e-01 3.016246557235717773e-01
7.488921880722045898e-01 7.083184123039245605e-01
7.035475373268127441e-01 7.711451649665832520e-01
6.841480731964111328e-01 4.786258637905120850e-01
3.901124596595764160e-01 4.852532744407653809e-01
6.231279373168945312e-01 4.704346954822540283e-01
6.153437495231628418e-01 4.071758091449737549e-01
7.179147601127624512e-01 6.797709465026855469e-01
7.574654221534729004e-01 5.639052391052246094e-01
6.976634263992309570e-01 2.765955924987792969e-01
7.158995866775512695e-01 6.905950903892517090e-01
7.391664981842041016e-01 5.665253400802612305e-01
6.109713315963745117e-01 5.395333170890808105e-01
7.689702510833740234e-01 5.409354567527770996e-01
6.299849152565002441e-01 5.426068305969238281e-01
7.466443181037902832e-01 5.683293342590332031e-01
6.603789925575256348e-01 6.309061646461486816e-01
5.185593962669372559e-01 3.163231313228607178e-01
6.273080706596374512e-01 4.740850627422332764e-01
6.948118805885314941e-01 7.260443568229675293e-01
7.805120944976806641e-01 3.095485568046569824e-01
8.027402758598327637e-01 4.253000319004058838e-01
7.620946764945983887e-01 6.997127532958984375e-01
6.987400650978088379e-01 4.838696718215942383e-01
5.738963484764099121e-01 4.300152361392974854e-01
6.910729408264160156e-01 4.415352046489715576e-01
7.045615315437316895e-01 3.667494356632232666e-01
5.819315910339355469e-01 6.205086112022399902e-01
5.571748018264770508e-01 5.553461909294128418e-01
4.215462505817413330e-01 4.699983000755310059e-01
6.585933566093444824e-01 4.604899287223815918e-01
7.115146517753601074e-01 6.177164912223815918e-01
6.837385892868041992e-01 7.305797934532165527e-01
7.385621070861816406e-01 3.123625516891479492e-01
7.551017403602600098e-01 6.552283167839050293e-01
8.101017475128173828e-01 3.127787113189697266e-01
5.841867923736572266e-01 2.989400625228881836e-01
7.224060297012329102e-01 2.580753266811370850e-01
6.015449166297912598e-01 5.819112658500671387e-01
7.638075351715087891e-01 6.274278163909912109e-01
5.585114359855651855e-01 5.360392928123474121e-01
5.625940561294555664e-01 7.723921537399291992e-01
8.081625699996948242e-01 4.177447557449340820e-01
6.235359907150268555e-01 4.558937847614288330e-01
6.003763675689697266e-01 6.554225087165832520e-01
6.580916643142700195e-01 6.697242259979248047e-01
5.530358552932739258e-01 4.536737799644470215e-01
6.955503225326538086e-01 6.509519815444946289e-01
5.161011219024658203e-01 5.049473047256469727e-01
6.010773777961730957e-01 5.257229208946228027e-01
5.983892679214477539e-01 5.772255659103393555e-01
5.959985256195068359e-01 5.901361107826232910e-01
4.741812944412231445e-01 5.030066370964050293e-01
7.275220155715942383e-01 3.327700197696685791e-01
7.005470991134643555e-01 5.928545594215393066e-01
5.919904708862304688e-01 4.141086339950561523e-01
6.283242106437683105e-01 4.994336366653442383e-01
5.493338108062744141e-01 3.389246463775634766e-01
6.455781459808349609e-01 7.801628112792968750e-01
6.669176816940307617e-01 6.921373605728149414e-01
8.006558418273925781e-01 4.669591784477233887e-01
7.580627799034118652e-01 3.470203876495361328e-01
7.394145727157592773e-01 3.209593892097473145e-01
4.642810523509979248e-01 5.483781099319458008e-01
4.146062135696411133e-01 5.595005750656127930e-01
5.708354711532592773e-01 6.624258756637573242e-01
7.125799655914306641e-01 7.107446789741516113e-01
6.190344095230102539e-01 4.264163374900817871e-01
6.968402266502380371e-01 6.637691259384155273e-01
6.405444145202636719e-01 3.987460136413574219e-01
7.073028683662414551e-01 4.980981647968292236e-01
7.587738633155822754e-01 2.961343824863433838e-01
5.984416604042053223e-01 6.745236515998840332e-01
7.546884417533874512e-01 3.442591726779937744e-01
7.029992341995239258e-01 6.829459071159362793e-01
6.182426810264587402e-01 2.469454854726791382e-01
6.785135865211486816e-01 7.214766144752502441e-01
6.082809567451477051e-01 4.169511795043945312e-01
5.420006513595581055e-01 4.076878726482391357e-01
7.464396357536315918e-01 6.658199429512023926e-01
6.064831018447875977e-01 6.791533827781677246e-01
6.751254200935363770e-01 5.140446424484252930e-01
3.628972172737121582e-01 4.959718585014343262e-01
6.865101456642150879e-01 4.891152679920196533e-01
6.322901248931884766e-01 6.134083867073059082e-01
6.642767190933227539e-01 3.155783116817474365e-01
6.640881896018981934e-01 6.096797585487365723e-01
7.237762212753295898e-01 4.509711861610412598e-01
8.183640837669372559e-01 5.896868705749511719e-01
6.921195387840270996e-01 4.344989359378814697e-01
8.146562576293945312e-01 5.051667690277099609e-01
5.042255520820617676e-01 6.138008832931518555e-01
5.732020139694213867e-01 5.185472965240478516e-01
7.559049129486083984e-01 4.690607488155364990e-01
8.198366761207580566e-01 4.954016208648681641e-01
7.506943345069885254e-01 4.044663012027740479e-01
4.529978930950164795e-01 4.397899806499481201e-01
4.482342600822448730e-01 3.894557356834411621e-01
4.632825553417205811e-01 5.488628149032592773e-01
4.872458577156066895e-01 4.470359086990356445e-01
8.157880306243896484e-01 2.645390331745147705e-01
7.095535397529602051e-01 4.076545834541320801e-01
6.671532392501831055e-01 4.991938769817352295e-01
8.217919468879699707e-01 3.362506031990051270e-01
7.484647631645202637e-01 5.831702947616577148e-01
4.818499684333801270e-01 6.203830838203430176e-01
8.238790631294250488e-01 2.869679629802703857e-01
7.237144112586975098e-01 5.937175750732421875e-01
7.364888191223144531e-01 6.827298998832702637e-01
8.202627897262573242e-01 4.469802081584930420e-01
7.639185190200805664e-01 5.508503317832946777e-01
6.784629821777343750e-01 7.646804451942443848e-01
6.474434733390808105e-01 5.138385891914367676e-01
6.732977628707885742e-01 3.296152651309967041e-01
7.372617721557617188e-01 3.470342159271240234e-01
6.202914118766784668e-01 5.513116717338562012e-01
4.938063025474548340e-01 4.956028759479522705e-01
6.295223236083984375e-01 4.306460916996002197e-01
7.015050649642944336e-01 3.706304132938385010e-01
6.858156919479370117e-01 6.311170458793640137e-01
5.959825515747070312e-01 3.117693364620208740e-01
6.767806410789489746e-01 4.810434877872467041e-01
6.032319068908691406e-01 5.119341015815734863e-01
5.832775831222534180e-01 3.181045651435852051e-01
7.910100221633911133e-01 4.045660793781280518e-01
4.851053953170776367e-01 4.495069086551666260e-01
7.208378911018371582e-01 4.708012938499450684e-01
6.844252347946166992e-01 5.787171721458435059e-01
6.722760200500488281e-01 7.067204117774963379e-01
5.219500064849853516e-01 5.195254683494567871e-01
6.799569129943847656e-01 5.088146924972534180e-01
5.552753210067749023e-01 3.519347012042999268e-01
7.030081152915954590e-01 3.691373467445373535e-01
5.724708437919616699e-01 6.059228777885437012e-01
5.419802665710449219e-01 3.861542344093322754e-01
7.678456306457519531e-01 4.755955338478088379e-01
4.416615664958953857e-01 4.061965644359588623e-01
7.047069072723388672e-01 5.526432394981384277e-01
6.480628252029418945e-01 5.095432996749877930e-01
4.421234726905822754e-01 5.529322624206542969e-01
7.223902940750122070e-01 7.864723205566406250e-01
6.297914981842041016e-01 3.068771064281463623e-01
7.703559994697570801e-01 4.459454715251922607e-01
6.567374467849731445e-01 7.870141267776489258e-01
7.597459554672241211e-01 2.430910617113113403e-01
5.272837877273559570e-01 5.170344114303588867e-01
7.648563981056213379e-01 4.582264423370361328e-01
6.888008713722229004e-01 4.437577724456787109e-01
4.790239632129669189e-01 4.752925932407379150e-01
6.859611868858337402e-01 4.483769237995147705e-01
5.491986870765686035e-01 8.155581951141357422e-01
7.122302055358886719e-01 5.033283233642578125e-01
6.350418925285339355e-01 4.320595264434814453e-01
6.956112384796142578e-01 4.239076375961303711e-01
6.885344386100769043e-01 7.370205521583557129e-01
7.575121521949768066e-01 6.257430315017700195e-01
6.651043295860290527e-01 5.165700316429138184e-01
7.640224695205688477e-01 4.450562000274658203e-01
4.991016387939453125e-01 5.502436757087707520e-01
7.148829102516174316e-01 3.535727560520172119e-01
7.532418370246887207e-01 4.358752667903900146e-01
7.421488761901855469e-01 2.855822145938873291e-01
6.815111041069030762e-01 7.588578462600708008e-01
6.815170049667358398e-01 6.827473044395446777e-01
7.279967665672302246e-01 4.594701826572418213e-01
4.485667049884796143e-01 5.482324361801147461e-01
6.487984657287597656e-01 8.414567112922668457e-01
8.324683904647827148e-01 2.851923108100891113e-01
7.637354731559753418e-01 5.322239995002746582e-01
5.573911070823669434e-01 3.012590706348419189e-01
5.208398699760437012e-01 6.334478259086608887e-01
5.863409638404846191e-01 3.735655844211578369e-01
5.377971529960632324e-01 3.658389151096343994e-01
6.456741094589233398e-01 4.512937068939208984e-01
6.805195808410644531e-01 6.588956713676452637e-01
6.294639706611633301e-01 8.197799921035766602e-01
7.179926633834838867e-01 4.916587471961975098e-01
6.877115964889526367e-01 4.428515732288360596e-01
6.035029888153076172e-01 4.310225248336791992e-01
6.597813367843627930e-01 6.033778190612792969e-01
5.434209108352661133e-01 2.973420917987823486e-01
7.891983389854431152e-01 3.849228024482727051e-01
7.191993594169616699e-01 3.783053755760192871e-01
7.207289934158325195e-01 5.883672237396240234e-01
7.548643946647644043e-01 2.820824086666107178e-01
7.171135544776916504e-01 5.579972267150878906e-01
7.225448489189147949e-01 4.732130467891693115e-01
5.616688728332519531e-01 3.713195323944091797e-01
5.397332906723022461e-01 3.120441436767578125e-01
8.005367517471313477e-01 6.100462079048156738e-01
8.388403058052062988e-01 3.843251168727874756e-01
4.631813466548919678e-01 4.216851294040679932e-01
5.330065488815307617e-01 3.036905527114868164e-01
6.658118367195129395e-01 6.265678405761718750e-01
7.485270500183105469e-01 6.130242347717285156e-01
7.279114723205566406e-01 3.275539875030517578e-01
7.181586027145385742e-01 5.384828448295593262e-01
7.453014254570007324e-01 5.541308522224426270e-01
5.757732987403869629e-01 6.309975981712341309e-01
7.522106766700744629e-01 3.755121827125549316e-01
6.804658174514770508e-01 6.605193018913269043e-01
6.304304599761962891e-01 3.667530417442321777e-01
5.927788019180297852e-01 4.308289289474487305e-01
6.187741756439208984e-01 5.629324316978454590e-01
5.046043992042541504e-01 5.054942369461059570e-01
6.089903116226196289e-01 3.211055696010589600e-01
5.024621486663818359e-01 6.709304451942443848e-01
6.922972202301025391e-01 7.468515634536743164e-01
6.773352026939392090e-01 4.239589869976043701e-01
7.042061686515808105e-01 6.429746747016906738e-01
6.814476847648620605e-01 7.963907718658447266e-01
6.672967672348022461e-01 3.949174880981445312e-01
7.480327486991882324e-01 7.254859805107116699e-01
4.759818017482757568e-01 4.034395813941955566e-01
7.574025392532348633e-01 3.682379424571990967e-01
7.274172306060791016e-01 5.830991864204406738e-01
7.447103857994079590e-01 6.282947659492492676e-01
7.177585363388061523e-01 4.535642862319946289e-01
7.340875864028930664e-01 5.242911577224731445e-01
7.331395745277404785e-01 4.482226073741912842e-01
5.734131336212158203e-01 4.596290290355682373e-01
7.454315423965454102e-01 5.399025678634643555e-01
7.917028665542602539e-01 3.542191684246063232e-01
6.780214309692382812e-01 3.590097725391387939e-01
7.235599160194396973e-01 3.924467265605926514e-01
6.726404428482055664e-01 3.978669047355651855e-01
4.928818941116333008e-01 3.898150622844696045e-01
6.902782320976257324e-01 4.378647506237030029e-01
5.557689070701599121e-01 4.807718098163604736e-01
5.197577476501464844e-01 4.477721154689788818e-01
3.980934917926788330e-01 5.396546125411987305e-01
5.898140668869018555e-01 4.594061970710754395e-01
5.519498586654663086e-01 3.277490735054016113e-01
7.115898728370666504e-01 5.247405767440795898e-01
6.148582696914672852e-01 6.444149613380432129e-01
7.233504056930541992e-01 5.326528549194335938e-01
4.811845123767852783e-01 4.835357964038848877e-01
5.552402138710021973e-01 4.158151447772979736e-01
6.826575398445129395e-01 6.941084861755371094e-01
6.068232655525207520e-01 5.453485250473022461e-01
6.335559487342834473e-01 5.177837610244750977e-01
6.206177473068237305e-01 6.821824908256530762e-01
5.530667901039123535e-01 6.200093030929565430e-01
7.552079558372497559e-01 4.692667424678802490e-01
5.768787860870361328e-01 5.509574413299560547e-01
6.576431393623352051e-01 3.752337396144866943e-01
7.859845757484436035e-01 3.888610601425170898e-01
6.622353792190551758e-01 6.411820650100708008e-01
7.465597391128540039e-01 5.574005246162414551e-01
6.234600543975830078e-01 5.337189435958862305e-01
6.392397880554199219e-01 6.364793777465820312e-01
5.634920597076416016e-01 4.165732562541961670e-01
6.917530894279479980e-01 5.427107214927673340e-01
8.301683068275451660e-01 3.435133397579193115e-01
6.773541569709777832e-01 7.758216857910156250e-01
6.507618427276611328e-01 3.896988928318023682e-01
4.401128888130187988e-01 5.954139828681945801e-01
6.742718815803527832e-01 2.668332457542419434e-01
6.863565444946289062e-01 5.319887995719909668e-01
5.867986679077148438e-01 5.671402215957641602e-01
