4.717755317687988281e-01 -2.523285150527954102e-01
2.758458256721496582e-01 -1.814252734184265137e-01
-1.933516860008239746e-01 2.593040466308593750e-01
7.411199808120727539e-02 2.036490440368652344e-01
1.710449457168579102e-01 -4.803949594497680664e-01
-1.971830129623413086e-01 -1.914020776748657227e-01
-7.153230905532836914e-02 1.325787901878356934e-01
4.195553064346313477e-01 -4.304145574569702148e-01
-4.300588369369506836e-01 1.735778450965881348e-01
-3.806269764900207520e-01 6.365591287612915039e-02
-1.813670396804809570e-01 -1.564907431602478027e-01
5.366516113281250000e-02 2.370402812957763672e-01
3.698595166206359863e-01 2.323034405708312988e-01
-2.573527097702026367e-01 4.855215549468994141e-01
2.414802312850952148e-01 2.123548984527587891e-01
3.298569917678833008e-01 -3.498774170875549316e-01
3.043500185012817383e-01 4.806506037712097168e-01
-4.142715930938720703e-01 3.459972143173217773e-01
2.084335684776306152e-01 -2.024537920951843262e-01
-3.955338001251220703e-01 9.233421087265014648e-02
-1.380711793899536133e-02 3.058701753616333008e-02
-2.247577905654907227e-01 -6.449842453002929688e-02
1.450331211090087891e-01 1.667481064796447754e-01
3.624581694602966309e-01 -2.863913774490356445e-02
3.350660204887390137e-01 -2.284621000289916992e-01
3.956085443496704102e-02 -2.794311046600341797e-01
2.693963646888732910e-01 -4.626811146736145020e-01
-4.554931521415710449e-01 -4.065856337547302246e-01
4.665666222572326660e-01 -1.071499586105346680e-01
1.674720644950866699e-01 -4.517278671264648438e-01
1.311137676239013672e-01 1.669270396232604980e-01
3.554483652114868164e-01 -2.343465089797973633e-01
-4.052382111549377441e-01 -1.766263842582702637e-01
1.303309798240661621e-01 -6.074929237365722656e-02
4.643365144729614258e-01 2.399142384529113770e-01
4.996243715286254883e-01 1.919044852256774902e-01
3.579947948455810547e-01 1.928612589836120605e-01
-3.488209247589111328e-01 3.616282343864440918e-01
-1.605923175811767578e-01 -3.803330063819885254e-01
-4.869894385337829590e-01 -4.269375801086425781e-01
3.143160343170166016e-01 -2.024594545364379883e-01
2.571332454681396484e-01 4.571473598480224609e-01
-1.689983010292053223e-01 -1.856320500373840332e-01
1.092317104339599609e-01 -2.817787528038024902e-01
-2.823579907417297363e-01 2.977334260940551758e-01
-5.616897344589233398e-02 1.211845874786376953e-01
9.990471601486206055e-02 1.174107193946838379e-01
4.815730452537536621e-01 -3.903028964996337891e-01
2.590286731719970703e-01 3.800555467605590820e-01
4.331830143928527832e-01 -3.267658352851867676e-01
-4.145448803901672363e-01 -2.957484722137451172e-01
-4.247989058494567871e-01 -1.152545213699340820e-01
2.411780357360839844e-01 -3.917248249053955078e-01
-3.585423231124877930e-01 -1.987302899360656738e-01
3.693790435791015625e-01 1.043297052383422852e-01
-4.282324314117431641e-01 2.328622341156005859e-01
-2.260804772377014160e-01 4.989212751388549805e-01
3.485920429229736328e-01 2.178773283958435059e-01
-3.860509395599365234e-02 2.941392660140991211e-01
-1.888423562049865723e-01 -1.194090843200683594e-01
-7.811319828033447266e-02 -4.922286272048950195e-01
-7.266193628311157227e-02 -3.694432377815246582e-01
-2.197871208190917969e-01 -1.005186438560485840e-01
1.681220531463623047e-01 -3.717427253723144531e-01
1.316804885864257812e-01 -1.498162746429443359e-01
-4.219430685043334961e-02 -2.376811504364013672e-01
1.376752257347106934e-01 3.649298548698425293e-01
1.318429112434387207e-01 -1.424739360809326172e-01
-4.174864888191223145e-01 4.639268517494201660e-01
3.279089927673339844e-01 -1.642681360244750977e-01
4.755425453186035156e-02 1.231667995452880859e-01
1.253660917282104492e-01 2.521222829818725586e-02
-1.112884879112243652e-01 -4.269191026687622070e-01
-2.368319034576416016e-01 2.411994934082031250e-01
3.565363287925720215e-01 4.920404553413391113e-01
2.963369488716125488e-01 -4.897872805595397949e-01
-4.617019891738891602e-01 -2.990352511405944824e-01
-2.020001411437988281e-03 4.331952929496765137e-01
-4.066349864006042480e-01 -3.011965751647949219e-02
-2.549888491630554199e-01 4.135983586311340332e-01
-1.209227442741394043e-01 4.306832551956176758e-01
-1.910573840141296387e-01 3.689455389976501465e-01
-3.749859333038330078e-01 3.685076236724853516e-01
3.728660345077514648e-01 3.220769166946411133e-01
-4.120957851409912109e-02 -3.280346989631652832e-01
2.424123883247375488e-01 -4.196230769157409668e-01
5.892503261566162109e-02 4.453178644180297852e-01
1.530027389526367188e-02 2.857589721679687500e-01
-2.199807167053222656e-01 -3.911904692649841309e-01
4.748126268386840820e-01 2.140388488769531250e-01
4.919987916946411133e-01 -4.389131069183349609e-02
-4.611876010894775391e-01 -2.723813056945800781e-01
1.980953216552734375e-01 -3.256235122680664062e-01
-1.862838864326477051e-01 -1.887027025222778320e-01
4.510266184806823730e-01 3.864862322807312012e-01
-7.726204395294189453e-02 1.399130821228027344e-01
-3.662216663360595703e-01 1.771843433380126953e-01
-4.309238195419311523e-01 1.306474208831787109e-03
-4.009566307067871094e-01 -3.895174860954284668e-01
4.196723103523254395e-01 -1.617981195449829102e-01
-1.324103474617004395e-01 2.955198884010314941e-01
1.028212308883666992e-01 -4.122304320335388184e-01
2.172707319259643555e-01 2.366452813148498535e-01
-8.096444606781005859e-02 2.274563312530517578e-01
1.935209631919860840e-01 -1.902577280998229980e-01
1.670989394187927246e-01 -2.798256874084472656e-01
4.029868245124816895e-01 4.733902812004089355e-01
-4.178497195243835449e-01 4.830892086029052734e-01
-4.401602149009704590e-01 -4.151765704154968262e-01
4.960042238235473633e-01 -1.731758117675781250e-01
1.055770516395568848e-01 -1.402961015701293945e-01
2.261108756065368652e-01 2.227390408515930176e-01
-4.599187374114990234e-01 3.274255990982055664e-01
3.117688298225402832e-01 -4.245290160179138184e-01
-1.416157484054565430e-01 1.061910390853881836e-02
1.026731729507446289e-02 -1.076976656913757324e-01
-4.197150468826293945e-01 -1.815665960311889648e-01
3.427974581718444824e-01 -3.020119667053222656e-02
-4.895162582397460938e-01 -8.369153738021850586e-02
3.147700428962707520e-01 1.938987374305725098e-01
-9.634500741958618164e-02 -1.224336624145507812e-01
3.570723533630371094e-01 -4.533077478408813477e-01
-2.607724666595458984e-01 -1.481360197067260742e-01
4.869258403778076172e-02 -2.802918553352355957e-01
2.821281552314758301e-01 4.296579957008361816e-01
4.440123438835144043e-01 -2.968556880950927734e-01
3.498044610023498535e-01 -2.707380056381225586e-02
1.411049962043762207e-01 -3.185270428657531738e-01
1.083999276161193848e-01 -4.779435992240905762e-01
-1.202104687690734863e-01 4.955270290374755859e-01
-2.744094133377075195e-01 -1.170944571495056152e-01
3.811909556388854980e-01 -9.408086538314819336e-02
1.450582742691040039e-01 2.710834741592407227e-01
-4.253805875778198242e-01 -3.835945725440979004e-01
-3.424628376960754395e-01 -3.101410865783691406e-01
-3.261041641235351562e-02 1.611022949218750000e-01
3.596438169479370117e-01 3.411890864372253418e-01
3.720188140869140625e-02 -1.482825279235839844e-01
-1.720246672630310059e-01 -4.301269650459289551e-01
9.184366464614868164e-02 -3.840879797935485840e-01
3.152841329574584961e-02 -4.951533675193786621e-01
3.120203018188476562e-01 2.961472868919372559e-01
3.208732604980468750e-02 2.728493809700012207e-01
4.743193984031677246e-01 4.154964685440063477e-01
3.385871648788452148e-02 -4.751611948013305664e-01
3.791891932487487793e-01 -4.773234128952026367e-01
4.560412168502807617e-01 1.890901923179626465e-01
-3.407357931137084961e-01 4.722741842269897461e-01
-4.154374599456787109e-01 -3.775386810302734375e-01
-6.698620319366455078e-02 2.308177947998046875e-02
-1.027587652206420898e-01 4.831111431121826172e-02
2.449826002120971680e-01 4.868626594543457031e-03
-3.841713666915893555e-01 -4.186201095581054688e-02
-1.788243651390075684e-01 4.855969548225402832e-01
3.757981657981872559e-01 3.408432006835937500e-03
2.204364538192749023e-02 6.298750638961791992e-02
-3.964543342590332031e-03 6.721007823944091797e-02
-1.902988553047180176e-01 3.845505118370056152e-01
-4.374706745147705078e-02 3.673735260963439941e-01
-1.788887977600097656e-01 2.470478415489196777e-01
2.167432308197021484e-01 -1.342601776123046875e-01
-1.197431087493896484e-01 -2.312314510345458984e-01
3.097734451293945312e-01 -8.604699373245239258e-02
4.999289512634277344e-01 3.467639684677124023e-01
7.609605789184570312e-02 -1.457967758178710938e-01
-5.328720808029174805e-02 2.603868246078491211e-01
-3.618304729461669922e-01 -7.300639152526855469e-02
3.288662433624267578e-01 2.968412637710571289e-02
-2.164410948753356934e-01 -1.101152300834655762e-01
4.319729208946228027e-01 -3.998618125915527344e-01
2.542245984077453613e-01 1.882590055465698242e-01
5.032002925872802734e-02 2.626618146896362305e-01
-3.168269395828247070e-01 -3.844116926193237305e-01
2.133898138999938965e-01 -4.585399627685546875e-01
-1.221562027931213379e-01 -4.768478870391845703e-02
1.173058748245239258e-01 4.394544363021850586e-01
1.568632721900939941e-01 6.923478841781616211e-02
4.722292423248291016e-01 -3.775984048843383789e-01
1.760025620460510254e-01 4.780140519142150879e-01
1.392300724983215332e-01 -2.369639277458190918e-01
-2.292004227638244629e-01 2.785044312477111816e-01
-1.596162915229797363e-01 -2.685211300849914551e-01
-4.326373934745788574e-01 -4.226660132408142090e-01
-3.364242911338806152e-01 -4.120733737945556641e-01
-4.372394084930419922e-02 -1.316164731979370117e-01
1.906652450561523438e-01 6.603974103927612305e-02
-4.189717173576354980e-01 1.367664337158203125e-01
-3.290392160415649414e-01 -2.854197025299072266e-01
-3.112345933914184570e-01 -8.653414249420166016e-02
1.232516765594482422e-01 1.335631012916564941e-01
-1.363534331321716309e-01 3.113526701927185059e-01
-1.652966141700744629e-01 -4.782170057296752930e-02
4.117481708526611328e-01 3.821293711662292480e-01
-2.260769009590148926e-01 -2.530065774917602539e-01
-4.986696243286132812e-01 -8.530443906784057617e-02
-4.264878034591674805e-01 1.978825330734252930e-01
-3.492442965507507324e-01 -3.924154043197631836e-01
-3.024369478225708008e-01 4.566234350204467773e-01
4.599287509918212891e-01 2.410208582878112793e-01
3.288640975952148438e-01 -4.616389870643615723e-01
3.553440570831298828e-01 -3.448545932769775391e-02
4.688421487808227539e-01 5.549490451812744141e-03
-2.480512857437133789e-01 -2.077168822288513184e-01
-8.344650268554687500e-04 -1.526570916175842285e-01
1.711750030517578125e-01 4.847056865692138672e-01
-2.145420908927917480e-01 3.176118731498718262e-01
1.592594385147094727e-01 6.223160028457641602e-02
-4.817340970039367676e-01 -4.471239447593688965e-01
-8.122688531875610352e-02 -1.291065812110900879e-01
2.377920746803283691e-01 2.631814479827880859e-01
-1.866281032562255859e-03 1.608327627182006836e-01
1.584721803665161133e-01 6.526458263397216797e-02
-1.176571846008300781e-01 8.561450242996215820e-02
4.617491960525512695e-01 1.489892005920410156e-01
1.862965226173400879e-01 -3.650733232498168945e-01
-1.855906844139099121e-01 3.942641615867614746e-01
1.668440103530883789e-01 3.797008395195007324e-01
-4.980820417404174805e-02 -9.093898534774780273e-02
-1.176083683967590332e-01 -2.947084903717041016e-01
1.493127942085266113e-01 -3.760486245155334473e-01
-2.756337523460388184e-01 1.380789875984191895e-01
4.022306203842163086e-02 2.758691906929016113e-01
5.059081315994262695e-02 -2.955266833305358887e-01
-1.110227704048156738e-01 -3.220565915107727051e-01
4.523560404777526855e-01 -8.352327346801757812e-02
4.638582468032836914e-01 -5.663442611694335938e-02
-8.026182651519775391e-03 3.678142428398132324e-01
-1.907836198806762695e-01 -2.005238533020019531e-01
-3.839840292930603027e-01 -3.178562521934509277e-01
-1.398941874504089355e-01 1.301988363265991211e-01
3.726772069931030273e-01 1.528647541999816895e-01
4.088988304138183594e-01 1.539746522903442383e-01
4.763079881668090820e-01 -1.186106204986572266e-01
-3.590362071990966797e-01 3.065307140350341797e-01
-4.323703050613403320e-02 3.764733076095581055e-01
6.063812971115112305e-02 1.225948333740234375e-03
1.326151490211486816e-01 3.774737715721130371e-01
-1.661387681961059570e-01 -2.427660226821899414e-01
-3.481886386871337891e-01 -3.357657790184020996e-01
4.050870537757873535e-01 4.654719829559326172e-01
-1.667624711990356445e-01 1.688627600669860840e-01
-4.233298897743225098e-01 3.102185726165771484e-01
-1.966781020164489746e-01 -4.016104340553283691e-01
4.345038533210754395e-01 -4.302775263786315918e-01
-3.929417133331298828e-01 4.740550518035888672e-01
1.572328805923461914e-02 -8.793652057647705078e-03
3.583113551139831543e-01 -2.513110637664794922e-01
-4.155379533767700195e-01 -7.264447212219238281e-02
-4.855660796165466309e-01 -2.886385321617126465e-01
-1.012235879898071289e-02 -4.875312447547912598e-01
-3.914940357208251953e-01 2.741433382034301758e-01
-4.228959083557128906e-01 -1.501594185829162598e-01
6.266456842422485352e-02 -4.474667906761169434e-01
-4.379767179489135742e-02 -2.417541742324829102e-01
1.450481414794921875e-01 3.225290775299072266e-02
-1.166623830795288086e-02 -4.016126394271850586e-01
-2.000270485877990723e-01 3.884003162384033203e-01
-4.838840365409851074e-01 -1.879447102546691895e-01
-2.028229236602783203e-01 -8.359700441360473633e-02
4.670542478561401367e-01 -2.817224860191345215e-01
3.863787651062011719e-02 -7.918840646743774414e-02
5.038338899612426758e-02 3.859472274780273438e-02
-2.495701909065246582e-01 2.282548546791076660e-01
3.432562351226806641e-01 -4.702231287956237793e-01
3.537231087684631348e-01 -4.342455267906188965e-01
-2.858817577362060547e-02 1.160341501235961914e-01
-1.097748279571533203e-01 -4.976308941841125488e-01
3.966455459594726562e-01 3.118541836738586426e-01
2.185574769973754883e-01 -1.682652235031127930e-01
-4.004633426666259766e-02 2.419230937957763672e-01
4.863560199737548828e-02 -2.836179137229919434e-01
-4.394917488098144531e-01 2.565997838973999023e-01
2.705882787704467773e-01 3.376942276954650879e-01
-3.866125941276550293e-01 1.888533234596252441e-01
1.496235728263854980e-01 4.925801157951354980e-01
1.122398376464843750e-01 3.865701556205749512e-01
4.441630840301513672e-02 -4.223203659057617188e-02
3.621414899826049805e-01 4.680398106575012207e-01
4.474176168441772461e-01 4.381659626960754395e-01
-1.162499785423278809e-01 3.046991229057312012e-01
1.236952543258666992e-01 -4.889448881149291992e-01
1.881632804870605469e-01 -1.445958614349365234e-01
-1.031754016876220703e-01 -2.735460400581359863e-01
-3.032989501953125000e-01 2.981241941452026367e-01
-2.859064936637878418e-01 1.905873417854309082e-01
-4.448181390762329102e-01 2.674674987792968750e-01
2.566288709640502930e-01 -1.364251375198364258e-01
-5.290383100509643555e-02 -3.658273220062255859e-01
-1.881647109985351562e-01 -3.174425363540649414e-01
-2.426207065582275391e-03 -1.841385364532470703e-01
4.209137558937072754e-01 -3.820832967758178711e-01
-6.128847599029541016e-02 -1.199210286140441895e-01
4.374390840530395508e-02 -4.065569639205932617e-01
-1.415007710456848145e-01 2.863258123397827148e-02
2.245529890060424805e-01 -1.496546268463134766e-01
3.779472112655639648e-01 4.083544015884399414e-01
2.561960816383361816e-01 -7.677733898162841797e-02
4.137367606163024902e-01 2.354357838630676270e-01
2.354807853698730469e-01 1.869106292724609375e-02
7.506239414215087891e-02 1.436590552330017090e-01
2.546762228012084961e-01 -4.262132048606872559e-01
-1.703656315803527832e-01 1.022530198097229004e-01
9.756624698638916016e-03 1.550748944282531738e-01
3.438508510589599609e-02 1.037509441375732422e-01
-3.053726553916931152e-01 -9.576082229614257812e-02
4.330977201461791992e-01 -1.584984660148620605e-01
4.932496547698974609e-01 2.458292245864868164e-01
2.541385889053344727e-01 -2.793928980827331543e-01
-3.307066559791564941e-01 -2.186253666877746582e-01
2.633075714111328125e-01 -4.304087758064270020e-01
3.146831989288330078e-01 -2.950949072837829590e-01
2.734306454658508301e-01 4.909013509750366211e-01
2.153590321540832520e-01 2.948948740959167480e-01
3.488120436668395996e-01 4.055605530738830566e-01
2.016497850418090820e-01 -2.456220388412475586e-01
3.701102137565612793e-01 2.188153862953186035e-01
3.242912292480468750e-01 -2.951528429985046387e-01
-2.695972323417663574e-01 -2.443718314170837402e-01
4.029389619827270508e-01 2.790748476982116699e-01
-1.088562607765197754e-01 8.305180072784423828e-02
-1.277438402175903320e-01 -4.385486245155334473e-01
-1.009753942489624023e-01 -2.761055827140808105e-01
-3.001605868339538574e-01 -5.622506141662597656e-04
-1.657233238220214844e-01 3.095963597297668457e-01
-2.523825764656066895e-01 -3.505300879478454590e-01
5.880373716354370117e-02 -2.595792412757873535e-01
2.468254566192626953e-01 -3.582925796508789062e-01
-4.900026917457580566e-01 8.195024728775024414e-02
-3.734296560287475586e-02 -4.083043336868286133e-01
-1.993167400360107422e-02 3.465565443038940430e-01
-1.342317461967468262e-01 -1.014865040779113770e-01
-3.256393671035766602e-01 4.208797216415405273e-01
-4.170861244201660156e-01 -4.051167368888854980e-01
4.277139902114868164e-02 6.780779361724853516e-02
3.570661544799804688e-01 4.143753647804260254e-01
-2.553021311759948730e-01 3.517287969589233398e-02
3.320379257202148438e-01 2.688876390457153320e-01
4.498341679573059082e-01 3.257734179496765137e-01
-2.121961116790771484e-02 -1.213777661323547363e-01
-1.000465750694274902e-01 2.304142713546752930e-02
-3.333878517150878906e-02 -2.535928487777709961e-01
1.110168099403381348e-01 -4.722830653190612793e-01
-4.224708080291748047e-01 -2.601317167282104492e-01
-9.914398193359375000e-03 -4.665971398353576660e-01
3.157313466072082520e-01 5.629533529281616211e-02
9.296947717666625977e-02 5.067414045333862305e-02
3.988590240478515625e-01 -3.862840533256530762e-01
1.219671964645385742e-02 -3.650724291801452637e-01
-2.700273990631103516e-01 -4.271282553672790527e-01
1.999450325965881348e-01 3.249219059944152832e-01
-7.168513536453247070e-02 1.307257413864135742e-01
2.994729876518249512e-01 -2.495150566101074219e-01
3.403421044349670410e-01 2.861350178718566895e-01
-4.636199474334716797e-01 8.501952886581420898e-02
3.611325025558471680e-01 -1.825326681137084961e-02
-4.140503406524658203e-01 1.301195621490478516e-01
-3.505481481552124023e-01 4.716894626617431641e-01
-3.118830323219299316e-01 1.396501064300537109e-02
3.054616451263427734e-01 4.121938943862915039e-01
-1.727973222732543945e-01 1.655531525611877441e-01
5.296343564987182617e-02 1.148834228515625000e-01
4.362813234329223633e-01 -3.999572992324829102e-01
3.574359416961669922e-01 4.804807901382446289e-02
3.604540824890136719e-01 -4.200183749198913574e-01
3.321850299835205078e-02 2.977901101112365723e-01
-3.715107440948486328e-01 4.929391741752624512e-01
-4.237232804298400879e-01 4.981924891471862793e-01
2.622988820075988770e-01 1.052516698837280273e-02
-2.513697147369384766e-01 7.992565631866455078e-02
3.131603598594665527e-01 -2.528721690177917480e-01
3.222530484199523926e-01 -3.394467830657958984e-01
4.322288632392883301e-01 -8.372193574905395508e-02
-3.010374307632446289e-01 -7.719582319259643555e-02
2.057707309722900391e-02 8.425408601760864258e-02
-3.373928070068359375e-01 4.763443470001220703e-01
3.195484280586242676e-01 -4.893570542335510254e-01
-3.139077425003051758e-01 -3.758576512336730957e-01
-4.077011942863464355e-01 3.121404051780700684e-01
-2.353270649909973145e-01 -4.443086385726928711e-01
-3.741461038589477539e-02 2.993755936622619629e-01
-2.395827770233154297e-01 -3.344058990478515625e-02
3.659930229187011719e-01 -4.390377402305603027e-01
6.515729427337646484e-02 -9.678775072097778320e-02
1.032334566116333008e-01 -2.924373149871826172e-01
1.849559545516967773e-01 1.718911528587341309e-01
-1.473851203918457031e-01 3.437310457229614258e-01
-3.297963142395019531e-01 -4.654402136802673340e-01
-3.329405188560485840e-01 4.812103509902954102e-02
3.238298296928405762e-01 -4.321259260177612305e-02
1.084870696067810059e-01 -3.794852495193481445e-01
2.990120649337768555e-02 -2.895349264144897461e-02
3.927217721939086914e-01 3.017761111259460449e-01
2.106636762619018555e-01 -3.407394886016845703e-02
3.610954284667968750e-01 2.901726961135864258e-02
-4.032050371170043945e-01 -1.150247454643249512e-01
-3.576965928077697754e-01 -5.907416343688964844e-03
3.043204545974731445e-01 4.704986214637756348e-01
2.103710174560546875e-02 8.382314443588256836e-02
-8.484977483749389648e-02 -3.913030028343200684e-01
3.811750411987304688e-01 1.662790775299072266e-03
-4.427745938301086426e-01 1.369799375534057617e-01
-4.961540699005126953e-01 4.519284963607788086e-01
4.692322015762329102e-01 -4.972836375236511230e-01
-2.053145170211791992e-01 -4.242944717407226562e-02
4.625512361526489258e-01 -3.385434150695800781e-01
-1.656037569046020508e-02 1.531668901443481445e-01
-1.464828252792358398e-01 -2.018610239028930664e-01
-9.945136308670043945e-02 -2.041514515876770020e-01
1.316180825233459473e-01 -3.840284943580627441e-01
3.353180289268493652e-01 1.837080717086791992e-01
-2.433335781097412109e-02 1.286993026733398438e-01
-1.113043427467346191e-01 1.371247768402099609e-01
-3.363665342330932617e-01 7.414031028747558594e-02
4.119402170181274414e-01 3.453679680824279785e-01
3.630264401435852051e-01 -4.716467857360839844e-02
-1.187161803245544434e-01 -3.568506836891174316e-01
2.817174792289733887e-01 -2.804452776908874512e-01
3.601961731910705566e-01 -3.169969320297241211e-01
-8.484131097793579102e-02 1.906979084014892578e-02
1.693679094314575195e-01 -4.259560108184814453e-01
1.638564467430114746e-01 -1.735537052154541016e-01
7.031613588333129883e-02 3.693777322769165039e-02
-4.921818971633911133e-01 -4.008132815361022949e-01
-2.987121939659118652e-01 -1.574223041534423828e-01
5.791348218917846680e-02 -3.712555170059204102e-01
1.668058037757873535e-01 -2.850284576416015625e-01
1.932268738746643066e-01 1.138347983360290527e-01
-7.039958238601684570e-02 -1.081454753875732422e-01
4.782384634017944336e-01 -1.080982089042663574e-01
3.729969859123229980e-01 -1.694271564483642578e-01
-1.925930976867675781e-01 4.135235548019409180e-01
1.439685821533203125e-01 3.304765224456787109e-01
-3.598016500473022461e-01 -4.101754426956176758e-01
5.153745412826538086e-02 2.191326618194580078e-01
3.073867559432983398e-01 4.837466478347778320e-01
2.004326581954956055e-01 -5.217486619949340820e-02
9.104669094085693359e-02 3.705017566680908203e-01
1.594334244728088379e-01 4.133653640747070312e-01
2.158045768737792969e-03 -4.585701823234558105e-01
3.203549385070800781e-01 -1.178219318389892578e-01
3.376753330230712891e-01 5.451536178588867188e-02
3.833829164505004883e-01 6.536662578582763672e-03
2.761247754096984863e-01 -4.056179523468017578e-01
3.777958154678344727e-01 -2.380552291870117188e-01
1.983729600906372070e-01 1.757615804672241211e-02
2.370983362197875977e-01 -2.118411064147949219e-01
-9.594798088073730469e-03 4.528599977493286133e-02
-1.462453603744506836e-02 1.078021526336669922e-01
-9.134662151336669922e-02 2.052956223487854004e-01
3.072784543037414551e-01 1.812424063682556152e-01
4.530556797981262207e-01 4.909983873367309570e-01
-3.903520107269287109e-02 4.786611795425415039e-01
-2.737280726432800293e-01 4.518845677375793457e-01
4.952354431152343750e-01 -4.128593206405639648e-01
4.064425826072692871e-01 -4.895546436309814453e-01
4.932457208633422852e-01 -4.908936619758605957e-01
9.703654050827026367e-02 -1.211973428726196289e-01
2.697198987007141113e-01 -4.227414131164550781e-01
4.980588555335998535e-01 4.867478013038635254e-01
-7.583832740783691406e-02 -4.484878778457641602e-01
-1.752154231071472168e-01 -1.875955462455749512e-01
1.403713822364807129e-01 2.101510763168334961e-01
-4.408988356590270996e-01 2.310457229614257812e-01
-2.870424389839172363e-01 2.302461862564086914e-01
-3.244399428367614746e-01 -1.164847016334533691e-01
6.966191530227661133e-02 -2.411927580833435059e-01
-2.051144838333129883e-01 3.259244561195373535e-01
-1.701561808586120605e-01 4.059576392173767090e-01
-2.190133333206176758e-01 -2.109422087669372559e-01
4.088782072067260742e-01 -4.463021755218505859e-01
-1.137501597404479980e-01 -3.929390907287597656e-01
4.979626536369323730e-01 2.441345453262329102e-01
2.727837562561035156e-01 2.602618932723999023e-02
-2.463626861572265625e-01 -9.480601549148559570e-02
5.092799663543701172e-02 1.237947344779968262e-01
-3.973041772842407227e-01 -1.205045580863952637e-01
3.476006388664245605e-01 4.844534397125244141e-01
-1.589822769165039062e-02 -7.812738418579101562e-03
1.010499000549316406e-01 3.285902142524719238e-01
-4.077944755554199219e-01 -4.779678583145141602e-01
1.060898303985595703e-01 -3.813450336456298828e-01
1.701881885528564453e-01 3.412002325057983398e-02
3.392946720123291016e-01 6.126886606216430664e-02
2.618449926376342773e-01 -3.695515394210815430e-01
3.276692032814025879e-01 -8.429211378097534180e-02
2.975865006446838379e-01 4.460563659667968750e-01
2.720559239387512207e-01 7.518827915191650391e-02
4.606739282608032227e-01 1.023607850074768066e-01
2.684170007705688477e-01 1.343355774879455566e-01
-3.697509169578552246e-01 2.838321328163146973e-01
2.416353225708007812e-01 -1.948329806327819824e-01
4.164570569992065430e-02 -2.890390157699584961e-01
2.578192949295043945e-01 1.019239425659179688e-05
-2.435611486434936523e-01 1.400168538093566895e-01
-2.607429623603820801e-01 4.424484968185424805e-01
3.581965565681457520e-01 -7.330238819122314453e-02
3.742122650146484375e-01 -4.497250914573669434e-01
-2.192392349243164062e-01 2.037239074707031250e-02
7.261449098587036133e-02 -1.656857728958129883e-01
4.225856661796569824e-01 1.014760732650756836e-01
1.547218561172485352e-01 3.721918463706970215e-01
-4.781790971755981445e-01 -1.956537365913391113e-01
2.324715852737426758e-01 -4.305763244628906250e-01
1.915205121040344238e-01 2.637652158737182617e-01
1.891198754310607910e-01 -1.193336248397827148e-01
1.962637901306152344e-01 -2.967216968536376953e-01
-1.146796941757202148e-01 1.514320373535156250e-01
3.974377512931823730e-01 4.239691495895385742e-01
-2.131209373474121094e-01 1.832246780395507812e-02
9.343379735946655273e-02 1.376526951789855957e-01
-3.644213080406188965e-01 -1.091074347496032715e-01
1.162403821945190430e-01 4.710223674774169922e-01
-1.864565014839172363e-01 3.041734099388122559e-01
-3.891469836235046387e-01 1.691489815711975098e-01
-3.585191965103149414e-01 1.360666751861572266e-01
-1.550071239471435547e-01 -1.077585220336914062e-01
4.263011217117309570e-01 4.398710727691650391e-01
3.100636005401611328e-01 -4.122152328491210938e-01
-2.897049188613891602e-01 4.317551851272583008e-02
2.231997847557067871e-01 1.616559624671936035e-01
-4.714077711105346680e-02 3.035511374473571777e-01
-4.337978363037109375e-02 -3.931226730346679688e-01
1.976901292800903320e-01 4.438739418983459473e-01
-1.610913872718811035e-01 -3.556051850318908691e-01
-4.993438720703125000e-01 1.783517599105834961e-01
-2.531850934028625488e-01 -2.622640132904052734e-02
-3.670788407325744629e-01 -3.732305765151977539e-01
3.208761811256408691e-01 -1.804885864257812500e-01
2.267761230468750000e-01 -2.333730459213256836e-01
2.815792560577392578e-01 -7.209247350692749023e-02
-4.894485473632812500e-01 -4.697221517562866211e-01
-2.036441564559936523e-01 2.753340005874633789e-01
2.831714153289794922e-01 -4.758137464523315430e-01
-3.238047361373901367e-01 -4.933058619499206543e-01
2.351737618446350098e-01 8.741915225982666016e-02
-2.982845902442932129e-01 3.080338835716247559e-01
1.839473843574523926e-01 5.286842584609985352e-02
-2.573171257972717285e-01 4.608219265937805176e-01
1.644210219383239746e-01 -5.212509632110595703e-02
2.042480707168579102e-01 -3.807481527328491211e-01
-2.670400738716125488e-01 1.470173597335815430e-01
-2.778248190879821777e-01 -3.085631728172302246e-01
-2.476668953895568848e-01 -3.119081854820251465e-01
-2.938365936279296875e-02 -3.697015643119812012e-01
3.799408674240112305e-02 1.054295897483825684e-01
3.791164755821228027e-01 -3.174551725387573242e-01
1.612569689750671387e-01 3.841524720191955566e-01
-4.747909307479858398e-02 -3.099020719528198242e-01
3.097077012062072754e-01 -1.048699021339416504e-01
-1.047604680061340332e-01 9.616291522979736328e-02
-3.626661896705627441e-01 -4.236465692520141602e-01
-4.286413192749023438e-01 3.439969420433044434e-01
9.263360500335693359e-02 4.353601336479187012e-01
-4.015570878982543945e-01 1.305205821990966797e-01
-7.598793506622314453e-02 -1.845316886901855469e-01
1.562265753746032715e-01 4.254865646362304688e-01
7.858866453170776367e-02 1.988825201988220215e-01
4.185115098953247070e-01 4.039008021354675293e-01
-4.846746921539306641e-01 -4.341304302215576172e-01
-3.940724730491638184e-01 -4.181546568870544434e-01
3.287492394447326660e-01 -3.035128116607666016e-01
-4.700124263763427734e-01 -6.342726945877075195e-02
3.360146880149841309e-01 1.969482898712158203e-01
7.370299100875854492e-02 -3.077421784400939941e-01
4.011951088905334473e-01 1.469564437866210938e-01
-5.953717231750488281e-02 -1.744315028190612793e-01
3.856813907623291016e-02 -3.732885718345642090e-01
4.930903315544128418e-01 -1.865811347961425781e-01
-3.807759881019592285e-01 -7.851368188858032227e-02
7.776218652725219727e-02 -4.478275179862976074e-01
2.819513678550720215e-01 -3.123816847801208496e-01
1.930001974105834961e-01 1.061728596687316895e-01
-1.474969387054443359e-01 7.775974273681640625e-02
9.314507246017456055e-02 -3.322697877883911133e-01
2.514128088951110840e-01 -4.099016785621643066e-01
-2.483205795288085938e-01 2.087641358375549316e-01
3.981096148490905762e-01 3.700188994407653809e-01
-2.498888373374938965e-01 4.180572628974914551e-01
-3.135976791381835938e-01 4.360895752906799316e-01
4.278770089149475098e-01 -1.331916451454162598e-01
-1.025109291076660156e-01 2.251886129379272461e-01
1.123526692390441895e-01 -7.558190822601318359e-02
-2.880110740661621094e-01 7.221120595932006836e-02
1.277166008949279785e-01 -3.553522229194641113e-01
-4.399682879447937012e-01 -2.655090689659118652e-01
3.674976229667663574e-01 -1.684909462928771973e-01
-1.456713676452636719e-01 1.470453143119812012e-01
1.935360431671142578e-01 1.469307541847229004e-01
2.855572700500488281e-01 3.144042491912841797e-01
2.538666725158691406e-01 5.076342821121215820e-02
2.554719448089599609e-01 -1.965603828430175781e-01
-2.571347951889038086e-01 4.337906241416931152e-01
-5.716001987457275391e-02 4.590463638305664062e-01
2.065168619155883789e-01 -1.504327654838562012e-01
-3.386330604553222656e-02 1.546176671981811523e-01
-1.669331789016723633e-01 1.950220465660095215e-01
2.099878787994384766e-01 7.828450202941894531e-02
-2.438831329345703125e-01 -4.550229907035827637e-01
3.175815939903259277e-01 2.435052990913391113e-01
-4.746586084365844727e-01 -1.443306803703308105e-01
-2.256051898002624512e-01 -2.421993613243103027e-01
1.830089092254638672e-01 -2.426925301551818848e-01
4.935194849967956543e-01 -3.823257088661193848e-01
-9.712660312652587891e-02 5.214679241180419922e-02
-2.231233119964599609e-01 2.252692580223083496e-01
2.804302573204040527e-01 -1.193587183952331543e-01
4.956984519958496094e-01 2.011224031448364258e-01
6.027913093566894531e-02 2.839505076408386230e-01
1.799346208572387695e-01 -4.038162231445312500e-01
-6.853997707366943359e-03 9.331417083740234375e-02
6.564646959304809570e-02 -1.026788353919982910e-01
-3.029082417488098145e-01 3.907539248466491699e-01
4.598353505134582520e-01 1.833873987197875977e-02
-1.673904657363891602e-01 -4.295468926429748535e-01
-3.881305456161499023e-01 4.645574688911437988e-01
1.204498410224914551e-01 5.950385332107543945e-02
-2.686876058578491211e-02 -4.520123600959777832e-01
-3.522115945816040039e-02 -2.691258788108825684e-01
1.389706134796142578e-02 -3.686923384666442871e-01
-3.866410255432128906e-02 5.561810731887817383e-02
-4.440702199935913086e-01 4.020615816116333008e-01
-4.766462445259094238e-01 -6.170517206192016602e-02
1.222224235534667969e-01 -3.995440006256103516e-01
-3.690180778503417969e-01 2.456662654876708984e-01
3.437824845314025879e-01 2.193937301635742188e-01
5.548250675201416016e-02 -1.656925678253173828e-01
-3.475295305252075195e-01 2.234828472137451172e-02
-1.413525938987731934e-01 -3.299238085746765137e-01
-1.486908793449401855e-01 -3.008404970169067383e-01
2.144070267677307129e-01 -1.283810138702392578e-01
-1.419618129730224609e-01 -3.926226496696472168e-01
1.450529098510742188e-01 -4.424869418144226074e-01
4.882904887199401855e-01 -4.947994947433471680e-01
4.020971059799194336e-01 -1.124566793441772461e-01
9.578812122344970703e-02 4.683725237846374512e-01
2.178546190261840820e-01 -1.477345824241638184e-01
-2.886890172958374023e-01 2.664847970008850098e-01
-8.455300331115722656e-02 -2.871823310852050781e-01
1.729837059974670410e-01 3.563854098320007324e-01
-2.404365539550781250e-01 2.423452138900756836e-01
4.714798927307128906e-02 2.558898925781250000e-01
1.052405238151550293e-01 -2.093902826309204102e-01
7.593274116516113281e-02 1.598986387252807617e-01
-2.086377143859863281e-02 6.416088342666625977e-02
2.183284759521484375e-01 -4.839938879013061523e-01
3.775646686553955078e-01 -4.575273990631103516e-01
2.508143782615661621e-01 -2.217924594879150391e-02
3.848458528518676758e-01 -3.849147558212280273e-01
3.719471693038940430e-01 2.770718336105346680e-01
-1.172417402267456055e-01 -2.199752926826477051e-01
-4.894726276397705078e-01 3.641417622566223145e-01
-1.699554324150085449e-01 4.439960122108459473e-01
3.158445954322814941e-01 1.995869278907775879e-01
-1.449240446090698242e-01 3.775756955146789551e-01
-4.456639289855957031e-03 2.029967308044433594e-01
-3.978014588356018066e-01 -1.893163919448852539e-01
1.367437243461608887e-01 -2.017241120338439941e-01
3.458446860313415527e-01 -8.885979652404785156e-02
2.709039449691772461e-01 -1.727837324142456055e-01
6.325268745422363281e-02 4.068381190299987793e-01
-1.455513238906860352e-01 1.444621086120605469e-01
-2.845741510391235352e-01 -9.480237960815429688e-02
-3.434163331985473633e-01 3.277963995933532715e-01
-7.462203502655029297e-02 5.347150564193725586e-02
-6.954246759414672852e-02 3.007259964942932129e-01
-4.626049995422363281e-01 -4.045099020004272461e-01
-1.546548604965209961e-01 -3.116801381111145020e-01
-2.500935196876525879e-01 -2.834137082099914551e-01
-1.727557778358459473e-01 1.970987319946289062e-01
2.744745016098022461e-01 -1.738349795341491699e-01
-7.484281063079833984e-02 -4.421271681785583496e-01
1.770860552787780762e-01 4.591636061668395996e-01
-1.541399359703063965e-01 2.877708673477172852e-01
3.075206875801086426e-01 1.478876471519470215e-01
-2.369081377983093262e-01 -4.843124151229858398e-01
1.990222930908203125e-01 1.346283555030822754e-01
-4.415208697319030762e-01 2.736765742301940918e-01
1.717128753662109375e-01 2.017489671707153320e-01
-6.393337249755859375e-02 -3.095082044601440430e-01
9.533685445785522461e-02 -3.879654407501220703e-02
3.252674937248229980e-01 -2.126309275627136230e-01
2.837705016136169434e-01 -1.895092129707336426e-01
4.107067584991455078e-01 -3.664371371269226074e-01
1.483446955680847168e-01 -1.769489645957946777e-01
-2.483389377593994141e-01 -3.635224699974060059e-01
3.834979534149169922e-01 4.346907138824462891e-03
2.390810847282409668e-01 4.182434082031250000e-02
-4.053403139114379883e-01 4.478859305381774902e-01
1.234688758850097656e-01 -3.875033855438232422e-01
-2.861352562904357910e-01 -1.655381917953491211e-02
-1.115995645523071289e-02 -1.509965062141418457e-01
1.256993412971496582e-01 1.445049643516540527e-01
2.816000580787658691e-01 2.254128456115722656e-03
1.218144297599792480e-01 -1.401591300964355469e-02
4.548035264015197754e-01 4.648328423500061035e-01
2.914533615112304688e-01 -2.645677924156188965e-01
-4.089746475219726562e-01 -3.645729422569274902e-01
-4.943758249282836914e-01 -2.279347181320190430e-02
3.113344311714172363e-01 9.863531589508056641e-02
-4.353341460227966309e-01 -3.805688619613647461e-01
-8.732330799102783203e-02 1.026111245155334473e-01
-4.737355709075927734e-01 -1.265210509300231934e-01
-3.181155920028686523e-01 -1.318320631980895996e-01
-4.620692729949951172e-01 2.805610299110412598e-01
4.072657823562622070e-01 -4.085056185722351074e-01
6.247466802597045898e-02 -3.786844015121459961e-02
-3.301137089729309082e-01 3.732650876045227051e-01
-9.539669752120971680e-02 -3.916430473327636719e-01
1.481134295463562012e-01 1.003293395042419434e-01
2.718005180358886719e-01 2.078338265419006348e-01
-2.281264662742614746e-01 4.024899005889892578e-01
-2.253704071044921875e-01 -3.975157737731933594e-01
-3.416973352432250977e-02 -4.309333562850952148e-01
1.868093013763427734e-01 -2.001321315765380859e-02
-5.318522453308105469e-04 -1.746764183044433594e-01
1.713141202926635742e-01 -2.110031247138977051e-01
1.584504842758178711e-01 -1.479765772819519043e-01
2.710779309272766113e-01 2.409598827362060547e-01
2.111552357673645020e-01 -4.966834187507629395e-01
2.811189889907836914e-01 3.406739234924316406e-01
2.166940569877624512e-01 9.054064750671386719e-03
1.525186896324157715e-01 -3.860788941383361816e-01
-2.764295935630798340e-01 4.807081222534179688e-01
-4.603531956672668457e-01 -2.695268988609313965e-01
7.498341798782348633e-02 2.117353081703186035e-01
2.254981994628906250e-01 1.766403317451477051e-01
6.152904033660888672e-02 -4.275727868080139160e-01
-2.492347359657287598e-01 -2.418171763420104980e-01
3.305146694183349609e-01 -3.003355264663696289e-01
2.264000177383422852e-01 1.712900996208190918e-01
1.853871941566467285e-01 2.811930179595947266e-01
-4.223745465278625488e-01 -1.667194962501525879e-01
3.867791891098022461e-01 3.134185671806335449e-01
-1.404050588607788086e-01 -2.722923755645751953e-01
-3.174185752868652344e-01 -1.365618705749511719e-01
-3.734130859375000000e-01 4.967312216758728027e-01
-1.825521588325500488e-01 4.458572864532470703e-01
-2.722834348678588867e-01 1.754638552665710449e-01
3.945987224578857422e-01 -4.577369093894958496e-01
-2.292392253875732422e-01 -6.129419803619384766e-02
3.497133851051330566e-01 -2.014693617820739746e-01
-3.823444247245788574e-01 2.064290046691894531e-01
-3.850849270820617676e-01 -3.443619012832641602e-01
-4.874198436737060547e-01 1.412685513496398926e-01
3.014299273490905762e-01 3.251386284828186035e-01
1.149057745933532715e-01 3.324102759361267090e-01
7.487237453460693359e-03 -1.238627433776855469e-01
7.190108299255371094e-02 2.120611071586608887e-01
4.878618121147155762e-01 -3.655808568000793457e-01
1.208844184875488281e-01 -4.064202308654785156e-02
-4.684546589851379395e-01 1.356952786445617676e-01
1.754034757614135742e-01 -1.737506389617919922e-01
-3.605224490165710449e-01 9.717291593551635742e-02
-1.921626329421997070e-01 1.937805414199829102e-01
-2.752071022987365723e-01 -2.427262067794799805e-02
-1.262187361717224121e-01 -2.678880095481872559e-01
4.998110532760620117e-01 -4.496288895606994629e-01
1.480632424354553223e-01 4.885315299034118652e-01
-3.555858135223388672e-02 2.608268260955810547e-01
2.971050739288330078e-01 -2.556524276733398438e-01
-1.061618328094482422e-02 4.261771440505981445e-01
-3.733749389648437500e-01 1.424821019172668457e-01
1.732342243194580078e-01 1.577666401863098145e-01
-3.980398178100585938e-04 1.906273961067199707e-01
-3.431528806686401367e-01 1.439954042434692383e-01
-3.776100873947143555e-01 1.265602111816406250e-01
-3.603940606117248535e-01 2.369572520256042480e-01
-7.833421230316162109e-02 -9.661644697189331055e-02
-6.007361412048339844e-02 2.531812787055969238e-01
1.342061161994934082e-01 -3.881236314773559570e-01
-1.020169854164123535e-01 -6.333369016647338867e-02
1.577814817428588867e-01 -2.613916397094726562e-01
-4.439598321914672852e-02 -4.130393266677856445e-01
2.485435009002685547e-01 1.463035345077514648e-01
-3.250129818916320801e-01 -6.714659929275512695e-02
3.057175874710083008e-02 -4.101241827011108398e-01
-3.611291646957397461e-01 3.195880651473999023e-01
-1.846817135810852051e-01 -7.942819595336914062e-02
1.159458756446838379e-01 -7.452464103698730469e-02
2.143175005912780762e-01 4.576659202575683594e-02
-3.200997114181518555e-01 -2.781913876533508301e-01
-2.647063136100769043e-01 3.519116640090942383e-01
-7.740318775177001953e-03 -2.268959879875183105e-01
2.279956340789794922e-01 -4.880462288856506348e-01
1.647346615791320801e-01 8.048933744430541992e-02
3.830413222312927246e-01 3.945879936218261719e-01
7.821726799011230469e-02 -4.722996950149536133e-01
-1.170267462730407715e-01 -1.177899837493896484e-01
2.894140481948852539e-01 -1.368492841720581055e-01
1.059790253639221191e-01 -3.428280949592590332e-01
3.347543478012084961e-01 -1.157009601593017578e-02
-4.489592313766479492e-01 -4.278419017791748047e-01
-9.760844707489013672e-02 6.890290975570678711e-02
-2.989846467971801758e-01 1.394711136817932129e-01
-1.344502568244934082e-01 9.687542915344238281e-03
3.681808114051818848e-01 -1.844400167465209961e-01
1.925565600395202637e-01 -2.387485504150390625e-01
3.503956198692321777e-01 -4.162202477455139160e-01
-3.122331500053405762e-01 -9.896683692932128906e-02
-4.392414093017578125e-01 -2.125074863433837891e-01
1.238070726394653320e-01 -4.010483026504516602e-01
-1.578839421272277832e-01 1.149214506149291992e-01
-3.303123116493225098e-01 2.465293407440185547e-01
-1.267927289009094238e-01 1.670587062835693359e-01
-2.008874416351318359e-01 3.290644288063049316e-01
-1.760177016258239746e-01 -3.636974096298217773e-02
2.915610074996948242e-01 -2.781485319137573242e-01
9.484207630157470703e-02 -7.932245731353759766e-03
-1.047735810279846191e-01 9.185963869094848633e-02
4.313051700592041016e-03 4.515091776847839355e-01
-2.436579465866088867e-01 9.687000513076782227e-02
3.373122215270996094e-01 8.396118879318237305e-02
-3.109791278839111328e-01 3.254596590995788574e-01
-3.412228822708129883e-01 -4.418208003044128418e-01
-9.668743610382080078e-02 -2.047353982925415039e-02
-1.098972558975219727e-02 -9.254300594329833984e-02
-2.453884482383728027e-01 -4.293567538261413574e-01
-2.608020305633544922e-01 -4.475480914115905762e-01
-2.437825798988342285e-01 3.032563328742980957e-01
-4.896454215049743652e-01 -1.350585818290710449e-01
-1.820991039276123047e-01 4.962790012359619141e-02
-3.865748643875122070e-02 -9.894758462905883789e-02
-2.308016419410705566e-01 2.071534991264343262e-01
-4.870773553848266602e-01 4.766395092010498047e-01
2.119298577308654785e-01 -4.657162427902221680e-01
-7.968312501907348633e-02 4.767324328422546387e-01
3.841864466667175293e-01 4.988676309585571289e-01
3.267641663551330566e-01 -4.342378973960876465e-01
-1.927533149719238281e-01 3.885704874992370605e-01
-3.321315050125122070e-01 6.486582756042480469e-02
-2.987591028213500977e-01 -4.447849988937377930e-01
9.913599491119384766e-02 -2.660098671913146973e-01
-1.915978789329528809e-01 -3.332151770591735840e-01
-2.074506282806396484e-01 1.598047018051147461e-01
4.528259634971618652e-01 2.845394015312194824e-01
4.231950044631958008e-01 4.325824975967407227e-01
-6.029969453811645508e-02 -9.777337312698364258e-02
-4.885445833206176758e-01 -4.308925271034240723e-01
-2.643893361091613770e-01 -1.879506111145019531e-01
1.021829247474670410e-01 -2.199534773826599121e-01
-1.448109745979309082e-01 -1.244369149208068848e-01
8.358538150787353516e-02 4.334928989410400391e-01
-3.469416499137878418e-01 -1.724993586540222168e-01
-2.874597907066345215e-01 -4.163345694541931152e-01
3.143739104270935059e-01 -3.326293826103210449e-01
-3.462224602699279785e-01 1.192038655281066895e-01
1.108742952346801758e-01 -3.712388873100280762e-01
-6.919020414352416992e-02 -3.331051468849182129e-01
-3.429653048515319824e-01 4.401649832725524902e-01
2.302454710006713867e-01 -2.511555552482604980e-01
-8.515757322311401367e-02 -1.490998268127441406e-02
3.806207776069641113e-01 3.255324363708496094e-01
4.487854242324829102e-02 -3.815723657608032227e-01
-2.547377347946166992e-01 5.161297321319580078e-02
2.139782905578613281e-01 2.914080023765563965e-01
-1.269520521163940430e-01 -3.513286709785461426e-01
-5.577260255813598633e-02 -1.152937412261962891e-01
4.522594809532165527e-01 1.052002906799316406e-01
-2.063108682632446289e-01 3.775762319564819336e-01
5.719035863876342773e-02 -2.114483118057250977e-01
2.536616921424865723e-01 3.628657460212707520e-01
2.109900712966918945e-01 -2.822245955467224121e-01
-3.268652558326721191e-01 4.502558708190917969e-02
1.563304066658020020e-01 1.888024210929870605e-01
-7.555323839187622070e-02 -9.761834144592285156e-02
-2.608326077461242676e-01 -1.730849146842956543e-01
-1.078734993934631348e-01 -3.705415725708007812e-01
4.873766303062438965e-01 3.508473634719848633e-01
3.284112215042114258e-01 -1.562728881835937500e-01
4.907469153404235840e-01 3.403544425964355469e-02
6.382465362548828125e-02 1.585948467254638672e-01
1.448751688003540039e-01 -1.723015308380126953e-02
-2.787897586822509766e-01 -1.146644949913024902e-01
2.700372934341430664e-01 2.920651435852050781e-02
2.927048206329345703e-01 -1.129246354103088379e-01
4.320903420448303223e-01 -1.191238164901733398e-01
1.263690590858459473e-01 2.779665589332580566e-01
1.922795176506042480e-01 4.915460944175720215e-01
-1.221396327018737793e-01 -3.025353550910949707e-01
-2.304634451866149902e-01 4.813660383224487305e-01
1.812142133712768555e-01 -2.935365438461303711e-01
-4.587681293487548828e-01 2.449297904968261719e-02
2.751243710517883301e-01 -1.663673520088195801e-01
5.970120429992675781e-03 -3.686486482620239258e-01
-2.854111194610595703e-01 2.112645506858825684e-01
-3.298280835151672363e-01 3.594802618026733398e-01
3.581166267395019531e-03 -3.167011737823486328e-01
-2.190834879875183105e-01 7.836556434631347656e-02
1.100199818611145020e-01 3.110052943229675293e-01
6.775432825088500977e-02 -4.072276949882507324e-01
5.974990129470825195e-02 -4.067590236663818359e-01
-3.665908575057983398e-01 -9.235298633575439453e-02
9.034979343414306641e-02 -2.397219538688659668e-01
8.737349510192871094e-02 2.661827802658081055e-01
1.402011513710021973e-01 3.551830053329467773e-01
-2.791411280632019043e-01 -4.680705070495605469e-02
1.822872161865234375e-01 -5.466300249099731445e-02
2.910488843917846680e-02 3.458000421524047852e-01
-3.045048117637634277e-01 1.612083315849304199e-01
-1.730720400810241699e-01 -3.219030499458312988e-01
-3.252583742141723633e-02 -1.695901751518249512e-01
1.731981635093688965e-01 -2.402004003524780273e-01
-4.688142538070678711e-01 4.459291696548461914e-01
-3.193980455398559570e-02 -2.465577125549316406e-01
-4.333250522613525391e-01 -3.684640526771545410e-01
1.017888188362121582e-01 1.232691407203674316e-01
-3.235033750534057617e-01 -1.489348411560058594e-01
-3.207246661186218262e-01 -1.592735648155212402e-01
2.570487856864929199e-01 3.867009282112121582e-01
3.258345723152160645e-01 3.630411624908447266e-01
4.939837455749511719e-01 6.636786460876464844e-02
5.653524398803710938e-02 4.491505622863769531e-01
4.153724908828735352e-01 -3.132137060165405273e-01
2.396656870841979980e-01 1.057759523391723633e-01
2.884737849235534668e-01 -3.069221377372741699e-01
2.857349514961242676e-01 -7.724207639694213867e-02
-9.754371643066406250e-02 -4.029206037521362305e-01
2.458170056343078613e-01 -4.494447708129882812e-01
3.232941627502441406e-01 2.879059314727783203e-02
2.161276340484619141e-01 2.853915095329284668e-01
8.789539337158203125e-02 -2.480441927909851074e-01
2.028676867485046387e-01 -3.213852643966674805e-02
2.911006808280944824e-01 -6.935822963714599609e-02
-4.568276405334472656e-01 -2.764314413070678711e-02
-3.254076838493347168e-01 -4.075372815132141113e-01
-4.073393344879150391e-02 2.288450002670288086e-01
4.338992238044738770e-01 -4.539296627044677734e-01
-1.224265694618225098e-01 2.979609966278076172e-01
3.252804279327392578e-03 -4.556714296340942383e-01
8.524191379547119141e-02 -4.476654529571533203e-01
2.624689340591430664e-01 3.046554923057556152e-01
-3.577395677566528320e-01 2.354483008384704590e-01
3.131002187728881836e-02 -4.693734049797058105e-01
1.964398026466369629e-01 1.137136816978454590e-01
4.626554250717163086e-01 2.919161319732666016e-02
3.661680817604064941e-01 2.260182499885559082e-01
3.119000196456909180e-01 2.139187455177307129e-01
-2.504652142524719238e-01 -1.840764284133911133e-02
-4.155372381210327148e-01 -2.727275490760803223e-01
7.661080360412597656e-02 3.046335577964782715e-01
-6.194013357162475586e-02 4.003345370292663574e-01
-1.748722791671752930e-02 2.562671899795532227e-02
1.118435859680175781e-01 3.498836159706115723e-01
2.318513393402099609e-02 -1.818736791610717773e-01
-3.587895631790161133e-01 3.258094191551208496e-01
-4.559487700462341309e-01 -1.068888306617736816e-01
-2.640836238861083984e-01 -7.104617357254028320e-02
2.952303290367126465e-01 -1.850329637527465820e-01
2.854466438293457031e-02 1.216925382614135742e-01
-3.455293178558349609e-01 -1.250706315040588379e-01
3.207457065582275391e-01 4.813470840454101562e-01
-2.594133615493774414e-01 3.538498878479003906e-01
1.816123723983764648e-02 -3.584526181221008301e-01
3.352744579315185547e-01 3.281221985816955566e-01
3.155345320701599121e-01 -2.698291540145874023e-01
-1.180905103683471680e-01 -8.270502090454101562e-02
-1.405329108238220215e-01 -3.366409540176391602e-01
6.666183471679687500e-04 -8.225440979003906250e-06
2.172853350639343262e-01 -6.962078809738159180e-02
-3.439773917198181152e-01 -3.400278687477111816e-01
3.692693114280700684e-01 3.740068674087524414e-01
4.000557065010070801e-01 -3.130722045898437500e-02
-3.507101535797119141e-01 4.993316531181335449e-01
1.993874907493591309e-01 -1.052320003509521484e-02
-2.215846180915832520e-01 2.023248076438903809e-01
1.910374164581298828e-01 -2.388414144515991211e-01
3.511883020401000977e-01 3.155936002731323242e-01
-4.714181423187255859e-01 3.101601600646972656e-01
2.451772689819335938e-01 -8.390814065933227539e-02
-4.086207747459411621e-01 -1.890555024147033691e-01
4.410488009452819824e-01 -3.927689790725708008e-02
-2.350933551788330078e-01 -2.116841077804565430e-01
-3.349758386611938477e-01 -3.179532289505004883e-02
1.645507216453552246e-01 -4.789296984672546387e-01
4.445795416831970215e-01 -2.565894126892089844e-01
-3.666783571243286133e-01 1.523194909095764160e-01
-2.099658846855163574e-01 3.485580682754516602e-01
4.020667672157287598e-01 -8.847790956497192383e-02
3.825991749763488770e-01 -2.495075464248657227e-01
3.401952385902404785e-01 1.942619681358337402e-01
1.046435832977294922e-01 -4.180304408073425293e-01
-8.225274085998535156e-02 -1.988719701766967773e-01
1.290583610534667969e-02 -2.959412336349487305e-01
-2.170743942260742188e-01 1.203458905220031738e-01
-2.613750100135803223e-01 1.001082062721252441e-01
-3.247040510177612305e-02 -3.313034772872924805e-02
4.165505766868591309e-01 -3.675364851951599121e-01
-8.871442079544067383e-02 -5.524903535842895508e-02
2.368590831756591797e-01 -2.900886535644531250e-02
-2.938401103019714355e-01 4.656354784965515137e-01
-9.337663650512695312e-03 3.609795570373535156e-01
2.235573530197143555e-02 -9.713768959045410156e-04
