-2.735322713851928711e-01 -4.127675294876098633e-01
-2.488681077957153320e-01 4.840220212936401367e-01
2.668297290802001953e-01 -1.286032795906066895e-01
2.194977402687072754e-01 2.649262547492980957e-01
-1.216589212417602539e-01 -3.140972852706909180e-01
2.259330749511718750e-01 -9.978884458541870117e-02
-1.294401288032531738e-01 -7.977968454360961914e-02
3.966087102890014648e-02 -4.941152334213256836e-01
3.723196387290954590e-01 6.445473432540893555e-02
-3.294855952262878418e-01 -2.398970127105712891e-01
1.023634076118469238e-01 -9.614467620849609375e-02
-3.021814227104187012e-01 -4.759228229522705078e-01
-1.288452744483947754e-01 2.953689694404602051e-01
-3.270819187164306641e-01 5.288416147232055664e-02
1.639097929000854492e-01 4.210631251335144043e-01
-3.367111086845397949e-01 2.681170701980590820e-01
-1.404166221618652344e-03 -4.743021130561828613e-01
7.793903350830078125e-03 4.670738577842712402e-01
1.090630292892456055e-01 -1.519808173179626465e-01
-2.058418393135070801e-01 4.775032401084899902e-01
-1.144409179687500000e-04 2.925336360931396484e-02
-4.313097596168518066e-01 2.179752588272094727e-01
-2.928888797760009766e-01 -3.859095573425292969e-01
3.559175133705139160e-01 6.085485219955444336e-02
4.359936118125915527e-01 -3.971863985061645508e-01
-4.751690030097961426e-01 1.113980412483215332e-01
-4.587255120277404785e-01 1.838935613632202148e-01
2.948750853538513184e-01 3.559726476669311523e-02
1.003755927085876465e-01 -3.893077373504638672e-01
-3.765094876289367676e-01 3.888350725173950195e-01
2.448706626892089844e-01 -4.374920129776000977e-01
-6.560552120208740234e-02 -6.203860044479370117e-02
9.212762117385864258e-02 -2.780953049659729004e-01
-2.070837616920471191e-01 -4.991043210029602051e-01
1.075441837310791016e-01 4.643852710723876953e-01
3.574291467666625977e-01 -4.840765595436096191e-01
9.851884841918945312e-02 -8.886939287185668945e-02
-3.909962773323059082e-01 4.590873122215270996e-01
-1.654273867607116699e-01 2.069616317749023438e-01
1.849305629730224609e-01 -1.165192723274230957e-01
-3.470990657806396484e-01 -2.046614289283752441e-01
1.633900403976440430e-02 6.197255849838256836e-02
6.223958730697631836e-02 3.488910198211669922e-01
-4.975429177284240723e-01 2.791094183921813965e-01
3.901203870773315430e-01 1.862191557884216309e-01
1.376152038574218750e-03 -4.034607410430908203e-01
-4.544157385826110840e-01 -3.455523848533630371e-01
-4.240168333053588867e-01 -4.831430912017822266e-01
-1.786438226699829102e-01 -4.678623080253601074e-01
-4.195448756217956543e-01 3.520784974098205566e-01
-3.868848085403442383e-02 1.487827301025390625e-01
3.761710524559020996e-01 2.804238200187683105e-01
1.988205313682556152e-01 -2.896934151649475098e-01
2.981606721878051758e-01 -4.890584349632263184e-01
4.016199111938476562e-01 -3.883332014083862305e-02
-4.987067580223083496e-01 -2.026345133781433105e-01
-9.789741039276123047e-02 4.861170649528503418e-01
5.352729558944702148e-02 1.045805215835571289e-01
-3.351742029190063477e-02 -4.531323313713073730e-01
-3.443926572799682617e-01 3.637851476669311523e-01
-3.879188895225524902e-01 1.889546513557434082e-01
3.499366044998168945e-01 -3.756216168403625488e-01
2.726781964302062988e-01 -8.692312240600585938e-02
2.668087482452392578e-01 6.238055229187011719e-02
-1.930296421051025391e-01 -3.472117781639099121e-01
7.608103752136230469e-02 2.570241689682006836e-02
4.966727495193481445e-01 3.010493516921997070e-02
3.206744790077209473e-01 1.485615968704223633e-01
1.577339768409729004e-01 2.244917750358581543e-01
-4.327139258384704590e-01 -4.039960503578186035e-01
-1.120081543922424316e-01 -2.649937868118286133e-01
-2.869361042976379395e-01 4.588189721107482910e-01
-1.721501350402832031e-01 -3.350553512573242188e-01
5.518263578414916992e-02 2.787358164787292480e-01
-5.372202396392822266e-02 3.801624774932861328e-01
-4.001345038414001465e-01 1.014113426208496094e-01
1.684486269950866699e-01 -6.904059648513793945e-02
-4.346887469291687012e-01 1.051217913627624512e-01
1.987189054489135742e-02 -3.332368731498718262e-01
-9.112632274627685547e-02 -3.568297624588012695e-01
-3.483164310455322266e-02 -4.763607978820800781e-01
4.091869592666625977e-01 -1.230014562606811523e-01
3.976516723632812500e-01 4.578472971916198730e-01
-4.074195027351379395e-01 1.567424535751342773e-01
-2.896614074707031250e-01 3.414792418479919434e-01
2.648008465766906738e-01 -5.901682376861572266e-02
-4.402920007705688477e-01 3.669857978820800781e-03
-4.396590590476989746e-01 -3.670487999916076660e-01
-3.679074048995971680e-01 4.744650125503540039e-01
-2.177920937538146973e-01 1.112478375434875488e-01
-2.870390415191650391e-01 3.272134661674499512e-01
-1.662433147430419922e-03 1.072931885719299316e-01
3.899216651916503906e-02 -4.878678321838378906e-01
-2.298771739006042480e-01 3.362547159194946289e-01
3.627879619598388672e-01 1.371670365333557129e-01
4.696218967437744141e-01 1.839828491210937500e-01
4.521589875221252441e-01 -4.753839969635009766e-02
-3.573010563850402832e-01 3.641488552093505859e-01
1.625781059265136719e-01 4.230129122734069824e-01
-3.483993411064147949e-01 2.613260149955749512e-01
-3.726503252983093262e-01 -4.180680513381958008e-01
3.615649938583374023e-01 -4.358351230621337891e-02
-3.063565492630004883e-01 4.758948087692260742e-02
1.918653249740600586e-01 -2.343855500221252441e-01
1.077567338943481445e-01 1.147556304931640625e-01
3.686844110488891602e-01 -5.684274435043334961e-02
-1.303046941757202148e-02 1.018010973930358887e-01
-3.763892054557800293e-01 1.660748720169067383e-01
3.483750224113464355e-01 2.474476695060729980e-01
1.248797178268432617e-01 2.143033146858215332e-01
2.250771522521972656e-01 3.314343094825744629e-01
-4.302675724029541016e-01 -2.665068507194519043e-01
2.654645442962646484e-01 -3.840094804763793945e-01
-2.992390990257263184e-01 -4.522110223770141602e-01
-1.103621721267700195e-01 9.787791967391967773e-02
-4.213938713073730469e-01 3.634213209152221680e-01
2.676481604576110840e-01 8.729535341262817383e-02
-2.857336997985839844e-01 3.360199332237243652e-01
-5.258780717849731445e-02 4.873055219650268555e-01
1.716520786285400391e-01 -4.840052127838134766e-01
-2.449176311492919922e-01 -3.398146033287048340e-01
-1.158294677734375000e-01 -1.919500827789306641e-01
5.637627840042114258e-02 -2.752871513366699219e-01
1.322622299194335938e-01 -1.981559395790100098e-01
2.065488100051879883e-01 4.262764453887939453e-01
1.058450937271118164e-01 1.922523379325866699e-01
2.858505249023437500e-01 -1.578877568244934082e-01
-4.702903628349304199e-01 4.289866685867309570e-01
-2.570598125457763672e-01 -3.799611330032348633e-01
2.713681459426879883e-01 -2.348060607910156250e-01
1.957923173904418945e-02 3.625574111938476562e-01
-2.413283586502075195e-01 2.470193505287170410e-01
-2.170451283454895020e-01 -1.331443786621093750e-01
4.155457615852355957e-01 3.749120235443115234e-02
8.405822515487670898e-02 1.410955786705017090e-01
2.108681797981262207e-01 -2.660583257675170898e-01
7.291364669799804688e-02 -1.233152747154235840e-01
-7.837551832199096680e-02 -1.639695167541503906e-01
-2.912390232086181641e-01 -4.971953034400939941e-01
2.615747451782226562e-01 3.772130608558654785e-01
-3.661900758743286133e-01 -5.307298898696899414e-02
4.479696750640869141e-01 -2.390183210372924805e-01
-1.252706646919250488e-01 4.693285226821899414e-01
2.523121237754821777e-01 -8.015233278274536133e-02
-1.845614910125732422e-01 4.625450372695922852e-01
-2.123339772224426270e-01 2.036826014518737793e-01
3.652408719062805176e-01 3.202338814735412598e-01
-1.653115153312683105e-01 -1.735962033271789551e-01
4.107581377029418945e-01 2.755929231643676758e-01
-9.277868270874023438e-02 2.569613456726074219e-01
-1.891994476318359375e-02 1.211326122283935547e-01
-1.575958132743835449e-01 -3.390419483184814453e-02
4.836283922195434570e-01 4.705966114997863770e-01
-2.849413752555847168e-01 -4.800525307655334473e-01
-1.065855622291564941e-01 2.560354471206665039e-01
-3.875009417533874512e-01 -2.226510047912597656e-01
-3.247990608215332031e-01 -1.403825879096984863e-01
4.020037651062011719e-01 2.641733884811401367e-01
1.040976047515869141e-01 4.257255196571350098e-01
-4.102336764335632324e-01 -3.304164409637451172e-01
-6.384915113449096680e-02 -3.686776757240295410e-01
-7.002508640289306641e-02 4.405771493911743164e-01
2.742739319801330566e-01 6.573826074600219727e-02
-2.886734604835510254e-01 3.894686698913574219e-02
-7.476061582565307617e-02 2.392861247062683105e-01
3.326948881149291992e-01 1.219910979270935059e-01
-1.212789416313171387e-01 -3.058423995971679688e-01
-1.243527531623840332e-01 1.611472964286804199e-01
4.126042723655700684e-01 1.506827473640441895e-01
-2.226714491844177246e-01 5.379766225814819336e-02
-4.591631889343261719e-02 1.587545871734619141e-02
-3.304198384284973145e-01 -8.093708753585815430e-02
2.314187884330749512e-01 3.351823687553405762e-01
-1.132569313049316406e-01 4.030427932739257812e-01
2.310063838958740234e-01 4.176009893417358398e-01
-1.764127612113952637e-01 -4.077204465866088867e-01
2.771805524826049805e-01 7.310998439788818359e-02
1.193784475326538086e-01 3.662643432617187500e-01
1.562821865081787109e-01 8.517462015151977539e-02
4.205867052078247070e-01 -2.327609062194824219e-02
-5.525630712509155273e-02 3.125290870666503906e-01
2.306619882583618164e-01 4.106004238128662109e-01
-8.169591426849365234e-03 1.629247069358825684e-01
1.556113958358764648e-01 7.442307472229003906e-02
9.011209011077880859e-02 -3.570943474769592285e-01
4.186905622482299805e-01 -1.317086815834045410e-01
1.305184364318847656e-01 -3.338567018508911133e-01
-4.993476867675781250e-01 -2.169158458709716797e-01
4.638638496398925781e-01 -3.085988759994506836e-02
-2.007718682289123535e-01 3.752100467681884766e-02
-2.508208155632019043e-01 4.231288433074951172e-01
-1.970694065093994141e-01 -3.663557171821594238e-01
-4.314094781875610352e-01 -1.621574163436889648e-01
-4.634952545166015625e-02 -2.835569381713867188e-01
6.572377681732177734e-02 -1.645678877830505371e-01
2.109583616256713867e-01 1.784129738807678223e-01
-1.185788512229919434e-01 1.398772001266479492e-02
3.241839408874511719e-01 -3.832588195800781250e-01
-2.951093912124633789e-01 1.682305335998535156e-02
3.811269998550415039e-01 2.459571361541748047e-01
-4.951323866844177246e-01 -2.595568299293518066e-01
-1.595404744148254395e-01 3.118382692337036133e-01
3.785406351089477539e-01 2.285267710685729980e-01
3.796051144599914551e-01 3.126968741416931152e-01
1.460582613945007324e-01 8.946329355239868164e-02
-2.196506261825561523e-01 -2.062839269638061523e-01
-2.459386587142944336e-01 -3.303140401840209961e-02
-4.220222830772399902e-01 -3.025051355361938477e-01
7.815527915954589844e-02 -1.243608593940734863e-01
-4.071348905563354492e-02 2.579408884048461914e-01
3.887327909469604492e-01 3.862233757972717285e-01
-3.145829439163208008e-01 4.561863541603088379e-01
-2.402949333190917969e-01 -2.110798358917236328e-01
-4.569722414016723633e-01 3.293614387512207031e-01
3.187520503997802734e-01 -1.953929066658020020e-01
2.630681395530700684e-01 -4.068588018417358398e-01
-3.735855817794799805e-01 9.197372198104858398e-02
2.478728890419006348e-01 3.284611701965332031e-01
-3.491768240928649902e-01 2.491775751113891602e-01
3.354370594024658203e-02 1.181483864784240723e-01
1.269091963768005371e-01 4.809975028038024902e-01
2.709256410598754883e-01 -4.946787357330322266e-01
-4.871571063995361328e-02 2.770799398422241211e-01
2.387018203735351562e-01 -1.333171129226684570e-02
-4.892817735671997070e-01 -3.767614364624023438e-01
5.089402198791503906e-03 -2.551928162574768066e-01
-3.825758695602416992e-01 -2.608889341354370117e-02
-2.665602564811706543e-01 2.707680463790893555e-01
-1.725689768791198730e-01 -1.569235324859619141e-02
-2.817668914794921875e-01 -4.821796417236328125e-01
4.767056107521057129e-01 -4.192705154418945312e-01
9.815794229507446289e-02 -1.275064945220947266e-01
-3.711299896240234375e-01 -1.113209724426269531e-01
-1.131777763366699219e-01 -5.774146318435668945e-02
5.659174919128417969e-02 -3.780135512351989746e-01
4.177247285842895508e-01 1.706514954566955566e-01
-9.551644325256347656e-02 -3.131036758422851562e-01
-1.569976806640625000e-01 4.015903472900390625e-01
-3.830798864364624023e-01 -1.364505887031555176e-01
4.722797274589538574e-01 4.826077222824096680e-01
-1.709187626838684082e-01 2.528372406959533691e-01
-3.619611263275146484e-02 -5.732160806655883789e-02
-1.756452918052673340e-01 -1.687951683998107910e-01
4.961641430854797363e-01 7.097727060317993164e-02
-4.972118735313415527e-01 -2.572898268699645996e-01
-3.353508114814758301e-01 3.169469237327575684e-01
-4.777982831001281738e-01 -4.548820853233337402e-01
-3.639344573020935059e-01 1.821491718292236328e-01
-6.992506980895996094e-02 1.349613070487976074e-01
-3.587688803672790527e-01 2.599226236343383789e-01
1.923633813858032227e-01 -7.589799165725708008e-02
3.128420710563659668e-01 4.912464618682861328e-01
-4.007059335708618164e-01 -4.687604308128356934e-01
-4.344872832298278809e-01 -1.806009411811828613e-01
3.028762936592102051e-01 -4.011245965957641602e-01
-1.800300478935241699e-01 4.589084386825561523e-01
4.867343306541442871e-01 -2.335305809974670410e-01
-2.427395582199096680e-01 -4.581674337387084961e-01
4.094558954238891602e-01 4.687772989273071289e-01
-1.334813237190246582e-01 -1.881488561630249023e-01
-4.442151188850402832e-01 4.923797845840454102e-01
3.827953338623046875e-01 -2.075672149658203125e-03
-6.659501791000366211e-02 -4.489915966987609863e-01
4.471907615661621094e-01 2.833073735237121582e-01
2.652780413627624512e-01 -2.977488636970520020e-01
-6.146746873855590820e-02 2.002197504043579102e-01
1.500202417373657227e-01 2.078932523727416992e-01
2.881394028663635254e-01 -2.035707831382751465e-01
-1.626549959182739258e-01 3.082897663116455078e-01
-3.377881646156311035e-01 -1.405809521675109863e-01
3.788931369781494141e-01 3.685812354087829590e-01
-2.955222129821777344e-02 2.980588078498840332e-01
-4.570727944374084473e-01 4.507565498352050781e-02
4.891583323478698730e-01 -4.257478117942810059e-01
9.559154510498046875e-02 -8.060109615325927734e-02
-8.640199899673461914e-02 2.718316912651062012e-01
1.024738550186157227e-01 -3.902051448822021484e-01
-3.035501241683959961e-01 -1.311063766479492188e-01
2.977396249771118164e-01 2.899873256683349609e-01
-4.849461317062377930e-01 1.997731924057006836e-01
1.887179613113403320e-01 3.215402364730834961e-01
3.901261687278747559e-01 -1.977857351303100586e-01
4.439829587936401367e-01 -2.693223953247070312e-02
4.585765004158020020e-01 2.223994731903076172e-01
4.257650971412658691e-01 -3.342944979667663574e-01
3.947589993476867676e-01 7.214260101318359375e-02
-3.127563595771789551e-01 -4.310953617095947266e-01
4.085104465484619141e-01 7.094395160675048828e-02
-3.334654569625854492e-01 -2.368912696838378906e-01
4.052536487579345703e-01 4.145679473876953125e-01
5.290704965591430664e-02 3.317719101905822754e-01
2.114185094833374023e-01 3.681874871253967285e-01
-1.964461803436279297e-01 -1.339669227600097656e-01
3.459337949752807617e-01 -3.891049027442932129e-01
-9.995615482330322266e-02 3.492330312728881836e-01
4.668076038360595703e-01 3.510735630989074707e-01
4.275477528572082520e-01 -8.061450719833374023e-02
3.427654504776000977e-01 -1.922070384025573730e-01
-6.163316965103149414e-02 8.862823247909545898e-02
3.546194434165954590e-01 1.198742985725402832e-01
-1.370144486427307129e-01 1.042537689208984375e-01
1.122863888740539551e-01 4.019673466682434082e-01
-4.393162131309509277e-01 7.051253318786621094e-02
-1.579087376594543457e-01 -3.698898553848266602e-01
-2.262389659881591797e-01 2.693083286285400391e-01
3.485619425773620605e-01 1.736593246459960938e-02
-2.776665687561035156e-01 8.605301380157470703e-03
2.381217479705810547e-02 -7.094824314117431641e-02
-1.277483105659484863e-01 -3.597725629806518555e-01
-4.703768491744995117e-01 -3.501323461532592773e-01
1.557928323745727539e-01 2.273436784744262695e-01
3.854355216026306152e-01 -1.041525602340698242e-01
1.137498617172241211e-01 -1.441846489906311035e-01
-1.685715317726135254e-01 4.413647055625915527e-01
1.750987172126770020e-01 1.702717542648315430e-01
-3.432622551918029785e-01 1.557435989379882812e-01
-1.737175583839416504e-01 3.307492136955261230e-01
-2.989841699600219727e-01 1.874254941940307617e-01
1.218521595001220703e-02 4.208824038505554199e-01
-3.792747855186462402e-01 -4.160765409469604492e-01
3.203690648078918457e-01 -1.213532090187072754e-01
3.167622089385986328e-01 1.422948241233825684e-01
1.179481744766235352e-01 2.591992020606994629e-01
-4.522182345390319824e-01 -3.506737351417541504e-01
-1.276641488075256348e-01 -3.908769488334655762e-01
-2.504044771194458008e-02 9.770190715789794922e-02
-3.889054059982299805e-01 3.210095167160034180e-01
4.763033390045166016e-01 -1.083777546882629395e-01
-1.345039010047912598e-01 4.552236199378967285e-01
1.279227733612060547e-01 -1.260955929756164551e-01
3.502881526947021484e-02 -1.838418245315551758e-01
3.148427009582519531e-01 -3.916404247283935547e-01
5.182385444641113281e-02 -2.798781394958496094e-01
-4.304599165916442871e-01 2.151076793670654297e-01
7.861649990081787109e-02 -2.489613294601440430e-01
-3.432326316833496094e-01 -3.610880374908447266e-01
-4.170132279396057129e-01 -1.668164134025573730e-01
4.994738101959228516e-02 2.892260551452636719e-01
-2.298430204391479492e-01 -1.599216461181640625e-02
-4.496216773986816406e-01 9.978824853897094727e-02
3.823858499526977539e-02 -4.075747728347778320e-01
2.485226988792419434e-01 1.175816655158996582e-01
1.459875702857971191e-01 -3.651873469352722168e-01
-1.881916522979736328e-01 -1.426157355308532715e-01
1.459386348724365234e-01 4.166604876518249512e-01
-4.433447718620300293e-01 -2.769294977188110352e-01
3.411464095115661621e-01 1.804378032684326172e-01
2.472460269927978516e-02 3.082887530326843262e-01
5.476289987564086914e-02 -1.519703865051269531e-02
2.014110684394836426e-01 -4.510349631309509277e-01
1.343284249305725098e-01 2.743570208549499512e-01
9.761750698089599609e-03 -1.345702409744262695e-01
3.511835932731628418e-01 -2.432685494422912598e-01
3.479217290878295898e-01 3.093589544296264648e-01
-6.521701812744140625e-02 -1.674162745475769043e-01
1.072558760643005371e-01 -3.808761835098266602e-01
-3.551515340805053711e-01 -3.117961883544921875e-01
1.245204210281372070e-01 -2.310627698898315430e-02
-4.959736466407775879e-01 4.348743557929992676e-01
1.803451776504516602e-01 1.933386325836181641e-01
-1.094409823417663574e-01 -2.189266681671142578e-02
4.276905655860900879e-01 3.701195716857910156e-01
-3.502144813537597656e-01 5.227178335189819336e-02
3.284693360328674316e-01 -3.401885032653808594e-01
-3.014947772026062012e-01 1.880086064338684082e-01
2.106548547744750977e-01 3.740856051445007324e-01
3.384861946105957031e-01 -3.725734949111938477e-01
-4.012131690979003906e-01 1.635681390762329102e-01
2.604739665985107422e-01 1.890710592269897461e-01
5.032151937484741211e-02 2.117134332656860352e-01
1.913684606552124023e-02 -3.358212113380432129e-01
1.163933873176574707e-01 2.342939376831054688e-01
9.573858976364135742e-02 1.110671758651733398e-01
1.587997078895568848e-01 4.065868258476257324e-01
2.690218091011047363e-01 3.932358026504516602e-01
-2.039057016372680664e-02 -3.913582563400268555e-01
4.116315841674804688e-01 8.572405576705932617e-02
-1.063383817672729492e-01 3.130843043327331543e-01
-1.809554100036621094e-01 9.131419658660888672e-02
2.316033244132995605e-01 -3.511237502098083496e-01
-1.088767647743225098e-01 4.653005003929138184e-01
2.086920738220214844e-01 3.611689805984497070e-02
4.004243612289428711e-01 -2.671172618865966797e-01
8.523952960968017578e-02 -1.070566773414611816e-01
-3.387518525123596191e-01 1.516413092613220215e-01
8.709728717803955078e-03 3.966338038444519043e-01
4.922050237655639648e-01 4.115511178970336914e-01
2.332857847213745117e-01 -2.584697604179382324e-01
1.404938697814941406e-01 -8.303737640380859375e-02
9.126549959182739258e-02 4.665778875350952148e-01
1.923069953918457031e-01 -4.288597106933593750e-01
3.404718041419982910e-01 3.512293696403503418e-01
-2.347600460052490234e-01 -3.022164106369018555e-02
2.879592180252075195e-01 -3.685043454170227051e-01
-2.093172073364257812e-01 -4.691612720489501953e-01
-2.221305966377258301e-01 -3.302118182182312012e-01
-2.845667600631713867e-01 -1.439338922500610352e-01
-3.658890128135681152e-01 6.474256515502929688e-04
3.898432850837707520e-01 -9.822946786880493164e-02
4.785444736480712891e-01 4.985030889511108398e-01
4.473530650138854980e-01 -2.168234586715698242e-01
-3.368173241615295410e-01 2.901275753974914551e-01
4.538835883140563965e-01 -2.578122019767761230e-01
1.088191270828247070e-01 -1.991143822669982910e-01
-5.867385864257812500e-02 -4.000479578971862793e-01
1.692907214164733887e-01 -4.011063575744628906e-01
1.093036532402038574e-01 -3.341648578643798828e-01
2.840772867202758789e-01 -8.266812562942504883e-02
2.958161234855651855e-01 3.281950950622558594e-02
-2.831382155418395996e-01 -4.486015439033508301e-01
-3.270904421806335449e-01 -5.913525819778442383e-02
-2.687464356422424316e-01 -3.551715612411499023e-02
-1.186681985855102539e-01 2.225303649902343750e-01
-4.554388523101806641e-01 -2.819125056266784668e-01
-3.878183364868164062e-01 -4.372835755348205566e-01
4.565391540527343750e-01 -2.887094020843505859e-02
-2.419907450675964355e-01 4.750989675521850586e-01
2.388504743576049805e-01 -4.639106988906860352e-01
-1.430354118347167969e-01 1.727792024612426758e-01
4.506711959838867188e-01 -2.825060486793518066e-01
-3.898353576660156250e-01 -4.655800461769104004e-01
3.844898939132690430e-01 -2.739679813385009766e-01
-1.819810867309570312e-01 -3.004371523857116699e-01
5.542916059494018555e-02 -1.590914726257324219e-01
-2.801789641380310059e-01 4.415270686149597168e-01
-4.335468411445617676e-01 2.621700167655944824e-01
9.454375505447387695e-02 -4.560421705245971680e-01
4.240066409111022949e-01 2.480151653289794922e-01
1.822350621223449707e-01 3.108433485031127930e-01
4.723677039146423340e-01 -3.270028829574584961e-01
6.650286912918090820e-02 2.102112770080566406e-02
-2.694004774093627930e-01 4.333707690238952637e-01
-3.158711791038513184e-01 1.755887269973754883e-01
1.409469842910766602e-01 1.265819072723388672e-01
-4.408022165298461914e-01 -1.314104199409484863e-01
-3.690040111541748047e-01 -3.715208768844604492e-01
-3.290377259254455566e-01 -2.651331424713134766e-01
2.244187593460083008e-01 -1.147651672363281250e-02
2.812995314598083496e-01 -2.197418808937072754e-01
2.462464570999145508e-01 -2.308303117752075195e-01
4.692230820655822754e-01 -2.111232280731201172e-02
-3.223865628242492676e-01 3.567321896553039551e-01
-2.858526110649108887e-01 2.681503295898437500e-01
9.972608089447021484e-02 -4.132870435714721680e-01
1.127898693084716797e-02 6.265217065811157227e-02
-4.235844612121582031e-01 -3.980340957641601562e-01
-3.712729215621948242e-01 2.782648205757141113e-01
-8.234721422195434570e-02 2.212861180305480957e-01
1.507981419563293457e-01 -7.857316732406616211e-02
-1.760744452476501465e-01 -4.419155716896057129e-01
4.201703667640686035e-01 4.150654673576354980e-01
-3.046025037765502930e-01 4.230498075485229492e-01
-3.768360018730163574e-01 -4.158515930175781250e-01
-1.511321067810058594e-01 1.188339591026306152e-01
-4.146322607994079590e-01 -2.019687891006469727e-01
3.150504827499389648e-01 2.331408262252807617e-01
-3.589127063751220703e-01 -6.458598375320434570e-02
3.399925231933593750e-01 -6.159186363220214844e-02
1.020242571830749512e-01 -4.001767039299011230e-01
1.592918634414672852e-01 2.383399009704589844e-02
-1.435381174087524414e-01 -2.473593354225158691e-01
1.835465431213378906e-02 2.231845855712890625e-01
-1.726907491683959961e-02 -8.826285600662231445e-02
-4.081679582595825195e-01 4.019075632095336914e-02
5.560821294784545898e-02 3.809435367584228516e-01
-1.993499994277954102e-01 -4.195290207862854004e-01
-2.328402996063232422e-01 -2.796153426170349121e-01
4.579780697822570801e-01 2.099806666374206543e-01
3.259804248809814453e-01 9.421038627624511719e-02
-3.501940965652465820e-01 -3.658008575439453125e-02
3.023598790168762207e-01 2.098749876022338867e-01
3.206155300140380859e-01 -4.485195279121398926e-01
-3.010034561157226562e-05 3.621248006820678711e-01
6.618934869766235352e-02 -4.952472448348999023e-02
-1.986463069915771484e-01 6.924903392791748047e-02
-1.844381690025329590e-01 4.881259799003601074e-01
3.481416106224060059e-01 8.318531513214111328e-02
-1.425171494483947754e-01 -2.710093259811401367e-01
-1.195358037948608398e-01 -3.634524345397949219e-01
1.634377837181091309e-01 1.442397832870483398e-01
4.517199993133544922e-01 4.952222108840942383e-02
4.480999112129211426e-01 2.548201084136962891e-01
-2.969024181365966797e-01 -1.394143104553222656e-01
-8.374828100204467773e-02 -3.461986780166625977e-02
-7.144349813461303711e-02 -8.792722225189208984e-02
-4.904268383979797363e-01 1.790966391563415527e-01
-3.404574990272521973e-01 1.688014268875122070e-01
1.895660758018493652e-01 3.877053856849670410e-01
-9.297120571136474609e-02 -4.077175259590148926e-01
-2.762638926506042480e-01 -1.093837022781372070e-01
-1.001173257827758789e-01 1.745153665542602539e-01
-2.583117485046386719e-01 -3.378492593765258789e-01
4.027619361877441406e-01 -4.640681147575378418e-01
1.004159450531005859e-01 1.139152050018310547e-01
-1.314002275466918945e-02 -9.821748733520507812e-02
3.647125959396362305e-01 1.086971163749694824e-01
-3.448384404182434082e-01 1.153975725173950195e-02
1.085432171821594238e-01 3.201899528503417969e-01
-3.992843627929687500e-01 -2.990551590919494629e-01
2.337247133255004883e-01 1.057860255241394043e-01
-2.059794068336486816e-01 2.889801263809204102e-01
2.319148182868957520e-01 4.687934517860412598e-01
-4.274688363075256348e-01 -3.176510930061340332e-01
2.170261740684509277e-01 -3.358078002929687500e-02
-4.709631204605102539e-01 3.288543224334716797e-01
1.822340488433837891e-02 -1.235966086387634277e-01
4.357875585556030273e-01 -4.781448841094970703e-01
3.986289501190185547e-01 7.517564296722412109e-02
3.452808260917663574e-01 3.258021473884582520e-01
-6.247133016586303711e-02 2.536921501159667969e-01
3.005322217941284180e-01 5.030304193496704102e-02
2.253749370574951172e-01 1.583051681518554688e-01
1.577326655387878418e-01 -2.045750617980957031e-03
2.205017805099487305e-01 -2.033107280731201172e-01
-2.233582139015197754e-01 4.402518868446350098e-01
-1.748678088188171387e-01 -3.576818704605102539e-01
4.621427655220031738e-01 1.193179488182067871e-01
-3.971754312515258789e-01 -2.650485634803771973e-01
-3.363838791847229004e-01 -1.230231523513793945e-01
-9.200912714004516602e-02 8.347976207733154297e-02
-2.666674256324768066e-01 6.533080339431762695e-02
-1.323428750038146973e-01 6.898450851440429688e-02
2.927591800689697266e-01 4.443029165267944336e-01
4.386503696441650391e-01 2.588291764259338379e-01
3.914238810539245605e-01 3.656440377235412598e-01
-2.523777484893798828e-01 -6.734436750411987305e-02
4.651530981063842773e-01 -2.296967506408691406e-01
2.187189459800720215e-01 1.104086637496948242e-02
1.701468825340270996e-01 -1.352780461311340332e-01
-3.951593637466430664e-01 3.962633013725280762e-01
9.275776147842407227e-02 4.120951294898986816e-01
3.436284065246582031e-01 4.710527062416076660e-01
3.165920972824096680e-01 -2.962197661399841309e-01
-3.283380866050720215e-01 3.994679450988769531e-01
-2.259911894798278809e-01 -6.860214471817016602e-02
-4.182005524635314941e-01 -2.246606349945068359e-02
-4.805695414543151855e-01 -5.003857612609863281e-02
4.227918386459350586e-01 -3.753878474235534668e-01
-2.010113000869750977e-01 2.097347974777221680e-01
1.931993365287780762e-01 1.541045904159545898e-01
1.954308748245239258e-01 2.873748540878295898e-01
1.682231426239013672e-01 -3.980997800827026367e-01
4.516274333000183105e-01 -2.999584078788757324e-01
-3.768208622932434082e-01 -3.697230815887451172e-01
-4.550639986991882324e-01 -2.002052664756774902e-01
3.089748024940490723e-01 -2.036861777305603027e-01
-4.421084523200988770e-01 -7.111114263534545898e-02
-2.269678711891174316e-01 -2.664616703987121582e-01
3.464568257331848145e-01 1.142662167549133301e-01
-2.469194531440734863e-01 2.393816709518432617e-01
-3.153002262115478516e-01 1.682232022285461426e-01
-1.361145973205566406e-01 8.631008863449096680e-02
1.788610219955444336e-01 -1.838983297348022461e-01
-1.649460196495056152e-01 -9.413778781890869141e-02
-4.893542528152465820e-01 -2.695919275283813477e-01
-2.254837751388549805e-02 4.357336163520812988e-01
4.630684852600097656e-03 4.286043643951416016e-01
8.798837661743164062e-04 -2.472242712974548340e-01
1.774829626083374023e-01 -3.667865395545959473e-01
-3.049762845039367676e-01 -1.162870526313781738e-01
6.320381164550781250e-02 1.896781325340270996e-01
4.818879365921020508e-01 -4.822016954421997070e-01
4.214385151863098145e-01 1.066285371780395508e-02
3.166944384574890137e-01 -4.691371321678161621e-01
-1.901566386222839355e-01 4.265975952148437500e-01
-1.134626865386962891e-01 -1.610111594200134277e-01
3.496897816658020020e-01 -1.903861165046691895e-01
-3.779866695404052734e-01 -4.907485246658325195e-01
1.229180693626403809e-01 -2.372735738754272461e-02
-1.114618778228759766e-01 -4.614955186843872070e-02
2.748003005981445312e-01 3.616520762443542480e-01
1.971164941787719727e-01 -2.434781193733215332e-01
2.021889090538024902e-01 9.670937061309814453e-02
8.719217777252197266e-02 4.398562908172607422e-01
1.611328125000000000e-02 -3.562567830085754395e-01
1.328980326652526855e-01 4.620736241340637207e-01
1.974424123764038086e-01 -3.626362085342407227e-01
-4.087227582931518555e-02 -6.347656250000000000e-02
-1.632090210914611816e-01 -3.631678819656372070e-01
-1.199723482131958008e-01 1.716784834861755371e-01
-1.711209416389465332e-01 3.068488836288452148e-01
1.483118534088134766e-02 3.769833445549011230e-01
1.539153456687927246e-01 2.945529818534851074e-01
-7.164430618286132812e-02 3.934254050254821777e-01
-8.757704496383666992e-02 -3.754110932350158691e-01
-2.731651067733764648e-02 -4.935045838356018066e-01
-4.507259726524353027e-01 4.929928779602050781e-01
-1.208223700523376465e-01 -1.624453663825988770e-01
4.312809705734252930e-01 4.144746065139770508e-01
2.434927225112915039e-01 -4.731333255767822266e-01
-3.558441400527954102e-01 6.858658790588378906e-02
-3.172792196273803711e-01 6.218278408050537109e-02
-2.159557938575744629e-01 -2.505069971084594727e-01
-4.282528162002563477e-01 3.784337043762207031e-01
4.151098728179931641e-01 -4.768257141113281250e-01
3.077966570854187012e-01 -1.973778009414672852e-01
-3.334864377975463867e-01 -4.995350837707519531e-01
1.250576972961425781e-01 3.466091752052307129e-01
-3.705873489379882812e-01 -3.816915750503540039e-01
3.122974634170532227e-01 -4.644403457641601562e-01
-7.872396707534790039e-02 2.921422123908996582e-01
1.130495071411132812e-01 -3.863266110420227051e-01
-1.164038777351379395e-01 -3.270007967948913574e-01
1.388159394264221191e-01 -6.890928745269775391e-02
-4.383069276809692383e-02 2.443623542785644531e-02
-3.494781851768493652e-01 2.338234782218933105e-01
-4.134915471076965332e-01 -4.102918505668640137e-01
6.046742200851440430e-02 -3.270289301872253418e-01
-8.268213272094726562e-02 5.073738098144531250e-02
-3.096113801002502441e-01 -3.361923098564147949e-01
-5.298930406570434570e-02 -2.349885106086730957e-01
-2.376940846443176270e-01 3.017591834068298340e-01
3.999773263931274414e-01 -1.115737557411193848e-01
1.069219112396240234e-01 -3.516730666160583496e-01
-2.481619715690612793e-01 1.816976070404052734e-02
2.824018001556396484e-01 2.535606026649475098e-01
1.013821363449096680e-01 -1.189116835594177246e-01
3.200871348381042480e-01 3.246493935585021973e-01
-3.867048621177673340e-01 3.368080854415893555e-01
4.784922599792480469e-01 2.187486290931701660e-01
-2.310768365859985352e-01 -4.864053726196289062e-01
2.152562141418457031e-01 2.734571099281311035e-01
-4.868087768554687500e-01 -2.256840467453002930e-01
2.323738932609558105e-01 4.732515215873718262e-01
4.019213914871215820e-01 4.034043550491333008e-01
-3.240137696266174316e-01 -4.793190956115722656e-02
4.069769382476806641e-01 -3.685581088066101074e-01
-3.843942284584045410e-01 3.062285780906677246e-01
-3.140032291412353516e-03 8.458113670349121094e-02
-2.962289452552795410e-01 -2.162718772888183594e-01
2.476950287818908691e-01 -1.798558235168457031e-01
1.686044931411743164e-01 2.391052246093750000e-01
4.418204426765441895e-01 -3.956607580184936523e-01
1.061078906059265137e-01 1.531197428703308105e-01
4.861263632774353027e-01 2.157741785049438477e-02
1.927919983863830566e-01 6.004601716995239258e-02
3.650774359703063965e-01 1.936143040657043457e-01
-4.880568385124206543e-01 -3.010066151618957520e-01
-2.308966517448425293e-01 4.389670491218566895e-01
-2.710193395614624023e-02 -2.760463953018188477e-02
-1.740973591804504395e-01 -2.434135079383850098e-01
3.377933502197265625e-01 3.323414921760559082e-01
-1.265937089920043945e-01 7.562136650085449219e-02
-4.123198390007019043e-01 3.538430929183959961e-01
4.360675215721130371e-01 3.465216159820556641e-01
-2.260308861732482910e-01 1.148469448089599609e-01
8.134925365447998047e-02 -3.881692886352539062e-01
-3.692573308944702148e-01 -1.445102691650390625e-01
4.176602363586425781e-01 -3.471798896789550781e-01
2.530392408370971680e-01 4.934409856796264648e-01
3.468027114868164062e-01 -3.309636712074279785e-01
3.392743468284606934e-01 3.885388374328613281e-02
2.995836734771728516e-01 -1.619056463241577148e-01
-2.597396969795227051e-01 -2.441977262496948242e-01
1.830478906631469727e-01 -1.131653785705566406e-03
1.319987773895263672e-01 3.604395985603332520e-01
-1.425521969795227051e-01 1.638096570968627930e-01
1.149706244468688965e-01 -6.398189067840576172e-02
2.088209390640258789e-01 1.270788908004760742e-02
9.951448440551757812e-02 4.682515263557434082e-01
-5.592823028564453125e-02 -1.708620786666870117e-02
4.923202991485595703e-01 6.304442882537841797e-02
-2.339747548103332520e-01 2.337038516998291016e-02
-1.371689438819885254e-01 -4.732930064201354980e-01
3.484499454498291016e-02 4.556876420974731445e-02
-8.193594217300415039e-02 -2.151070237159729004e-01
1.747724413871765137e-01 1.280611157417297363e-01
-3.236947059631347656e-01 1.493279933929443359e-01
1.122072935104370117e-01 4.138168692588806152e-01
-7.502073049545288086e-02 -2.508277297019958496e-01
3.206786513328552246e-01 3.252323269844055176e-01
-4.115232825279235840e-01 -5.875539779663085938e-02
3.190493583679199219e-02 -1.653769612312316895e-01
2.375203371047973633e-02 -4.135452508926391602e-01
-5.747616291046142578e-03 1.987784504890441895e-01
2.258127927780151367e-02 2.610763907432556152e-01
-2.264623045921325684e-01 -3.983843326568603516e-01
-3.810632824897766113e-01 3.787293434143066406e-01
-3.176351785659790039e-01 -1.210248470306396484e-02
-1.346713304519653320e-01 1.762188673019409180e-01
2.437030076980590820e-01 4.146808981895446777e-01
-4.150682687759399414e-01 1.488533020019531250e-01
-2.575815916061401367e-01 -1.547726988792419434e-01
1.760084033012390137e-01 3.914745450019836426e-01
-7.589268684387207031e-02 -3.028023242950439453e-01
2.926386594772338867e-01 -3.397594094276428223e-01
4.643020629882812500e-01 2.814800739288330078e-01
-3.830327391624450684e-01 -3.875965476036071777e-01
8.391129970550537109e-02 1.672463417053222656e-01
2.616769075393676758e-02 -2.257933616638183594e-01
-1.254986524581909180e-01 -1.781783699989318848e-01
-2.758768200874328613e-01 -8.906328678131103516e-02
-4.583814740180969238e-01 2.023902535438537598e-01
-2.672294378280639648e-01 -1.936464905738830566e-01
3.169140219688415527e-01 -4.188786149024963379e-01
4.752588272094726562e-01 -4.291577935218811035e-01
-2.487010955810546875e-01 8.638203144073486328e-02
3.615295886993408203e-01 -4.967049956321716309e-01
2.408453226089477539e-01 2.458961009979248047e-01
-1.942504048347473145e-01 1.424258947372436523e-01
1.729301214218139648e-01 -3.599199652671813965e-01
3.777073621749877930e-01 -3.598169088363647461e-01
3.560908436775207520e-01 6.342941522598266602e-02
4.865378737449645996e-01 4.107335805892944336e-01
-2.909905910491943359e-01 -1.164714694023132324e-01
1.396386623382568359e-01 -4.081066846847534180e-01
-4.161389470100402832e-01 -1.952327489852905273e-01
1.240889430046081543e-01 -3.905717730522155762e-01
-2.569096088409423828e-01 1.819921731948852539e-01
-2.366301417350769043e-01 -1.759441494941711426e-01
2.642609477043151855e-01 -3.723758459091186523e-02
2.488408088684082031e-01 1.718354821205139160e-01
-3.889240026473999023e-01 1.465751528739929199e-01
-3.724704980850219727e-01 -1.059602499008178711e-01
-2.343139648437500000e-01 -1.374143362045288086e-01
1.193088293075561523e-01 4.332630634307861328e-01
-8.221220970153808594e-02 3.808315396308898926e-01
-4.976799488067626953e-01 3.461997509002685547e-01
-4.053586125373840332e-01 7.856434583663940430e-02
-2.065169811248779297e-02 -4.943494200706481934e-01
-7.706475257873535156e-02 4.466544985771179199e-01
-4.739067554473876953e-01 -2.782463431358337402e-01
-2.544125318527221680e-01 -1.554934978485107422e-01
1.790497303009033203e-01 3.633945584297180176e-01
-4.284218549728393555e-01 -2.860267162322998047e-01
-2.369678616523742676e-01 -5.253672599792480469e-02
-1.509617567062377930e-01 2.786821126937866211e-02
3.181645870208740234e-01 -3.454555273056030273e-01
-2.674385905265808105e-01 -3.097069859504699707e-01
-3.564279079437255859e-01 2.925054430961608887e-01
-1.185126900672912598e-01 5.884343385696411133e-02
-1.213662028312683105e-01 4.023065567016601562e-01
3.356299996376037598e-01 3.268840909004211426e-01
1.564632654190063477e-01 -3.786680102348327637e-01
4.609955549240112305e-01 -2.927367687225341797e-01
2.877767682075500488e-01 -2.159838676452636719e-01
2.409330606460571289e-01 -3.964041471481323242e-01
1.969564557075500488e-01 -3.429779410362243652e-01
-3.916283845901489258e-01 -2.500978112220764160e-01
-1.940150260925292969e-01 -9.360253810882568359e-02
-7.143193483352661133e-02 -4.136258363723754883e-02
3.795937299728393555e-01 2.570441365242004395e-01
-3.618739247322082520e-01 3.346046209335327148e-01
-4.399912953376770020e-01 4.211372137069702148e-01
-2.216601967811584473e-01 4.897587299346923828e-01
-9.523499011993408203e-02 1.752356290817260742e-01
1.372797489166259766e-01 4.577393531799316406e-01
-6.934046745300292969e-03 2.194461822509765625e-01
-3.418842554092407227e-01 4.983837604522705078e-01
-3.045849800109863281e-01 2.991240620613098145e-01
-2.263525724411010742e-01 4.475707411766052246e-01
4.811816215515136719e-01 3.957000970840454102e-01
3.153664469718933105e-01 -7.969444990158081055e-02
1.159397959709167480e-01 -1.407887339591979980e-01
-4.825900793075561523e-01 -4.665806293487548828e-01
-1.320133805274963379e-01 3.132133483886718750e-01
1.179249286651611328e-01 -2.199448347091674805e-01
7.768708467483520508e-02 3.681628704071044922e-01
-2.922880053520202637e-01 3.479732871055603027e-01
-1.251822710037231445e-02 -3.275001049041748047e-01
4.066233634948730469e-01 -4.936119318008422852e-01
-4.504763484001159668e-01 2.859734892845153809e-01
-2.440662980079650879e-01 2.766780257225036621e-01
4.873389601707458496e-01 1.775101423263549805e-01
3.990888595581054688e-03 3.665699958801269531e-01
-3.620643615722656250e-01 2.493054270744323730e-01
-2.447940707206726074e-01 1.616126894950866699e-01
-1.147716641426086426e-01 3.717346787452697754e-01
-2.173423171043395996e-01 -4.580477476119995117e-01
-2.436634898185729980e-01 2.229005098342895508e-01
6.263136863708496094e-02 -4.271597266197204590e-01
-4.153033494949340820e-01 -1.606991291046142578e-01
4.315224885940551758e-01 -4.842331409454345703e-01
-4.397891759872436523e-01 2.687653899192810059e-01
-1.026400327682495117e-01 -1.523948907852172852e-01
-6.427109241485595703e-03 1.090300083160400391e-02
2.032512426376342773e-02 -1.735050082206726074e-01
1.353323459625244141e-03 -9.878754615783691406e-02
-3.383726477622985840e-01 1.311446428298950195e-01
-2.912581562995910645e-01 3.745806217193603516e-01
-5.752950906753540039e-02 3.367370367050170898e-02
-3.579279780387878418e-01 2.179807424545288086e-02
1.382899284362792969e-02 2.770491838455200195e-01
6.831467151641845703e-02 -3.650404214859008789e-01
-2.446693181991577148e-01 -2.042244672775268555e-01
3.095943927764892578e-01 2.546063661575317383e-01
-3.723439574241638184e-01 -3.117763996124267578e-01
4.134511947631835938e-01 -4.934899806976318359e-01
3.039910197257995605e-01 2.262129783630371094e-01
-5.150222778320312500e-02 -2.221370339393615723e-01
-1.706030964851379395e-01 -3.154754638671875000e-01
-4.710066318511962891e-02 1.758588552474975586e-01
-3.567593693733215332e-01 4.529133439064025879e-01
3.914541602134704590e-01 -4.247564077377319336e-02
-2.811242341995239258e-01 -4.451578855514526367e-01
3.308009505271911621e-01 1.405122876167297363e-01
1.873852014541625977e-01 4.754015207290649414e-01
-2.728397250175476074e-01 5.834859609603881836e-02
-4.701036810874938965e-01 -1.959517598152160645e-01
1.300933957099914551e-01 -2.088958621025085449e-01
6.225109100341796875e-04 -1.959695219993591309e-01
4.030704498291015625e-01 1.332892179489135742e-01
-2.873654961585998535e-01 -1.495712995529174805e-02
-2.355795502662658691e-01 -1.663907766342163086e-01
-1.548016667366027832e-01 2.985423207283020020e-01
3.982204198837280273e-02 -1.133026480674743652e-01
-1.613175868988037109e-02 -1.929447054862976074e-01
3.503133058547973633e-01 -2.459523081779479980e-01
4.224834442138671875e-01 4.390926957130432129e-01
-2.441917657852172852e-01 -3.340998888015747070e-01
3.237364292144775391e-01 -3.866794109344482422e-01
1.185398101806640625e-01 1.031321287155151367e-01
8.856219053268432617e-02 4.880575537681579590e-01
2.077142596244812012e-01 -8.029067516326904297e-02
4.132643938064575195e-01 4.584255814552307129e-01
4.313998818397521973e-01 -4.688951969146728516e-01
-3.615760803222656250e-02 -1.486228108406066895e-01
4.319922327995300293e-01 2.706152796745300293e-01
1.210761070251464844e-01 2.077066898345947266e-02
-5.068975687026977539e-02 3.679594397544860840e-01
4.915155172348022461e-01 3.023295998573303223e-01
3.699184656143188477e-01 4.386091232299804688e-01
-2.834990024566650391e-01 -1.530852913856506348e-01
-4.221266508102416992e-02 -2.985325455665588379e-01
-2.228071689605712891e-01 2.513338923454284668e-01
-4.437811374664306641e-01 -2.454702854156494141e-01
-2.956435084342956543e-01 4.567191600799560547e-01
3.842644691467285156e-01 -9.570616483688354492e-02
-4.835283756256103516e-01 2.329541444778442383e-01
3.811780810356140137e-01 -3.233469128608703613e-01
-1.523512601852416992e-01 -8.198714256286621094e-02
3.302000761032104492e-01 -3.919484019279479980e-01
-4.815548062324523926e-01 -4.114958643913269043e-01
4.568666219711303711e-01 1.410889029502868652e-01
2.751818895339965820e-01 1.534605026245117188e-02
-4.653022289276123047e-01 -3.442920446395874023e-01
-2.571585774421691895e-01 -3.763610124588012695e-01
-1.648282408714294434e-01 1.835288405418395996e-01
-2.326339483261108398e-01 4.281647205352783203e-01
4.727833271026611328e-01 -1.447548866271972656e-01
-4.623910784721374512e-01 4.297466278076171875e-01
8.794844150543212891e-02 2.778488397598266602e-02
4.349058866500854492e-02 2.428072690963745117e-01
-5.798572301864624023e-02 -3.546558618545532227e-01
4.367910623550415039e-01 3.766936063766479492e-01
-4.318858981132507324e-01 -4.493001103401184082e-01
2.603864669799804688e-02 -2.795064449310302734e-01
3.109856247901916504e-01 1.589817404747009277e-01
1.574020385742187500e-01 1.251009702682495117e-01
1.738580465316772461e-01 -4.045140743255615234e-02
4.899027347564697266e-01 -1.680210232734680176e-01
2.869615554809570312e-01 1.681290864944458008e-01
-2.787002325057983398e-01 -1.228791475296020508e-02
4.948557615280151367e-01 4.237179756164550781e-01
-1.774713397026062012e-01 -2.228537201881408691e-01
-1.388277411460876465e-01 -1.932192444801330566e-01
2.757701873779296875e-01 -1.614152193069458008e-01
3.442971706390380859e-01 -4.603031277656555176e-01
-2.586252689361572266e-01 4.052336812019348145e-01
4.131032824516296387e-01 3.325344920158386230e-01
7.891327142715454102e-02 1.685532927513122559e-01
2.979729771614074707e-01 -1.931889057159423828e-01
2.672332525253295898e-01 3.042627573013305664e-01
-1.728093028068542480e-01 1.258679628372192383e-01
4.254840612411499023e-01 3.455394506454467773e-01
1.084421277046203613e-01 -9.364730119705200195e-02
1.096167564392089844e-01 1.632288098335266113e-01
4.661021828651428223e-01 5.029398202896118164e-02
-6.808453798294067383e-02 -4.228854179382324219e-01
4.813647866249084473e-01 -3.173541426658630371e-01
-3.493579626083374023e-01 4.949312210083007812e-01
5.697458982467651367e-02 1.699216365814208984e-01
3.730271458625793457e-01 -1.860262751579284668e-01
4.196703433990478516e-02 2.802788615226745605e-01
-2.706257700920104980e-01 -4.998624324798583984e-01
-7.103204727172851562e-02 -1.663292646408081055e-01
-4.743772745132446289e-01 5.262565612792968750e-02
2.876983284950256348e-01 -3.754397630691528320e-01
8.839845657348632812e-03 -1.292777657508850098e-01
2.617409229278564453e-01 -2.222596406936645508e-01
1.873256564140319824e-01 6.706166267395019531e-02
1.628966927528381348e-01 -1.923859119415283203e-02
8.110469579696655273e-02 2.501143217086791992e-01
2.736498713493347168e-01 1.775152087211608887e-01
7.702928781509399414e-02 4.625622630119323730e-01
1.001153588294982910e-01 8.957159519195556641e-02
-3.228735327720642090e-01 3.145187497138977051e-01
3.490329980850219727e-01 -1.722827553749084473e-01
-2.950010299682617188e-01 -3.676611781120300293e-01
-3.506231307983398438e-01 -3.060926795005798340e-01
-1.752383708953857422e-01 5.436724424362182617e-02
-2.603483200073242188e-01 -2.396952509880065918e-01
1.257033944129943848e-01 -4.214679002761840820e-01
1.177608370780944824e-01 3.544216156005859375e-01
3.748668432235717773e-01 2.787638306617736816e-01
3.650957942008972168e-01 -2.035694122314453125e-01
4.227910041809082031e-01 1.676076650619506836e-01
2.693688869476318359e-01 4.706045985221862793e-01
4.688270688056945801e-01 2.104784250259399414e-01
7.722765207290649414e-02 2.484563589096069336e-01
3.677380084991455078e-02 2.265828847885131836e-01
4.250069260597229004e-01 -4.471842050552368164e-01
1.715089082717895508e-01 2.446205615997314453e-01
-2.090759277343750000e-01 -1.484488844871520996e-01
2.760716080665588379e-01 -4.385168552398681641e-01
-6.312906742095947266e-03 4.721140265464782715e-01
4.934469461441040039e-01 -3.552936911582946777e-01
4.208696484565734863e-01 -1.201213598251342773e-01
2.364586591720581055e-01 -1.124521493911743164e-01
3.860669732093811035e-01 3.361915349960327148e-01
4.563311338424682617e-01 1.589462757110595703e-01
3.173735737800598145e-01 4.906171560287475586e-01
-2.399232387542724609e-01 4.371384382247924805e-01
-2.495511770248413086e-01 -1.744581460952758789e-01
3.407561779022216797e-02 -2.711587548255920410e-01
2.935974001884460449e-01 -3.884912133216857910e-01
-1.909762620925903320e-02 -4.237330555915832520e-01
3.302279710769653320e-01 -7.478916645050048828e-02
4.304528832435607910e-01 -1.008433103561401367e-01
2.801485061645507812e-01 9.751516580581665039e-02
-1.802036762237548828e-01 -4.140177965164184570e-01
-2.039439082145690918e-01 9.420955181121826172e-02
4.069867134094238281e-01 -2.819716930389404297e-03
2.946836948394775391e-01 -1.578360199928283691e-01
1.131209135055541992e-01 -3.965473175048828125e-02
4.334146380424499512e-01 4.517369866371154785e-01
2.953507900238037109e-01 4.263895153999328613e-01
-1.871209740638732910e-01 4.634307026863098145e-01
-2.157314419746398926e-01 -2.440124750137329102e-02
1.896371841430664062e-01 3.240883350372314453e-02
-4.916491508483886719e-01 3.579740524291992188e-01
4.232016205787658691e-01 -2.996824979782104492e-01
4.082194566726684570e-01 -1.980363726615905762e-01
-5.175334215164184570e-02 3.294272422790527344e-01
-2.595627903938293457e-01 2.878858447074890137e-01
4.666033387184143066e-01 -1.028928756713867188e-01
-4.798022508621215820e-01 1.487886905670166016e-01
3.227317333221435547e-02 -2.383534908294677734e-01
2.407699227333068848e-01 4.531316757202148438e-01
4.819188714027404785e-01 -4.415205121040344238e-01
2.802172303199768066e-01 2.060593366622924805e-01
3.651142120361328125e-01 3.815537095069885254e-01
4.054540395736694336e-02 -4.147870540618896484e-01
1.607220768928527832e-01 -1.795089840888977051e-01
-2.967565655708312988e-01 -4.856289625167846680e-01
6.361979246139526367e-02 4.168415069580078125e-01
4.027395248413085938e-01 3.517361879348754883e-01
4.900415539741516113e-01 3.652669191360473633e-01
-3.692795038223266602e-01 1.398786902427673340e-01
-2.114441394805908203e-01 -4.649275541305541992e-01
4.641224741935729980e-01 -6.479626893997192383e-02
4.272478818893432617e-02 4.788566231727600098e-01
4.544347524642944336e-02 -2.704860568046569824e-01
4.812556505203247070e-01 3.793758749961853027e-01
1.559324860572814941e-01 -3.330395817756652832e-01
3.903884291648864746e-01 2.184515595436096191e-01
1.556428074836730957e-01 -7.704353332519531250e-02
2.362781167030334473e-01 -2.308475375175476074e-01
3.847833871841430664e-01 -4.116302728652954102e-02
-1.044242382049560547e-01 -6.890517473220825195e-02
4.920173287391662598e-01 1.110287308692932129e-01
4.731866717338562012e-01 -4.326655864715576172e-01
-1.829019188880920410e-01 -1.039378046989440918e-01
4.416748285293579102e-01 -1.816173195838928223e-01
3.161187171936035156e-01 -1.137764453887939453e-01
-2.107819318771362305e-01 3.507885932922363281e-01
1.964033246040344238e-01 6.956571340560913086e-02
3.543956875801086426e-01 3.716036081314086914e-01
-2.813696861267089844e-01 6.663042306900024414e-02
4.459192156791687012e-01 2.019159197807312012e-01
-1.469659209251403809e-01 3.017222285270690918e-01
1.438172459602355957e-01 4.751899838447570801e-01
2.071541547775268555e-01 1.339471340179443359e-02
4.593014121055603027e-01 2.711896896362304688e-01
-4.254671931266784668e-01 1.440014243125915527e-01
4.469372630119323730e-01 -1.630818843841552734e-02
2.046831250190734863e-01 4.944972991943359375e-01
3.104174733161926270e-01 4.638886451721191406e-02
1.240761876106262207e-01 4.987702965736389160e-01
-1.308344602584838867e-01 -1.525338292121887207e-01
-2.838901281356811523e-01 -2.283138036727905273e-02
-3.032335042953491211e-01 -3.268479704856872559e-01
3.010096549987792969e-01 -1.547068357467651367e-01
-2.170724868774414062e-01 -1.855622529983520508e-01
-7.422143220901489258e-02 -2.057844400405883789e-01
-3.545194864273071289e-02 -2.273095846176147461e-01
4.727654457092285156e-01 -4.868978857994079590e-01
-5.958008766174316406e-02 3.705517649650573730e-01
4.475289583206176758e-01 -4.304504394531250000e-01
7.431393861770629883e-02 -4.433223009109497070e-01
-2.357143163681030273e-01 3.760178089141845703e-01
1.969987154006958008e-01 -6.004834175109863281e-02
