4.877090454101562500e-02 -1.904039978981018066e-01
3.751832246780395508e-01 -6.802082061767578125e-03
-1.587129235267639160e-01 -1.979774236679077148e-01
8.383131027221679688e-02 2.427616715431213379e-01
-2.464262843132019043e-01 4.536128640174865723e-01
6.176686286926269531e-02 -3.427206277847290039e-01
-4.113844633102416992e-01 2.682203054428100586e-02
1.749626398086547852e-01 4.254239797592163086e-01
-1.516192555427551270e-01 3.491495847702026367e-01
-2.528375387191772461e-01 2.614710330963134766e-01
6.699913740158081055e-02 3.720287084579467773e-01
-2.187669277191162109e-03 3.186407685279846191e-01
1.983553171157836914e-02 -8.909720182418823242e-02
3.061560988426208496e-01 3.256540298461914062e-01
-9.941279888153076172e-02 -1.984823942184448242e-01
-2.969294786453247070e-02 3.038735389709472656e-01
-1.930063962936401367e-01 3.951460123062133789e-01
-2.997024655342102051e-01 3.062285184860229492e-01
-1.224359273910522461e-01 -1.142810583114624023e-01
3.348487019538879395e-01 -4.088795185089111328e-01
-3.536343574523925781e-01 -4.957555532455444336e-01
-8.612936735153198242e-02 -5.398195981979370117e-02
-9.429883956909179688e-02 2.427205443382263184e-01
2.555079460144042969e-01 -2.448714971542358398e-01
-4.425708055496215820e-01 -2.686743140220642090e-01
-1.370314955711364746e-01 3.324120640754699707e-01
-3.242431282997131348e-01 -3.460006117820739746e-01
-3.001893758773803711e-01 1.617479920387268066e-01
-4.528574347496032715e-01 3.840402960777282715e-01
1.701311469078063965e-01 3.128932118415832520e-01
1.613828539848327637e-01 -6.124424934387207031e-02
-4.677465558052062988e-01 1.403207182884216309e-01
-3.841100335121154785e-01 -3.958493471145629883e-02
3.298403620719909668e-01 1.461943387985229492e-01
-1.362138390541076660e-01 -2.082024812698364258e-01
3.351558446884155273e-01 -4.694513678550720215e-01
1.303298473358154297e-01 -3.381975889205932617e-01
5.590993165969848633e-02 3.866159915924072266e-02
-2.022442221641540527e-01 -4.790465235710144043e-01
-3.154177665710449219e-01 -2.499310970306396484e-01
2.204840183258056641e-01 2.751426100730895996e-01
-2.976018190383911133e-01 -3.672079443931579590e-01
4.168628454208374023e-01 -1.548408865928649902e-01
2.135872840881347656e-01 3.548336029052734375e-01
-6.817442178726196289e-02 2.011402845382690430e-01
-1.243199706077575684e-01 -9.395003318786621094e-02
3.892708420753479004e-01 -4.588020443916320801e-01
-4.012076258659362793e-01 -3.422582745552062988e-01
-7.095158100128173828e-02 4.304101467132568359e-01
-8.221417665481567383e-02 4.176300764083862305e-02
1.384314894676208496e-01 4.249671101570129395e-01
-1.743719577789306641e-01 -1.935034990310668945e-02
3.049300312995910645e-01 -2.465372681617736816e-01
5.442905426025390625e-02 -3.820501565933227539e-01
-4.151306152343750000e-01 3.180173635482788086e-01
-1.051378250122070312e-02 4.471262693405151367e-01
-3.372796177864074707e-01 -2.476177215576171875e-01
-4.738138914108276367e-01 1.541523337364196777e-01
-4.013864994049072266e-01 4.379222989082336426e-01
-1.380367279052734375e-01 -2.412736415863037109e-03
1.212932467460632324e-01 2.409680485725402832e-01
-3.164004087448120117e-01 2.056092619895935059e-01
4.854012727737426758e-01 -1.211457848548889160e-01
-4.445418715476989746e-01 1.875998973846435547e-01
3.335101008415222168e-01 -3.491349220275878906e-01
-2.407320141792297363e-01 2.127671241760253906e-01
-3.368012309074401855e-01 -4.469639062881469727e-01
-3.408798575401306152e-01 -1.733214855194091797e-01
1.288735866546630859e-02 3.469550013542175293e-01
2.250149846076965332e-01 -2.019798755645751953e-02
4.302831292152404785e-01 -8.461660146713256836e-02
-2.915346622467041016e-01 -1.813960075378417969e-02
-4.341763257980346680e-01 4.241932630538940430e-01
-2.660472989082336426e-01 3.171948790550231934e-01
2.338578701019287109e-01 2.558935880661010742e-01
-2.839875221252441406e-02 2.634122967720031738e-01
3.142720460891723633e-02 -6.745332479476928711e-02
2.308357357978820801e-01 -2.121304273605346680e-01
3.509465456008911133e-01 -4.977006316184997559e-01
2.395111322402954102e-02 -7.859647274017333984e-03
2.817735075950622559e-01 1.340124011039733887e-01
-2.776398658752441406e-01 -4.385200738906860352e-01
8.377623558044433594e-02 3.468871116638183594e-03
-3.602408766746520996e-01 -1.167392730712890625e-02
-2.340473532676696777e-01 -6.602770090103149414e-02
2.000322937965393066e-01 2.246671319007873535e-01
4.410219788551330566e-01 -4.613379836082458496e-01
-2.813878059387207031e-01 -1.530831456184387207e-01
-1.751750111579895020e-01 2.338157892227172852e-01
-2.175712585449218750e-02 -3.546231389045715332e-01
-4.867953062057495117e-02 2.528691291809082031e-01
-4.149181246757507324e-01 -4.140025973320007324e-01
-3.334295749664306641e-02 1.233611106872558594e-01
4.740421772003173828e-01 7.902741432189941406e-02
-2.394049167633056641e-01 -3.512582778930664062e-01
3.562527894973754883e-01 -2.319107651710510254e-01
-5.626785755157470703e-02 5.744189023971557617e-02
4.949033856391906738e-01 -1.149737238883972168e-01
-2.474437952041625977e-01 -3.980516195297241211e-01
1.617217063903808594e-01 4.385037422180175781e-01
-3.868269920349121094e-01 3.816581368446350098e-01
4.726013541221618652e-01 -1.690363883972167969e-02
3.563594818115234375e-02 2.077426910400390625e-01
-2.977011203765869141e-01 3.526208400726318359e-01
-4.466089606285095215e-01 -2.257835865020751953e-01
4.490671753883361816e-01 2.533197402954101562e-05
-2.589901685714721680e-01 9.708213806152343750e-02
-3.721216320991516113e-01 2.735399603843688965e-01
6.021726131439208984e-02 -4.276660680770874023e-01
3.555123209953308105e-01 2.101456522941589355e-01
1.714485883712768555e-01 -4.852526187896728516e-01
3.703114986419677734e-01 4.890785813331604004e-01
-8.822238445281982422e-02 3.550612926483154297e-01
2.237162590026855469e-01 -1.882379651069641113e-01
-2.151089906692504883e-01 2.030739784240722656e-01
5.667936801910400391e-02 -3.602450489997863770e-01
-7.470619678497314453e-02 -3.364061713218688965e-01
-1.339634656906127930e-01 1.248518824577331543e-01
2.683542966842651367e-01 -1.925185918807983398e-01
1.521797776222229004e-01 4.131721854209899902e-01
3.843199014663696289e-01 4.576823115348815918e-01
-4.205369949340820312e-01 -3.242568969726562500e-01
2.175754308700561523e-01 2.218394279479980469e-01
-3.035284876823425293e-01 3.120403885841369629e-01
4.040561914443969727e-01 2.064049243927001953e-01
4.407877326011657715e-01 4.035491943359375000e-01
-4.517232179641723633e-01 3.945701718330383301e-01
4.063601493835449219e-01 2.244806289672851562e-02
-1.887912750244140625e-01 3.343603014945983887e-01
4.313034415245056152e-01 2.266656160354614258e-01
-2.991645932197570801e-01 9.501278400421142578e-03
1.379156708717346191e-01 4.491066932678222656e-02
-4.246677160263061523e-01 3.195418715476989746e-01
-2.249554991722106934e-01 -1.628371477127075195e-01
4.241452217102050781e-01 -4.778879284858703613e-01
4.766184091567993164e-01 -4.085454344749450684e-01
1.156096458435058594e-01 1.753321290016174316e-01
2.115788459777832031e-01 -1.745254993438720703e-01
-3.892967700958251953e-01 7.783406972885131836e-02
2.245258092880249023e-01 -4.081726074218750000e-04
-3.137669563293457031e-01 6.850856542587280273e-02
9.986382722854614258e-02 -3.630773425102233887e-01
-4.630290865898132324e-01 1.232595443725585938e-01
-2.937304973602294922e-02 -4.044684767723083496e-01
1.731033921241760254e-01 -1.803623437881469727e-01
2.723358273506164551e-01 3.034394979476928711e-02
2.643329501152038574e-01 4.349372982978820801e-01
-3.928627371788024902e-01 4.927906394004821777e-01
2.773256897926330566e-01 -6.783157587051391602e-02
4.351503252983093262e-01 -2.116463184356689453e-01
4.260084629058837891e-01 -9.659427404403686523e-02
4.175857305526733398e-01 -2.765274047851562500e-02
1.407948732376098633e-01 2.104129195213317871e-01
2.222343683242797852e-01 -3.485067486763000488e-01
-4.340565204620361328e-02 -4.180800318717956543e-01
1.206673979759216309e-01 3.124650716781616211e-01
5.996137857437133789e-02 4.129339456558227539e-01
-2.130168676376342773e-01 -1.986755132675170898e-01
1.775017976760864258e-01 4.124774336814880371e-01
-7.751923799514770508e-02 2.773299813270568848e-01
4.494662880897521973e-01 2.338449954986572266e-01
2.124195098876953125e-01 -7.330036163330078125e-02
2.961544990539550781e-01 -3.149925470352172852e-01
-8.130842447280883789e-02 3.075118064880371094e-01
2.541963458061218262e-01 2.663689851760864258e-01
-3.989377021789550781e-01 -4.863064289093017578e-01
5.117803812026977539e-02 -1.232891678810119629e-01
2.622716426849365234e-01 -3.808050155639648438e-01
-1.558027267456054688e-01 1.142774820327758789e-01
4.789183735847473145e-01 3.924024105072021484e-02
2.873307466506958008e-02 -4.032971262931823730e-01
3.289220333099365234e-01 3.508132100105285645e-01
-4.095646739006042480e-01 -2.314516305923461914e-01
2.426358461380004883e-01 1.518562436103820801e-01
-1.938827037811279297e-01 -4.873526096343994141e-01
2.792864441871643066e-01 -3.864470124244689941e-01
-1.210342645645141602e-01 -4.412785172462463379e-01
4.116472005844116211e-01 1.866916418075561523e-01
1.660102605819702148e-02 9.729558229446411133e-02
2.929548621177673340e-01 1.051915287971496582e-01
-2.277427911758422852e-01 4.153241515159606934e-01
-7.061058282852172852e-02 1.886477470397949219e-01
4.431429505348205566e-01 -1.164086461067199707e-01
6.903409957885742188e-02 -1.624522805213928223e-01
4.917827844619750977e-01 -2.252563238143920898e-01
3.835975527763366699e-01 -9.697967767715454102e-02
-3.927482962608337402e-01 -4.832031130790710449e-01
-5.472576618194580078e-02 1.830059885978698730e-01
-1.227955222129821777e-01 -3.339655995368957520e-01
-3.027208447456359863e-01 4.728117585182189941e-01
-4.818864464759826660e-01 2.619197964668273926e-01
-4.552434682846069336e-01 3.476601243019104004e-01
4.380812644958496094e-01 -4.122376441955566406e-02
-9.964799880981445312e-02 -2.856093645095825195e-02
1.767579317092895508e-01 2.486149072647094727e-01
-1.383085846900939941e-01 -4.840872287750244141e-01
-1.599181890487670898e-01 4.844481348991394043e-01
-4.780865311622619629e-01 -6.797438859939575195e-02
1.809436082839965820e-02 3.413300514221191406e-01
1.286662220954895020e-01 1.404404640197753906e-02
2.197692990303039551e-01 4.019242525100708008e-01
-2.451673150062561035e-01 4.649820327758789062e-01
-1.849848628044128418e-01 2.890217304229736328e-02
-2.066873311996459961e-01 8.916461467742919922e-02
2.274446487426757812e-01 -4.836859703063964844e-01
2.568764686584472656e-01 4.649279713630676270e-01
4.902691841125488281e-01 3.540155887603759766e-01
-2.736709117889404297e-01 3.296650052070617676e-01
-4.065043330192565918e-01 -2.463135719299316406e-01
2.484420537948608398e-01 1.412415504455566406e-01
2.753867506980895996e-01 -8.790093660354614258e-02
-4.217711687088012695e-01 3.202449679374694824e-01
5.951344966888427734e-02 2.739576697349548340e-01
4.688310623168945312e-01 3.157078027725219727e-01
-6.993800401687622070e-02 2.461770176887512207e-01
-3.863366842269897461e-01 -2.322524189949035645e-01
-2.791231274604797363e-01 4.060015678405761719e-01
9.370803833007812500e-02 8.084297180175781250e-02
-4.093905091285705566e-01 7.520312070846557617e-02
-2.019575834274291992e-01 4.179672002792358398e-01
-7.230311632156372070e-02 -1.189339756965637207e-01
-4.567331075668334961e-01 -4.832839965820312500e-02
2.000864148139953613e-01 -6.730675697326660156e-03
-4.907879829406738281e-01 -1.127616167068481445e-01
1.443105936050415039e-01 4.882057905197143555e-01
-4.218176603317260742e-01 -4.108494520187377930e-01
-1.015478968620300293e-01 1.582443714141845703e-02
8.825176954269409180e-02 3.030461668968200684e-01
3.828029632568359375e-01 1.044806241989135742e-01
-1.299433112144470215e-01 -1.600587368011474609e-01
-1.690740585327148438e-01 -4.928970336914062500e-02
4.889850020408630371e-01 -4.076735377311706543e-01
2.769170999526977539e-01 -8.470779657363891602e-02
3.192319273948669434e-01 4.112088084220886230e-01
-1.181232333183288574e-01 4.358386993408203125e-01
-2.796492576599121094e-01 -3.436334133148193359e-01
-4.309983253479003906e-01 -1.079136729240417480e-01
-3.553810119628906250e-01 -3.496754169464111328e-01
1.066974401473999023e-01 4.435640573501586914e-02
-1.134291291236877441e-01 -3.213638067245483398e-02
4.359037280082702637e-01 3.945339322090148926e-01
4.451001286506652832e-01 3.082012534141540527e-01
-8.370447158813476562e-02 -4.464868307113647461e-01
-3.694947361946105957e-01 -1.014150381088256836e-01
-3.760223388671875000e-01 -2.012768387794494629e-01
-2.490009069442749023e-01 4.379851222038269043e-01
-8.624500036239624023e-02 2.708005309104919434e-01
-1.227372884750366211e-02 -3.408613204956054688e-01
2.002146840095520020e-01 -3.476682901382446289e-01
1.792041659355163574e-01 1.663011312484741211e-02
-1.413612365722656250e-01 1.436097621917724609e-01
1.172406077384948730e-01 -3.054016828536987305e-01
3.806707262992858887e-01 -1.311755180358886719e-02
4.996846318244934082e-01 -1.939848661422729492e-01
-4.480433464050292969e-02 -1.503741145133972168e-01
-3.173792362213134766e-01 3.645466566085815430e-01
4.986745119094848633e-02 -3.444216251373291016e-01
-3.151036500930786133e-01 -7.516545057296752930e-02
2.243365049362182617e-01 3.692896366119384766e-01
1.918690800666809082e-01 -5.525273084640502930e-02
-1.298714876174926758e-01 -7.073503732681274414e-02
-3.906237483024597168e-01 -1.608998775482177734e-01
3.716433048248291016e-02 -3.088672161102294922e-01
-4.728370904922485352e-01 2.886600494384765625e-01
1.088673472404479980e-01 2.957189083099365234e-01
-3.283160924911499023e-01 1.291440129280090332e-01
-3.186970353126525879e-01 -3.465646505355834961e-02
1.021150946617126465e-01 -2.852299213409423828e-01
-2.441536784172058105e-01 9.739840030670166016e-02
8.773511648178100586e-02 1.479464769363403320e-02
-4.769048690795898438e-01 -1.994464397430419922e-01
-4.888132214546203613e-01 -1.801145076751708984e-01
4.895077347755432129e-01 3.121393322944641113e-01
-2.545573115348815918e-01 1.899409890174865723e-01
-2.148490548133850098e-01 -3.864958882331848145e-01
4.428817629814147949e-01 1.618738770484924316e-01
1.701645255088806152e-01 -1.925848722457885742e-01
-3.675284981727600098e-01 -1.624736189842224121e-01
1.994431018829345703e-03 -4.053707122802734375e-01
4.152691364288330078e-02 2.883836030960083008e-01
1.966419219970703125e-01 2.288894057273864746e-01
-3.608107566833496094e-03 2.107544541358947754e-01
3.384680747985839844e-01 -4.313894510269165039e-01
2.174288034439086914e-02 8.439379930496215820e-02
3.491257429122924805e-01 -2.892084717750549316e-01
1.060135960578918457e-01 -1.929414272308349609e-01
2.355464696884155273e-01 3.696895241737365723e-01
-3.895858526229858398e-01 -3.059047460556030273e-02
-1.382154226303100586e-02 -2.770624756813049316e-01
3.961417675018310547e-01 1.663078069686889648e-01
2.474693655967712402e-01 -6.866908073425292969e-02
4.416629076004028320e-01 4.905596971511840820e-01
-4.124773144721984863e-01 4.618469476699829102e-01
-1.902048587799072266e-01 -4.758194088935852051e-01
-4.560177326202392578e-01 4.040229320526123047e-02
-4.742712378501892090e-01 3.360992670059204102e-02
-2.876459360122680664e-01 -2.607102990150451660e-01
1.980568766593933105e-01 -3.301330804824829102e-01
4.727122783660888672e-01 4.779511690139770508e-02
-3.661908507347106934e-01 4.769235849380493164e-01
-1.737585067749023438e-01 -4.966748952865600586e-01
4.076141119003295898e-02 -1.512578725814819336e-01
8.818477392196655273e-02 2.403156757354736328e-01
4.906914830207824707e-01 -2.599338889122009277e-01
-2.278337478637695312e-01 -1.242660880088806152e-01
1.722409129142761230e-01 -2.279226779937744141e-01
-1.519715785980224609e-02 3.441303968429565430e-02
-4.173459410667419434e-01 3.383667469024658203e-01
-1.579626798629760742e-01 2.367312908172607422e-01
9.340512752532958984e-02 -2.837830185890197754e-01
-1.527342200279235840e-01 -4.254786968231201172e-01
1.129391193389892578e-01 -3.566933870315551758e-01
3.647694587707519531e-01 -1.806972026824951172e-01
-1.875370740890502930e-02 2.586146593093872070e-01
3.782569766044616699e-01 4.722843766212463379e-01
1.941329836845397949e-01 -2.815628051757812500e-02
-1.166069507598876953e-02 -3.634303808212280273e-02
1.942861080169677734e-01 4.918885231018066406e-02
4.835851192474365234e-01 2.400266528129577637e-01
1.751363873481750488e-01 5.408430099487304688e-02
3.430336713790893555e-01 -6.747174263000488281e-02
-1.730592250823974609e-01 -5.482178926467895508e-02
-3.912979960441589355e-01 -4.884079694747924805e-01
2.506548166275024414e-02 -4.152526259422302246e-01
-3.508573770523071289e-02 -4.805153608322143555e-01
3.429979085922241211e-01 3.004752397537231445e-01
4.715430140495300293e-01 2.488386631011962891e-02
3.281313180923461914e-02 4.665086865425109863e-01
2.337785363197326660e-01 4.587692022323608398e-02
-3.589875698089599609e-01 3.622282743453979492e-01
1.778869032859802246e-01 4.298371076583862305e-01
5.326867103576660156e-03 -1.048976182937622070e-02
-5.387544631958007812e-02 -4.506015777587890625e-02
-3.614379763603210449e-01 -3.735929727554321289e-01
3.169416189193725586e-01 1.480847597122192383e-02
1.518243551254272461e-02 -2.663642168045043945e-02
-1.618444323539733887e-01 1.162417531013488770e-01
-4.317288994789123535e-01 4.733093976974487305e-01
4.235983490943908691e-01 1.820271015167236328e-01
-3.844648003578186035e-01 8.449023962020874023e-02
3.939800262451171875e-01 3.172751069068908691e-01
2.470576763153076172e-02 1.589712500572204590e-01
-6.790405511856079102e-02 -4.187550544738769531e-01
1.930404305458068848e-01 2.724883556365966797e-01
4.370108842849731445e-01 -3.518909215927124023e-01
4.917207956314086914e-01 -2.321091294288635254e-01
1.420024037361145020e-01 1.696982383728027344e-01
-4.048807621002197266e-01 -4.872065186500549316e-01
1.454423069953918457e-01 -1.589847207069396973e-01
3.772264719009399414e-01 1.235674023628234863e-01
1.524311900138854980e-01 7.101494073867797852e-02
2.281762957572937012e-01 4.659110307693481445e-01
-2.637357115745544434e-01 4.975347518920898438e-01
2.193682789802551270e-01 -5.465555191040039062e-02
6.300687789916992188e-02 -1.497794389724731445e-01
6.637024879455566406e-02 -1.050629019737243652e-01
2.867518663406372070e-01 -4.968811273574829102e-01
3.882365822792053223e-01 3.237258791923522949e-01
-3.384724855422973633e-01 -2.612857818603515625e-01
-2.893168330192565918e-01 3.199888467788696289e-01
1.629405021667480469e-01 -4.049996137619018555e-01
4.536316394805908203e-01 1.397128701210021973e-01
8.086651563644409180e-02 -3.880805969238281250e-01
6.694477796554565430e-02 -4.160470366477966309e-01
-2.902746200561523438e-02 -2.033120393753051758e-02
-3.414471149444580078e-01 4.208694696426391602e-01
-2.141577005386352539e-02 1.076732873916625977e-01
4.280185699462890625e-02 -1.027333736419677734e-01
4.986325502395629883e-01 -3.310889005661010742e-01
-3.923067450523376465e-01 3.389310240745544434e-01
1.890647411346435547e-02 -3.631063103675842285e-01
8.238047361373901367e-02 -1.908754110336303711e-01
1.543140411376953125e-01 4.610531330108642578e-01
2.601962089538574219e-01 2.831671833992004395e-01
4.847579598426818848e-01 4.136279821395874023e-01
2.556287050247192383e-01 4.711544513702392578e-01
3.324495553970336914e-01 7.019931077957153320e-02
2.521848678588867188e-02 -4.676482677459716797e-01
4.044310450553894043e-01 4.747003316879272461e-02
-4.904140233993530273e-01 -2.371150255203247070e-01
3.921737074851989746e-01 -4.637780189514160156e-01
2.237873673439025879e-01 -2.931733727455139160e-01
2.622627019882202148e-01 2.373852133750915527e-01
-1.408339738845825195e-01 -2.639006376266479492e-01
4.281914234161376953e-02 7.009816169738769531e-02
1.276537179946899414e-01 3.197062611579895020e-01
-1.444182395935058594e-01 1.424893140792846680e-01
-1.201487779617309570e-01 4.511471986770629883e-01
9.865212440490722656e-02 -1.286608576774597168e-01
-4.506906867027282715e-01 -4.045199751853942871e-01
-4.725139737129211426e-01 -3.160784840583801270e-01
-3.168092966079711914e-01 3.850340247154235840e-01
8.985042572021484375e-02 -4.059259295463562012e-01
2.034181356430053711e-01 1.159229278564453125e-01
-2.335679531097412109e-01 8.173722028732299805e-02
-3.845018148422241211e-02 5.129539966583251953e-02
3.778386116027832031e-02 -1.782411932945251465e-01
1.174327731132507324e-01 -3.707309365272521973e-01
-4.368924498558044434e-01 -4.427929520606994629e-01
2.640165090560913086e-01 8.465212583541870117e-02
3.438588380813598633e-01 -1.903935670852661133e-01
-2.334887981414794922e-01 1.268124580383300781e-01
-3.567039966583251953e-01 -8.389425277709960938e-02
1.409322619438171387e-01 -3.678489327430725098e-01
3.914451599121093750e-02 6.230127811431884766e-02
8.338558673858642578e-02 -1.165109872817993164e-01
3.663296699523925781e-01 3.230522274971008301e-01
-4.895002841949462891e-01 4.168584942817687988e-01
-3.775911331176757812e-01 -1.739124059677124023e-01
-2.857360243797302246e-01 -2.271401882171630859e-01
-4.528439044952392578e-02 3.453114628791809082e-01
4.406892657279968262e-01 -3.417127132415771484e-01
-1.480422019958496094e-01 -4.981451034545898438e-01
-3.453850150108337402e-01 -2.810509800910949707e-01
-4.732027053833007812e-01 -3.902862668037414551e-01
2.696711421012878418e-01 -6.427752971649169922e-02
2.561160326004028320e-01 1.622835397720336914e-01
-3.513181805610656738e-01 1.725965142250061035e-01
-3.701454401016235352e-01 1.803727149963378906e-01
4.588454365730285645e-01 1.167909502983093262e-01
-1.691643595695495605e-01 4.267346262931823730e-01
1.697316765785217285e-01 3.018667697906494141e-01
-1.016402244567871094e-01 -2.950509786605834961e-01
8.084595203399658203e-02 -4.057714343070983887e-01
-1.321216821670532227e-01 2.091209292411804199e-01
4.850642681121826172e-01 -1.891229152679443359e-01
4.287906885147094727e-01 3.948953151702880859e-01
4.386957287788391113e-01 3.624249100685119629e-01
-1.156272292137145996e-01 8.945935964584350586e-02
-7.156789302825927734e-02 7.566982507705688477e-02
-2.968577146530151367e-01 -1.850327849388122559e-01
-4.966450333595275879e-01 4.006031751632690430e-01
4.987417459487915039e-01 8.116686344146728516e-02
2.612315416336059570e-01 -3.128733634948730469e-01
-6.014591455459594727e-02 -5.837035179138183594e-02
-4.360840916633605957e-01 4.891307950019836426e-01
4.727323651313781738e-01 6.101280450820922852e-02
-1.332958340644836426e-01 2.734144926071166992e-01
-4.129891395568847656e-01 -3.794646859169006348e-01
6.277638673782348633e-02 -1.433471441268920898e-01
-1.538993120193481445e-01 -1.958193182945251465e-01
1.070797443389892578e-01 -1.164050102233886719e-01
4.848711490631103516e-01 2.371321916580200195e-01
-3.569986820220947266e-01 8.653086423873901367e-02
-1.216523647308349609e-01 -4.004610776901245117e-01
3.674994707107543945e-01 -4.751068353652954102e-01
6.622278690338134766e-02 2.007872462272644043e-01
1.637405753135681152e-01 3.732167482376098633e-01
-3.104548454284667969e-01 -3.373665213584899902e-01
-1.518124938011169434e-01 3.998779058456420898e-01
-2.427572011947631836e-01 3.744243383407592773e-01
-1.609545946121215820e-01 -1.481439471244812012e-01
1.936122775077819824e-01 -4.797684550285339355e-01
4.329448938369750977e-01 2.548905014991760254e-01
2.613341808319091797e-01 -2.555711865425109863e-01
4.996874928474426270e-01 -2.456320524215698242e-01
-1.637078523635864258e-01 -4.593117833137512207e-01
4.664717912673950195e-01 1.703944206237792969e-01
4.500914216041564941e-01 2.428705692291259766e-01
-4.026024937629699707e-01 4.843062162399291992e-01
-2.088569998741149902e-01 -8.919996023178100586e-02
-1.931301951408386230e-01 1.295574903488159180e-01
4.173874855041503906e-02 -4.178774356842041016e-01
1.174239516258239746e-01 1.152359247207641602e-01
-2.595936655998229980e-01 -1.426970958709716797e-02
2.598689794540405273e-01 3.289504647254943848e-01
-3.184188604354858398e-01 8.311754465103149414e-02
3.557350635528564453e-01 -2.489939332008361816e-01
-3.233992457389831543e-01 -1.251529455184936523e-01
-4.575750231742858887e-01 2.695696949958801270e-01
-2.103947997093200684e-01 -1.291065216064453125e-01
1.225056052207946777e-01 3.874408006668090820e-01
-1.566236019134521484e-01 4.877284765243530273e-01
9.594333171844482422e-02 -1.602967381477355957e-01
-4.207189083099365234e-01 -1.404196619987487793e-01
-2.860878109931945801e-01 4.067915081977844238e-01
1.891543269157409668e-01 4.768399596214294434e-01
-4.510632753372192383e-01 -2.868436574935913086e-01
-3.824529051780700684e-01 -3.330239653587341309e-01
-1.474553942680358887e-01 -1.905767917633056641e-01
-2.409542202949523926e-01 2.189862728118896484e-01
3.539771437644958496e-01 -2.392700910568237305e-01
-1.388034224510192871e-01 2.698744535446166992e-01
-4.461764097213745117e-01 2.480202913284301758e-01
1.097623109817504883e-01 -3.302395939826965332e-01
1.948273777961730957e-01 4.148301482200622559e-01
-1.546249985694885254e-01 3.244806528091430664e-01
-4.764306545257568359e-01 -3.647088408470153809e-01
-2.321571707725524902e-01 3.713065981864929199e-01
-2.114357352256774902e-01 3.172957301139831543e-01
-1.461139917373657227e-01 1.012303829193115234e-01
3.938121199607849121e-01 8.707803487777709961e-02
8.349496126174926758e-02 3.986644744873046875e-02
-3.413540124893188477e-02 -9.604358673095703125e-02
-4.333230853080749512e-01 -2.096102237701416016e-01
-1.609168648719787598e-01 1.014214754104614258e-02
-3.640921711921691895e-01 3.828359246253967285e-01
3.008041381835937500e-01 -2.307278513908386230e-01
-2.422154545783996582e-01 -8.214336633682250977e-02
2.926911711692810059e-01 2.575041651725769043e-01
6.260991096496582031e-03 3.730559349060058594e-02
3.665584325790405273e-02 4.065707325935363770e-01
-3.919205665588378906e-01 -2.186958193778991699e-01
-7.532274723052978516e-02 4.898952245712280273e-01
3.654562830924987793e-01 -2.459468245506286621e-01
2.906527519226074219e-01 2.512572407722473145e-01
-3.469761013984680176e-01 -5.179107189178466797e-03
-3.343291878700256348e-01 -1.867185235023498535e-01
2.985188961029052734e-01 1.542666554450988770e-01
-4.884055852890014648e-01 6.445008516311645508e-02
-6.207001209259033203e-02 -2.126717567443847656e-02
4.385477304458618164e-01 3.240138292312622070e-02
-2.414411902427673340e-01 1.958474516868591309e-01
-3.222862482070922852e-01 -4.690774083137512207e-01
1.270830631256103516e-01 -4.110378026962280273e-01
3.386932611465454102e-01 -2.436618804931640625e-01
-4.363635778427124023e-01 2.844880223274230957e-01
2.054251432418823242e-01 1.965367197990417480e-01
-4.555059671401977539e-01 -2.824984788894653320e-01
-4.225018024444580078e-01 -3.999778032302856445e-01
1.684752106666564941e-01 -1.535400152206420898e-01
2.079730629920959473e-01 4.272541999816894531e-01
2.009795308113098145e-01 3.823938369750976562e-01
1.976057887077331543e-01 -3.716012239456176758e-01
2.923178076744079590e-01 1.364535093307495117e-02
-1.219706535339355469e-01 -4.988957643508911133e-01
2.057245969772338867e-01 -1.148741245269775391e-01
-4.987508058547973633e-02 1.351249217987060547e-02
-3.490781188011169434e-01 4.180874228477478027e-01
-1.114338636398315430e-01 -3.930076956748962402e-01
7.802861928939819336e-02 -3.210505247116088867e-01
-9.563469886779785156e-02 -4.557269811630249023e-01
-2.141300439834594727e-01 1.525999307632446289e-01
8.302599191665649414e-02 -4.671396613121032715e-01
1.237988471984863281e-01 -3.910569548606872559e-01
-3.744422793388366699e-01 4.840645194053649902e-01
1.836775541305541992e-01 1.257359981536865234e-03
1.448729634284973145e-01 -1.858063936233520508e-01
2.841715812683105469e-01 3.201980590820312500e-01
-2.360745072364807129e-01 -1.516739726066589355e-01
1.862822771072387695e-01 2.132936120033264160e-01
1.415022015571594238e-01 -3.293283581733703613e-01
-2.127963304519653320e-01 -2.325257062911987305e-01
-3.838918805122375488e-01 -3.867550492286682129e-01
-4.473751783370971680e-01 3.414124846458435059e-01
-1.206970214843750000e-01 2.621996998786926270e-01
-4.125824570655822754e-01 -2.639812231063842773e-01
-4.445896744728088379e-01 -7.095539569854736328e-02
1.151645183563232422e-02 4.896843433380126953e-02
-1.575555801391601562e-01 4.836903810501098633e-01
-2.472957968711853027e-01 2.235065698623657227e-01
2.320795655250549316e-01 3.892847299575805664e-01
-1.519635915756225586e-01 -3.819320797920227051e-01
4.590092301368713379e-01 1.634103059768676758e-01
1.222977638244628906e-01 -2.957111597061157227e-02
3.391166329383850098e-01 -2.741134166717529297e-02
3.238760232925415039e-01 -5.915862321853637695e-02
1.170639991760253906e-01 -3.614736199378967285e-01
4.395577907562255859e-01 -1.575896143913269043e-01
3.155970573425292969e-02 4.810495376586914062e-01
1.916521787643432617e-02 -3.481800556182861328e-01
4.773997068405151367e-01 6.475073099136352539e-02
8.687859773635864258e-02 -3.625517487525939941e-01
-4.400488138198852539e-01 -2.687828540802001953e-01
-2.529048323631286621e-01 -2.158294320106506348e-01
3.539993762969970703e-01 -9.044033288955688477e-02
-1.757237911224365234e-01 -1.099435687065124512e-01
1.923314332962036133e-01 1.273562908172607422e-01
8.708590269088745117e-02 -1.347819566726684570e-01
4.685795903205871582e-01 6.822466850280761719e-03
1.711264848709106445e-01 -4.553580880165100098e-01
2.567389607429504395e-01 1.425682306289672852e-01
-3.223695755004882812e-01 -3.950613737106323242e-02
4.429672956466674805e-01 -2.419730424880981445e-01
-3.490300178527832031e-01 1.029787063598632812e-01
9.430909156799316406e-02 -1.028133630752563477e-01
-3.939511179924011230e-01 -8.923137187957763672e-02
-1.374106407165527344e-01 -4.487025737762451172e-02
3.879841566085815430e-01 3.972405791282653809e-01
6.958723068237304688e-03 -2.654014229774475098e-01
-3.803566098213195801e-01 2.993413209915161133e-01
4.487384557723999023e-01 4.716396331787109375e-02
-3.060187697410583496e-01 3.209710121154785156e-01
-4.327218532562255859e-01 -1.345552802085876465e-01
2.727182507514953613e-01 4.908491969108581543e-01
9.024274349212646484e-02 -2.598226070404052734e-03
4.871556758880615234e-01 4.149777293205261230e-01
-1.160761713981628418e-01 -2.131104469299316406e-02
1.567108631134033203e-01 2.879542112350463867e-01
-4.381448626518249512e-01 1.617326140403747559e-01
3.336344957351684570e-01 1.315677165985107422e-01
-4.293404221534729004e-01 4.300354123115539551e-01
-1.668612957000732422e-01 -3.160169124603271484e-01
-2.952687144279479980e-01 3.926295042037963867e-02
-5.547165870666503906e-03 -4.990738630294799805e-02
4.445602893829345703e-01 1.917685270309448242e-01
4.898008108139038086e-01 -4.557214975357055664e-01
4.554847478866577148e-01 -4.753041863441467285e-01
-8.803588151931762695e-02 -8.731549978256225586e-02
2.276202440261840820e-01 3.345226645469665527e-01
-2.632462382316589355e-01 -4.121510386466979980e-01
-1.250815987586975098e-01 -2.415402531623840332e-01
-4.037231206893920898e-01 4.858862757682800293e-01
-4.837759733200073242e-01 4.183287024497985840e-01
-2.447348833084106445e-01 4.503831267356872559e-01
-2.136144042015075684e-01 1.935685276985168457e-01
4.252241849899291992e-01 -3.935526609420776367e-01
-3.885197639465332031e-01 -4.413802623748779297e-01
9.765452146530151367e-02 -1.947521567344665527e-01
3.063499331474304199e-01 4.562746882438659668e-01
3.014065623283386230e-01 1.478370428085327148e-01
-2.443268299102783203e-01 3.528935313224792480e-01
-2.731060385704040527e-01 1.533000469207763672e-01
4.333190321922302246e-01 4.711469411849975586e-01
-2.380430698394775391e-03 -1.473279595375061035e-01
-4.255455732345581055e-02 -3.245107531547546387e-01
-3.924763202667236328e-02 1.223496794700622559e-01
3.171201348304748535e-01 -2.869432568550109863e-01
3.869468569755554199e-01 3.494722247123718262e-01
4.218477010726928711e-01 3.111386299133300781e-02
-1.952055692672729492e-01 3.833897113800048828e-01
3.324221968650817871e-01 4.988801479339599609e-01
1.504073739051818848e-01 4.519855976104736328e-01
-5.265790224075317383e-02 1.827538013458251953e-01
-3.945888876914978027e-01 -9.988987445831298828e-02
2.362203001976013184e-01 -4.781021475791931152e-01
-4.048780798912048340e-01 -1.497822999954223633e-01
-1.170982718467712402e-01 -7.934021949768066406e-02
3.286161422729492188e-01 -3.390317559242248535e-01
2.441307306289672852e-01 -9.931850433349609375e-02
-3.281952142715454102e-01 -3.505237102508544922e-01
1.935750246047973633e-01 2.459350824356079102e-01
-4.728019237518310547e-03 9.727323055267333984e-02
-4.546222090721130371e-01 4.630836844444274902e-01
3.743176460266113281e-01 4.342656135559082031e-01
4.578238725662231445e-01 4.785761833190917969e-01
4.716101884841918945e-01 -1.822497844696044922e-01
3.586071729660034180e-01 2.605193853378295898e-02
2.644083499908447266e-01 9.985005855560302734e-02
2.756683826446533203e-01 -2.937427163124084473e-01
-4.342746138572692871e-01 -3.576010465621948242e-02
5.137312412261962891e-02 2.348484992980957031e-01
2.707261443138122559e-01 3.827093839645385742e-01
-4.943932294845581055e-01 -1.104891300201416016e-01
2.162085175514221191e-01 -2.289797067642211914e-01
-3.516459465026855469e-02 -3.479272127151489258e-02
1.736563444137573242e-02 4.140553474426269531e-01
3.512066602706909180e-02 -2.334839105606079102e-02
1.532270312309265137e-01 3.713611364364624023e-01
1.868588924407958984e-01 4.206306338310241699e-01
-8.068460226058959961e-02 -2.766370773315429688e-03
-1.963889002799987793e-01 -1.475057601928710938e-01
3.353429436683654785e-01 -3.080462813377380371e-01
1.738269925117492676e-01 -9.374856948852539062e-03
-1.574009656906127930e-02 -1.523861289024353027e-01
-2.457370162010192871e-01 2.484250068664550781e-01
-4.597085714340209961e-01 4.797258973121643066e-01
1.132447719573974609e-01 1.108161807060241699e-01
1.401020288467407227e-01 7.866400480270385742e-02
4.381088018417358398e-01 -3.121608495712280273e-01
-3.913326859474182129e-01 -3.179395794868469238e-01
3.931524157524108887e-01 3.909181356430053711e-01
7.247531414031982422e-02 -2.553054690361022949e-01
7.413762807846069336e-02 4.449647665023803711e-01
-4.633883237838745117e-01 -3.342163562774658203e-01
4.002835154533386230e-01 -2.699619531631469727e-02
3.848761320114135742e-02 4.086508154869079590e-01
-9.983497858047485352e-02 1.296041607856750488e-01
6.226760149002075195e-02 -9.810739755630493164e-02
8.969688415527343750e-02 1.971136927604675293e-01
-4.941701889038085938e-01 -1.778451204299926758e-01
2.035367488861083984e-01 -1.535677909851074219e-01
4.287202358245849609e-01 -3.015270233154296875e-01
8.232104778289794922e-02 -6.192201375961303711e-02
3.752082586288452148e-02 -4.388087987899780273e-01
-1.336666941642761230e-01 -2.963830828666687012e-01
-3.363453745841979980e-01 4.316508769989013672e-02
1.431499123573303223e-01 6.405645608901977539e-02
2.292142510414123535e-01 -2.575148940086364746e-01
-4.745671153068542480e-01 -1.247072815895080566e-01
-3.305992484092712402e-01 -3.884464502334594727e-02
3.129643201828002930e-01 9.067302942276000977e-02
1.527941823005676270e-01 -3.981324434280395508e-01
3.353595733642578125e-01 -1.128802299499511719e-01
-4.411481022834777832e-01 -4.753840565681457520e-01
1.200791001319885254e-01 -4.945082664489746094e-01
-1.849576830863952637e-01 1.157752871513366699e-01
-9.490823745727539062e-02 3.257002234458923340e-01
-6.638413667678833008e-02 5.124878883361816406e-02
-2.571390271186828613e-01 4.869790673255920410e-01
2.944698333740234375e-01 -1.334943771362304688e-01
-9.828066825866699219e-02 -4.473413228988647461e-01
1.070478558540344238e-01 -4.179774522781372070e-01
-4.820263981819152832e-01 1.549814343452453613e-01
-2.158725261688232422e-02 2.798049449920654297e-01
-3.120599389076232910e-01 2.251583337783813477e-02
-1.538996100425720215e-01 2.160764932632446289e-01
-3.166667819023132324e-01 -9.946799278259277344e-02
2.807905673980712891e-01 -5.980485677719116211e-02
4.858346581459045410e-01 -4.439106583595275879e-01
-1.875764131546020508e-02 4.002642631530761719e-01
2.962997555732727051e-01 -2.556172609329223633e-01
4.020816683769226074e-01 1.345086097717285156e-01
-7.828181982040405273e-02 -2.140353322029113770e-01
-4.209232330322265625e-01 3.460138440132141113e-01
2.500739097595214844e-01 -1.832428574562072754e-01
-7.221192121505737305e-02 -2.024654746055603027e-01
-1.401573419570922852e-01 -2.471327781677246094e-02
2.667818665504455566e-01 2.660626769065856934e-01
3.612598180770874023e-01 3.882654309272766113e-01
-3.476349711418151855e-01 4.235620498657226562e-01
-4.965473413467407227e-01 5.539387464523315430e-02
-2.856780886650085449e-01 -2.323576807975769043e-01
-1.123231053352355957e-01 7.568770647048950195e-02
-1.359097361564636230e-01 4.508570432662963867e-01
1.925337314605712891e-02 5.041551589965820312e-02
-2.661033868789672852e-01 -3.449336886405944824e-01
-6.758201122283935547e-02 3.097304105758666992e-01
-4.985708594322204590e-01 3.503647446632385254e-01
1.876419186592102051e-01 -4.613918066024780273e-02
4.649682641029357910e-01 2.808700799942016602e-01
-1.972799897193908691e-01 -4.673125743865966797e-01
9.547233581542968750e-03 4.873049259185791016e-02
2.122232317924499512e-01 7.640087604522705078e-02
2.855721116065979004e-01 2.600349187850952148e-01
2.307754158973693848e-01 4.126962423324584961e-01
3.369273543357849121e-01 -3.117108941078186035e-01
1.616703271865844727e-01 2.571994066238403320e-02
2.395261526107788086e-01 9.735810756683349609e-02
2.436195611953735352e-01 -2.012751698493957520e-01
-1.146484613418579102e-01 -3.116201162338256836e-01
4.288863539695739746e-01 8.366978168487548828e-02
-3.235210180282592773e-01 2.543696165084838867e-01
3.193027377128601074e-01 2.351028919219970703e-01
1.293415427207946777e-01 -2.559970021247863770e-01
-1.593154072761535645e-01 2.020046710968017578e-01
-1.808872818946838379e-01 -4.603660106658935547e-02
2.119887471199035645e-01 3.922117948532104492e-01
-1.799681782722473145e-01 1.928687095642089844e-03
1.527361273765563965e-01 7.878559827804565430e-02
-9.955334663391113281e-02 -9.803187847137451172e-02
-4.504532814025878906e-01 4.072768688201904297e-01
-4.669823050498962402e-01 -1.892764568328857422e-01
-3.597688078880310059e-01 1.807344555854797363e-01
2.503561973571777344e-01 4.931766986846923828e-01
2.560173273086547852e-01 -3.868653178215026855e-01
-2.734758853912353516e-01 -4.297411441802978516e-02
4.708402752876281738e-01 -7.829421758651733398e-02
4.158141613006591797e-01 3.736048936843872070e-01
-4.535996913909912109e-01 -4.196372032165527344e-01
-1.391639709472656250e-01 -2.378989458084106445e-01
-6.332439184188842773e-02 3.422813415527343750e-01
-1.481294035911560059e-01 -1.038546562194824219e-01
2.620418667793273926e-01 -1.370215415954589844e-01
3.479604721069335938e-01 2.951169013977050781e-01
3.905951380729675293e-01 5.802953243255615234e-02
-2.499592304229736328e-02 -4.662915468215942383e-01
-3.594435453414916992e-01 -7.739531993865966797e-02
-4.809445142745971680e-01 -4.293354153633117676e-01
-3.904365897178649902e-01 -2.925953269004821777e-01
4.980558753013610840e-01 2.597956061363220215e-01
2.904596328735351562e-01 -9.864801168441772461e-02
-4.733149409294128418e-01 2.650976181030273438e-01
-3.745775818824768066e-01 2.531967759132385254e-01
3.236452937126159668e-01 6.209456920623779297e-02
-2.127480506896972656e-02 1.017159223556518555e-02
-1.201051473617553711e-02 -1.720375418663024902e-01
-6.394767761230468750e-02 -4.773988127708435059e-01
-4.516873359680175781e-01 2.132649421691894531e-01
-3.624687790870666504e-01 -8.228242397308349609e-02
3.887206315994262695e-02 -3.313797116279602051e-01
1.695339679718017578e-01 -5.875796079635620117e-02
1.537644863128662109e-01 -4.332358241081237793e-01
1.114727258682250977e-01 9.378021955490112305e-02
-1.037147045135498047e-01 -4.323230981826782227e-01
-2.981653809547424316e-01 -6.575065851211547852e-02
2.704905867576599121e-01 -7.173937559127807617e-02
-4.506077766418457031e-01 1.713266968727111816e-01
3.784860372543334961e-01 1.767812371253967285e-01
4.442356824874877930e-01 -2.367902994155883789e-01
8.780467510223388672e-02 3.675751090049743652e-01
-6.753766536712646484e-02 -1.927539110183715820e-01
3.329991102218627930e-01 2.768250703811645508e-01
-1.680665016174316406e-01 -1.503965258598327637e-01
-2.690465450286865234e-01 4.061673283576965332e-01
-3.258648514747619629e-01 7.729214429855346680e-02
7.916450500488281250e-02 -1.477915048599243164e-01
1.289680004119873047e-01 2.854768037796020508e-01
2.754995226860046387e-01 4.896841645240783691e-01
-7.046967744827270508e-02 -5.920535326004028320e-02
2.961332798004150391e-01 -4.538891315460205078e-01
-1.439880132675170898e-01 -2.495847344398498535e-01
-3.484441637992858887e-01 1.151788830757141113e-01
3.308932781219482422e-01 3.578111529350280762e-01
4.176878929138183594e-02 -3.909528255462646484e-03
-4.986346960067749023e-01 1.165315508842468262e-01
1.194072365760803223e-01 -4.964063167572021484e-01
-3.225092887878417969e-01 -7.324576377868652344e-03
4.300736188888549805e-01 -2.619041204452514648e-01
2.580584287643432617e-01 2.412139177322387695e-01
-2.678191661834716797e-01 -3.050576448440551758e-01
1.811246871948242188e-01 -3.095991015434265137e-01
-1.082165241241455078e-01 -4.665217995643615723e-01
2.787993550300598145e-01 -1.392500400543212891e-01
-1.004763245582580566e-01 1.748107671737670898e-01
-2.333682775497436523e-02 3.680410385131835938e-01
-7.971894741058349609e-02 -1.455009579658508301e-01
1.171648502349853516e-01 4.220659732818603516e-01
2.082908749580383301e-01 -2.840504646301269531e-01
-3.458386063575744629e-01 -8.576387166976928711e-02
-4.701730012893676758e-01 4.232599735260009766e-01
-2.499013543128967285e-01 -6.650382280349731445e-02
-2.704957723617553711e-01 2.387547492980957031e-02
-4.626375436782836914e-02 2.042012810707092285e-01
-4.626741409301757812e-01 1.512842774391174316e-01
1.497587561607360840e-01 2.235480546951293945e-01
4.222314357757568359e-01 -3.468654751777648926e-01
4.287180304527282715e-01 -1.420289874076843262e-01
1.691062450408935547e-01 -3.613320589065551758e-01
-2.242517471313476562e-01 4.753769636154174805e-01
3.721353411674499512e-01 4.625232815742492676e-01
-1.846519112586975098e-01 2.479494214057922363e-01
4.879406690597534180e-01 4.120175838470458984e-01
2.270419001579284668e-01 1.483689546585083008e-01
-3.353375196456909180e-01 -8.388102054595947266e-02
-4.833070039749145508e-01 -2.060038447380065918e-01
-9.235924482345581055e-02 1.906027197837829590e-01
-2.647329568862915039e-01 1.655234694480895996e-01
-4.777560830116271973e-01 2.283673882484436035e-01
-1.874890923500061035e-01 1.801381707191467285e-01
2.033583521842956543e-01 -1.186608076095581055e-01
2.751375436782836914e-01 4.121097922325134277e-01
8.933579921722412109e-02 4.474618434906005859e-01
4.233620762825012207e-01 -2.735925912857055664e-01
1.678912043571472168e-01 -2.176546454429626465e-01
2.988818287849426270e-01 2.482458353042602539e-01
3.809921741485595703e-01 -4.883927106857299805e-01
1.748155355453491211e-01 -4.211885333061218262e-01
7.762074470520019531e-03 -2.721416950225830078e-01
3.219823837280273438e-01 2.863190174102783203e-01
1.853179931640625000e-02 3.907332420349121094e-01
1.618071198463439941e-01 4.454456567764282227e-01
4.768545031547546387e-01 -3.787942528724670410e-01
-4.792994260787963867e-02 -2.510910034179687500e-01
-2.479933500289916992e-01 -5.258440971374511719e-03
-1.611164808273315430e-01 2.114349603652954102e-01
-6.212729215621948242e-02 1.284512281417846680e-01
-1.974111795425415039e-01 1.069776415824890137e-01
4.329037666320800781e-02 3.906061649322509766e-01
4.430626034736633301e-01 -3.870077133178710938e-01
2.232248187065124512e-01 -2.515015006065368652e-01
-2.901455760002136230e-01 -4.918445348739624023e-01
-4.386131763458251953e-01 -1.603139042854309082e-01
6.071466207504272461e-02 -2.359776496887207031e-01
4.962649941444396973e-01 5.465632677078247070e-02
1.670317649841308594e-01 -2.508965730667114258e-01
2.826783061027526855e-01 -1.492054462432861328e-01
2.239125370979309082e-01 4.064374566078186035e-01
4.329724907875061035e-01 2.735868096351623535e-01
4.933069944381713867e-01 -1.092354655265808105e-01
-3.166264295578002930e-01 -1.482098698616027832e-01
2.418510913848876953e-01 -4.366003870964050293e-01
-3.338666558265686035e-01 -1.893939375877380371e-01
-1.553682088851928711e-01 1.084862947463989258e-01
-3.531366586685180664e-02 -4.280803203582763672e-01
-2.649775147438049316e-01 -5.459761619567871094e-02
4.608600139617919922e-01 1.759323477745056152e-01
-1.090893745422363281e-01 -4.583293795585632324e-01
-5.875527858734130859e-02 4.246740937232971191e-01
-3.209632635116577148e-01 1.431820988655090332e-01
-3.065092563629150391e-01 3.886070847511291504e-01
-4.990510344505310059e-01 4.893761277198791504e-01
4.201055169105529785e-01 -3.960935473442077637e-01
-4.069092869758605957e-01 9.714412689208984375e-02
-3.502863645553588867e-02 2.401669025421142578e-01
-3.644863367080688477e-01 3.400765061378479004e-01
-2.309668064117431641e-01 1.606785655021667480e-01
3.199541568756103516e-02 1.227747797966003418e-01
-3.443706631660461426e-01 -1.849534511566162109e-01
-4.038521051406860352e-01 8.575624227523803711e-02
3.129280209541320801e-01 -1.628457903861999512e-01
2.322953939437866211e-02 -5.050224065780639648e-02
-2.881461381912231445e-01 3.143752813339233398e-01
7.706987857818603516e-02 -2.403962016105651855e-01
-1.671817898750305176e-01 3.397063016891479492e-01
2.316352128982543945e-01 -9.320378303527832031e-03
1.840088367462158203e-01 4.175048470497131348e-01
-3.929339647293090820e-01 -4.209929704666137695e-01
-3.440480828285217285e-01 -1.134095191955566406e-01
-3.471208810806274414e-01 -1.548416018486022949e-01
-4.526814818382263184e-01 -3.765040040016174316e-01
3.880194425582885742e-01 -2.487913966178894043e-01
-2.105721235275268555e-01 8.639937639236450195e-02
2.166519761085510254e-01 -2.383093833923339844e-01
1.177816987037658691e-01 2.683730125427246094e-01
4.734167456626892090e-01 -1.432639360427856445e-02
-1.075283885002136230e-01 1.020678281784057617e-01
-3.767604231834411621e-01 3.977276086807250977e-01
2.087897658348083496e-01 2.365565299987792969e-01
-1.603160500526428223e-01 -1.774209737777709961e-02
3.216954469680786133e-01 -2.068152427673339844e-01
4.022632837295532227e-01 8.801054954528808594e-02
-1.486607789993286133e-01 4.192031025886535645e-01
4.000943899154663086e-01 4.676017165184020996e-01
4.929141998291015625e-01 1.591994762420654297e-01
2.743448615074157715e-01 -2.860355973243713379e-01
2.025766372680664062e-01 -4.156151413917541504e-01
2.209760546684265137e-01 3.893394470214843750e-01
2.243489027023315430e-01 1.160483360290527344e-01
-7.018983364105224609e-03 -4.014990925788879395e-01
8.600825071334838867e-02 -1.351508498191833496e-01
-4.471254348754882812e-01 -2.445150017738342285e-01
3.523002266883850098e-01 -2.782427668571472168e-01
4.421504735946655273e-01 4.588981270790100098e-01
-4.739426374435424805e-01 3.785341382026672363e-01
-5.263757705688476562e-02 4.800995588302612305e-01
-4.637600779533386230e-01 7.575345039367675781e-02
-4.926390647888183594e-01 4.159819483757019043e-01
4.017680883407592773e-01 -4.382263422012329102e-01
7.610017061233520508e-02 4.069384932518005371e-01
4.240022897720336914e-01 -2.982694506645202637e-01
-1.342991590499877930e-01 -3.045692443847656250e-01
1.222549080848693848e-01 3.107789158821105957e-01
4.955317378044128418e-01 2.748253345489501953e-01
-2.084181904792785645e-01 4.753013849258422852e-01
1.971212029457092285e-01 -6.330907344818115234e-02
4.544897079467773438e-01 1.520620584487915039e-01
4.469266533851623535e-01 1.297036409378051758e-01
3.473308086395263672e-01 -8.635938167572021484e-02
4.386262297630310059e-01 8.630383014678955078e-02
-4.257439970970153809e-01 2.429129481315612793e-01
-4.088542461395263672e-01 2.163354754447937012e-01
-3.295822739601135254e-01 -1.124795079231262207e-01
2.869664430618286133e-01 -4.392297267913818359e-01
-1.482423543930053711e-01 -1.919866800308227539e-01
-4.790799021720886230e-01 4.162614941596984863e-01
2.732087373733520508e-01 -1.015391349792480469e-01
-2.406032085418701172e-01 -1.504641175270080566e-01
2.517437934875488281e-02 3.415765762329101562e-01
3.931959867477416992e-01 -5.755662918090820312e-02
1.517871618270874023e-01 -4.850341081619262695e-01
4.065886139869689941e-01 9.046465158462524414e-02
2.385680079460144043e-01 3.121310472488403320e-01
8.600300550460815430e-02 -1.372208595275878906e-01
-2.042394876480102539e-02 1.742240190505981445e-01
1.087161898612976074e-01 2.355627417564392090e-01
5.223792791366577148e-02 2.212899923324584961e-01
3.822502493858337402e-01 -1.781297326087951660e-01
-4.135317206382751465e-01 2.673267722129821777e-01
4.742697477340698242e-01 3.427098989486694336e-01
4.218072295188903809e-01 -1.600750684738159180e-01
3.980659842491149902e-01 4.752457141876220703e-01
1.829289793968200684e-01 1.181971430778503418e-01
3.865953087806701660e-01 1.003085374832153320e-01
-1.488946676254272461e-01 3.142528533935546875e-01
1.129239797592163086e-02 2.225697040557861328e-01
-4.971681237220764160e-01 1.460304260253906250e-01
4.125211238861083984e-01 -2.781485319137573242e-01
-3.437757492065429688e-01 2.122020721435546875e-01
-1.745509505271911621e-01 -1.998466253280639648e-02
-1.425755620002746582e-01 -3.499007225036621094e-02
2.405613660812377930e-01 -3.911684155464172363e-01
-3.861724734306335449e-01 3.358870148658752441e-01
1.818329691886901855e-01 1.750859022140502930e-01
-1.431097984313964844e-01 7.859396934509277344e-02
1.428896784782409668e-01 -2.309422492980957031e-01
3.998901247978210449e-01 -5.595690011978149414e-02
3.259397745132446289e-01 -3.730961680412292480e-01
1.322942972183227539e-01 1.168223619461059570e-01
-2.590075731277465820e-01 -2.423428297042846680e-01
-1.419064998626708984e-01 -1.742320656776428223e-01
2.127673029899597168e-01 1.152794361114501953e-01
1.011059880256652832e-01 -2.755218744277954102e-01
4.895365238189697266e-01 -2.707064151763916016e-02
4.692482948303222656e-02 -1.815188527107238770e-01
-4.636204242706298828e-02 -2.755457162857055664e-02
-3.054678440093994141e-02 1.756608486175537109e-03
-4.298816919326782227e-01 -4.692005515098571777e-01
4.380048513412475586e-01 -3.567272424697875977e-02
1.535514593124389648e-01 -3.132593631744384766e-02
-3.326374292373657227e-01 -4.922072291374206543e-01
7.293331623077392578e-02 7.421523332595825195e-02
4.453864097595214844e-01 -1.511396765708923340e-01
-3.086108565330505371e-01 3.835553526878356934e-01
-2.972680330276489258e-01 1.597202420234680176e-01
-2.905282974243164062e-01 3.979223966598510742e-02
-4.055616855621337891e-01 8.499860763549804688e-03
-1.245812177658081055e-01 -4.967758059501647949e-01
-2.312343120574951172e-01 2.186439633369445801e-01
-2.405588030815124512e-01 -9.561842679977416992e-02
-8.339399099349975586e-02 -2.808449268341064453e-01
2.730886936187744141e-01 -2.287677526473999023e-01
