7.465006113052368164e-01 6.927596926689147949e-01
7.075511813163757324e-01 5.785192847251892090e-01
6.164848804473876953e-01 7.922143936157226562e-01
7.806503176689147949e-01 5.030341148376464844e-01
5.762246251106262207e-01 6.834518313407897949e-01
5.371317863464355469e-01 4.074669778347015381e-01
4.863629043102264404e-01 6.907713413238525391e-01
4.845553338527679443e-01 7.075061202049255371e-01
7.811928987503051758e-01 6.965863108634948730e-01
4.137770533561706543e-01 5.504493117332458496e-01
5.107862949371337891e-01 6.442224979400634766e-01
4.477027356624603271e-01 4.976023137569427490e-01
6.518588662147521973e-01 4.470263719558715820e-01
5.200272202491760254e-01 7.131714820861816406e-01
4.908933043479919434e-01 6.391585469245910645e-01
6.530462503433227539e-01 5.297891497611999512e-01
4.584655165672302246e-01 5.691037774085998535e-01
5.188466906547546387e-01 5.210697054862976074e-01
4.916702210903167725e-01 4.595574438571929932e-01
8.106372952461242676e-01 5.684031844139099121e-01
7.486582994461059570e-01 6.725903153419494629e-01
6.510049104690551758e-01 6.039663553237915039e-01
5.526014566421508789e-01 5.889917016029357910e-01
6.542229652404785156e-01 5.656038522720336914e-01
6.608866453170776367e-01 5.438998937606811523e-01
4.503504633903503418e-01 7.042967081069946289e-01
7.073199152946472168e-01 6.467758417129516602e-01
8.064154386520385742e-01 5.767756104469299316e-01
6.696997880935668945e-01 5.239694714546203613e-01
3.632015585899353027e-01 6.007021069526672363e-01
6.637216210365295410e-01 4.899671971797943115e-01
7.939293980598449707e-01 6.721095442771911621e-01
8.071225285530090332e-01 6.159951090812683105e-01
6.118344664573669434e-01 7.812628746032714844e-01
7.167604565620422363e-01 5.300555825233459473e-01
5.264660120010375977e-01 4.995461106300354004e-01
6.343323588371276855e-01 7.589885592460632324e-01
8.266643881797790527e-01 5.376895666122436523e-01
4.737495779991149902e-01 5.270619392395019531e-01
6.795184016227722168e-01 6.104841232299804688e-01
7.555564641952514648e-01 5.080368518829345703e-01
5.201445221900939941e-01 7.786150574684143066e-01
5.622931122779846191e-01 5.206862688064575195e-01
6.526662111282348633e-01 7.802460789680480957e-01
6.186913847923278809e-01 6.326553225517272949e-01
4.491540491580963135e-01 6.624975204467773438e-01
5.140672922134399414e-01 7.382116913795471191e-01
5.454830527305603027e-01 6.138053536415100098e-01
7.149345278739929199e-01 6.640697121620178223e-01
4.918155968189239502e-01 4.362406134605407715e-01
5.502144694328308105e-01 4.393936395645141602e-01
4.950898289680480957e-01 6.842895746231079102e-01
6.476153731346130371e-01 6.521041393280029297e-01
3.926791846752166748e-01 5.261884331703186035e-01
5.900348424911499023e-01 5.154095888137817383e-01
4.829617738723754883e-01 5.063735246658325195e-01
6.521050333976745605e-01 4.368389844894409180e-01
7.188282608985900879e-01 6.267709732055664062e-01
6.689985990524291992e-01 7.122173309326171875e-01
8.194404244422912598e-01 6.034008264541625977e-01
8.359577059745788574e-01 5.641989707946777344e-01
4.565006196498870850e-01 5.835719108581542969e-01
6.648880243301391602e-01 7.349635958671569824e-01
7.082855105400085449e-01 7.402070164680480957e-01
4.508584141731262207e-01 4.797993600368499756e-01
5.535269975662231445e-01 7.943502664566040039e-01
3.942758440971374512e-01 5.756043791770935059e-01
3.653172552585601807e-01 5.884253978729248047e-01
7.130433917045593262e-01 4.331086874008178711e-01
4.187262952327728271e-01 6.737034320831298828e-01
6.861197948455810547e-01 4.827971160411834717e-01
4.963635206222534180e-01 6.875690817832946777e-01
5.479727983474731445e-01 4.504190087318420410e-01
4.347656667232513428e-01 5.123687982559204102e-01
6.821959614753723145e-01 6.922500133514404297e-01
5.494114756584167480e-01 7.435013651847839355e-01
6.342046856880187988e-01 7.236239910125732422e-01
7.457703351974487305e-01 6.614872217178344727e-01
5.944012999534606934e-01 4.045300483703613281e-01
5.617880821228027344e-01 7.049873471260070801e-01
6.796262264251708984e-01 5.512194037437438965e-01
6.245770454406738281e-01 6.255957484245300293e-01
7.784693837165832520e-01 7.093960046768188477e-01
6.280704140663146973e-01 6.246694922447204590e-01
4.736835658550262451e-01 5.823200345039367676e-01
6.087378263473510742e-01 6.579848527908325195e-01
4.589017331600189209e-01 5.868977904319763184e-01
6.393319964408874512e-01 7.227170467376708984e-01
7.017780542373657227e-01 6.085613965988159180e-01
4.755999147891998291e-01 5.019453167915344238e-01
5.340279936790466309e-01 4.890037775039672852e-01
7.616693973541259766e-01 7.478969097137451172e-01
7.169162631034851074e-01 5.738825201988220215e-01
5.000988841056823730e-01 7.666378617286682129e-01
7.478989362716674805e-01 5.005424618721008301e-01
6.324614286422729492e-01 5.834884643554687500e-01
6.770638823509216309e-01 5.667188167572021484e-01
7.065631747245788574e-01 4.638240039348602295e-01
4.695160090923309326e-01 6.410698294639587402e-01
4.753552377223968506e-01 4.898319244384765625e-01
5.608224272727966309e-01 6.833016872406005859e-01
7.768142819404602051e-01 6.635849475860595703e-01
3.588552474975585938e-01 6.230148673057556152e-01
4.920900166034698486e-01 7.095591425895690918e-01
4.877259433269500732e-01 7.020931839942932129e-01
6.318609714508056641e-01 6.034288406372070312e-01
5.117011666297912598e-01 5.333091616630554199e-01
8.010541796684265137e-01 5.713453292846679688e-01
7.091605067253112793e-01 6.979089379310607910e-01
6.390143036842346191e-01 4.743698537349700928e-01
5.937919616699218750e-01 8.122485280036926270e-01
3.419755995273590088e-01 5.791845917701721191e-01
5.376468896865844727e-01 7.364574670791625977e-01
5.100234150886535645e-01 7.469291090965270996e-01
6.363038420677185059e-01 5.541296601295471191e-01
5.870317816734313965e-01 5.352562069892883301e-01
4.297892153263092041e-01 5.293104648590087891e-01
6.812152266502380371e-01 7.635887861251831055e-01
6.009082198143005371e-01 7.518760561943054199e-01
3.815605342388153076e-01 6.587647199630737305e-01
6.809496879577636719e-01 6.146039366722106934e-01
7.530977129936218262e-01 7.294868230819702148e-01
5.853965878486633301e-01 4.869650304317474365e-01
7.052998542785644531e-01 6.381263136863708496e-01
7.259367108345031738e-01 6.851767897605895996e-01
6.645777821540832520e-01 4.012370407581329346e-01
4.832974076271057129e-01 6.391987800598144531e-01
4.952910542488098145e-01 6.593692302703857422e-01
5.014013648033142090e-01 6.128044724464416504e-01
6.796833276748657227e-01 7.116073369979858398e-01
4.634175896644592285e-01 4.481493532657623291e-01
4.429886043071746826e-01 6.949939131736755371e-01
8.453612327575683594e-01 5.515454411506652832e-01
7.962308526039123535e-01 7.246196866035461426e-01
5.766125321388244629e-01 3.829720318317413330e-01
6.171708703041076660e-01 6.281595826148986816e-01
5.543206930160522461e-01 5.945046544075012207e-01
6.316592693328857422e-01 5.434820652008056641e-01
7.714768648147583008e-01 5.612850785255432129e-01
6.309916377067565918e-01 6.886341571807861328e-01
6.771612763404846191e-01 7.685106992721557617e-01
8.132595419883728027e-01 5.048028230667114258e-01
5.889244675636291504e-01 4.913522899150848389e-01
5.338027477264404297e-01 5.099467039108276367e-01
5.394032001495361328e-01 5.750685334205627441e-01
6.195484995841979980e-01 6.671884655952453613e-01
4.789549708366394043e-01 5.952389836311340332e-01
8.519146442413330078e-01 5.659146308898925781e-01
8.086407780647277832e-01 5.943713784217834473e-01
6.233469843864440918e-01 5.018618106842041016e-01
3.484959900379180908e-01 6.053946018218994141e-01
4.029785394668579102e-01 5.266489386558532715e-01
4.096471071243286133e-01 6.612704992294311523e-01
5.433668494224548340e-01 3.835419714450836182e-01
7.163618206977844238e-01 7.116432785987854004e-01
6.781569123268127441e-01 7.361808419227600098e-01
7.569193840026855469e-01 6.483468413352966309e-01
7.736256122589111328e-01 6.631729602813720703e-01
5.543175339698791504e-01 8.105331063270568848e-01
7.022553682327270508e-01 5.579373240470886230e-01
6.313988566398620605e-01 7.792703509330749512e-01
8.182442188262939453e-01 5.269332528114318848e-01
6.460564732551574707e-01 6.644087433815002441e-01
5.967322587966918945e-01 4.254270195960998535e-01
7.308615446090698242e-01 7.783298492431640625e-01
4.657896161079406738e-01 5.567308664321899414e-01
6.779398322105407715e-01 4.711926877498626709e-01
6.748158931732177734e-01 5.339314341545104980e-01
5.957774519920349121e-01 7.389556765556335449e-01
7.221149802207946777e-01 4.918094277381896973e-01
7.024895548820495605e-01 6.991404891014099121e-01
5.267890691757202148e-01 6.879743933677673340e-01
5.501728653907775879e-01 4.848599135875701904e-01
7.930878400802612305e-01 6.961889266967773438e-01
5.686035156250000000e-01 5.377033948898315430e-01
6.799313426017761230e-01 6.665642261505126953e-01
5.220873951911926270e-01 5.942355394363403320e-01
6.773013472557067871e-01 4.226505458354949951e-01
7.934164404869079590e-01 6.160700917243957520e-01
7.439486980438232422e-01 5.006731152534484863e-01
7.173742055892944336e-01 5.189651846885681152e-01
6.908316612243652344e-01 4.966960251331329346e-01
6.079978942871093750e-01 7.732501626014709473e-01
5.117551684379577637e-01 6.753147244453430176e-01
4.319508373737335205e-01 4.777216911315917969e-01
4.995377957820892334e-01 6.449787020683288574e-01
4.531075656414031982e-01 5.843747258186340332e-01
7.334014773368835449e-01 5.425491929054260254e-01
6.849215626716613770e-01 5.463524460792541504e-01
6.227526068687438965e-01 6.121774315834045410e-01
6.124417185783386230e-01 4.190829992294311523e-01
6.209775209426879883e-01 4.165523350238800049e-01
7.521145939826965332e-01 5.295528769493103027e-01
5.165573954582214355e-01 5.618156194686889648e-01
8.072739243507385254e-01 6.314480304718017578e-01
5.834484100341796875e-01 4.381329417228698730e-01
5.822368860244750977e-01 4.281421601772308350e-01
8.439196944236755371e-01 5.765766501426696777e-01
5.973343849182128906e-01 6.985377669334411621e-01
5.318869948387145996e-01 3.998425304889678955e-01
6.403151154518127441e-01 7.666940093040466309e-01
7.935498356819152832e-01 5.632208585739135742e-01
6.050025224685668945e-01 6.113034486770629883e-01
6.244850754737854004e-01 5.465842485427856445e-01
5.515005588531494141e-01 5.751675367355346680e-01
5.433358550071716309e-01 7.438409924507141113e-01
7.800223231315612793e-01 6.167959570884704590e-01
4.546538293361663818e-01 5.961841940879821777e-01
7.623789310455322266e-01 5.738636255264282227e-01
8.181724548339843750e-01 6.180849075317382812e-01
5.164380073547363281e-01 7.530457377433776855e-01
5.425380468368530273e-01 5.240215063095092773e-01
4.844115674495697021e-01 7.100992202758789062e-01
4.350230693817138672e-01 4.834125339984893799e-01
5.311819314956665039e-01 6.276890039443969727e-01
5.472855567932128906e-01 5.776214003562927246e-01
5.235015153884887695e-01 5.522874593734741211e-01
6.490426659584045410e-01 5.011922717094421387e-01
7.724010348320007324e-01 6.507467031478881836e-01
4.988614022731781006e-01 5.834350585937500000e-01
7.647844552993774414e-01 6.038343310356140137e-01
5.916557908058166504e-01 3.894626796245574951e-01
7.463721036911010742e-01 5.374156832695007324e-01
6.418246030807495117e-01 4.518751204013824463e-01
6.833793520927429199e-01 7.478773593902587891e-01
5.780153274536132812e-01 7.893335819244384766e-01
5.735011696815490723e-01 4.364080727100372314e-01
5.033136010169982910e-01 6.883919239044189453e-01
7.098838090896606445e-01 4.403120577335357666e-01
7.246366739273071289e-01 7.583066821098327637e-01
5.040135383605957031e-01 7.567039132118225098e-01
5.887520909309387207e-01 4.443909525871276855e-01
3.996630311012268066e-01 5.661537051200866699e-01
7.952814102172851562e-01 6.146682500839233398e-01
6.563250422477722168e-01 7.897783517837524414e-01
7.798315882682800293e-01 5.121436119079589844e-01
7.037932872772216797e-01 7.385610342025756836e-01
6.970175504684448242e-01 7.583627700805664062e-01
4.571643173694610596e-01 5.331662893295288086e-01
6.415208578109741211e-01 6.062365770339965820e-01
4.678792953491210938e-01 7.420786619186401367e-01
6.659775376319885254e-01 6.104262471199035645e-01
6.515573263168334961e-01 3.976966440677642822e-01
5.515940785408020020e-01 4.387405216693878174e-01
6.175718307495117188e-01 7.991434931755065918e-01
3.678910434246063232e-01 6.239939332008361816e-01
6.518164277076721191e-01 3.855736255645751953e-01
7.091682553291320801e-01 7.478950619697570801e-01
6.993484497070312500e-01 5.795744061470031738e-01
7.496014833450317383e-01 5.036412477493286133e-01
6.100074052810668945e-01 6.222748160362243652e-01
7.528861165046691895e-01 5.352479815483093262e-01
4.767749607563018799e-01 5.257722139358520508e-01
7.090218663215637207e-01 6.205351948738098145e-01
4.636542201042175293e-01 5.696008801460266113e-01
6.488465070724487305e-01 6.669207811355590820e-01
5.687378048896789551e-01 7.677431106567382812e-01
5.443493127822875977e-01 6.024677753448486328e-01
5.475816726684570312e-01 7.066559791564941406e-01
3.855009078979492188e-01 6.228191852569580078e-01
6.907346248626708984e-01 7.686767578125000000e-01
6.780244708061218262e-01 6.640576124191284180e-01
5.519571900367736816e-01 6.422821879386901855e-01
7.372097373008728027e-01 7.021712660789489746e-01
7.531354427337646484e-01 5.743457674980163574e-01
5.387694239616394043e-01 6.591736078262329102e-01
4.703161120414733887e-01 5.178089141845703125e-01
6.804518103599548340e-01 7.024289965629577637e-01
6.183019280433654785e-01 5.526220202445983887e-01
6.164415478706359863e-01 6.451795697212219238e-01
6.349179744720458984e-01 6.658390760421752930e-01
5.609652996063232422e-01 6.876450777053833008e-01
4.869616329669952393e-01 4.979795515537261963e-01
8.076869845390319824e-01 5.932288765907287598e-01
6.551215052604675293e-01 7.519599795341491699e-01
7.794540524482727051e-01 4.952973127365112305e-01
4.322684705257415771e-01 6.868010759353637695e-01
5.690997242927551270e-01 7.032073736190795898e-01
5.221433639526367188e-01 7.442697882652282715e-01
7.800172567367553711e-01 5.417242646217346191e-01
5.083830952644348145e-01 5.107812285423278809e-01
5.891542434692382812e-01 5.235812664031982422e-01
7.660341262817382812e-01 5.291281342506408691e-01
5.891617536544799805e-01 5.681924819946289062e-01
3.961273729801177979e-01 5.876358747482299805e-01
4.939956068992614746e-01 7.683611512184143066e-01
5.857977271080017090e-01 4.356069862842559814e-01
5.440086126327514648e-01 7.252551913261413574e-01
4.094642400741577148e-01 6.348324418067932129e-01
5.332065224647521973e-01 7.209391593933105469e-01
6.497880220413208008e-01 7.916190624237060547e-01
5.735688209533691406e-01 7.322387099266052246e-01
5.957300662994384766e-01 6.266474723815917969e-01
6.968874931335449219e-01 7.192806005477905273e-01
3.945755958557128906e-01 6.653870940208435059e-01
5.662455558776855469e-01 7.429144382476806641e-01
5.847885608673095703e-01 6.194905638694763184e-01
6.682683229446411133e-01 7.995507121086120605e-01
6.864133477210998535e-01 6.595702171325683594e-01
5.497813224792480469e-01 5.883527994155883789e-01
4.540315270423889160e-01 5.579701662063598633e-01
5.067589879035949707e-01 7.025793790817260742e-01
4.690206944942474365e-01 4.562792181968688965e-01
7.679126262664794922e-01 7.462503314018249512e-01
6.861214637756347656e-01 5.497297644615173340e-01
5.342133045196533203e-01 5.589919686317443848e-01
7.030099630355834961e-01 5.325077772140502930e-01
5.526798367500305176e-01 6.833963394165039062e-01
6.484897732734680176e-01 4.612319171428680420e-01
4.323932826519012451e-01 7.329499721527099609e-01
4.619877636432647705e-01 5.930299758911132812e-01
6.334052681922912598e-01 7.443513870239257812e-01
3.783597648143768311e-01 5.800924897193908691e-01
7.935199737548828125e-01 6.458482742309570312e-01
6.202269196510314941e-01 7.971498370170593262e-01
7.753789424896240234e-01 6.403824687004089355e-01
6.253767013549804688e-01 4.202091097831726074e-01
4.764854609966278076e-01 5.105322599411010742e-01
3.639486432075500488e-01 5.657958388328552246e-01
4.456930756568908691e-01 5.572690367698669434e-01
5.693507790565490723e-01 4.096211194992065430e-01
5.304967164993286133e-01 4.910017549991607666e-01
6.315932273864746094e-01 8.073022961616516113e-01
7.425862550735473633e-01 7.646921277046203613e-01
5.274668335914611816e-01 7.962558865547180176e-01
5.758506655693054199e-01 5.260886549949645996e-01
6.275795698165893555e-01 7.979521751403808594e-01
4.153221249580383301e-01 5.177240371704101562e-01
5.953335165977478027e-01 8.143362402915954590e-01
6.511108279228210449e-01 7.563108801841735840e-01
4.861300587654113770e-01 4.901567399501800537e-01
7.269717454910278320e-01 6.136984825134277344e-01
7.224741578102111816e-01 7.105580568313598633e-01
4.605255126953125000e-01 6.273575425148010254e-01
7.588649392127990723e-01 6.111367940902709961e-01
5.802811384201049805e-01 7.263010740280151367e-01
4.997609257698059082e-01 5.021767020225524902e-01
6.125290989875793457e-01 6.717337369918823242e-01
6.370095014572143555e-01 4.097759127616882324e-01
5.769217014312744141e-01 6.925303339958190918e-01
3.286849856376647949e-01 6.152689456939697266e-01
4.213754832744598389e-01 5.315788984298706055e-01
5.756241083145141602e-01 3.577407598495483398e-01
4.932475984096527100e-01 5.960965752601623535e-01
5.146839022636413574e-01 6.058778762817382812e-01
5.415140390396118164e-01 5.023791790008544922e-01
4.337326586246490479e-01 6.239626407623291016e-01
8.331905007362365723e-01 5.809018015861511230e-01
5.350895524024963379e-01 6.962185502052307129e-01
5.892705917358398438e-01 7.078340649604797363e-01
6.194067597389221191e-01 4.540401995182037354e-01
5.984449982643127441e-01 5.141274929046630859e-01
6.437851190567016602e-01 7.546378970146179199e-01
7.365809679031372070e-01 4.450998604297637939e-01
6.707745790481567383e-01 5.823319554328918457e-01
7.652048468589782715e-01 7.519716620445251465e-01
5.782964825630187988e-01 6.512724161148071289e-01
6.582189798355102539e-01 4.052857458591461182e-01
5.324406623840332031e-01 7.496876716613769531e-01
8.001140356063842773e-01 6.107569932937622070e-01
5.170335769653320312e-01 4.684229195117950439e-01
6.522241234779357910e-01 4.965690672397613525e-01
5.285112261772155762e-01 6.944390535354614258e-01
6.209171414375305176e-01 7.679280638694763184e-01
5.884592533111572266e-01 7.352352142333984375e-01
6.373690962791442871e-01 5.000251531600952148e-01
7.723672389984130859e-01 6.200320124626159668e-01
6.283922791481018066e-01 4.954506456851959229e-01
6.827065944671630859e-01 7.810890674591064453e-01
7.334809899330139160e-01 7.254276275634765625e-01
4.745705425739288330e-01 5.623226165771484375e-01
4.232855439186096191e-01 5.221011638641357422e-01
3.892780840396881104e-01 5.783958435058593750e-01
6.098144054412841797e-01 7.517393827438354492e-01
7.786999344825744629e-01 6.544535160064697266e-01
6.399718523025512695e-01 5.724859237670898438e-01
5.322714447975158691e-01 6.624125242233276367e-01
7.711167931556701660e-01 5.189081430435180664e-01
4.912999868392944336e-01 4.466756880283355713e-01
7.443525791168212891e-01 7.002776265144348145e-01
5.206146240234375000e-01 5.491932630538940430e-01
3.723274171352386475e-01 6.353693008422851562e-01
4.741762876510620117e-01 5.558550357818603516e-01
6.337771415710449219e-01 7.125011086463928223e-01
7.648695707321166992e-01 5.995880365371704102e-01
5.658545494079589844e-01 5.952265858650207520e-01
7.534381151199340820e-01 5.597534775733947754e-01
8.258750438690185547e-01 6.195085644721984863e-01
5.316541194915771484e-01 8.104622960090637207e-01
6.684756278991699219e-01 7.109673023223876953e-01
5.326253175735473633e-01 5.753524899482727051e-01
6.387292146682739258e-01 6.062862873077392578e-01
6.650776267051696777e-01 6.905457973480224609e-01
7.720295786857604980e-01 6.438297629356384277e-01
4.299315214157104492e-01 5.532444119453430176e-01
6.981780529022216797e-01 6.259968280792236328e-01
4.509814083576202393e-01 5.800086855888366699e-01
5.890251994132995605e-01 8.306713700294494629e-01
5.837152600288391113e-01 4.619597196578979492e-01
7.378626465797424316e-01 5.162435770034790039e-01
4.437688291072845459e-01 6.316658854484558105e-01
7.160914540290832520e-01 5.361841917037963867e-01
5.107683539390563965e-01 7.104751467704772949e-01
7.029697299003601074e-01 6.516149044036865234e-01
7.566978335380554199e-01 5.532822012901306152e-01
6.351562142372131348e-01 6.438397765159606934e-01
5.343204140663146973e-01 4.999704658985137939e-01
5.399062037467956543e-01 5.077272057533264160e-01
6.076303720474243164e-01 5.981149673461914062e-01
6.826027035713195801e-01 5.438750982284545898e-01
4.904646575450897217e-01 5.197769999504089355e-01
7.391327023506164551e-01 5.950686335563659668e-01
5.646583437919616699e-01 4.715279340744018555e-01
5.888403654098510742e-01 8.137645125389099121e-01
5.015555620193481445e-01 5.449221134185791016e-01
4.689945280551910400e-01 6.264751553535461426e-01
6.952916979789733887e-01 5.543774962425231934e-01
4.406846463680267334e-01 5.770160555839538574e-01
5.273250937461853027e-01 7.071037292480468750e-01
7.664629220962524414e-01 5.165669918060302734e-01
5.746051669120788574e-01 3.618483841419219971e-01
5.880278348922729492e-01 5.932165980339050293e-01
5.258510708808898926e-01 7.449080348014831543e-01
5.452271699905395508e-01 6.351847648620605469e-01
3.394793272018432617e-01 6.026552915573120117e-01
4.918791353702545166e-01 5.275993347167968750e-01
6.408099532127380371e-01 7.141517400741577148e-01
4.891159832477569580e-01 4.814865291118621826e-01
5.876310467720031738e-01 6.661776304244995117e-01
3.928622007369995117e-01 5.936263799667358398e-01
5.376322269439697266e-01 7.287015318870544434e-01
5.345018506050109863e-01 6.384606361389160156e-01
6.284860372543334961e-01 5.284462571144104004e-01
7.652468085289001465e-01 6.846087574958801270e-01
5.735833048820495605e-01 6.848068237304687500e-01
4.224855303764343262e-01 4.946889579296112061e-01
8.065255284309387207e-01 5.225414037704467773e-01
6.530390977859497070e-01 7.928571701049804688e-01
7.511922717094421387e-01 5.322999358177185059e-01
5.903910994529724121e-01 4.122490584850311279e-01
6.654521822929382324e-01 7.757343053817749023e-01
5.645441412925720215e-01 4.293818473815917969e-01
5.770693421363830566e-01 5.919039845466613770e-01
7.303145527839660645e-01 6.928781867027282715e-01
4.658348560333251953e-01 7.320207357406616211e-01
5.740441083908081055e-01 3.903587758541107178e-01
7.735774517059326172e-01 5.842579007148742676e-01
4.947182238101959229e-01 4.420939087867736816e-01
6.365163326263427734e-01 6.351309418678283691e-01
7.421707510948181152e-01 4.661386311054229736e-01
5.892148017883300781e-01 7.830293774604797363e-01
6.102485060691833496e-01 7.738097906112670898e-01
7.935603260993957520e-01 5.598394274711608887e-01
6.758890151977539062e-01 3.699623644351959229e-01
4.766684770584106445e-01 6.493003368377685547e-01
6.411297321319580078e-01 6.669632792472839355e-01
5.229497551918029785e-01 7.502899169921875000e-01
7.503494620323181152e-01 7.189106941223144531e-01
5.642960071563720703e-01 5.533946752548217773e-01
6.182611584663391113e-01 4.792567491531372070e-01
7.637830972671508789e-01 6.067047119140625000e-01
6.797346472740173340e-01 6.531984210014343262e-01
6.198037266731262207e-01 5.515300631523132324e-01
4.345492422580718994e-01 7.081244587898254395e-01
6.169266104698181152e-01 6.308515667915344238e-01
8.039184212684631348e-01 5.706421732902526855e-01
5.265038013458251953e-01 6.487629413604736328e-01
6.085103154182434082e-01 7.636929154396057129e-01
6.644148826599121094e-01 7.526030540466308594e-01
5.860558748245239258e-01 7.377994060516357422e-01
3.999124467372894287e-01 5.919162034988403320e-01
3.647056221961975098e-01 5.538548231124877930e-01
3.944528996944427490e-01 5.204085707664489746e-01
5.715137720108032227e-01 5.031409263610839844e-01
4.939836859703063965e-01 5.060886740684509277e-01
4.943478405475616455e-01 7.065852880477905273e-01
7.485197186470031738e-01 6.338707208633422852e-01
8.394483923912048340e-01 5.728320479393005371e-01
4.975115656852722168e-01 7.541946172714233398e-01
6.419097185134887695e-01 7.858865857124328613e-01
5.593011975288391113e-01 7.203969359397888184e-01
6.030113101005554199e-01 4.407796859741210938e-01
6.402863264083862305e-01 5.629448890686035156e-01
6.044765114784240723e-01 7.308531403541564941e-01
5.099989175796508789e-01 5.145241618156433105e-01
4.523257315158843994e-01 6.449667215347290039e-01
5.372121930122375488e-01 5.060849785804748535e-01
6.917484998703002930e-01 6.937036514282226562e-01
4.960524439811706543e-01 5.672177076339721680e-01
4.679315388202667236e-01 6.640279293060302734e-01
5.469606518745422363e-01 5.886705517768859863e-01
4.943228960037231445e-01 6.784216165542602539e-01
6.403185129165649414e-01 7.579912543296813965e-01
7.368466854095458984e-01 4.738010168075561523e-01
4.420843720436096191e-01 6.778432130813598633e-01
7.073938846588134766e-01 6.607705354690551758e-01
7.871820330619812012e-01 5.842119455337524414e-01
5.605712532997131348e-01 5.254936218261718750e-01
7.346060276031494141e-01 6.726581454277038574e-01
5.901169776916503906e-01 8.178402781486511230e-01
4.172956943511962891e-01 6.757517457008361816e-01
8.218108415603637695e-01 5.318619012832641602e-01
6.385333538055419922e-01 3.931307196617126465e-01
4.755633771419525146e-01 5.953963994979858398e-01
7.778713107109069824e-01 5.813401937484741211e-01
6.701186895370483398e-01 6.839248538017272949e-01
4.734180569648742676e-01 5.401582121849060059e-01
4.293296039104461670e-01 6.425544619560241699e-01
6.837384700775146484e-01 7.969799041748046875e-01
5.373446345329284668e-01 5.135389566421508789e-01
6.362999081611633301e-01 4.564187526702880859e-01
6.500290036201477051e-01 7.141224145889282227e-01
7.860127687454223633e-01 5.693824291229248047e-01
8.168565630912780762e-01 6.259320974349975586e-01
5.801907777786254883e-01 5.603378415107727051e-01
7.276342511177062988e-01 6.356632709503173828e-01
5.774413943290710449e-01 4.526402056217193604e-01
6.073184609413146973e-01 6.513216495513916016e-01
7.896491885185241699e-01 5.455309152603149414e-01
4.554641842842102051e-01 5.387472510337829590e-01
4.890117347240447998e-01 7.486003041267395020e-01
5.368669629096984863e-01 6.082198023796081543e-01
4.319371283054351807e-01 5.759541988372802734e-01
6.075376868247985840e-01 7.498794198036193848e-01
5.134801864624023438e-01 7.697066664695739746e-01
6.227391362190246582e-01 7.782043218612670898e-01
6.520220041275024414e-01 7.218677997589111328e-01
7.501351833343505859e-01 6.881355643272399902e-01
4.735599160194396973e-01 6.732373237609863281e-01
4.295568168163299561e-01 7.331070303916931152e-01
5.424050688743591309e-01 4.849019646644592285e-01
7.172762751579284668e-01 6.007994413375854492e-01
6.844521164894104004e-01 7.100192308425903320e-01
7.580049037933349609e-01 6.597965955734252930e-01
7.629657983779907227e-01 6.667543053627014160e-01
6.868624091148376465e-01 5.177176594734191895e-01
7.080039978027343750e-01 5.828263759613037109e-01
3.492004573345184326e-01 6.204997301101684570e-01
5.832910537719726562e-01 4.450075626373291016e-01
4.395135939121246338e-01 4.943588972091674805e-01
4.953093826770782471e-01 6.488080024719238281e-01
5.718984603881835938e-01 6.100012063980102539e-01
6.186727881431579590e-01 7.766919136047363281e-01
5.867859125137329102e-01 3.960809409618377686e-01
7.692940831184387207e-01 5.562142133712768555e-01
6.584348678588867188e-01 4.619897007942199707e-01
5.381962656974792480e-01 7.442559003829956055e-01
4.612877070903778076e-01 6.708971858024597168e-01
5.633193850517272949e-01 8.203750252723693848e-01
5.920408964157104492e-01 7.598422169685363770e-01
7.556031346321105957e-01 5.721310377120971680e-01
6.630872488021850586e-01 4.326451420783996582e-01
5.589750409126281738e-01 5.136202573776245117e-01
7.035883069038391113e-01 5.299270749092102051e-01
5.407282710075378418e-01 7.793791294097900391e-01
8.383653759956359863e-01 5.888528227806091309e-01
4.692943096160888672e-01 5.135006904602050781e-01
8.280701041221618652e-01 5.942801237106323242e-01
5.872253775596618652e-01 5.691840052604675293e-01
4.187150597572326660e-01 5.299170017242431641e-01
7.759893536567687988e-01 5.690900087356567383e-01
7.654485106468200684e-01 6.440650820732116699e-01
7.112560868263244629e-01 6.645945906639099121e-01
5.316967964172363281e-01 4.638827145099639893e-01
8.024821281433105469e-01 5.648863315582275391e-01
5.326557159423828125e-01 6.429468393325805664e-01
6.995451450347900391e-01 5.531667470932006836e-01
7.611045241355895996e-01 5.691326856613159180e-01
6.067179441452026367e-01 7.818071842193603516e-01
5.660757422447204590e-01 7.441250085830688477e-01
5.288001298904418945e-01 6.237054467201232910e-01
7.738887071609497070e-01 5.326429009437561035e-01
5.698457360267639160e-01 4.118655323982238770e-01
4.416187405586242676e-01 5.284612774848937988e-01
4.609536528587341309e-01 7.266687750816345215e-01
4.373773634433746338e-01 7.335410118103027344e-01
5.553954243659973145e-01 6.455922722816467285e-01
6.433518528938293457e-01 5.889372825622558594e-01
6.116728186607360840e-01 7.898725271224975586e-01
5.981829166412353516e-01 7.006250619888305664e-01
5.812941789627075195e-01 6.623662114143371582e-01
5.595065951347351074e-01 8.548389077186584473e-01
6.746438145637512207e-01 8.031058907508850098e-01
5.012075901031494141e-01 5.384836792945861816e-01
6.190834641456604004e-01 7.477284073829650879e-01
6.255317926406860352e-01 5.914542675018310547e-01
7.562844157218933105e-01 5.435760021209716797e-01
7.957089543342590332e-01 6.852018237113952637e-01
8.347890377044677734e-01 5.676000714302062988e-01
5.921961665153503418e-01 6.740849614143371582e-01
8.372603654861450195e-01 5.744289755821228027e-01
5.030019879341125488e-01 7.316867113113403320e-01
6.108936071395874023e-01 6.755175590515136719e-01
6.250196695327758789e-01 7.224260568618774414e-01
4.883164763450622559e-01 6.990770697593688965e-01
4.955646991729736328e-01 7.403111457824707031e-01
5.873092412948608398e-01 4.362353384494781494e-01
7.704154849052429199e-01 7.165966629981994629e-01
7.453895211219787598e-01 5.762265920639038086e-01
5.137020349502563477e-01 5.445408225059509277e-01
5.069772601127624512e-01 7.248972654342651367e-01
7.069447040557861328e-01 7.042216062545776367e-01
5.561280250549316406e-01 5.054919123649597168e-01
6.336909532546997070e-01 8.106030225753784180e-01
7.899163365364074707e-01 5.907291173934936523e-01
6.380133628845214844e-01 4.508339762687683105e-01
4.668812155723571777e-01 6.774612665176391602e-01
7.065164446830749512e-01 5.177757143974304199e-01
5.220384597778320312e-01 6.018495559692382812e-01
6.686109304428100586e-01 6.742019057273864746e-01
7.628703713417053223e-01 6.249834299087524414e-01
5.109133124351501465e-01 4.688632488250732422e-01
7.332793474197387695e-01 7.143363356590270996e-01
6.271266341209411621e-01 4.853760302066802979e-01
7.780199646949768066e-01 5.484669208526611328e-01
6.945381164550781250e-01 4.478965997695922852e-01
8.070645332336425781e-01 5.338244438171386719e-01
6.636023521423339844e-01 6.910219192504882812e-01
6.007490158081054688e-01 7.626801729202270508e-01
5.158437490463256836e-01 6.650284528732299805e-01
6.534360051155090332e-01 7.390118837356567383e-01
5.087907314300537109e-01 4.984093010425567627e-01
7.148674130439758301e-01 6.749526262283325195e-01
6.301027536392211914e-01 7.032288908958435059e-01
6.178188323974609375e-01 4.472234249114990234e-01
6.626735329627990723e-01 7.456925511360168457e-01
4.725824296474456787e-01 6.538310647010803223e-01
6.711187958717346191e-01 7.474926710128784180e-01
4.630934298038482666e-01 5.472484827041625977e-01
5.636366009712219238e-01 6.299221515655517578e-01
7.103590369224548340e-01 7.467766404151916504e-01
6.065212488174438477e-01 5.275616049766540527e-01
4.238161742687225342e-01 6.812921166419982910e-01
5.986821651458740234e-01 3.835301399230957031e-01
6.135832667350769043e-01 8.191690444946289062e-01
6.365725994110107422e-01 6.103411316871643066e-01
5.318430066108703613e-01 7.102959752082824707e-01
7.207937240600585938e-01 5.065116882324218750e-01
6.431142687797546387e-01 4.820252954959869385e-01
6.137465238571166992e-01 5.793246030807495117e-01
7.108573913574218750e-01 6.011322140693664551e-01
6.371519565582275391e-01 6.265779733657836914e-01
7.760317921638488770e-01 5.933432579040527344e-01
5.943168401718139648e-01 7.857787609100341797e-01
4.980303049087524414e-01 4.313277602195739746e-01
5.690729022026062012e-01 4.614723324775695801e-01
5.972179770469665527e-01 4.077454209327697754e-01
4.307736158370971680e-01 6.730775237083435059e-01
5.508561134338378906e-01 7.698976993560791016e-01
5.909376144409179688e-01 3.622683584690093994e-01
5.095671415328979492e-01 5.310420393943786621e-01
5.696400403976440430e-01 7.305324077606201172e-01
7.597630023956298828e-01 6.199533939361572266e-01
8.302969932556152344e-01 5.741424560546875000e-01
7.576652765274047852e-01 5.931345224380493164e-01
6.741275191307067871e-01 5.390536785125732422e-01
7.425518035888671875e-01 4.584080576896667480e-01
5.181547999382019043e-01 6.490479111671447754e-01
7.012643218040466309e-01 6.023269295692443848e-01
6.142403483390808105e-01 7.760715484619140625e-01
5.248256325721740723e-01 6.818370819091796875e-01
4.781480431556701660e-01 7.052198052406311035e-01
4.370053410530090332e-01 5.318837761878967285e-01
5.595550537109375000e-01 6.734473109245300293e-01
6.116573214530944824e-01 4.425274431705474854e-01
7.362769842147827148e-01 7.493978738784790039e-01
6.819943785667419434e-01 5.214699506759643555e-01
7.094227075576782227e-01 5.985738635063171387e-01
7.713988423347473145e-01 4.704860746860504150e-01
5.106406211853027344e-01 5.475765466690063477e-01
4.122214913368225098e-01 6.852992177009582520e-01
6.527104377746582031e-01 7.686814069747924805e-01
7.850292921066284180e-01 5.620232820510864258e-01
6.459236145019531250e-01 6.956725716590881348e-01
6.857238411903381348e-01 6.455774903297424316e-01
8.025069832801818848e-01 6.075317859649658203e-01
6.578184366226196289e-01 7.489600777626037598e-01
7.463607788085937500e-01 6.820862889289855957e-01
5.828589200973510742e-01 7.645849585533142090e-01
5.651361942291259766e-01 5.820273160934448242e-01
4.447786509990692139e-01 6.605636477470397949e-01
4.653961360454559326e-01 4.494009315967559814e-01
5.463426709175109863e-01 6.477392911911010742e-01
6.401538848876953125e-01 4.030451476573944092e-01
6.727254390716552734e-01 6.354397535324096680e-01
4.290124475955963135e-01 6.391965746879577637e-01
7.988914847373962402e-01 6.596935987472534180e-01
6.455898284912109375e-01 4.798043370246887207e-01
7.233161330223083496e-01 5.513515472412109375e-01
5.941064357757568359e-01 5.933382511138916016e-01
5.803304910659790039e-01 8.281429409980773926e-01
7.628626227378845215e-01 6.074677109718322754e-01
5.561088919639587402e-01 7.047489285469055176e-01
6.756992340087890625e-01 5.522457957267761230e-01
6.715072989463806152e-01 4.921712577342987061e-01
5.678616166114807129e-01 5.486522912979125977e-01
7.468756437301635742e-01 7.034800052642822266e-01
6.411055326461791992e-01 4.685885012149810791e-01
6.806842088699340820e-01 6.449880003929138184e-01
7.101434469223022461e-01 4.542413949966430664e-01
5.886251926422119141e-01 4.404281675815582275e-01
5.575315952301025391e-01 4.210940599441528320e-01
7.916729450225830078e-01 6.140558719635009766e-01
4.952673316001892090e-01 4.069691896438598633e-01
7.551631331443786621e-01 5.324336290359497070e-01
4.064331650733947754e-01 4.779764711856842041e-01
7.057630419731140137e-01 5.002573728561401367e-01
6.516907811164855957e-01 4.762009680271148682e-01
5.736181139945983887e-01 6.686769127845764160e-01
5.522867441177368164e-01 7.075085043907165527e-01
5.474759340286254883e-01 5.220342278480529785e-01
7.930275797843933105e-01 5.841469764709472656e-01
5.631826519966125488e-01 5.838732123374938965e-01
3.971038460731506348e-01 5.885461568832397461e-01
8.007690310478210449e-01 5.792773365974426270e-01
4.913764894008636475e-01 6.610259413719177246e-01
7.426050901412963867e-01 7.056897878646850586e-01
6.350114941596984863e-01 6.362385153770446777e-01
5.953752398490905762e-01 4.314891397953033447e-01
5.883894562721252441e-01 4.153022170066833496e-01
5.965356230735778809e-01 4.202414453029632568e-01
4.503722786903381348e-01 6.173555254936218262e-01
6.207371354103088379e-01 7.135243415832519531e-01
4.199955761432647705e-01 6.239458918571472168e-01
6.100600361824035645e-01 3.765745460987091064e-01
3.925092816352844238e-01 6.612791419029235840e-01
8.013979792594909668e-01 5.489480495452880859e-01
6.326667666435241699e-01 3.922255933284759521e-01
6.536315083503723145e-01 4.205674529075622559e-01
6.839417219161987305e-01 7.983789443969726562e-01
6.902394294738769531e-01 6.483784914016723633e-01
5.484484434127807617e-01 6.384795904159545898e-01
5.431132316589355469e-01 7.566510438919067383e-01
4.571709632873535156e-01 7.346856594085693359e-01
5.801172256469726562e-01 4.794933199882507324e-01
6.872476339340209961e-01 7.047818303108215332e-01
6.801456809043884277e-01 5.566055178642272949e-01
5.217067599296569824e-01 7.378522157669067383e-01
4.635072350502014160e-01 4.880870282649993896e-01
6.438996195793151855e-01 4.456449747085571289e-01
6.905906796455383301e-01 6.094460487365722656e-01
4.300636649131774902e-01 6.117002367973327637e-01
5.267288088798522949e-01 7.044147253036499023e-01
6.005158424377441406e-01 6.903255581855773926e-01
5.037494897842407227e-01 6.562958359718322754e-01
6.212024688720703125e-01 6.899586319923400879e-01
6.646865010261535645e-01 5.778158903121948242e-01
7.580720782279968262e-01 7.389268875122070312e-01
6.653930544853210449e-01 5.021091699600219727e-01
6.596050858497619629e-01 7.997288107872009277e-01
6.606742739677429199e-01 4.022126197814941406e-01
4.688102304935455322e-01 4.758148491382598877e-01
6.281337738037109375e-01 7.528244853019714355e-01
6.543951630592346191e-01 4.776948988437652588e-01
6.214036941528320312e-01 4.957255423069000244e-01
6.014835834503173828e-01 4.470964968204498291e-01
7.105641365051269531e-01 7.237989306449890137e-01
7.667399048805236816e-01 6.610012054443359375e-01
6.902564764022827148e-01 7.669964432716369629e-01
5.527041554450988770e-01 4.492841660976409912e-01
7.773172259330749512e-01 5.324924588203430176e-01
7.419152855873107910e-01 7.001852393150329590e-01
5.152490139007568359e-01 7.427726387977600098e-01
7.279958128929138184e-01 7.405469417572021484e-01
6.191744208335876465e-01 8.336570262908935547e-01
5.897156596183776855e-01 4.378107190132141113e-01
6.285665631294250488e-01 7.494953870773315430e-01
5.021355748176574707e-01 8.104117512702941895e-01
7.098677158355712891e-01 7.014921307563781738e-01
7.261210680007934570e-01 6.689563989639282227e-01
5.272374153137207031e-01 4.589093327522277832e-01
4.490447640419006348e-01 6.571930646896362305e-01
4.502348303794860840e-01 5.143373608589172363e-01
6.575550436973571777e-01 7.517544627189636230e-01
5.973615646362304688e-01 4.922270476818084717e-01
4.432579576969146729e-01 4.679474532604217529e-01
4.881328940391540527e-01 6.448807120323181152e-01
4.772660136222839355e-01 5.151920318603515625e-01
4.935557842254638672e-01 7.319567203521728516e-01
5.642132163047790527e-01 4.661831855773925781e-01
6.733088493347167969e-01 6.634768843650817871e-01
6.140004396438598633e-01 5.934026241302490234e-01
3.794075250625610352e-01 6.128556132316589355e-01
6.083564758300781250e-01 4.971165060997009277e-01
6.635008454322814941e-01 6.366762518882751465e-01
5.755907297134399414e-01 5.238601565361022949e-01
6.302389502525329590e-01 7.924110293388366699e-01
5.510269999504089355e-01 6.791843175888061523e-01
4.289626479148864746e-01 5.847280025482177734e-01
5.318029522895812988e-01 6.908079385757446289e-01
5.777835845947265625e-01 6.785092353820800781e-01
5.494937300682067871e-01 4.901283085346221924e-01
7.339186072349548340e-01 6.803085207939147949e-01
6.858888864517211914e-01 4.451412260532379150e-01
5.111590027809143066e-01 7.283907532691955566e-01
7.524283528327941895e-01 6.686576604843139648e-01
7.148412466049194336e-01 6.702353954315185547e-01
8.510923385620117188e-01 6.522886157035827637e-01
5.481913685798645020e-01 6.624439954757690430e-01
5.354408025741577148e-01 6.409210562705993652e-01
5.464450120925903320e-01 7.727113366127014160e-01
5.304970741271972656e-01 7.148783802986145020e-01
4.328908920288085938e-01 5.419963598251342773e-01
7.194318175315856934e-01 5.506387352943420410e-01
5.959904789924621582e-01 5.181307196617126465e-01
7.530561089515686035e-01 4.361399114131927490e-01
6.976535916328430176e-01 4.767673313617706299e-01
4.961388111114501953e-01 4.219929277896881104e-01
7.769635319709777832e-01 6.761529445648193359e-01
4.470308125019073486e-01 7.069259285926818848e-01
5.625000596046447754e-01 7.182658314704895020e-01
7.045462131500244141e-01 5.270627737045288086e-01
8.028690814971923828e-01 7.370625138282775879e-01
6.416095495223999023e-01 7.694910168647766113e-01
5.453532338142395020e-01 4.678808748722076416e-01
7.992922067642211914e-01 5.957664847373962402e-01
5.794889330863952637e-01 5.571950078010559082e-01
6.163332462310791016e-01 6.210876703262329102e-01
7.190272212028503418e-01 7.226496338844299316e-01
6.196801066398620605e-01 6.838780045509338379e-01
5.854600071907043457e-01 6.279461979866027832e-01
6.237352490425109863e-01 4.497636556625366211e-01
5.866627693176269531e-01 4.390474855899810791e-01
3.816904127597808838e-01 5.437175035476684570e-01
8.537889122962951660e-01 5.409379601478576660e-01
6.980617046356201172e-01 7.737591266632080078e-01
4.779284596443176270e-01 7.512968778610229492e-01
7.269001603126525879e-01 7.503597140312194824e-01
8.381221890449523926e-01 6.235079765319824219e-01
3.930773138999938965e-01 5.386250615119934082e-01
6.000034213066101074e-01 7.909200787544250488e-01
7.558631300926208496e-01 5.029855966567993164e-01
4.983828663825988770e-01 5.959006547927856445e-01
8.233853578567504883e-01 6.213420033454895020e-01
6.430205702781677246e-01 7.919910550117492676e-01
4.231463968753814697e-01 5.601888895034790039e-01
4.479407668113708496e-01 5.767726302146911621e-01
6.505860686302185059e-01 5.709100961685180664e-01
5.184783935546875000e-01 5.610819458961486816e-01
5.443905591964721680e-01 4.894927144050598145e-01
5.543262362480163574e-01 7.091668248176574707e-01
4.257316291332244873e-01 6.143664121627807617e-01
6.552425026893615723e-01 7.509918212890625000e-01
5.614364743232727051e-01 4.738324880599975586e-01
3.578210771083831787e-01 5.854801535606384277e-01
7.599673867225646973e-01 5.266921520233154297e-01
4.473636746406555176e-01 5.745444297790527344e-01
7.827659845352172852e-01 5.536251664161682129e-01
7.377099990844726562e-01 6.194257736206054688e-01
5.285086631774902344e-01 7.905935049057006836e-01
6.700281500816345215e-01 5.066479444503784180e-01
6.948022246360778809e-01 4.544566571712493896e-01
7.051476240158081055e-01 6.497293710708618164e-01
4.637111425399780273e-01 5.901242494583129883e-01
7.399971485137939453e-01 5.419948697090148926e-01
7.444186210632324219e-01 5.697607994079589844e-01
8.276715278625488281e-01 6.268154978752136230e-01
7.064101696014404297e-01 5.383367538452148438e-01
3.900146782398223877e-01 5.755409002304077148e-01
6.153497099876403809e-01 5.342472791671752930e-01
3.569758236408233643e-01 6.177577376365661621e-01
7.221719622611999512e-01 5.694652199745178223e-01
7.710561752319335938e-01 5.885408520698547363e-01
4.124441742897033691e-01 6.103497147560119629e-01
3.369772434234619141e-01 6.213574409484863281e-01
5.924102663993835449e-01 4.706269800662994385e-01
5.605034828186035156e-01 5.949815511703491211e-01
6.704033017158508301e-01 3.972455263137817383e-01
5.622762441635131836e-01 6.946830749511718750e-01
6.205080151557922363e-01 5.956269502639770508e-01
6.213558912277221680e-01 6.896443367004394531e-01
6.393911838531494141e-01 6.991036534309387207e-01
6.036118865013122559e-01 6.990249752998352051e-01
7.251505255699157715e-01 7.631437778472900391e-01
5.592544674873352051e-01 4.935469925403594971e-01
6.642911434173583984e-01 6.962291002273559570e-01
5.605027079582214355e-01 7.967781424522399902e-01
5.762409567832946777e-01 6.331003904342651367e-01
7.560026645660400391e-01 7.135930657386779785e-01
5.681517124176025391e-01 8.212819695472717285e-01
3.625165224075317383e-01 5.585017204284667969e-01
7.119776606559753418e-01 5.514899492263793945e-01
4.382870793342590332e-01 5.132631659507751465e-01
6.469489336013793945e-01 6.682149767875671387e-01
7.062649726867675781e-01 7.488430142402648926e-01
7.127918601036071777e-01 7.706921100616455078e-01
6.636416912078857422e-01 4.854738414287567139e-01
5.628351569175720215e-01 7.584061622619628906e-01
5.839126706123352051e-01 6.544411182403564453e-01
5.964072346687316895e-01 7.316572070121765137e-01
5.099405646324157715e-01 5.426837205886840820e-01
4.601152539253234863e-01 6.927630305290222168e-01
4.413325190544128418e-01 4.728322029113769531e-01
8.331729769706726074e-01 5.833953619003295898e-01
7.692689299583435059e-01 5.171169042587280273e-01
5.449000000953674316e-01 6.537562608718872070e-01
6.820754408836364746e-01 7.215913534164428711e-01
6.704686284065246582e-01 6.890597939491271973e-01
5.619143843650817871e-01 5.589851737022399902e-01
7.247602939605712891e-01 6.617036461830139160e-01
8.256185650825500488e-01 6.014940142631530762e-01
3.983336687088012695e-01 6.816135048866271973e-01
5.787597894668579102e-01 5.384269952774047852e-01
6.006751060485839844e-01 8.282802700996398926e-01
4.873753786087036133e-01 7.261598706245422363e-01
6.031875014305114746e-01 6.635045409202575684e-01
6.312658190727233887e-01 4.151363968849182129e-01
7.525356411933898926e-01 5.663962364196777344e-01
6.460637450218200684e-01 6.780398488044738770e-01
8.362861871719360352e-01 6.698547005653381348e-01
6.982116699218750000e-01 7.737064957618713379e-01
5.460839271545410156e-01 6.708934307098388672e-01
4.792802333831787109e-01 4.419487118721008301e-01
5.072551965713500977e-01 4.499187767505645752e-01
6.491716504096984863e-01 4.846653044223785400e-01
8.509171605110168457e-01 5.895795226097106934e-01
7.414665222167968750e-01 4.317846894264221191e-01
6.107569932937622070e-01 6.192257404327392578e-01
6.941814422607421875e-01 6.483508348464965820e-01
5.749579668045043945e-01 7.030537724494934082e-01
5.328199863433837891e-01 6.323437690734863281e-01
8.387636542320251465e-01 5.817542076110839844e-01
5.586926341056823730e-01 3.766932189464569092e-01
3.991687595844268799e-01 6.197045445442199707e-01
5.656569004058837891e-01 6.878140568733215332e-01
4.312198758125305176e-01 6.431147456169128418e-01
5.696222782135009766e-01 3.997180759906768799e-01
5.285269021987915039e-01 6.050794124603271484e-01
7.426409721374511719e-01 4.707654118537902832e-01
4.862949252128601074e-01 6.815043091773986816e-01
4.770358204841613770e-01 5.289044976234436035e-01
6.830076575279235840e-01 7.432084679603576660e-01
5.437233448028564453e-01 4.913414716720581055e-01
6.522356867790222168e-01 6.256606578826904297e-01
4.668962359428405762e-01 4.539384543895721436e-01
5.885613560676574707e-01 6.666468381881713867e-01
5.168436765670776367e-01 7.491601705551147461e-01
4.859226047992706299e-01 7.212597131729125977e-01
6.478833556175231934e-01 4.576275050640106201e-01
5.305961966514587402e-01 6.764504313468933105e-01
7.077377438545227051e-01 4.372966289520263672e-01
6.719949841499328613e-01 7.160365581512451172e-01
7.353249788284301758e-01 5.573374032974243164e-01
6.162511706352233887e-01 4.565334916114807129e-01
3.699365854263305664e-01 5.794516801834106445e-01
7.293781638145446777e-01 5.435605049133300781e-01
7.166522145271301270e-01 6.279686093330383301e-01
7.153899073600769043e-01 6.231048703193664551e-01
5.395721197128295898e-01 6.091595292091369629e-01
6.468999981880187988e-01 5.690218210220336914e-01
4.873188436031341553e-01 7.620226740837097168e-01
6.154259443283081055e-01 6.336385607719421387e-01
5.367766022682189941e-01 6.189996004104614258e-01
5.187741518020629883e-01 5.513573288917541504e-01
5.309570431709289551e-01 7.432311177253723145e-01
7.726325988769531250e-01 5.100485086441040039e-01
7.495799660682678223e-01 6.748238801956176758e-01
3.737131059169769287e-01 5.895118713378906250e-01
8.315888047218322754e-01 6.063781380653381348e-01
7.296723723411560059e-01 4.966444671154022217e-01
6.977805495262145996e-01 4.989427924156188965e-01
6.807661652565002441e-01 4.354953765869140625e-01
5.766360163688659668e-01 4.234670996665954590e-01
4.854001700878143311e-01 7.405508756637573242e-01
7.371788620948791504e-01 5.539457798004150391e-01
7.919384837150573730e-01 5.023600459098815918e-01
7.586983442306518555e-01 6.233971714973449707e-01
4.798615276813507080e-01 6.679596304893493652e-01
4.226975142955780029e-01 5.847685933113098145e-01
4.543691873550415039e-01 4.594695270061492920e-01
5.225853323936462402e-01 6.814790964126586914e-01
5.769281983375549316e-01 5.531481504440307617e-01
8.407001495361328125e-01 6.243951320648193359e-01
4.574221968650817871e-01 7.797499299049377441e-01
7.496935129165649414e-01 6.958069205284118652e-01
5.761214494705200195e-01 8.212703466415405273e-01
4.388306140899658203e-01 5.378967523574829102e-01
6.495465040206909180e-01 7.291945815086364746e-01
8.041219711303710938e-01 5.371643304824829102e-01
6.756300330162048340e-01 7.360737323760986328e-01
4.155139923095703125e-01 5.840169787406921387e-01
6.611304283142089844e-01 7.056657075881958008e-01
5.881733894348144531e-01 8.046544194221496582e-01
5.746601819992065430e-01 3.815594911575317383e-01
6.328632235527038574e-01 6.366995573043823242e-01
5.220138430595397949e-01 5.741367936134338379e-01
4.702784717082977295e-01 6.716321110725402832e-01
5.496624708175659180e-01 5.801525115966796875e-01
5.258517265319824219e-01 7.546022534370422363e-01
6.320025920867919922e-01 5.245596170425415039e-01
5.673770904541015625e-01 6.078391671180725098e-01
6.133123636245727539e-01 7.067967057228088379e-01
