2.589300274848937988e-01 5.270230770111083984e-02
4.780620932579040527e-01 4.498428106307983398e-01
1.849343180656433105e-01 4.641154408454895020e-01
1.684110164642333984e-01 4.624549746513366699e-01
4.677693247795104980e-01 6.205552816390991211e-02
4.418998360633850098e-01 -1.505898237228393555e-01
-1.783124208450317383e-01 -1.632575988769531250e-01
4.404501914978027344e-01 1.423190832138061523e-01
-1.749279499053955078e-01 1.457660794258117676e-01
-5.495262145996093750e-02 3.016628623008728027e-01
3.406696915626525879e-01 -3.051759600639343262e-01
8.659183979034423828e-02 2.906150817871093750e-01
6.381958723068237305e-02 1.236071586608886719e-01
6.205242872238159180e-02 6.756186485290527344e-02
-2.790792584419250488e-01 3.528358936309814453e-01
3.833080530166625977e-01 -3.920569419860839844e-01
3.256835341453552246e-01 -1.581712961196899414e-01
-4.772084951400756836e-01 9.102505445480346680e-02
3.096085190773010254e-01 4.033772945404052734e-01
2.815858125686645508e-01 -9.461146593093872070e-02
1.518022418022155762e-01 2.603081464767456055e-01
-4.595556259155273438e-01 -1.991879940032958984e-02
-3.431230783462524414e-01 -4.259815216064453125e-01
-2.231854796409606934e-01 2.785297036170959473e-01
2.661268115043640137e-01 4.112850427627563477e-01
8.973097801208496094e-02 -3.315669298171997070e-02
3.120745420455932617e-01 4.634562730789184570e-01
-4.527485370635986328e-01 3.502223491668701172e-01
-5.672687292098999023e-02 -4.312140345573425293e-01
3.242164850234985352e-01 -3.775626420974731445e-01
2.878594994544982910e-01 4.503145813941955566e-01
1.719422936439514160e-01 -2.289093732833862305e-01
1.913092732429504395e-01 -3.929781913757324219e-01
1.878223419189453125e-01 -4.175043106079101562e-02
-3.651995658874511719e-01 3.596200942993164062e-01
4.283236861228942871e-01 4.745579957962036133e-01
4.799080491065979004e-01 -1.124840974807739258e-02
-2.268826961517333984e-02 -3.717455863952636719e-01
4.521738290786743164e-01 2.816990017890930176e-01
1.994282007217407227e-02 -1.735943555831909180e-02
-1.385983228683471680e-01 4.089119434356689453e-01
-1.736071109771728516e-01 1.184616088867187500e-01
1.038829088211059570e-01 4.905881881713867188e-01
2.339369058609008789e-02 -3.777225017547607422e-01
2.404774427413940430e-01 -2.752583026885986328e-01
-2.182030677795410156e-02 -1.910661458969116211e-01
-2.538818120956420898e-02 4.056215882301330566e-01
3.359677195549011230e-01 -4.831029772758483887e-01
-2.933327555656433105e-01 -3.989916443824768066e-01
1.305600404739379883e-01 -3.285175561904907227e-01
-1.777345538139343262e-01 -2.360085844993591309e-01
-4.649853110313415527e-01 -4.229048490524291992e-01
1.496697664260864258e-01 -4.896792769432067871e-01
4.226212501525878906e-01 -8.259439468383789062e-02
-4.147787690162658691e-01 2.842736244201660156e-02
-1.715822815895080566e-01 4.876161813735961914e-01
5.116873979568481445e-02 -2.925891280174255371e-01
3.969541192054748535e-01 3.267612457275390625e-01
2.425115704536437988e-01 2.057326436042785645e-01
-2.880447506904602051e-01 -3.527187705039978027e-01
2.606790661811828613e-01 -2.204443216323852539e-01
4.943305253982543945e-01 1.656906008720397949e-01
3.596266508102416992e-01 2.250851392745971680e-01
-1.230347752571105957e-01 1.201559901237487793e-01
-3.074225187301635742e-01 -2.668513655662536621e-01
-3.460153937339782715e-01 2.089237570762634277e-01
1.630073189735412598e-01 3.555812835693359375e-01
-1.978409290313720703e-01 -2.513753771781921387e-01
4.558753371238708496e-01 6.615501642227172852e-02
6.104290485382080078e-03 2.518028020858764648e-02
1.328682303428649902e-01 -2.945203781127929688e-01
2.163100242614746094e-01 3.927951455116271973e-01
-1.082448363304138184e-01 2.701221704483032227e-01
-4.785642027854919434e-01 -2.730610966682434082e-01
1.660869121551513672e-01 3.861902952194213867e-01
-2.399317622184753418e-01 -8.387106657028198242e-02
-6.975454092025756836e-02 4.323217868804931641e-01
1.728403568267822266e-02 -1.136981844902038574e-01
-1.229770779609680176e-01 1.931245923042297363e-01
1.278136372566223145e-01 -2.355332374572753906e-01
-2.734293341636657715e-01 -1.064957380294799805e-01
-4.776109457015991211e-01 3.505753874778747559e-01
9.935665130615234375e-02 4.556760787963867188e-01
2.717537283897399902e-01 4.648953676223754883e-02
-2.845496535301208496e-01 2.555692195892333984e-02
-4.993450641632080078e-02 8.083939552307128906e-03
5.588918924331665039e-02 3.072493076324462891e-01
4.779354929924011230e-01 -2.298818826675415039e-01
-2.640022039413452148e-01 4.056997299194335938e-01
4.144257307052612305e-02 -9.147173166275024414e-02
-1.871180534362792969e-02 1.216590404510498047e-03
2.709717154502868652e-01 -3.688192963600158691e-01
2.159037590026855469e-01 -4.568947553634643555e-01
4.812219142913818359e-01 1.587709188461303711e-01
4.797113537788391113e-01 2.762516736984252930e-01
3.190577030181884766e-02 3.146048188209533691e-01
2.882793545722961426e-01 -1.475951671600341797e-01
-1.690526604652404785e-01 -2.541372776031494141e-01
1.457104086875915527e-01 3.962190151214599609e-01
-1.846290230751037598e-01 -4.403974413871765137e-01
4.183158278465270996e-01 2.085416316986083984e-01
-4.835944771766662598e-01 2.245402336120605469e-01
-2.562175393104553223e-01 -4.806655049324035645e-01
1.927996277809143066e-01 -4.928893446922302246e-01
2.343076467514038086e-02 -1.158460974693298340e-01
8.362191915512084961e-02 -3.451823592185974121e-01
7.906478643417358398e-02 -2.357304692268371582e-01
-6.192308664321899414e-02 2.860025763511657715e-01
-1.233854889869689941e-01 2.846664190292358398e-01
4.614382982254028320e-02 3.626421689987182617e-01
5.171775817871093750e-03 2.035042643547058105e-01
1.557659506797790527e-01 -2.324513792991638184e-01
-4.393606185913085938e-01 3.275305628776550293e-01
-5.164682865142822266e-03 -3.852623701095581055e-02
-2.305282950401306152e-01 2.628716826438903809e-01
-4.436138868331909180e-01 -2.773524522781372070e-01
1.377203464508056641e-01 -4.456610679626464844e-01
-2.046366930007934570e-01 1.411078572273254395e-01
2.294653654098510742e-01 3.185389637947082520e-01
9.488999843597412109e-02 -2.977305054664611816e-01
3.233492970466613770e-01 -2.396508455276489258e-01
-1.353527903556823730e-01 2.607851028442382812e-01
8.091318607330322266e-02 -3.646173477172851562e-01
3.955900669097900391e-03 -2.579450011253356934e-01
4.399422407150268555e-01 2.844249010086059570e-01
-4.542917609214782715e-01 1.368796229362487793e-01
-2.999148964881896973e-01 1.016567945480346680e-01
2.538120150566101074e-01 1.992997527122497559e-01
-3.382391929626464844e-01 9.046113491058349609e-02
4.585155248641967773e-01 -2.392178177833557129e-01
2.863866686820983887e-01 -2.539372444152832031e-01
4.811177253723144531e-01 -3.901661634445190430e-01
-2.165055274963378906e-02 9.762299060821533203e-02
-1.902989745140075684e-01 -3.986303806304931641e-01
4.634350538253784180e-02 1.948493123054504395e-01
3.078088164329528809e-01 3.658888339996337891e-01
-3.842012286186218262e-01 1.559844613075256348e-01
2.947994470596313477e-01 -3.888523578643798828e-01
1.985453367233276367e-01 5.152255296707153320e-02
3.707259893417358398e-01 1.402841210365295410e-01
-3.063738346099853516e-01 -1.573048233985900879e-01
3.228421211242675781e-01 -1.263612508773803711e-02
5.825847387313842773e-02 3.506377935409545898e-01
-4.023028612136840820e-01 -1.659339070320129395e-01
-1.487863659858703613e-01 3.440042734146118164e-01
-2.941370606422424316e-01 3.057499527931213379e-01
-2.538241147994995117e-01 3.992057442665100098e-01
-4.426006674766540527e-01 -3.348786830902099609e-01
1.853933334350585938e-01 -3.836318254470825195e-01
3.952673673629760742e-01 4.654521346092224121e-01
4.698634147644042969e-03 3.369428515434265137e-01
-4.178589582443237305e-02 2.774524688720703125e-01
-1.538950800895690918e-01 4.310908317565917969e-01
2.483246922492980957e-01 2.739878296852111816e-01
1.552109122276306152e-01 1.431780457496643066e-01
-1.008186340332031250e-01 3.437298536300659180e-02
-4.865213036537170410e-01 1.380470991134643555e-01
4.659166932106018066e-01 1.000761985778808594e-03
-2.876084446907043457e-01 4.926487803459167480e-01
-1.645969748497009277e-01 -3.371350169181823730e-01
-1.188313961029052734e-02 -3.157308697700500488e-01
4.627368450164794922e-01 -3.780191540718078613e-01
1.678919792175292969e-02 -6.610965728759765625e-02
-2.529255747795104980e-01 -1.340458393096923828e-01
9.282410144805908203e-03 4.460493326187133789e-01
-9.045964479446411133e-02 3.004056215286254883e-01
3.531068563461303711e-02 -1.267294287681579590e-01
-5.008703470230102539e-02 -4.105962514877319336e-01
1.713174581527709961e-01 2.779748439788818359e-01
2.444881796836853027e-01 -1.419919133186340332e-01
-3.592908978462219238e-01 2.336862087249755859e-01
-1.031456589698791504e-01 1.503795385360717773e-02
-1.490336656570434570e-02 -3.005573153495788574e-01
4.150739312171936035e-01 -7.682126760482788086e-02
3.344963192939758301e-01 2.404477000236511230e-01
-4.502759575843811035e-01 -1.804471611976623535e-01
-2.548625469207763672e-01 3.811455368995666504e-01
-4.870265722274780273e-01 1.992315649986267090e-01
-4.479671716690063477e-01 -3.881214261054992676e-01
1.788552999496459961e-01 -4.882623553276062012e-01
4.411065578460693359e-02 -4.597226381301879883e-01
-1.279137134552001953e-01 -3.561773896217346191e-01
2.013586163520812988e-01 2.644598484039306641e-02
1.455349922180175781e-01 2.051436305046081543e-01
1.314051151275634766e-01 -5.675244331359863281e-02
-4.387657642364501953e-01 -3.484934568405151367e-01
-2.376506924629211426e-01 -4.684684276580810547e-01
2.387174367904663086e-01 -9.771823883056640625e-03
-2.928575873374938965e-01 -9.327560663223266602e-02
-3.614822626113891602e-01 2.376241087913513184e-01
3.664799928665161133e-01 3.493316769599914551e-01
8.263415098190307617e-02 -1.096869111061096191e-01
-3.104492425918579102e-01 -2.625796198844909668e-01
-4.337638616561889648e-02 -1.693723797798156738e-01
3.487928509712219238e-01 -1.923910379409790039e-01
-2.202789783477783203e-01 3.309574127197265625e-01
-4.439654946327209473e-01 1.670437455177307129e-01
1.071112155914306641e-01 -2.864377498626708984e-01
-2.698206305503845215e-01 -2.417303919792175293e-01
-1.801619529724121094e-01 -1.042123436927795410e-01
4.064971208572387695e-02 -1.689687371253967285e-01
3.259223699569702148e-01 -2.835739850997924805e-01
4.324395060539245605e-01 -7.586532831192016602e-02
2.386426925659179688e-01 -2.927532196044921875e-01
-3.217409849166870117e-01 -3.664123415946960449e-01
3.713226318359375000e-02 3.849095702171325684e-01
-2.056425809860229492e-01 1.751160621643066406e-01
-3.327459096908569336e-02 4.928683042526245117e-01
-3.065903186798095703e-01 -1.364248991012573242e-01
1.229652166366577148e-01 1.699060201644897461e-01
4.035348892211914062e-01 -1.958276033401489258e-01
9.559279680252075195e-02 3.788071870803833008e-02
1.875678896903991699e-01 3.054033517837524414e-01
-2.603375315666198730e-01 -4.359505176544189453e-01
4.716134667396545410e-01 1.475055813789367676e-01
2.779835462570190430e-01 4.950953722000122070e-01
1.428769230842590332e-01 -3.539396524429321289e-01
4.316087365150451660e-01 3.738853335380554199e-01
-3.394437432289123535e-01 4.424333572387695312e-01
1.324528455734252930e-01 1.665574312210083008e-01
4.632129669189453125e-01 -3.826336860656738281e-01
-3.286967277526855469e-01 -4.633966684341430664e-01
6.348401308059692383e-02 -4.505690932273864746e-01
3.073748946189880371e-01 -4.480119347572326660e-01
-6.908774375915527344e-03 -1.809294223785400391e-01
1.076536774635314941e-01 -8.791762590408325195e-02
1.681972146034240723e-01 -4.241540431976318359e-01
4.565557837486267090e-01 2.736840248107910156e-01
-4.666106700897216797e-01 -1.582986116409301758e-02
-9.583568572998046875e-02 4.314332008361816406e-01
1.082942485809326172e-01 4.888306260108947754e-01
-3.148440122604370117e-01 -2.807824015617370605e-01
-4.907276034355163574e-01 -2.407535910606384277e-01
3.675597906112670898e-02 1.857551336288452148e-01
-1.410696506500244141e-01 1.353210210800170898e-02
-2.146765589714050293e-01 2.684485912322998047e-01
1.038632392883300781e-01 7.239484786987304688e-02
3.636573553085327148e-01 2.749167680740356445e-01
1.264720559120178223e-01 4.109835624694824219e-02
3.168893456459045410e-01 -1.563056111335754395e-01
-3.770546317100524902e-01 2.625287771224975586e-01
-3.299825191497802734e-01 -4.056938886642456055e-01
-2.840266227722167969e-01 4.637372493743896484e-02
-3.205714225769042969e-01 4.012885689735412598e-01
-4.601576328277587891e-01 -8.979874849319458008e-02
4.745243787765502930e-01 2.226285934448242188e-01
-1.676144003868103027e-01 2.412273883819580078e-01
1.853549480438232422e-01 -4.473060965538024902e-01
1.955135464668273926e-01 -3.380106091499328613e-01
-2.040863633155822754e-01 -1.144977807998657227e-01
-3.778336644172668457e-01 2.244629859924316406e-01
-3.158605694770812988e-01 6.490647792816162109e-03
4.140844345092773438e-01 -3.557055592536926270e-01
-1.074952483177185059e-01 1.233203411102294922e-01
-1.862809062004089355e-01 -6.517171859741210938e-02
4.156357049942016602e-01 1.950865387916564941e-01
4.187346100807189941e-01 -1.821150779724121094e-01
-4.435086846351623535e-01 3.963211774826049805e-01
2.767037749290466309e-01 1.266067028045654297e-01
1.681625843048095703e-02 1.518052816390991211e-01
-2.258237600326538086e-01 -1.992579102516174316e-01
-3.152438998222351074e-01 -1.794854402542114258e-01
2.709577083587646484e-01 -4.143846631050109863e-01
-1.638443470001220703e-01 6.020408868789672852e-02
2.769899368286132812e-02 -3.857008218765258789e-01
3.224624395370483398e-01 2.827152013778686523e-01
4.876223802566528320e-01 2.070588469505310059e-01
-2.332671284675598145e-01 9.467446804046630859e-02
-4.144940972328186035e-01 1.726847887039184570e-02
3.347557783126831055e-02 1.916885375976562500e-02
4.393399357795715332e-01 2.627854347229003906e-01
1.643295288085937500e-01 3.446784615516662598e-01
-4.850729703903198242e-01 -2.966421246528625488e-01
7.119345664978027344e-02 -1.788139343261718750e-02
-1.254659891128540039e-02 3.167058825492858887e-01
-4.249817132949829102e-02 -2.958940267562866211e-01
3.256154060363769531e-01 1.992073655128479004e-01
3.901052474975585938e-01 1.121259927749633789e-01
4.802559614181518555e-01 3.873327970504760742e-01
2.212229371070861816e-01 -8.474558591842651367e-02
-1.868020296096801758e-01 -1.081861853599548340e-01
7.940477132797241211e-02 1.076936721801757812e-02
9.232944250106811523e-02 5.568778514862060547e-02
-1.682566404342651367e-01 1.014262437820434570e-01
1.138945221900939941e-01 -3.635467886924743652e-01
-3.819620013236999512e-01 -3.078286051750183105e-01
-2.436730265617370605e-01 -1.394784450531005859e-02
-3.683601021766662598e-01 -2.372860312461853027e-01
-1.695001125335693359e-02 -3.329411745071411133e-01
-4.474276304244995117e-02 3.370476961135864258e-01
-2.509358525276184082e-01 -1.219264268875122070e-01
5.987668037414550781e-02 -3.252696394920349121e-01
-4.122040867805480957e-01 -4.567191600799560547e-01
3.667951226234436035e-01 -3.968725800514221191e-01
-8.176934719085693359e-02 -3.289574384689331055e-02
-8.378320932388305664e-02 2.656924128532409668e-01
-3.285329341888427734e-01 -4.094829559326171875e-01
2.110663652420043945e-01 1.008147597312927246e-01
-2.282853126525878906e-01 -4.265534877777099609e-02
3.528201580047607422e-01 3.577336668968200684e-01
-2.626958489418029785e-01 -3.673398494720458984e-01
2.487695217132568359e-02 1.469198465347290039e-01
-1.144158244132995605e-01 5.691802501678466797e-02
-6.970423460006713867e-02 2.665442824363708496e-01
3.848688006401062012e-01 1.846467256546020508e-01
-1.042106747627258301e-01 -6.447231769561767578e-02
-8.222836256027221680e-02 3.348440527915954590e-01
1.393501162528991699e-01 -7.792627811431884766e-02
7.744938135147094727e-02 2.972806096076965332e-01
-2.771252989768981934e-01 6.099396944046020508e-02
3.788211941719055176e-01 -3.907877206802368164e-01
1.647710800170898438e-02 9.642219543457031250e-02
-2.408641576766967773e-02 1.850078105926513672e-01
-2.879207134246826172e-01 3.782954812049865723e-01
2.319962382316589355e-01 -3.939267992973327637e-01
-2.768813371658325195e-01 -3.509443998336791992e-01
1.956551671028137207e-01 4.249332547187805176e-01
-7.245492935180664062e-02 -4.192849993705749512e-01
-1.316654086112976074e-01 4.590314626693725586e-02
-4.016767740249633789e-01 -2.325487136840820312e-02
-7.539427280426025391e-02 2.310508489608764648e-01
3.552237749099731445e-01 3.268248438835144043e-01
5.259704589843750000e-02 -1.686559915542602539e-01
5.924820899963378906e-03 -4.844242334365844727e-01
2.031314373016357422e-02 1.099529266357421875e-01
3.409861922264099121e-01 3.489940762519836426e-01
4.026985764503479004e-01 4.264618158340454102e-01
-1.511445045471191406e-01 3.449522256851196289e-01
-3.912105560302734375e-01 -4.012240767478942871e-01
-2.609413862228393555e-01 3.496882915496826172e-01
4.629026651382446289e-01 -2.301087379455566406e-01
-3.149160742759704590e-01 1.599181890487670898e-01
-2.669274806976318359e-01 3.443622589111328125e-02
-3.439151644706726074e-01 -3.858290910720825195e-01
-4.277495741844177246e-01 -7.621783018112182617e-02
-4.762368798255920410e-01 9.469151496887207031e-03
-2.266287207603454590e-01 1.413613557815551758e-02
-4.314826726913452148e-01 4.983182549476623535e-01
6.105405092239379883e-02 2.091873884201049805e-01
1.282500624656677246e-01 4.447486400604248047e-01
6.068229675292968750e-02 -2.248936891555786133e-01
4.758225679397583008e-01 -4.620016813278198242e-01
5.150955915451049805e-02 -1.125865578651428223e-01
-8.840954303741455078e-02 -1.948183178901672363e-01
3.043861985206604004e-01 -6.672841310501098633e-02
9.200870990753173828e-03 -4.208379983901977539e-01
8.079677820205688477e-02 2.853603959083557129e-01
-7.584100961685180664e-02 9.233069419860839844e-02
3.903138637542724609e-01 -1.481125950813293457e-01
4.785236120223999023e-01 4.052354097366333008e-01
-2.715376615524291992e-01 2.218992114067077637e-01
-2.637152671813964844e-01 -3.249484896659851074e-01
-4.133693575859069824e-01 6.003212928771972656e-02
4.203796982765197754e-01 4.441177845001220703e-02
4.452295303344726562e-01 -4.014659523963928223e-01
-4.718622565269470215e-01 -1.292049884796142578e-03
-1.235365867614746094e-01 -7.415813207626342773e-02
-3.219288587570190430e-02 -4.535583853721618652e-01
1.194240450859069824e-01 7.689595222473144531e-03
-4.151546955108642578e-02 -3.351138830184936523e-01
-1.915584206581115723e-01 4.240217804908752441e-01
2.798249721527099609e-01 -1.602072715759277344e-01
3.555594086647033691e-01 -8.898138999938964844e-03
-4.026060104370117188e-01 8.779734373092651367e-02
-2.524775862693786621e-01 -2.877634763717651367e-01
-1.872218251228332520e-01 4.716543555259704590e-01
-3.207200765609741211e-02 5.827957391738891602e-02
1.426056623458862305e-01 4.776238203048706055e-01
3.923318386077880859e-01 2.773073911666870117e-01
2.081981897354125977e-01 3.463539481163024902e-01
4.383326172828674316e-01 -2.278633713722229004e-01
-9.880238771438598633e-02 2.806192636489868164e-01
3.379898667335510254e-01 -1.610414981842041016e-01
-4.339063167572021484e-02 -3.509419560432434082e-01
1.825311183929443359e-01 5.940973758697509766e-02
3.090177774429321289e-01 -2.335098981857299805e-01
2.867972254753112793e-01 -4.718267321586608887e-01
-3.808812499046325684e-01 2.396426796913146973e-01
-2.271818518638610840e-01 -3.678749799728393555e-01
2.398157119750976562e-01 -1.512192487716674805e-01
4.959406256675720215e-01 -3.579317331314086914e-01
-1.524082422256469727e-01 -5.788213014602661133e-02
-3.371180891990661621e-01 1.314061880111694336e-02
2.724588513374328613e-01 4.111533761024475098e-01
3.469759225845336914e-01 2.273421883583068848e-01
1.043760180473327637e-01 3.688551783561706543e-01
4.668267369270324707e-01 -4.476783871650695801e-01
4.258593320846557617e-01 2.115336060523986816e-01
-3.317719697952270508e-01 -3.130924701690673828e-01
3.107798099517822266e-01 -1.104263663291931152e-01
-2.329981327056884766e-02 -4.635060429573059082e-01
2.115325927734375000e-01 3.470964431762695312e-01
-1.022811532020568848e-01 -1.896502971649169922e-01
1.164498925209045410e-01 -7.093799114227294922e-02
-2.294254899024963379e-01 4.224101901054382324e-01
-4.122591018676757812e-02 -2.871769070625305176e-01
-4.643540382385253906e-01 -4.706718325614929199e-01
2.379717826843261719e-01 2.765163183212280273e-01
-2.261412143707275391e-01 4.632391333580017090e-01
9.993726015090942383e-02 -7.256078720092773438e-02
2.836011052131652832e-01 -5.829530954360961914e-02
-1.382231116294860840e-01 6.615024805068969727e-02
-3.017354607582092285e-01 -4.252487421035766602e-01
-3.786912560462951660e-01 1.651766300201416016e-01
-1.411995887756347656e-01 -3.739529848098754883e-01
4.094932079315185547e-01 4.478166103363037109e-01
-1.907744407653808594e-01 4.727674722671508789e-01
-7.138162851333618164e-02 5.055874586105346680e-02
-2.188526988029479980e-01 9.020167589187622070e-02
4.652189612388610840e-01 -9.314638376235961914e-02
1.047022938728332520e-01 -2.979389429092407227e-01
1.529394984245300293e-01 -3.204733729362487793e-01
-4.025864601135253906e-02 1.762176752090454102e-01
2.500049471855163574e-01 2.662296891212463379e-01
1.540353298187255859e-01 4.530745744705200195e-01
1.327434182167053223e-01 -4.583763480186462402e-01
-1.681098341941833496e-01 -3.343391418457031250e-01
-4.868827462196350098e-01 -1.733941435813903809e-01
-2.969538569450378418e-01 -1.600065827369689941e-01
-4.425122141838073730e-01 3.050422072410583496e-01
1.641979217529296875e-01 9.564721584320068359e-02
3.935344815254211426e-01 -3.069761991500854492e-01
-1.846441626548767090e-01 -3.967756032943725586e-01
4.317451119422912598e-01 3.952378630638122559e-01
6.559866666793823242e-02 -2.463614940643310547e-01
2.226227521896362305e-02 4.251853823661804199e-01
4.201223254203796387e-01 -1.562650203704833984e-01
4.607040286064147949e-01 -1.603669524192810059e-01
3.020187020301818848e-01 -1.625416874885559082e-01
-1.334531903266906738e-01 3.465020656585693359e-02
-4.590792059898376465e-01 6.196320056915283203e-02
-2.012676000595092773e-02 -4.909428954124450684e-01
-2.388030290603637695e-02 9.884655475616455078e-03
5.665087699890136719e-02 1.892517805099487305e-01
2.724818587303161621e-01 3.572273254394531250e-02
-1.524955034255981445e-02 1.425742506980895996e-01
7.643193006515502930e-02 -6.431734561920166016e-02
-1.959293484687805176e-01 1.424847245216369629e-01
-4.424808621406555176e-01 -1.808585524559020996e-01
-4.039144515991210938e-01 -4.212258458137512207e-01
1.813660264015197754e-01 -4.054365158081054688e-01
3.513685464859008789e-01 3.515473008155822754e-01
-2.158566713333129883e-01 4.797483086585998535e-01
4.585978984832763672e-01 -5.291616916656494141e-02
-4.580224156379699707e-01 2.326184511184692383e-02
4.109160900115966797e-01 1.203473210334777832e-01
4.825259447097778320e-01 -2.747274041175842285e-01
3.092204928398132324e-01 -2.532466650009155273e-01
-3.238539099693298340e-01 -3.173851370811462402e-01
-4.254031777381896973e-01 3.971872329711914062e-01
-6.200855970382690430e-02 3.947925567626953125e-01
-4.671558141708374023e-01 3.825463652610778809e-01
-9.709322452545166016e-02 1.500938534736633301e-01
-3.128954768180847168e-01 -4.568671584129333496e-01
1.978886723518371582e-01 2.924928665161132812e-01
-4.166877865791320801e-01 -4.590699076652526855e-01
-3.297060728073120117e-01 4.352509975433349609e-02
-3.416734933853149414e-02 -2.068212628364562988e-01
4.464507102966308594e-03 2.083210349082946777e-01
4.618536829948425293e-01 -2.368906736373901367e-01
-3.179364204406738281e-01 2.133246064186096191e-01
5.653917789459228516e-02 1.109517812728881836e-01
-1.652598977088928223e-01 4.567989110946655273e-01
4.839462041854858398e-01 -4.629954695701599121e-01
1.567759513854980469e-01 2.870497107505798340e-01
-1.434594392776489258e-01 -4.666115641593933105e-01
8.789658546447753906e-02 -1.981374621391296387e-01
-1.484040617942810059e-01 4.099613428115844727e-01
-1.655755043029785156e-01 -3.159382343292236328e-01
1.427941322326660156e-01 4.046189785003662109e-01
-3.409700393676757812e-01 4.252283573150634766e-01
1.766401529312133789e-01 1.616836190223693848e-01
2.996397614479064941e-01 4.955984354019165039e-01
1.342427730560302734e-01 4.687144160270690918e-01
3.642903566360473633e-01 1.006169319152832031e-01
4.401055574417114258e-01 9.699380397796630859e-02
4.432528614997863770e-01 -3.404400944709777832e-01
-1.206448078155517578e-01 1.674697995185852051e-01
-3.961705565452575684e-01 -2.869266867637634277e-01
1.342151761054992676e-01 -4.672499299049377441e-01
1.908071637153625488e-01 4.725823402404785156e-01
4.296535849571228027e-01 4.467968940734863281e-01
-3.321256637573242188e-01 1.509194374084472656e-01
7.032740116119384766e-02 -2.500035762786865234e-01
-1.619747281074523926e-01 2.678942680358886719e-01
3.807495832443237305e-01 -3.932033777236938477e-01
3.369867801666259766e-01 1.208832859992980957e-01
2.476801276206970215e-01 4.218662977218627930e-01
1.450818777084350586e-02 2.899393439292907715e-01
-2.738245129585266113e-01 -4.339462518692016602e-02
4.270145893096923828e-01 -1.916505098342895508e-01
4.083957672119140625e-01 1.885142922401428223e-01
-2.269393205642700195e-01 -4.526292085647583008e-01
-1.838250160217285156e-01 -2.462029457092285156e-03
-4.532287120819091797e-01 4.256795644760131836e-01
-3.705552816390991211e-01 -1.054320931434631348e-01
-8.701282739639282227e-02 3.813351392745971680e-01
-4.747827053070068359e-01 -4.602916240692138672e-01
-4.656857252120971680e-02 -3.977084755897521973e-01
-4.915772676467895508e-01 -1.659317016601562500e-01
-8.574962615966796875e-03 2.093505859375000000e-02
-3.231002688407897949e-01 2.172614932060241699e-01
3.361840844154357910e-01 -2.021932601928710938e-02
-2.497475743293762207e-01 4.605793952941894531e-01
4.367982745170593262e-01 3.806936740875244141e-02
4.875812530517578125e-01 3.745192885398864746e-01
1.905189752578735352e-01 -1.912130713462829590e-01
-7.374864816665649414e-02 -3.757727742195129395e-01
9.447222948074340820e-02 3.351281285285949707e-01
-1.853329539299011230e-01 -1.373339295387268066e-01
-4.855179786682128906e-02 2.093117833137512207e-01
-4.432968497276306152e-01 -6.658512353897094727e-02
-3.497826457023620605e-01 2.559998035430908203e-01
3.528361916542053223e-01 7.167059183120727539e-02
2.272582650184631348e-01 -2.110618352890014648e-02
2.834107279777526855e-01 5.563855171203613281e-03
3.722476959228515625e-01 8.443516492843627930e-02
-3.433653116226196289e-01 -4.880660772323608398e-02
2.277998328208923340e-01 3.123205304145812988e-01
6.046837568283081055e-02 1.680738925933837891e-01
-1.864385604858398438e-01 3.360891938209533691e-01
8.270692825317382812e-02 -3.100591301918029785e-01
-5.269068479537963867e-02 1.018663048744201660e-01
2.925594449043273926e-01 -2.736347913742065430e-02
2.375708818435668945e-01 -1.505988836288452148e-02
-3.921391367912292480e-01 -3.230277895927429199e-01
1.059809327125549316e-01 -2.749174833297729492e-01
3.283452391624450684e-01 -1.586367487907409668e-01
-2.797160744667053223e-01 -6.708496809005737305e-02
-4.231637716293334961e-02 -2.923964858055114746e-01
-1.722170114517211914e-01 -2.384185791015625000e-05
-4.146226644515991211e-01 -2.775536179542541504e-01
-3.277330994606018066e-01 1.121123433113098145e-01
3.898193836212158203e-01 -3.593931198120117188e-01
2.062131166458129883e-01 -4.816692471504211426e-01
-3.281853199005126953e-01 7.578891515731811523e-02
5.330830812454223633e-02 -4.142916202545166016e-02
-2.629903554916381836e-01 -3.553551435470581055e-02
-4.834025502204895020e-01 -4.427027702331542969e-02
-1.504498720169067383e-02 3.359404206275939941e-01
4.129187464714050293e-01 4.458229541778564453e-01
4.399317502975463867e-01 -8.983200788497924805e-02
1.942784786224365234e-01 2.507016658782958984e-01
3.921942114830017090e-01 3.806859850883483887e-01
-4.573096036911010742e-01 3.915534019470214844e-01
-1.448169350624084473e-01 1.422274112701416016e-01
4.196384549140930176e-01 2.211302518844604492e-01
1.817322373390197754e-01 3.417990207672119141e-01
-6.845980882644653320e-02 -3.208284378051757812e-01
-3.000156283378601074e-01 -4.842436313629150391e-02
-3.660136461257934570e-02 -1.900499463081359863e-01
-1.086043715476989746e-01 -4.796934723854064941e-01
-3.590835928916931152e-01 3.825294375419616699e-01
-1.304007172584533691e-01 -2.970435023307800293e-01
-4.731337428092956543e-01 -3.544647097587585449e-01
-3.258316516876220703e-01 -3.928838372230529785e-01
2.870191931724548340e-01 -2.041685581207275391e-01
-3.425584435462951660e-01 3.674971461296081543e-01
-2.805916070938110352e-01 -3.007574677467346191e-01
-3.881315588951110840e-01 -6.810635328292846680e-02
3.454560637474060059e-01 -2.973449826240539551e-01
4.766545295715332031e-01 2.159626483917236328e-01
7.424396276473999023e-02 3.944950103759765625e-01
-3.137133121490478516e-01 1.320652961730957031e-01
-2.102956175804138184e-01 3.608766794204711914e-01
1.917657852172851562e-01 7.965427637100219727e-02
-3.063772320747375488e-01 -2.513757348060607910e-01
4.957207441329956055e-01 -1.801496148109436035e-01
-1.895754933357238770e-01 -2.900152802467346191e-01
1.505929231643676758e-01 2.437594532966613770e-01
-4.344417452812194824e-01 -3.404629230499267578e-02
-5.795466899871826172e-02 3.805473446846008301e-01
8.197140693664550781e-02 -4.391851425170898438e-01
-4.792698621749877930e-01 7.617771625518798828e-03
-2.687370777130126953e-01 -1.580488681793212891e-02
1.333445906639099121e-01 4.077755808830261230e-01
4.335494637489318848e-01 -2.601971626281738281e-01
6.140482425689697266e-02 4.260848164558410645e-01
-2.701999545097351074e-01 7.014155387878417969e-03
1.736451983451843262e-01 -1.859303712844848633e-01
2.274769544601440430e-02 -1.988391280174255371e-01
9.893655776977539062e-03 -4.452617168426513672e-01
-2.716068625450134277e-01 2.981571555137634277e-01
3.758667111396789551e-01 -4.683328866958618164e-01
2.487474679946899414e-01 4.844341278076171875e-01
-9.853225946426391602e-02 -1.812356710433959961e-01
2.778508663177490234e-01 -5.690497159957885742e-02
2.041316628456115723e-01 -3.255802392959594727e-01
-3.607271313667297363e-01 4.937893152236938477e-01
6.978178024291992188e-02 -1.273452043533325195e-01
1.418871283531188965e-01 -3.692956566810607910e-01
-3.212466835975646973e-01 -3.251782655715942383e-01
4.153666496276855469e-01 1.604272723197937012e-01
-3.287038207054138184e-01 4.953042268753051758e-01
6.555128097534179688e-02 -9.726524353027343750e-02
2.836003899574279785e-01 -3.301755785942077637e-01
-2.823910713195800781e-01 3.898117542266845703e-01
2.147001028060913086e-02 2.286520600318908691e-01
7.084500789642333984e-02 -3.582954406738281250e-03
-2.344979643821716309e-01 4.835540056228637695e-02
-3.383536338806152344e-01 -1.259273290634155273e-02
-1.130766272544860840e-01 1.367266774177551270e-01
1.643916964530944824e-01 -2.775783538818359375e-01
3.696997761726379395e-01 8.951586484909057617e-02
-7.234287261962890625e-02 -2.305765151977539062e-01
-5.011755228042602539e-02 -1.627100110054016113e-01
-2.740507125854492188e-01 -1.790255904197692871e-01
6.856858730316162109e-03 3.875302076339721680e-01
2.006371617317199707e-01 4.594076871871948242e-01
2.055665850639343262e-01 -3.209787011146545410e-01
4.333714842796325684e-01 -1.601624488830566406e-02
4.042115807533264160e-01 -4.647083878517150879e-01
2.028294801712036133e-01 4.087741374969482422e-01
-3.993883728981018066e-01 1.195199489593505859e-01
3.930572867393493652e-01 1.151405572891235352e-01
3.574492335319519043e-01 -1.527908444404602051e-01
-2.594493031501770020e-01 3.274422883987426758e-01
-3.189902901649475098e-01 2.917968034744262695e-01
2.026557922363281250e-02 -2.987679839134216309e-01
9.092700481414794922e-02 -3.396066427230834961e-01
2.448819279670715332e-01 -3.694077134132385254e-01
-3.993919491767883301e-01 3.461543321609497070e-01
2.264287471771240234e-01 2.383677959442138672e-01
-4.365977644920349121e-01 -3.675051331520080566e-01
3.091961741447448730e-01 1.049014925956726074e-01
-1.019393801689147949e-01 -1.732825636863708496e-01
3.901928663253784180e-01 -4.434733390808105469e-01
-4.539994001388549805e-01 -4.452779293060302734e-01
3.461189270019531250e-01 1.749348640441894531e-01
-2.989283204078674316e-01 4.759031534194946289e-02
9.195852279663085938e-02 -2.706916928291320801e-01
1.763244867324829102e-01 4.117854833602905273e-01
-3.570454716682434082e-01 1.631730198860168457e-01
-1.951712369918823242e-02 -4.564582109451293945e-01
-1.245583295822143555e-01 -8.725357055664062500e-02
3.944694995880126953e-02 3.696826100349426270e-01
-4.368950128555297852e-01 1.965935826301574707e-01
-1.413586735725402832e-01 -3.370821475982666016e-01
-2.975497245788574219e-01 3.647657632827758789e-01
5.316036939620971680e-02 4.537705779075622559e-01
-3.129637837409973145e-01 -2.367462515830993652e-01
-2.722657322883605957e-01 -3.909136652946472168e-01
-4.152393341064453125e-01 1.852004528045654297e-01
-1.808925271034240723e-01 2.566831707954406738e-01
1.073436141014099121e-01 -2.963212132453918457e-01
-2.712312936782836914e-01 -3.376871347427368164e-02
8.178323507308959961e-02 -2.005700469017028809e-01
4.220830202102661133e-01 3.342505693435668945e-01
3.722957372665405273e-01 -2.516262531280517578e-01
-3.258461356163024902e-01 -4.371688365936279297e-01
2.280444502830505371e-01 -1.555144786834716797e-03
-9.654635190963745117e-02 3.678777813911437988e-01
3.705828189849853516e-01 -3.990538716316223145e-01
3.059524297714233398e-01 -4.173760414123535156e-01
1.970458030700683594e-01 2.782045602798461914e-01
1.968330144882202148e-01 4.439436793327331543e-01
-4.090378284454345703e-01 1.608101129531860352e-01
1.256147623062133789e-01 -4.190892577171325684e-01
5.770695209503173828e-02 2.132565975189208984e-01
-3.147742152214050293e-01 1.243594288825988770e-01
-1.102115511894226074e-01 4.676188230514526367e-01
4.993688464164733887e-01 -1.865559816360473633e-01
2.776265144348144531e-01 -1.723043322563171387e-01
1.711603999137878418e-01 -2.041622400283813477e-01
-4.950278401374816895e-01 -5.354338884353637695e-02
-6.044167280197143555e-02 2.816855907440185547e-02
-1.758062243461608887e-01 4.408671855926513672e-01
4.966171383857727051e-01 -5.034881830215454102e-02
3.229337334632873535e-01 -4.604482054710388184e-01
4.448984265327453613e-01 1.475963592529296875e-01
3.973354697227478027e-01 4.069440960884094238e-01
-1.725644469261169434e-01 4.901610612869262695e-01
-4.487572312355041504e-01 2.413640022277832031e-01
4.119697809219360352e-01 4.398810267448425293e-01
8.954429626464843750e-02 4.227770566940307617e-01
-3.730639219284057617e-01 2.159030437469482422e-01
-2.500218749046325684e-01 4.718981981277465820e-01
3.816100358963012695e-01 -3.692209124565124512e-01
-3.502420186996459961e-01 -3.781267404556274414e-01
4.044702649116516113e-01 2.216604351997375488e-01
3.629667758941650391e-01 1.110606789588928223e-01
-2.755330801010131836e-01 3.440994024276733398e-01
-6.999224424362182617e-02 1.604598164558410645e-01
-1.164845824241638184e-01 5.386495590209960938e-02
-2.008672952651977539e-01 -7.788646221160888672e-02
3.160399198532104492e-01 4.474068284034729004e-01
-3.369683623313903809e-01 4.303310513496398926e-01
3.047674894332885742e-02 1.479465961456298828e-01
-2.300454378128051758e-01 2.537081837654113770e-01
-5.427289009094238281e-02 2.282926440238952637e-01
-7.345968484878540039e-02 2.682811021804809570e-02
-3.934229612350463867e-01 -9.662473201751708984e-02
-4.964694380760192871e-01 -2.562860846519470215e-01
-3.555032014846801758e-01 3.308138847351074219e-01
6.345814466476440430e-02 1.579498648643493652e-01
2.358997464179992676e-01 -4.998635649681091309e-01
-3.264194726943969727e-01 4.750658869743347168e-01
-9.162288904190063477e-02 1.038856506347656250e-01
2.906166911125183105e-01 -2.140297889709472656e-01
-2.638332843780517578e-01 -1.569903492927551270e-01
-3.622379302978515625e-01 -5.520617961883544922e-02
6.876766681671142578e-03 1.419390439987182617e-01
-3.501049280166625977e-01 3.979483246803283691e-01
4.589831233024597168e-01 -4.408131241798400879e-01
4.841923713684082031e-03 -2.808918356895446777e-01
-4.844377040863037109e-01 -4.633730053901672363e-01
-5.619674921035766602e-02 3.251113295555114746e-01
-4.446392655372619629e-01 -2.478343248367309570e-02
-1.968412995338439941e-01 -3.879402279853820801e-01
-4.457780718803405762e-01 9.764558076858520508e-02
-3.940977454185485840e-01 5.435574054718017578e-02
-3.246411681175231934e-01 3.975759148597717285e-01
-3.329892754554748535e-01 -2.751102447509765625e-01
-6.447368860244750977e-02 -4.863786101341247559e-01
4.418369531631469727e-01 -3.079554438591003418e-01
1.536709070205688477e-02 1.765937209129333496e-01
4.168448448181152344e-01 -5.572146177291870117e-02
-4.914442896842956543e-01 1.095185279846191406e-01
4.194231629371643066e-01 -3.319679498672485352e-01
4.890556931495666504e-01 -4.801979660987854004e-01
-1.914713978767395020e-01 4.132677316665649414e-01
4.580722451210021973e-01 -1.953142881393432617e-01
-2.534806728363037109e-01 -2.521904110908508301e-01
1.635524034500122070e-01 -2.879130840301513672e-01
-3.517047166824340820e-01 -3.771489858627319336e-02
3.057181835174560547e-01 1.048506498336791992e-01
3.227493166923522949e-01 -9.013360738754272461e-02
-3.107263445854187012e-01 1.309636831283569336e-01
-2.674221992492675781e-01 6.944322586059570312e-02
-2.910138964653015137e-01 3.498541116714477539e-01
3.201465606689453125e-01 4.707236289978027344e-01
3.337712287902832031e-01 3.203483223915100098e-01
2.870834469795227051e-01 -1.773521304130554199e-01
-4.782813191413879395e-01 7.558190822601318359e-02
-4.937700033187866211e-01 -4.494343996047973633e-01
-4.429951310157775879e-01 2.581345438957214355e-01
-3.468269109725952148e-01 -4.453331232070922852e-02
-2.285460233688354492e-01 2.456466555595397949e-01
-3.623986244201660156e-01 1.705278158187866211e-01
2.977798581123352051e-01 3.002367615699768066e-01
-3.217565417289733887e-01 2.832604646682739258e-01
-2.357343435287475586e-01 6.007742881774902344e-02
1.046842336654663086e-02 -1.159781813621520996e-01
-2.190756201744079590e-01 4.983300566673278809e-01
-8.833748102188110352e-02 1.645268797874450684e-01
3.934816718101501465e-01 3.259271383285522461e-01
-4.168381094932556152e-01 -2.130828499794006348e-01
-1.208013296127319336e-02 -3.865215778350830078e-01
-7.968991994857788086e-02 -2.423774003982543945e-01
-1.392341256141662598e-01 1.118113994598388672e-01
-1.884395480155944824e-01 -2.312031984329223633e-01
4.592721462249755859e-01 3.002824187278747559e-01
1.179997920989990234e-01 -3.742904067039489746e-01
-2.129161357879638672e-01 8.031702041625976562e-02
-4.331268668174743652e-01 -4.623193144798278809e-01
1.129271984100341797e-01 4.183412790298461914e-01
-3.042531013488769531e-02 -2.670947909355163574e-01
1.412436962127685547e-01 4.261440038681030273e-02
2.420743703842163086e-01 -3.685595989227294922e-01
-1.198661923408508301e-01 -4.232113957405090332e-01
-8.006578683853149414e-02 5.678117275238037109e-03
-2.889165878295898438e-01 -3.726404905319213867e-02
-1.530612111091613770e-01 1.470804214477539062e-03
-3.258201479911804199e-01 4.005972146987915039e-01
7.165437936782836914e-02 9.419852495193481445e-02
4.999419450759887695e-01 2.528054714202880859e-01
-1.682192683219909668e-01 -1.732316017150878906e-01
-2.822279930114746094e-02 4.598412513732910156e-01
4.849845170974731445e-02 -4.296620488166809082e-01
4.782502055168151855e-01 3.247314095497131348e-01
-1.806917786598205566e-01 -2.847616076469421387e-01
4.501844048500061035e-01 2.913457155227661133e-01
-3.766524195671081543e-01 2.377420067787170410e-01
3.361606597900390625e-02 2.801181077957153320e-01
-2.752429246902465820e-02 -1.911066174507141113e-01
5.755674839019775391e-02 -9.454512596130371094e-02
4.802706241607666016e-01 -3.892496228218078613e-01
-2.036347985267639160e-01 2.858480811119079590e-01
6.428825855255126953e-02 -3.824086189270019531e-01
-1.469380259513854980e-01 3.362476229667663574e-01
3.823013305664062500e-01 -8.641141653060913086e-02
-4.681643843650817871e-01 4.332160949707031250e-01
2.696675062179565430e-02 -5.992305278778076172e-02
-3.386965990066528320e-01 -4.566076397895812988e-01
-8.702826499938964844e-02 -3.638234734535217285e-01
-4.463914632797241211e-01 1.052412390708923340e-01
4.374932050704956055e-01 -3.277683258056640625e-01
-2.356783151626586914e-01 -2.798533439636230469e-01
-2.662752866744995117e-01 -3.217583894729614258e-01
-3.730855584144592285e-01 -3.966367840766906738e-01
-4.062436223030090332e-01 -2.300032377243041992e-01
4.767963886260986328e-01 2.749979496002197266e-01
1.949651837348937988e-01 2.355422973632812500e-01
2.660246491432189941e-01 -4.404563903808593750e-01
-3.684760928153991699e-01 4.290602803230285645e-01
-3.837960362434387207e-01 3.066653013229370117e-02
2.363252639770507812e-01 2.443963289260864258e-01
3.890911340713500977e-01 -4.035712480545043945e-01
2.498840093612670898e-01 9.192317724227905273e-02
2.695043683052062988e-01 -8.507776260375976562e-02
-2.683684229850769043e-01 -3.443593978881835938e-01
-2.316141128540039062e-02 -9.104216098785400391e-02
-4.512714743614196777e-01 -2.810189723968505859e-01
4.144061207771301270e-01 -1.193918585777282715e-01
9.531480073928833008e-02 4.321292042732238770e-01
4.450799226760864258e-01 4.758173227310180664e-01
3.329173922538757324e-01 7.097959518432617188e-03
3.971326947212219238e-01 -1.390951275825500488e-01
-4.961923956871032715e-01 4.412412047386169434e-01
3.783442974090576172e-01 -3.106358647346496582e-01
1.937967538833618164e-02 -4.351606965065002441e-01
-1.225107908248901367e-02 -4.309061765670776367e-01
-1.708491444587707520e-01 -3.391649127006530762e-01
-4.762658476829528809e-01 -3.447276353836059570e-01
3.136895895004272461e-01 1.542397141456604004e-01
-4.801672697067260742e-02 2.413732409477233887e-01
3.790441751480102539e-01 4.508430361747741699e-01
-2.480558156967163086e-01 3.576449751853942871e-01
-2.489392757415771484e-01 3.455079197883605957e-01
2.306234240531921387e-01 9.249329566955566406e-02
-2.464693784713745117e-01 6.703948974609375000e-02
4.217180013656616211e-01 -1.088131666183471680e-01
-1.015353202819824219e-02 -4.073691964149475098e-01
2.625393867492675781e-02 -3.615665435791015625e-01
2.386566996574401855e-01 -1.704138517379760742e-02
1.774513721466064453e-01 -2.005198001861572266e-01
-4.087706208229064941e-01 -2.717022299766540527e-01
-2.667288184165954590e-01 2.779735922813415527e-01
3.145160079002380371e-01 2.473370432853698730e-01
-4.429565072059631348e-01 4.456290006637573242e-01
-1.343340873718261719e-01 2.177460193634033203e-01
2.805704474449157715e-01 4.472360610961914062e-01
-2.329779863357543945e-01 4.720026254653930664e-01
-4.258494377136230469e-01 -3.937575221061706543e-01
-1.401856541633605957e-01 6.314206123352050781e-02
-2.994573116302490234e-01 -1.769101619720458984e-01
2.350627183914184570e-01 4.088230729103088379e-01
4.070547819137573242e-01 -1.822194457054138184e-01
-9.611141681671142578e-02 -4.877380728721618652e-01
1.489016413688659668e-01 4.670993089675903320e-01
3.567869663238525391e-01 3.600531816482543945e-01
-2.732874155044555664e-01 -1.725764870643615723e-01
4.372718334197998047e-01 -1.981319189071655273e-01
1.493270993232727051e-01 4.118365049362182617e-01
3.303080797195434570e-01 1.211549043655395508e-01
-3.966422080993652344e-01 2.348348498344421387e-01
3.337068557739257812e-01 1.152145862579345703e-02
-4.890362024307250977e-01 -1.738206744194030762e-01
-2.914350032806396484e-01 -4.077823758125305176e-01
-5.930840969085693359e-03 -2.669000625610351562e-01
3.394557237625122070e-01 1.180989742279052734e-01
4.695301055908203125e-01 -4.535873532295227051e-01
-2.467525005340576172e-01 -2.523381710052490234e-01
-1.307563781738281250e-01 2.645438313484191895e-01
3.383318781852722168e-01 -1.260268092155456543e-01
-6.033551692962646484e-02 3.132900595664978027e-01
4.104307293891906738e-01 2.181581854820251465e-01
-4.547863602638244629e-01 -2.960761189460754395e-01
3.482674956321716309e-01 -2.222971320152282715e-01
-4.674781560897827148e-01 2.984012365341186523e-01
-4.187792539596557617e-02 3.685845136642456055e-01
-4.004577398300170898e-01 -5.482280254364013672e-02
3.978850245475769043e-01 -7.467746734619140625e-02
-2.724632620811462402e-01 -1.493858695030212402e-01
4.027298092842102051e-01 2.653189897537231445e-01
1.761626601219177246e-01 4.647582769393920898e-02
4.951487779617309570e-01 4.133248329162597656e-02
-4.175899028778076172e-01 2.331683635711669922e-01
9.176260232925415039e-02 3.828698992729187012e-01
1.145353317260742188e-01 1.472294330596923828e-03
4.393089413642883301e-01 -2.610582113265991211e-01
-3.602348566055297852e-01 1.994772553443908691e-01
-2.732576131820678711e-01 -4.253202676773071289e-01
1.672856211662292480e-01 -3.526871204376220703e-01
-4.490598440170288086e-01 -3.719713091850280762e-01
1.921380758285522461e-01 -9.369868040084838867e-02
-9.524744749069213867e-02 -2.121574878692626953e-01
-3.322549462318420410e-01 -4.462026953697204590e-01
1.540907621383666992e-01 4.162728786468505859e-01
1.142704486846923828e-02 -9.027916193008422852e-02
-4.403770565986633301e-01 -4.974026083946228027e-01
4.408371448516845703e-01 1.445393562316894531e-01
-5.978524684906005859e-03 -3.549040555953979492e-01
-1.149615049362182617e-01 -3.488707542419433594e-02
-6.944310665130615234e-02 -1.131276488304138184e-01
7.066744565963745117e-02 -4.667719602584838867e-01
4.896903634071350098e-01 1.863383650779724121e-01
4.947438240051269531e-01 -1.272779703140258789e-02
1.556198596954345703e-01 1.518810391426086426e-01
-2.423970103263854980e-01 1.342743039131164551e-01
-2.889274954795837402e-01 -2.846854329109191895e-01
2.893551588058471680e-01 3.137034773826599121e-01
-2.723652720451354980e-01 -3.962644338607788086e-01
4.700665473937988281e-01 3.093926310539245605e-01
-2.216590046882629395e-01 3.009907603263854980e-01
-4.617072343826293945e-01 1.264474987983703613e-01
-2.090422511100769043e-01 4.687333106994628906e-01
-4.196071028709411621e-01 -3.782087564468383789e-02
-3.239160180091857910e-01 4.653251767158508301e-01
4.995439648628234863e-01 -1.234375238418579102e-01
6.105899810791015625e-04 -4.584326148033142090e-01
-4.001245498657226562e-01 -2.100841999053955078e-01
-1.704285144805908203e-01 1.737232804298400879e-01
-2.707614898681640625e-01 -3.268196582794189453e-01
-3.786839842796325684e-01 -1.381561756134033203e-01
-1.332449316978454590e-01 2.702391743659973145e-01
4.253296852111816406e-01 -1.532263159751892090e-01
-2.060105204582214355e-01 1.736806631088256836e-01
3.443232178688049316e-01 -4.129984378814697266e-01
-1.112766265869140625e-01 2.872067689895629883e-01
-2.607795000076293945e-01 3.478887677192687988e-01
-3.437483310699462891e-02 3.738030791282653809e-01
3.580906987190246582e-01 -4.567616581916809082e-01
2.647550106048583984e-01 1.481536626815795898e-01
-2.972137331962585449e-01 4.350801706314086914e-01
-4.844991564750671387e-01 -2.803835272789001465e-01
3.011645078659057617e-01 -3.624248504638671875e-02
-2.240886092185974121e-01 -3.065515160560607910e-01
1.211043000221252441e-01 -4.446480870246887207e-01
5.907869338989257812e-02 3.829597830772399902e-01
4.015952944755554199e-01 1.927966475486755371e-01
8.732837438583374023e-02 2.307826876640319824e-01
3.124010562896728516e-01 -2.965167164802551270e-01
3.138041496276855469e-02 3.388345241546630859e-01
2.662492394447326660e-01 2.562365531921386719e-01
9.785306453704833984e-02 3.194365501403808594e-01
3.453550338745117188e-01 4.504657387733459473e-01
-4.240298867225646973e-01 3.817901611328125000e-01
-3.658664226531982422e-01 -4.333456754684448242e-01
1.498545408248901367e-01 -4.645931124687194824e-01
5.626595020294189453e-02 -4.526016712188720703e-01
4.358530044555664062e-03 -3.266353011131286621e-01
4.119418263435363770e-01 -4.246076941490173340e-01
-4.758637547492980957e-01 -3.022838234901428223e-01
-4.859924316406250000e-02 1.674327254295349121e-01
3.561537265777587891e-01 3.038268685340881348e-01
5.081725120544433594e-02 1.925212740898132324e-01
-2.962570786476135254e-01 2.582625746726989746e-01
4.351840615272521973e-01 4.670361876487731934e-01
3.597986698150634766e-02 3.916944265365600586e-01
-3.772332072257995605e-01 5.539989471435546875e-02
-4.086933732032775879e-01 2.485119104385375977e-01
3.577661514282226562e-01 4.861899614334106445e-01
1.982110738754272461e-01 -2.789882421493530273e-01
9.313923120498657227e-02 -3.312038183212280273e-01
-3.710843324661254883e-01 1.771622896194458008e-01
4.479456543922424316e-01 -3.418633937835693359e-01
2.015044093132019043e-01 1.069831848144531250e-02
4.000399708747863770e-01 -2.078236937522888184e-01
-2.636480331420898438e-01 8.923965692520141602e-02
3.035857677459716797e-01 -1.741319894790649414e-02
-3.631377816200256348e-01 2.329469323158264160e-01
3.799431920051574707e-01 8.173787593841552734e-02
1.969181299209594727e-01 2.114452123641967773e-01
4.126334190368652344e-01 -4.515214562416076660e-01
3.438377380371093750e-02 -3.572346568107604980e-01
6.898403167724609375e-02 -3.010460138320922852e-01
-2.206389307975769043e-01 3.385825753211975098e-01
-4.942775368690490723e-01 -2.100837230682373047e-01
5.060327053070068359e-02 1.171284317970275879e-01
4.960746169090270996e-01 -2.462044358253479004e-01
3.899316191673278809e-01 1.083212494850158691e-01
-7.287430763244628906e-02 1.001209616661071777e-01
-4.347074031829833984e-02 3.884899616241455078e-02
3.698536157608032227e-01 9.014368057250976562e-03
-3.785090446472167969e-01 2.877936959266662598e-01
-1.727628707885742188e-01 1.322627067565917969e-03
4.129887223243713379e-01 -1.990823745727539062e-01
-3.589692115783691406e-01 3.387277722358703613e-01
-8.930957317352294922e-02 4.516444206237792969e-01
1.895084977149963379e-01 -2.832381129264831543e-01
4.817919135093688965e-01 4.124759435653686523e-01
-4.687345027923583984e-02 4.369707107543945312e-01
-8.072286844253540039e-02 1.145029067993164062e-02
-1.301817297935485840e-01 2.053837180137634277e-01
2.958070039749145508e-01 -3.290036916732788086e-01
3.470456600189208984e-02 4.529857039451599121e-01
-2.666748166084289551e-01 -8.469456434249877930e-02
-9.411376714706420898e-02 8.899211883544921875e-02
5.344867706298828125e-03 -2.002419829368591309e-01
-2.806445360183715820e-01 -2.982487082481384277e-01
-2.250761389732360840e-01 -3.566182255744934082e-01
-8.621555566787719727e-02 -9.430193901062011719e-02
3.205668926239013672e-02 -3.699417710304260254e-01
3.437806963920593262e-01 -1.875254511833190918e-01
1.499398350715637207e-01 -1.147921085357666016e-01
3.155993819236755371e-01 1.762076020240783691e-01
1.695815920829772949e-01 3.380600214004516602e-01
-3.133952617645263672e-01 -9.862285852432250977e-02
4.303926229476928711e-01 2.297044396400451660e-01
1.058716177940368652e-01 -2.870861291885375977e-01
8.677309751510620117e-02 -1.377725005149841309e-01
