4.417757093906402588e-01 7.251987457275390625e-01
3.214083611965179443e-01 6.936635375022888184e-01
4.439488053321838379e-01 6.137617230415344238e-01
5.059632658958435059e-01 5.911924839019775391e-01
2.518067955970764160e-01 6.721430420875549316e-01
4.341374635696411133e-01 7.182573080062866211e-01
3.500741720199584961e-01 6.695020198822021484e-01
3.663815557956695557e-01 6.781489253044128418e-01
2.682953774929046631e-01 6.149861216545104980e-01
4.748973846435546875e-01 5.921556353569030762e-01
1.994493305683135986e-01 6.713416576385498047e-01
3.790071010589599609e-01 6.861732602119445801e-01
3.987778425216674805e-01 6.373484134674072266e-01
5.004633069038391113e-01 6.123261451721191406e-01
3.525444865226745605e-01 6.365489959716796875e-01
3.893479406833648682e-01 6.390487551689147949e-01
4.554753005504608154e-01 6.606019139289855957e-01
3.219023942947387695e-01 6.547306776046752930e-01
3.555654883384704590e-01 6.556307077407836914e-01
3.526597023010253906e-01 6.393828988075256348e-01
3.010771572589874268e-01 6.006266474723815918e-01
4.512323737144470215e-01 6.358272433280944824e-01
2.779635488986968994e-01 6.716420650482177734e-01
4.050571322441101074e-01 6.208429932594299316e-01
3.849345147609710693e-01 6.474482417106628418e-01
3.801714479923248291e-01 6.831004619598388672e-01
2.239653170108795166e-01 7.107861638069152832e-01
2.208860963582992554e-01 6.292499899864196777e-01
3.436669409275054932e-01 7.239556312561035156e-01
1.972438991069793701e-01 7.271027565002441406e-01
5.158098340034484863e-01 6.308150887489318848e-01
3.595409393310546875e-01 6.748312115669250488e-01
4.167136847972869873e-01 6.431571245193481445e-01
3.957392275333404541e-01 7.255676984786987305e-01
4.150532782077789307e-01 7.147865295410156250e-01
3.197116851806640625e-01 6.260678768157958984e-01
4.023742079734802246e-01 7.178413271903991699e-01
2.354354560375213623e-01 6.385050415992736816e-01
4.671228826045989990e-01 6.110137104988098145e-01
4.217370450496673584e-01 6.361458897590637207e-01
4.547211229801177979e-01 6.407666206359863281e-01
3.212178349494934082e-01 5.581623315811157227e-01
3.836609721183776855e-01 6.598569750785827637e-01
3.444487750530242920e-01 6.787472963333129883e-01
4.537220001220703125e-01 6.618012189865112305e-01
2.231282293796539307e-01 7.428932189941406250e-01
4.458884298801422119e-01 6.760756373405456543e-01
2.365431189537048340e-01 7.016828060150146484e-01
3.891026675701141357e-01 6.530580520629882812e-01
3.590399622917175293e-01 6.772003173828125000e-01
3.507647216320037842e-01 6.484030485153198242e-01
2.977346181869506836e-01 6.571234464645385742e-01
2.002468258142471313e-01 6.968356370925903320e-01
4.769892692565917969e-01 5.694605112075805664e-01
3.539457917213439941e-01 6.560673713684082031e-01
4.795544445514678955e-01 6.191192269325256348e-01
4.676770567893981934e-01 6.497521400451660156e-01
4.401693940162658691e-01 6.129121184349060059e-01
4.668573737144470215e-01 6.299535036087036133e-01
3.320783972740173340e-01 6.783549785614013672e-01
3.554662764072418213e-01 6.537199616432189941e-01
5.400632619857788086e-01 5.531160235404968262e-01
4.569134712219238281e-01 6.873714923858642578e-01
4.397156536579132080e-01 6.645069718360900879e-01
4.143196046352386475e-01 5.844877362251281738e-01
3.046011328697204590e-01 6.616693735122680664e-01
4.023887813091278076e-01 7.305321693420410156e-01
4.606591761112213135e-01 5.559957623481750488e-01
2.778222560882568359e-01 6.236767172813415527e-01
4.793675839900970459e-01 6.918063163757324219e-01
3.229987919330596924e-01 6.577204465866088867e-01
5.640149712562561035e-01 6.175115704536437988e-01
3.106853067874908447e-01 7.171460390090942383e-01
2.351970374584197998e-01 7.476409077644348145e-01
4.059255421161651611e-01 6.206064820289611816e-01
2.056662738323211670e-01 6.771388053894042969e-01
2.675777077674865723e-01 6.250187754631042480e-01
2.633876800537109375e-01 6.012409329414367676e-01
3.278421461582183838e-01 6.294938921928405762e-01
3.072547912597656250e-01 6.578066349029541016e-01
4.115005433559417725e-01 6.491746902465820312e-01
4.577105343341827393e-01 5.623922348022460938e-01
2.615139484405517578e-01 5.622439980506896973e-01
3.436012566089630127e-01 6.558281183242797852e-01
2.021729946136474609e-01 6.442279219627380371e-01
4.176704883575439453e-01 6.419208645820617676e-01
3.516029119491577148e-01 6.583296656608581543e-01
4.796727895736694336e-01 7.014208436012268066e-01
2.533213794231414795e-01 6.847049593925476074e-01
5.558072924613952637e-01 5.612267255783081055e-01
4.992149174213409424e-01 6.135855317115783691e-01
1.835723519325256348e-01 6.409816741943359375e-01
3.942552208900451660e-01 6.475495696067810059e-01
2.395934015512466431e-01 5.162748098373413086e-01
3.680024743080139160e-01 6.385852694511413574e-01
4.129660725593566895e-01 6.045589447021484375e-01
4.762207269668579102e-01 6.613201498985290527e-01
2.748640477657318115e-01 6.450877189636230469e-01
2.067123651504516602e-01 6.662583947181701660e-01
2.679605484008789062e-01 6.427549123764038086e-01
4.129287004470825195e-01 6.263793706893920898e-01
4.143575727939605713e-01 6.891036033630371094e-01
3.698710501194000244e-01 6.523231267929077148e-01
4.528195559978485107e-01 7.055110931396484375e-01
5.068042278289794922e-01 6.518880128860473633e-01
3.369358479976654053e-01 6.825430989265441895e-01
5.466057062149047852e-01 5.659594535827636719e-01
4.249479174613952637e-01 6.964801549911499023e-01
3.043226301670074463e-01 6.382888555526733398e-01
3.947439491748809814e-01 6.265276074409484863e-01
4.372010827064514160e-01 6.283789873123168945e-01
4.528337717056274414e-01 6.114533543586730957e-01
4.706913232803344727e-01 6.235052943229675293e-01
4.027007222175598145e-01 5.973805189132690430e-01
2.972555160522460938e-01 7.280579209327697754e-01
3.000243902206420898e-01 6.714248657226562500e-01
4.286835193634033203e-01 6.075725555419921875e-01
2.817942500114440918e-01 7.125097513198852539e-01
2.775819003582000732e-01 6.308458447456359863e-01
2.510817050933837891e-01 6.279464960098266602e-01
4.527295231819152832e-01 6.311847567558288574e-01
4.426763951778411865e-01 6.448767781257629395e-01
1.990269869565963745e-01 6.547559499740600586e-01
2.358859479427337646e-01 6.865118145942687988e-01
4.509656429290771484e-01 6.971459984779357910e-01
2.394740432500839233e-01 6.847503781318664551e-01
3.368187546730041504e-01 6.272018551826477051e-01
2.466881424188613892e-01 5.654696226119995117e-01
4.570108354091644287e-01 6.338576078414916992e-01
4.447462856769561768e-01 6.148838400840759277e-01
4.832521677017211914e-01 6.510229110717773438e-01
1.890488862991333008e-01 5.481420755386352539e-01
3.866843879222869873e-01 6.703642606735229492e-01
3.101370036602020264e-01 6.663511991500854492e-01
4.363622665405273438e-01 6.464691758155822754e-01
3.370960652828216553e-01 6.841716170310974121e-01
4.425207078456878662e-01 6.286284923553466797e-01
2.672174274921417236e-01 6.567818522453308105e-01
4.161557257175445557e-01 6.181650757789611816e-01
2.776545584201812744e-01 6.503117680549621582e-01
2.246225625276565552e-01 7.147215604782104492e-01
3.124658465385437012e-01 6.447196006774902344e-01
5.101710557937622070e-01 5.726241469383239746e-01
3.167874515056610107e-01 6.588773131370544434e-01
5.101503133773803711e-01 6.185278296470642090e-01
2.861983180046081543e-01 6.964816451072692871e-01
3.661055862903594971e-01 6.578648090362548828e-01
2.654301524162292480e-01 6.042586565017700195e-01
3.575932979583740234e-01 6.529865860939025879e-01
2.669370174407958984e-01 6.135316491127014160e-01
4.378066956996917725e-01 6.442164778709411621e-01
4.046722650527954102e-01 6.320013403892517090e-01
3.632721900939941406e-01 5.827796459197998047e-01
4.858616888523101807e-01 6.436980366706848145e-01
4.961852133274078369e-01 6.429305672645568848e-01
3.327333927154541016e-01 6.515977978706359863e-01
4.178104400634765625e-01 6.112891435623168945e-01
4.255183637142181396e-01 6.977581977844238281e-01
4.517026245594024658e-01 6.336222290992736816e-01
5.144488215446472168e-01 5.422718524932861328e-01
3.847374618053436279e-01 6.951720714569091797e-01
3.565822243690490723e-01 6.387960910797119141e-01
4.624183177947998047e-01 5.817245841026306152e-01
4.501533210277557373e-01 6.204706430435180664e-01
2.027169913053512573e-01 6.304786801338195801e-01
2.883043289184570312e-01 5.662249922752380371e-01
5.053161978721618652e-01 6.552907824516296387e-01
5.275622010231018066e-01 5.392465591430664062e-01
5.067117810249328613e-01 6.044037938117980957e-01
3.944078981876373291e-01 6.252726316452026367e-01
3.260859251022338867e-01 6.904332637786865234e-01
2.226982116699218750e-01 7.263039350509643555e-01
3.962240219116210938e-01 6.516450643539428711e-01
5.236930847167968750e-01 5.803985595703125000e-01
2.648717164993286133e-01 6.664835810661315918e-01
5.463210940361022949e-01 6.310891509056091309e-01
4.236587584018707275e-01 5.982439517974853516e-01
5.420770049095153809e-01 5.896825194358825684e-01
4.597123265266418457e-01 5.491604208946228027e-01
3.626264333724975586e-01 6.498543024063110352e-01
5.542770624160766602e-01 5.401702523231506348e-01
4.567015171051025391e-01 6.431118249893188477e-01
3.235259950160980225e-01 6.030026674270629883e-01
3.415476679801940918e-01 6.812113523483276367e-01
2.937377095222473145e-01 7.041773796081542969e-01
4.150226414203643799e-01 6.296781301498413086e-01
3.783452212810516357e-01 6.713117361068725586e-01
2.315465360879898071e-01 6.209847927093505859e-01
3.480782508850097656e-01 5.936398506164550781e-01
2.718228101730346680e-01 6.000765562057495117e-01
2.970894575119018555e-01 5.691773891448974609e-01
4.056015908718109131e-01 6.219078302383422852e-01
3.353247344493865967e-01 5.762185454368591309e-01
2.647980451583862305e-01 7.608442306518554688e-01
2.362523525953292847e-01 6.597113013267517090e-01
2.129365503787994385e-01 5.491972565650939941e-01
2.787961661815643311e-01 5.538960695266723633e-01
2.285178005695343018e-01 6.163449883460998535e-01
3.923797607421875000e-01 6.620416045188903809e-01
3.526622056961059570e-01 6.737154126167297363e-01
3.127147853374481201e-01 6.232098340988159180e-01
4.392443895339965820e-01 5.975098013877868652e-01
3.251877427101135254e-01 6.491271257400512695e-01
4.183657169342041016e-01 6.701783537864685059e-01
3.292753696441650391e-01 6.536524891853332520e-01
3.983660042285919189e-01 6.678089499473571777e-01
4.916231036186218262e-01 6.650432944297790527e-01
4.896554052829742432e-01 5.889971256256103516e-01
3.161766529083251953e-01 6.441458463668823242e-01
4.495174586772918701e-01 6.544612050056457520e-01
3.646765053272247314e-01 6.269426345825195312e-01
4.221388995647430420e-01 7.049260735511779785e-01
3.295883834362030029e-01 6.253453493118286133e-01
4.185640215873718262e-01 5.936862826347351074e-01
3.298008143901824951e-01 6.395069360733032227e-01
5.033776760101318359e-01 6.377965211868286133e-01
2.838056683540344238e-01 6.430018544197082520e-01
2.493129223585128784e-01 6.225661635398864746e-01
2.794713973999023438e-01 5.785754323005676270e-01
2.658323943614959717e-01 6.658514738082885742e-01
3.121697008609771729e-01 6.427066326141357422e-01
2.166732996702194214e-01 5.904309153556823730e-01
3.965723812580108643e-01 6.523842215538024902e-01
4.455658495426177979e-01 6.329253911972045898e-01
3.780789077281951904e-01 6.893878579139709473e-01
3.900542855262756348e-01 5.549062490463256836e-01
4.204935729503631592e-01 6.822511553764343262e-01
3.947288393974304199e-01 6.620223522186279297e-01
4.946804642677307129e-01 6.024909019470214844e-01
3.068213462829589844e-01 6.227893233299255371e-01
4.441357254981994629e-01 5.949476361274719238e-01
4.241160154342651367e-01 6.850023269653320312e-01
3.769555389881134033e-01 6.927807927131652832e-01
2.317311316728591919e-01 5.642979145050048828e-01
4.111229777336120605e-01 6.127912998199462891e-01
4.936879575252532959e-01 5.562517046928405762e-01
3.801149725914001465e-01 6.460036039352416992e-01
3.919987678527832031e-01 6.948766112327575684e-01
2.598956227302551270e-01 7.226739525794982910e-01
3.809257447719573975e-01 6.358606815338134766e-01
4.387933909893035889e-01 6.680721640586853027e-01
4.963559210300445557e-01 5.924925208091735840e-01
4.503978788852691650e-01 6.332349181175231934e-01
2.052516490221023560e-01 6.294116973876953125e-01
3.286547064781188965e-01 6.795322299003601074e-01
3.211259245872497559e-01 6.338896751403808594e-01
2.768711447715759277e-01 6.262673735618591309e-01
4.610359072685241699e-01 6.282138824462890625e-01
4.130878150463104248e-01 6.101327538490295410e-01
3.680471479892730713e-01 7.070610523223876953e-01
2.800146341323852539e-01 5.917315483093261719e-01
2.942799031734466553e-01 6.487830877304077148e-01
4.380594491958618164e-01 6.541020274162292480e-01
3.456256091594696045e-01 5.914167165756225586e-01
2.564370632171630859e-01 6.168709993362426758e-01
4.354105889797210693e-01 5.903744697570800781e-01
5.775014758110046387e-01 5.773327946662902832e-01
5.436248183250427246e-01 5.836656689643859863e-01
4.147730171680450439e-01 6.872384548187255859e-01
2.381346225738525391e-01 6.091417670249938965e-01
3.996807932853698730e-01 5.697201490402221680e-01
3.672379255294799805e-01 6.431269049644470215e-01
4.283736944198608398e-01 6.194794774055480957e-01
4.976260364055633545e-01 5.995047688484191895e-01
3.272704482078552246e-01 6.109191179275512695e-01
4.034925699234008789e-01 6.543845534324645996e-01
4.228383600711822510e-01 6.228440999984741211e-01
4.233434796333312988e-01 6.066290736198425293e-01
3.200390934944152832e-01 6.363170742988586426e-01
4.020745754241943359e-01 6.075330972671508789e-01
3.177584707736968994e-01 7.238861322402954102e-01
3.690377175807952881e-01 6.797832250595092773e-01
5.137409567832946777e-01 5.594140291213989258e-01
4.718168675899505615e-01 6.778577566146850586e-01
2.575270533561706543e-01 5.442397594451904297e-01
3.578003942966461182e-01 5.290625691413879395e-01
4.872345626354217529e-01 6.640200018882751465e-01
4.035314619541168213e-01 6.057628989219665527e-01
3.101562559604644775e-01 5.443391203880310059e-01
4.309392273426055908e-01 6.341850757598876953e-01
2.452709972858428955e-01 6.014046669006347656e-01
3.410357832908630371e-01 5.979321599006652832e-01
2.739544808864593506e-01 5.477290153503417969e-01
4.700793027877807617e-01 6.053932905197143555e-01
3.039032816886901855e-01 6.901674270629882812e-01
3.587099313735961914e-01 6.369233131408691406e-01
2.954217791557312012e-01 7.061460614204406738e-01
4.653443992137908936e-01 6.330249309539794922e-01
4.649395048618316650e-01 5.803728699684143066e-01
4.376530647277832031e-01 6.410611867904663086e-01
2.378036230802536011e-01 6.038086414337158203e-01
4.896163046360015869e-01 5.472088456153869629e-01
4.385133385658264160e-01 5.867329239845275879e-01
4.626032710075378418e-01 6.626477837562561035e-01
4.241089522838592529e-01 5.836012959480285645e-01
2.906756699085235596e-01 6.091763377189636230e-01
4.499578773975372314e-01 6.168446540832519531e-01
3.426750004291534424e-01 6.613817811012268066e-01
4.517189562320709229e-01 6.703827381134033203e-01
4.512285292148590088e-01 6.256550550460815430e-01
3.589404821395874023e-01 6.712770462036132812e-01
2.142317146062850952e-01 6.122678518295288086e-01
4.318899512290954590e-01 5.801140069961547852e-01
4.361989498138427734e-01 5.851750969886779785e-01
2.980422973632812500e-01 6.974844932556152344e-01
3.241528272628784180e-01 5.739784240722656250e-01
2.953456044197082520e-01 6.377658843994140625e-01
4.172297716140747070e-01 5.281760096549987793e-01
3.797552287578582764e-01 6.655474305152893066e-01
3.174079060554504395e-01 5.445552468299865723e-01
4.498655200004577637e-01 5.774784684181213379e-01
5.390943288803100586e-01 5.648522377014160156e-01
2.200181186199188232e-01 6.326273679733276367e-01
3.966556787490844727e-01 6.366242766380310059e-01
4.831984043121337891e-01 5.896484851837158203e-01
3.551161885261535645e-01 6.794030070304870605e-01
4.816734194755554199e-01 6.216980814933776855e-01
3.121685087680816650e-01 6.542050242424011230e-01
3.191633522510528564e-01 6.189547181129455566e-01
5.155826807022094727e-01 5.587184429168701172e-01
3.911370635032653809e-01 6.437949538230895996e-01
2.823899984359741211e-01 6.210017800331115723e-01
4.343667328357696533e-01 6.652974486351013184e-01
3.935977220535278320e-01 6.419726014137268066e-01
4.902716279029846191e-01 5.505900382995605469e-01
4.693219959735870361e-01 5.360659956932067871e-01
4.309119284152984619e-01 6.662250757217407227e-01
3.160671889781951904e-01 5.962401032447814941e-01
2.662162184715270996e-01 6.930904388427734375e-01
4.034955501556396484e-01 6.405960321426391602e-01
4.374651610851287842e-01 6.134061217308044434e-01
5.493099093437194824e-01 6.103888154029846191e-01
4.333486855030059814e-01 5.845425128936767578e-01
4.657544195652008057e-01 6.308903694152832031e-01
4.144375920295715332e-01 6.441196799278259277e-01
4.831588566303253174e-01 6.585386395454406738e-01
4.191462993621826172e-01 6.052356362342834473e-01
4.604561030864715576e-01 7.009264230728149414e-01
4.659003019332885742e-01 5.685747861862182617e-01
3.929849267005920410e-01 6.089151501655578613e-01
2.798644304275512695e-01 6.363987922668457031e-01
3.884824514389038086e-01 5.693195462226867676e-01
4.463702738285064697e-01 5.722702145576477051e-01
4.084915816783905029e-01 5.571714639663696289e-01
3.237733840942382812e-01 5.566729307174682617e-01
3.164639770984649658e-01 6.049262285232543945e-01
4.015204608440399170e-01 6.234586834907531738e-01
3.158935308456420898e-01 6.385989785194396973e-01
3.619792163372039795e-01 6.211949586868286133e-01
2.725860774517059326e-01 6.729004979133605957e-01
4.123163819313049316e-01 6.887915134429931641e-01
4.108767807483673096e-01 6.062473058700561523e-01
4.253398776054382324e-01 5.481204986572265625e-01
3.814813196659088135e-01 6.261734962463378906e-01
5.134961009025573730e-01 5.975525975227355957e-01
2.804964482784271240e-01 6.098605990409851074e-01
4.537737369537353516e-01 5.885735750198364258e-01
5.572847127914428711e-01 5.408113598823547363e-01
2.842849791049957275e-01 5.264942646026611328e-01
3.569043874740600586e-01 6.737371683120727539e-01
4.800123572349548340e-01 5.763562917709350586e-01
4.244245588779449463e-01 6.515300869941711426e-01
4.342238008975982666e-01 6.463905572891235352e-01
5.378953218460083008e-01 6.189351677894592285e-01
3.646709918975830078e-01 6.349360942840576172e-01
4.564113318920135498e-01 6.846166253089904785e-01
4.686450958251953125e-01 6.162752509117126465e-01
2.718515396118164062e-01 6.270487308502197266e-01
4.401249587535858154e-01 6.056458353996276855e-01
4.054649472236633301e-01 6.676487326622009277e-01
3.888530433177947998e-01 6.439169645309448242e-01
3.204569518566131592e-01 6.237002611160278320e-01
4.392092227935791016e-01 6.201475262641906738e-01
5.076165199279785156e-01 5.708920359611511230e-01
3.933573067188262939e-01 6.339370608329772949e-01
4.532552659511566162e-01 6.458325386047363281e-01
4.390428662300109863e-01 5.956645607948303223e-01
5.467278361320495605e-01 5.803498029708862305e-01
3.497521281242370605e-01 6.193206906318664551e-01
5.102169513702392578e-01 5.397033095359802246e-01
4.975674152374267578e-01 5.850424766540527344e-01
3.032932579517364502e-01 6.066159009933471680e-01
4.642776846885681152e-01 5.816595554351806641e-01
4.410080611705780029e-01 6.390946507453918457e-01
3.409852981567382812e-01 6.271355152130126953e-01
3.840731084346771240e-01 6.101927161216735840e-01
4.433289468288421631e-01 6.405129432678222656e-01
3.965283036231994629e-01 6.022666692733764648e-01
3.663850724697113037e-01 5.729253292083740234e-01
4.615193307399749756e-01 5.500482916831970215e-01
2.500459253787994385e-01 6.153903007507324219e-01
5.053928494453430176e-01 5.271975398063659668e-01
5.389490127563476562e-01 6.216287016868591309e-01
4.939013123512268066e-01 5.597290992736816406e-01
4.662003219127655029e-01 6.438770890235900879e-01
4.594131410121917725e-01 6.797641515731811523e-01
4.693643450736999512e-01 7.007706165313720703e-01
3.356608450412750244e-01 5.746268033981323242e-01
5.369030237197875977e-01 6.472547650337219238e-01
2.753828465938568115e-01 6.169722080230712891e-01
3.996329903602600098e-01 6.397083997726440430e-01
3.927009999752044678e-01 5.995543599128723145e-01
2.974063754081726074e-01 5.677709579467773438e-01
4.111831486225128174e-01 5.759267807006835938e-01
4.583409428596496582e-01 6.558794975280761719e-01
4.307561218738555908e-01 5.971133112907409668e-01
4.471704363822937012e-01 6.215067505836486816e-01
2.909065485000610352e-01 6.496340036392211914e-01
3.602115511894226074e-01 5.834466814994812012e-01
3.112174868583679199e-01 5.456959009170532227e-01
3.953718543052673340e-01 5.813838839530944824e-01
2.554318606853485107e-01 6.560008525848388672e-01
4.215994179248809814e-01 5.637288689613342285e-01
4.422685801982879639e-01 6.328743100166320801e-01
3.511825203895568848e-01 5.992571115493774414e-01
3.466750681400299072e-01 6.368709802627563477e-01
3.670127391815185547e-01 5.954699516296386719e-01
5.236443281173706055e-01 6.369158625602722168e-01
4.985555112361907959e-01 6.207420229911804199e-01
3.008516430854797363e-01 5.717478394508361816e-01
3.033879101276397705e-01 5.982211828231811523e-01
3.174299299716949463e-01 5.848578214645385742e-01
4.379852712154388428e-01 5.701473355293273926e-01
3.060161173343658447e-01 6.250276565551757812e-01
2.889856100082397461e-01 6.060131192207336426e-01
3.448298871517181396e-01 6.306902170181274414e-01
4.131270647048950195e-01 6.202346682548522949e-01
3.346509039402008057e-01 6.368046402931213379e-01
3.265802562236785889e-01 6.127185225486755371e-01
5.261900424957275391e-01 5.976833701133728027e-01
4.974827766418457031e-01 5.426561236381530762e-01
3.593562245368957520e-01 6.407940387725830078e-01
4.872089326381683350e-01 5.587874650955200195e-01
5.038064122200012207e-01 5.843405127525329590e-01
4.168008565902709961e-01 5.912241935729980469e-01
4.139959812164306641e-01 5.905653238296508789e-01
5.436770915985107422e-01 6.104918718338012695e-01
5.997428297996520996e-01 5.384262204170227051e-01
3.955795466899871826e-01 5.854233503341674805e-01
3.550628721714019775e-01 5.956566929817199707e-01
2.957145571708679199e-01 4.730854630470275879e-01
4.131400287151336670e-01 5.543845295906066895e-01
4.779295325279235840e-01 7.043520212173461914e-01
4.297331869602203369e-01 6.544678211212158203e-01
5.646466612815856934e-01 5.761825442314147949e-01
5.321142077445983887e-01 6.382542252540588379e-01
3.226248621940612793e-01 5.949739217758178711e-01
2.498450279235839844e-01 6.160195469856262207e-01
2.349828034639358521e-01 5.607416629791259766e-01
4.357433021068572998e-01 6.013783216476440430e-01
5.061530470848083496e-01 5.810405015945434570e-01
3.449266850948333740e-01 6.756392121315002441e-01
3.042300939559936523e-01 6.277014017105102539e-01
5.589428544044494629e-01 5.531695485115051270e-01
5.923511385917663574e-01 5.295253992080688477e-01
4.247985482215881348e-01 5.653323531150817871e-01
4.024958312511444092e-01 5.415485501289367676e-01
3.740656971931457520e-01 6.232308149337768555e-01
3.660690784454345703e-01 5.919586420059204102e-01
3.063784837722778320e-01 6.026009321212768555e-01
5.439940094947814941e-01 5.971446633338928223e-01
3.867502510547637939e-01 6.579903960227966309e-01
5.163047313690185547e-01 6.086306571960449219e-01
3.181025981903076172e-01 6.363772153854370117e-01
4.311804473400115967e-01 6.045103669166564941e-01
3.937797248363494873e-01 6.609377861022949219e-01
3.835448622703552246e-01 6.085638403892517090e-01
3.970211148262023926e-01 5.768119692802429199e-01
3.843237459659576416e-01 6.364438533782958984e-01
2.679739892482757568e-01 6.336521506309509277e-01
4.301499724388122559e-01 6.057604551315307617e-01
4.637812674045562744e-01 6.099581122398376465e-01
3.240343332290649414e-01 6.030911803245544434e-01
5.038423538208007812e-01 5.605271458625793457e-01
3.308271765708923340e-01 5.667154788970947266e-01
3.446170389652252197e-01 7.183412909507751465e-01
4.399436414241790771e-01 5.784816145896911621e-01
3.666349947452545166e-01 5.978398323059082031e-01
3.387183248996734619e-01 6.349371671676635742e-01
4.927502572536468506e-01 6.493279933929443359e-01
3.987365663051605225e-01 5.681471824645996094e-01
2.880864441394805908e-01 6.410835385322570801e-01
5.612108707427978516e-01 6.074648499488830566e-01
4.543780684471130371e-01 6.315099000930786133e-01
3.003652989864349365e-01 6.385512351989746094e-01
4.451753497123718262e-01 6.495112776756286621e-01
4.916011393070220947e-01 6.221311688423156738e-01
3.166317939758300781e-01 5.108784437179565430e-01
4.074840843677520752e-01 6.180152893066406250e-01
4.154386520385742188e-01 5.667612552642822266e-01
4.868904352188110352e-01 5.738458037376403809e-01
3.636591434478759766e-01 5.936759114265441895e-01
4.237912297248840332e-01 6.122527122497558594e-01
4.964882135391235352e-01 5.526341199874877930e-01
5.053854584693908691e-01 5.725008249282836914e-01
2.933606207370758057e-01 5.758404731750488281e-01
3.922263383865356445e-01 6.766543388366699219e-01
4.153231084346771240e-01 5.876023173332214355e-01
4.204306602478027344e-01 6.275947093963623047e-01
4.539882540702819824e-01 5.116816163063049316e-01
4.953835606575012207e-01 6.045151352882385254e-01
3.773326575756072998e-01 5.791049003601074219e-01
4.815410971641540527e-01 5.713935494422912598e-01
4.030416905879974365e-01 5.500765442848205566e-01
3.399763107299804688e-01 6.017121672630310059e-01
4.992213249206542969e-01 5.365136265754699707e-01
4.152534604072570801e-01 5.490155220031738281e-01
2.317081540822982788e-01 5.030925869941711426e-01
4.333773553371429443e-01 5.640366673469543457e-01
3.564305901527404785e-01 5.947290658950805664e-01
3.366791307926177979e-01 5.960202217102050781e-01
3.472434580326080322e-01 6.864064335823059082e-01
3.217956125736236572e-01 5.520617365837097168e-01
3.725316822528839111e-01 5.669389367103576660e-01
3.889552652835845947e-01 5.540059804916381836e-01
3.055098950862884521e-01 5.680145025253295898e-01
3.934412598609924316e-01 5.935026407241821289e-01
2.322792261838912964e-01 6.115911602973937988e-01
4.352208673954010010e-01 5.674976706504821777e-01
5.066946744918823242e-01 5.825775861740112305e-01
4.523951113224029541e-01 5.182576179504394531e-01
2.813885211944580078e-01 7.249981164932250977e-01
4.211181700229644775e-01 5.987937450408935547e-01
3.003703057765960693e-01 6.158189773559570312e-01
4.803692102432250977e-01 5.370408892631530762e-01
4.092514812946319580e-01 5.721831917762756348e-01
3.342196941375732422e-01 6.906210184097290039e-01
3.266025781631469727e-01 6.960577964782714844e-01
2.973015606403350830e-01 5.614922642707824707e-01
4.742159843444824219e-01 5.424161553382873535e-01
3.956812024116516113e-01 5.985860824584960938e-01
3.646855652332305908e-01 5.340756773948669434e-01
5.445870161056518555e-01 5.074915289878845215e-01
1.987735033035278320e-01 6.028480529785156250e-01
3.915754258632659912e-01 6.548231244087219238e-01
2.977749109268188477e-01 5.679670572280883789e-01
4.708453416824340820e-01 6.473125219345092773e-01
2.430858463048934937e-01 5.982012748718261719e-01
4.983935356140136719e-01 6.304018497467041016e-01
5.011085271835327148e-01 5.783371925354003906e-01
3.414689004421234131e-01 6.626870036125183105e-01
3.770371079444885254e-01 5.282846689224243164e-01
4.578794836997985840e-01 6.002096533775329590e-01
5.432369709014892578e-01 5.404248237609863281e-01
3.650016486644744873e-01 6.511735320091247559e-01
3.609390258789062500e-01 6.194383502006530762e-01
4.989246129989624023e-01 5.773839354515075684e-01
2.921243309974670410e-01 5.754960775375366211e-01
2.940222322940826416e-01 5.660527944564819336e-01
5.596824288368225098e-01 5.780069828033447266e-01
4.110581576824188232e-01 6.133840084075927734e-01
2.560724318027496338e-01 6.119207739830017090e-01
4.973927438259124756e-01 5.295611023902893066e-01
4.629703462123870850e-01 5.245803594589233398e-01
4.693315029144287109e-01 6.394622921943664551e-01
4.306229352951049805e-01 6.249435544013977051e-01
3.261398375034332275e-01 5.917164087295532227e-01
4.623261690139770508e-01 5.468731522560119629e-01
3.973577320575714111e-01 6.172777414321899414e-01
2.250735163688659668e-01 5.873656868934631348e-01
4.279347658157348633e-01 5.824989676475524902e-01
3.834388852119445801e-01 6.116245388984680176e-01
2.640364468097686768e-01 6.276273131370544434e-01
4.313851296901702881e-01 5.939310193061828613e-01
3.350991606712341309e-01 6.427024602890014648e-01
3.084733784198760986e-01 6.916053295135498047e-01
5.612552165985107422e-01 5.560002326965332031e-01
4.267103075981140137e-01 5.842149853706359863e-01
4.479508996009826660e-01 5.922605991363525391e-01
4.879458248615264893e-01 5.478577017784118652e-01
3.631991147994995117e-01 4.770030081272125244e-01
4.897545874118804932e-01 6.136734485626220703e-01
4.411849081516265869e-01 6.183642148971557617e-01
4.795238077640533447e-01 5.237511992454528809e-01
4.565747678279876709e-01 5.940452218055725098e-01
4.817815721035003662e-01 5.173658728599548340e-01
4.951156377792358398e-01 5.836419463157653809e-01
4.075132906436920166e-01 5.863378643989562988e-01
3.908293545246124268e-01 5.628005862236022949e-01
4.555078744888305664e-01 5.168411135673522949e-01
2.489336431026458740e-01 6.233087778091430664e-01
6.297173500061035156e-01 5.232555270195007324e-01
2.592177987098693848e-01 5.415720343589782715e-01
4.816927015781402588e-01 5.380243062973022461e-01
4.168253839015960693e-01 6.293664574623107910e-01
5.222607254981994629e-01 5.120130181312561035e-01
3.397189080715179443e-01 6.509489417076110840e-01
4.692454338073730469e-01 5.706800818443298340e-01
3.132717907428741455e-01 5.689301490783691406e-01
5.548851490020751953e-01 5.642622709274291992e-01
4.052304923534393311e-01 5.284651517868041992e-01
5.210818052291870117e-01 5.343692302703857422e-01
5.066658258438110352e-01 5.327420830726623535e-01
3.127847611904144287e-01 5.891982316970825195e-01
4.775366187095642090e-01 5.627118945121765137e-01
4.139797091484069824e-01 5.535712242126464844e-01
4.668583273887634277e-01 5.293448567390441895e-01
4.800783395767211914e-01 4.866026639938354492e-01
5.670307278633117676e-01 4.769891798496246338e-01
3.385001718997955322e-01 5.927306413650512695e-01
5.162807106971740723e-01 6.634396910667419434e-01
3.054892718791961670e-01 5.854476690292358398e-01
4.411773383617401123e-01 5.586455464363098145e-01
4.932611882686614990e-01 5.846266746520996094e-01
5.658876895904541016e-01 5.291675329208374023e-01
4.072241485118865967e-01 5.235979557037353516e-01
5.697211027145385742e-01 6.163223385810852051e-01
4.376889467239379883e-01 5.759384036064147949e-01
5.509818196296691895e-01 5.724502801895141602e-01
4.147636890411376953e-01 6.103378534317016602e-01
4.655410349369049072e-01 5.711461901664733887e-01
3.877627849578857422e-01 5.872855186462402344e-01
4.091019928455352783e-01 5.861455798149108887e-01
3.181948661804199219e-01 5.574033260345458984e-01
4.522619843482971191e-01 5.740985274314880371e-01
5.489913225173950195e-01 6.096686720848083496e-01
4.642194509506225586e-01 5.642799139022827148e-01
5.248254537582397461e-01 5.285882949829101562e-01
4.783369302749633789e-01 5.662131905555725098e-01
5.027314424514770508e-01 6.136345863342285156e-01
5.268526673316955566e-01 5.610257983207702637e-01
4.775708615779876709e-01 5.515499114990234375e-01
4.436941742897033691e-01 5.798365473747253418e-01
2.783249020576477051e-01 5.707653164863586426e-01
4.919542670249938965e-01 6.126048564910888672e-01
3.889288306236267090e-01 4.834954440593719482e-01
4.748490452766418457e-01 5.562851428985595703e-01
5.607587695121765137e-01 5.481456518173217773e-01
2.453549802303314209e-01 5.756841897964477539e-01
3.424201607704162598e-01 5.799137949943542480e-01
4.516034424304962158e-01 6.059990525245666504e-01
4.007749855518341064e-01 5.603560209274291992e-01
4.257668852806091309e-01 6.024477481842041016e-01
4.053209722042083740e-01 5.719223022460937500e-01
4.884716570377349854e-01 5.025065541267395020e-01
4.371114075183868408e-01 5.592951774597167969e-01
5.829353928565979004e-01 5.470497608184814453e-01
3.227828443050384521e-01 6.136626005172729492e-01
5.395362973213195801e-01 5.974198579788208008e-01
4.315437972545623779e-01 5.436095595359802246e-01
3.362889885902404785e-01 5.330402255058288574e-01
6.168135404586791992e-01 5.241601467132568359e-01
5.602396726608276367e-01 5.422485470771789551e-01
4.470936059951782227e-01 5.628495812416076660e-01
3.540941178798675537e-01 5.845738053321838379e-01
4.789126515388488770e-01 6.129714846611022949e-01
4.413048028945922852e-01 5.420675873756408691e-01
4.592272937297821045e-01 6.019453406333923340e-01
4.173603951930999756e-01 5.459799766540527344e-01
3.765355348587036133e-01 5.898939967155456543e-01
4.857913553714752197e-01 6.417548656463623047e-01
4.039489924907684326e-01 5.478696823120117188e-01
3.972743749618530273e-01 5.582839250564575195e-01
5.088611245155334473e-01 5.454556345939636230e-01
3.237561881542205811e-01 5.481737256050109863e-01
6.054152846336364746e-01 5.443776249885559082e-01
4.329567551612854004e-01 5.836098790168762207e-01
4.215430617332458496e-01 5.700830221176147461e-01
3.409439027309417725e-01 5.655069947242736816e-01
4.239468872547149658e-01 6.007981300354003906e-01
4.108914136886596680e-01 5.840035080909729004e-01
4.896939396858215332e-01 5.945313572883605957e-01
5.298606157302856445e-01 5.975604653358459473e-01
5.206760764122009277e-01 6.155610680580139160e-01
2.847175896167755127e-01 6.841476559638977051e-01
3.635701835155487061e-01 5.523284077644348145e-01
3.879395127296447754e-01 5.655911564826965332e-01
3.166990876197814941e-01 5.199467539787292480e-01
4.469174146652221680e-01 5.551947951316833496e-01
4.387041032314300537e-01 5.789123177528381348e-01
6.092883348464965820e-01 5.496796369552612305e-01
5.231483578681945801e-01 5.614476203918457031e-01
6.223943829536437988e-01 5.285838246345520020e-01
5.959468483924865723e-01 5.355964303016662598e-01
3.055330216884613037e-01 6.707239151000976562e-01
5.701516866683959961e-01 5.792915821075439453e-01
4.774236977100372314e-01 5.541847944259643555e-01
4.114794731140136719e-01 5.622882246971130371e-01
3.347153961658477783e-01 5.905071496963500977e-01
4.422422349452972412e-01 5.826381444931030273e-01
3.559915125370025635e-01 5.410002470016479492e-01
3.271425962448120117e-01 5.450689792633056641e-01
4.388801157474517822e-01 5.883564352989196777e-01
5.155034065246582031e-01 5.221627354621887207e-01
2.995892763137817383e-01 5.601506829261779785e-01
4.845366179943084717e-01 5.410103201866149902e-01
5.368283987045288086e-01 5.459254384040832520e-01
3.367721438407897949e-01 5.159958004951477051e-01
5.702585577964782715e-01 6.325294971466064453e-01
4.930067658424377441e-01 5.451265573501586914e-01
3.927418291568756104e-01 6.392985582351684570e-01
4.917487502098083496e-01 5.021714568138122559e-01
5.050901770591735840e-01 5.873193740844726562e-01
4.984152317047119141e-01 6.204106807708740234e-01
3.876592218875885010e-01 5.285934805870056152e-01
4.092459082603454590e-01 5.077964067459106445e-01
4.358865618705749512e-01 5.809159874916076660e-01
5.363540053367614746e-01 5.095806121826171875e-01
5.526978969573974609e-01 7.076801657676696777e-01
5.154965519905090332e-01 5.516575574874877930e-01
4.359988272190093994e-01 5.134737491607666016e-01
5.074930191040039062e-01 5.573084950447082520e-01
3.991723656654357910e-01 5.939558148384094238e-01
3.133175969123840332e-01 6.612345576286315918e-01
4.982728064060211182e-01 6.127011775970458984e-01
4.239192306995391846e-01 5.420693755149841309e-01
5.378691554069519043e-01 5.998166799545288086e-01
3.674238622188568115e-01 5.928996801376342773e-01
4.972701370716094971e-01 5.417629480361938477e-01
4.411398768424987793e-01 5.419445633888244629e-01
3.180755972862243652e-01 5.501714944839477539e-01
4.883504211902618408e-01 5.995369553565979004e-01
2.852450907230377197e-01 6.131232976913452148e-01
5.013605952262878418e-01 5.557681918144226074e-01
5.327351093292236328e-01 5.746994018554687500e-01
4.460879564285278320e-01 5.582147836685180664e-01
3.487847745418548584e-01 5.288904309272766113e-01
5.096307992935180664e-01 5.718572139739990234e-01
4.327250421047210693e-01 5.960603952407836914e-01
4.162990450859069824e-01 5.204120278358459473e-01
5.845251679420471191e-01 5.210281610488891602e-01
5.429843664169311523e-01 4.744602441787719727e-01
4.893437623977661133e-01 5.680918097496032715e-01
5.505174994468688965e-01 6.214312314987182617e-01
4.675519168376922607e-01 5.898901820182800293e-01
5.313990712165832520e-01 5.000054836273193359e-01
4.830275475978851318e-01 5.186133980751037598e-01
4.110777080059051514e-01 5.751129984855651855e-01
4.368921220302581787e-01 5.689259171485900879e-01
4.694055914878845215e-01 5.711639523506164551e-01
3.055858314037322998e-01 6.836330294609069824e-01
6.049314141273498535e-01 5.692530274391174316e-01
3.652678132057189941e-01 5.699245333671569824e-01
4.145575761795043945e-01 5.455418229103088379e-01
4.833758771419525146e-01 5.013830661773681641e-01
4.453092515468597412e-01 5.311998128890991211e-01
5.592427253723144531e-01 4.955012500286102295e-01
5.164903402328491211e-01 5.471953153610229492e-01
4.700417816638946533e-01 6.326791644096374512e-01
4.333642423152923584e-01 5.894411802291870117e-01
5.909004211425781250e-01 5.012252330780029297e-01
4.687847793102264404e-01 5.610959529876708984e-01
3.664313852787017822e-01 5.216497778892517090e-01
3.515878021717071533e-01 6.072546243667602539e-01
6.557373404502868652e-01 5.552788972854614258e-01
4.848954677581787109e-01 5.637960433959960938e-01
5.323935151100158691e-01 6.288439631462097168e-01
2.611491680145263672e-01 5.403310060501098633e-01
2.998494505882263184e-01 6.178807616233825684e-01
5.328418612480163574e-01 5.957737565040588379e-01
4.452458918094635010e-01 5.775304436683654785e-01
5.584492087364196777e-01 5.656421780586242676e-01
5.608766674995422363e-01 5.954402685165405273e-01
4.407647550106048584e-01 5.369743108749389648e-01
4.749049842357635498e-01 5.448734164237976074e-01
3.972904682159423828e-01 5.770330429077148438e-01
3.019536435604095459e-01 4.483277797698974609e-01
4.137395620346069336e-01 6.052561998367309570e-01
3.862130045890808105e-01 6.117518544197082520e-01
5.446579456329345703e-01 6.256263852119445801e-01
4.601690173149108887e-01 5.871149897575378418e-01
5.064323544502258301e-01 5.623854994773864746e-01
3.882309496402740479e-01 5.571678876876831055e-01
4.394320249557495117e-01 6.044433712959289551e-01
3.944725394248962402e-01 5.519116520881652832e-01
5.686659216880798340e-01 5.261526107788085938e-01
4.273667931556701660e-01 5.922316908836364746e-01
5.400869846343994141e-01 4.548865854740142822e-01
3.812144100666046143e-01 4.682981371879577637e-01
4.225441515445709229e-01 5.915094614028930664e-01
4.714998602867126465e-01 4.655607044696807861e-01
3.937367498874664307e-01 5.093436241149902344e-01
6.109318733215332031e-01 5.346859693527221680e-01
4.940700829029083252e-01 5.560376644134521484e-01
3.717134594917297363e-01 6.218868494033813477e-01
6.077269911766052246e-01 5.072689056396484375e-01
4.047621488571166992e-01 5.726841092109680176e-01
4.538402259349822998e-01 5.264627337455749512e-01
3.997789919376373291e-01 5.377892255783081055e-01
5.127703547477722168e-01 5.589483976364135742e-01
5.051565766334533691e-01 5.670845508575439453e-01
5.793625712394714355e-01 4.839797019958496094e-01
6.045337915420532227e-01 4.952562451362609863e-01
3.575533330440521240e-01 5.789691209793090820e-01
3.835333287715911865e-01 5.283901691436767578e-01
4.212483763694763184e-01 5.156607627868652344e-01
3.423798680305480957e-01 5.669044256210327148e-01
4.782903194427490234e-01 5.930370688438415527e-01
3.839235007762908936e-01 5.341257452964782715e-01
4.111298918724060059e-01 5.717344880104064941e-01
5.039484500885009766e-01 4.924914240837097168e-01
5.630613565444946289e-01 5.046501755714416504e-01
3.818781673908233643e-01 5.446604490280151367e-01
4.241231977939605713e-01 5.198682546615600586e-01
5.336000919342041016e-01 6.062631607055664062e-01
3.464281857013702393e-01 5.595567226409912109e-01
4.240033328533172607e-01 5.244494676589965820e-01
4.649055600166320801e-01 5.468226671218872070e-01
3.014542162418365479e-01 5.470735430717468262e-01
5.479008555412292480e-01 5.373852849006652832e-01
5.808461308479309082e-01 6.368342041969299316e-01
6.441895961761474609e-01 4.833228290081024170e-01
5.643931031227111816e-01 4.955810606479644775e-01
5.037819147109985352e-01 4.935241043567657471e-01
5.236473679542541504e-01 5.097756981849670410e-01
5.125281214714050293e-01 5.712026953697204590e-01
5.764197707176208496e-01 5.191954970359802246e-01
3.385019302368164062e-01 5.394331812858581543e-01
5.281369686126708984e-01 5.252563357353210449e-01
3.795451223850250244e-01 5.149810910224914551e-01
6.555530428886413574e-01 5.243833661079406738e-01
4.780812263488769531e-01 5.395054221153259277e-01
5.008521676063537598e-01 4.838699400424957275e-01
4.469263255596160889e-01 5.592204928398132324e-01
6.407877802848815918e-01 5.567041635513305664e-01
4.229505658149719238e-01 5.451830625534057617e-01
5.368109941482543945e-01 5.892177224159240723e-01
4.730632305145263672e-01 5.391092896461486816e-01
4.026406407356262207e-01 4.842446744441986084e-01
3.803923130035400391e-01 4.732393920421600342e-01
4.014793336391448975e-01 4.718946218490600586e-01
5.273336768150329590e-01 5.558714270591735840e-01
3.795718848705291748e-01 5.264713764190673828e-01
5.358436703681945801e-01 5.731284618377685547e-01
4.765262603759765625e-01 4.837847948074340820e-01
6.474519371986389160e-01 5.243077874183654785e-01
3.502984941005706787e-01 4.865517616271972656e-01
5.008952617645263672e-01 5.740863680839538574e-01
5.876759290695190430e-01 4.641373753547668457e-01
5.318285226821899414e-01 5.404443740844726562e-01
4.307265281677246094e-01 5.339692234992980957e-01
5.145387649536132812e-01 5.040657520294189453e-01
5.158498883247375488e-01 5.271574854850769043e-01
4.456807374954223633e-01 5.132538676261901855e-01
5.467419028282165527e-01 5.940487980842590332e-01
4.032124876976013184e-01 4.753983318805694580e-01
4.063264727592468262e-01 4.853704571723937988e-01
4.625777006149291992e-01 5.038393735885620117e-01
4.581713080406188965e-01 5.265906453132629395e-01
3.571392893791198730e-01 5.138724446296691895e-01
6.326164603233337402e-01 5.679047107696533203e-01
6.204514503479003906e-01 4.793926775455474854e-01
4.503836631774902344e-01 5.278928875923156738e-01
5.095011591911315918e-01 5.138291120529174805e-01
5.795419216156005859e-01 5.224119424819946289e-01
3.093304038047790527e-01 5.319823026657104492e-01
5.340715646743774414e-01 5.029208064079284668e-01
5.132814645767211914e-01 4.801890552043914795e-01
3.427519798278808594e-01 4.669806361198425293e-01
2.858641147613525391e-01 5.603259801864624023e-01
4.385843873023986816e-01 5.196800827980041504e-01
5.153160691261291504e-01 5.796244144439697266e-01
3.793281316757202148e-01 5.141333341598510742e-01
4.915649890899658203e-01 5.826625227928161621e-01
4.955152273178100586e-01 5.176820158958435059e-01
5.955339670181274414e-01 5.076338052749633789e-01
5.456212759017944336e-01 5.220733880996704102e-01
5.250598192214965820e-01 5.411990880966186523e-01
4.050600230693817139e-01 5.061833262443542480e-01
3.545950651168823242e-01 5.607007741928100586e-01
4.156493246555328369e-01 6.209030151367187500e-01
4.563125073909759521e-01 5.347898006439208984e-01
5.096489787101745605e-01 5.323652029037475586e-01
5.055739283561706543e-01 5.627632737159729004e-01
4.177722632884979248e-01 5.726063251495361328e-01
4.019463658332824707e-01 5.615057945251464844e-01
6.153402328491210938e-01 5.056712031364440918e-01
3.693802058696746826e-01 5.013714432716369629e-01
3.557417392730712891e-01 4.969089031219482422e-01
5.662478208541870117e-01 5.595427751541137695e-01
5.047408342361450195e-01 5.437107086181640625e-01
4.101006984710693359e-01 5.995946526527404785e-01
5.831591486930847168e-01 5.552977323532104492e-01
4.137746989727020264e-01 6.334514021873474121e-01
3.743262290954589844e-01 5.254893302917480469e-01
5.122020244598388672e-01 5.091812014579772949e-01
3.651651144027709961e-01 4.348244667053222656e-01
4.824335873126983643e-01 5.374925136566162109e-01
5.410570502281188965e-01 5.044258236885070801e-01
4.421995580196380615e-01 5.536636114120483398e-01
3.481273055076599121e-01 5.920200347900390625e-01
4.974950551986694336e-01 5.265761613845825195e-01
4.327763319015502930e-01 5.314361453056335449e-01
4.707725644111633301e-01 5.379354357719421387e-01
3.611209094524383545e-01 5.654982328414916992e-01
3.307363390922546387e-01 5.046164393424987793e-01
3.789716958999633789e-01 4.486019015312194824e-01
3.812716305255889893e-01 4.979531168937683105e-01
4.871806800365447998e-01 4.821682572364807129e-01
4.747414290904998779e-01 5.759462714195251465e-01
4.845975935459136963e-01 4.506286680698394775e-01
5.739820003509521484e-01 5.081988573074340820e-01
4.314166307449340820e-01 5.027912855148315430e-01
3.110521435737609863e-01 5.171706676483154297e-01
3.261497616767883301e-01 5.094375014305114746e-01
4.899387061595916748e-01 4.530115425586700439e-01
4.920818507671356201e-01 5.201531052589416504e-01
4.232395589351654053e-01 5.749073028564453125e-01
3.051438927650451660e-01 5.179272890090942383e-01
4.450831115245819092e-01 5.598896145820617676e-01
5.037631988525390625e-01 5.451340079307556152e-01
4.456141889095306396e-01 5.520783662796020508e-01
5.904277563095092773e-01 5.026664137840270996e-01
5.995999574661254883e-01 5.109313726425170898e-01
4.152206480503082275e-01 4.850345253944396973e-01
6.167460680007934570e-01 5.580127835273742676e-01
5.993520617485046387e-01 5.847409367561340332e-01
5.117418169975280762e-01 5.269764065742492676e-01
4.599558711051940918e-01 4.631461501121520996e-01
5.514642000198364258e-01 5.283139944076538086e-01
5.007724165916442871e-01 5.421867370605468750e-01
4.654923081398010254e-01 5.077847838401794434e-01
4.774719178676605225e-01 5.533073544502258301e-01
4.211815595626831055e-01 5.586290359497070312e-01
3.783698379993438721e-01 4.837670028209686279e-01
5.245123505592346191e-01 5.454525947570800781e-01
4.820003211498260498e-01 5.024824142456054688e-01
4.800236821174621582e-01 5.697371363639831543e-01
5.052190423011779785e-01 5.824496746063232422e-01
5.495257377624511719e-01 4.621009230613708496e-01
5.897083878517150879e-01 5.589541196823120117e-01
4.424240589141845703e-01 5.283905267715454102e-01
5.898207426071166992e-01 5.132030844688415527e-01
5.853477120399475098e-01 5.468216538429260254e-01
4.588347673416137695e-01 4.942899048328399658e-01
4.857333302497863770e-01 5.146300196647644043e-01
5.192576050758361816e-01 4.467607736587524414e-01
5.113003849983215332e-01 4.909950494766235352e-01
4.477728605270385742e-01 5.337572097778320312e-01
5.599647164344787598e-01 4.825395941734313965e-01
5.398217439651489258e-01 4.785865545272827148e-01
5.933387875556945801e-01 5.288471579551696777e-01
4.319968521595001221e-01 4.165236353874206543e-01
4.489610791206359863e-01 5.838403701782226562e-01
4.923412501811981201e-01 4.558755457401275635e-01
5.322380065917968750e-01 4.867464900016784668e-01
5.453686714172363281e-01 5.173189043998718262e-01
6.683772206306457520e-01 5.156312584877014160e-01
2.501583397388458252e-01 4.682148396968841553e-01
5.071298480033874512e-01 5.505521893501281738e-01
5.942121148109436035e-01 4.851135909557342529e-01
5.480974912643432617e-01 5.326099395751953125e-01
4.735416173934936523e-01 4.662797749042510986e-01
4.663262665271759033e-01 4.762290716171264648e-01
5.499945282936096191e-01 5.289888978004455566e-01
4.379718899726867676e-01 5.370905399322509766e-01
5.681386590003967285e-01 5.051789879798889160e-01
5.989032983779907227e-01 4.750435948371887207e-01
4.733445048332214355e-01 5.118407011032104492e-01
4.077444076538085938e-01 4.837571680545806885e-01
5.851892232894897461e-01 5.148061513900756836e-01
4.960213005542755127e-01 5.075657367706298828e-01
5.038706064224243164e-01 4.652188718318939209e-01
4.654105901718139648e-01 5.035755038261413574e-01
3.242484629154205322e-01 4.834111034870147705e-01
3.855138421058654785e-01 5.234289765357971191e-01
4.241042137145996094e-01 5.236054658889770508e-01
5.786586403846740723e-01 5.334530472755432129e-01
5.106320381164550781e-01 4.887650609016418457e-01
4.089352190494537354e-01 4.891960918903350830e-01
5.421598553657531738e-01 5.472026467323303223e-01
3.567095696926116943e-01 4.956002235412597656e-01
4.501117169857025146e-01 5.295968055725097656e-01
4.679490327835083008e-01 5.393853783607482910e-01
4.606600403785705566e-01 5.330209732055664062e-01
4.797433912754058838e-01 4.700464308261871338e-01
4.081817567348480225e-01 4.891273975372314453e-01
4.080530703067779541e-01 5.408318638801574707e-01
5.934058427810668945e-01 5.353258252143859863e-01
5.254689455032348633e-01 5.076150894165039062e-01
4.428053498268127441e-01 4.697517752647399902e-01
6.064469218254089355e-01 5.466568470001220703e-01
4.989702701568603516e-01 5.128263235092163086e-01
2.674877941608428955e-01 4.713346958160400391e-01
5.382630825042724609e-01 5.742329955101013184e-01
5.078081488609313965e-01 4.659304916858673096e-01
4.588163197040557861e-01 4.861802458763122559e-01
3.562552034854888916e-01 4.670550823211669922e-01
4.804820418357849121e-01 5.162292122840881348e-01
3.103934228420257568e-01 4.891800880432128906e-01
4.535900652408599854e-01 5.105558037757873535e-01
4.425345063209533691e-01 5.798415541648864746e-01
4.343042373657226562e-01 4.864130318164825439e-01
4.023144841194152832e-01 4.876882731914520264e-01
3.466908931732177734e-01 5.185165405273437500e-01
6.070708632469177246e-01 5.434725284576416016e-01
3.806391358375549316e-01 4.091517627239227295e-01
4.780064523220062256e-01 4.707168042659759521e-01
3.249069750308990479e-01 4.553871750831604004e-01
4.230178296566009521e-01 5.009084343910217285e-01
5.545223951339721680e-01 4.654873311519622803e-01
6.505158543586730957e-01 5.405162572860717773e-01
