6.379715204238891602e-01 7.190763950347900391e-01
6.917999982833862305e-01 7.197274565696716309e-01
3.931494951248168945e-01 5.183131694793701172e-01
6.894304752349853516e-01 7.692719101905822754e-01
6.607896685600280762e-01 7.378083467483520508e-01
7.321825027465820312e-01 7.567722797393798828e-01
3.998368978500366211e-01 6.321735382080078125e-01
6.072825789451599121e-01 7.056411504745483398e-01
6.724429130554199219e-01 7.481018304824829102e-01
6.697710752487182617e-01 7.524874806404113770e-01
6.572933793067932129e-01 5.277187228202819824e-01
7.483166456222534180e-01 5.228564739227294922e-01
7.092050313949584961e-01 6.860246062278747559e-01
6.995135545730590820e-01 7.556918263435363770e-01
6.221975684165954590e-01 4.078368544578552246e-01
8.278025984764099121e-01 6.870112419128417969e-01
6.063334941864013672e-01 7.442789673805236816e-01
5.192686319351196289e-01 5.994150042533874512e-01
7.017173767089843750e-01 6.251474022865295410e-01
4.653227329254150391e-01 5.532104372978210449e-01
6.449193954467773438e-01 4.402430057525634766e-01
4.480282366275787354e-01 6.492624282836914062e-01
5.464027523994445801e-01 5.459966063499450684e-01
4.450775384902954102e-01 7.493457198143005371e-01
5.819634199142456055e-01 4.199571609497070312e-01
3.901818394660949707e-01 6.446911692619323730e-01
6.376303434371948242e-01 7.426511645317077637e-01
6.009120941162109375e-01 4.597395360469818115e-01
7.862867712974548340e-01 6.618095636367797852e-01
4.719334542751312256e-01 4.654646515846252441e-01
7.060405015945434570e-01 7.745475769042968750e-01
4.889068305492401123e-01 6.260338425636291504e-01
6.448305249214172363e-01 5.944323539733886719e-01
7.235198616981506348e-01 5.331220626831054688e-01
4.372502565383911133e-01 6.636456847190856934e-01
5.367118120193481445e-01 4.925304651260375977e-01
7.356499433517456055e-01 4.562837481498718262e-01
3.889109492301940918e-01 6.883465051651000977e-01
7.537015080451965332e-01 7.566973567008972168e-01
3.930415809154510498e-01 5.494346022605895996e-01
6.154491305351257324e-01 7.147482633590698242e-01
5.902495980262756348e-01 7.566133141517639160e-01
6.777545809745788574e-01 6.474742889404296875e-01
5.312252044677734375e-01 6.450584530830383301e-01
7.557163834571838379e-01 5.519511699676513672e-01
3.959670960903167725e-01 5.753192305564880371e-01
7.929813265800476074e-01 6.600267291069030762e-01
4.328645765781402588e-01 4.649363458156585693e-01
6.668099761009216309e-01 6.776984333992004395e-01
6.721267700195312500e-01 5.857282876968383789e-01
4.433695375919342041e-01 6.612968444824218750e-01
4.542490243911743164e-01 6.414288282394409180e-01
6.058013439178466797e-01 4.438205659389495850e-01
5.203258395195007324e-01 5.047987699508666992e-01
4.796568155288696289e-01 7.264886498451232910e-01
6.254529953002929688e-01 4.651685357093811035e-01
6.369726657867431641e-01 4.854691326618194580e-01
7.507224082946777344e-01 7.186098694801330566e-01
7.106852531433105469e-01 6.185790896415710449e-01
5.496006011962890625e-01 7.331870198249816895e-01
5.328645110130310059e-01 7.205473780632019043e-01
5.587062239646911621e-01 7.269047498703002930e-01
7.415161728858947754e-01 5.890933871269226074e-01
6.599292755126953125e-01 4.715870618820190430e-01
6.517672538757324219e-01 7.001357674598693848e-01
5.661972761154174805e-01 4.785004258155822754e-01
6.676353216171264648e-01 6.792836189270019531e-01
4.462668001651763916e-01 6.838956475257873535e-01
5.902371406555175781e-01 5.821664929389953613e-01
4.438433349132537842e-01 4.932485222816467285e-01
6.518788933753967285e-01 5.282492041587829590e-01
4.117740690708160400e-01 5.902177095413208008e-01
6.841073036193847656e-01 7.777100801467895508e-01
4.757902324199676514e-01 4.009842276573181152e-01
4.620258510112762451e-01 7.139737606048583984e-01
7.647085785865783691e-01 6.934207677841186523e-01
7.111960649490356445e-01 6.260728836059570312e-01
6.909435987472534180e-01 7.906259894371032715e-01
6.964654326438903809e-01 6.383915543556213379e-01
3.869345486164093018e-01 6.434332728385925293e-01
6.846234798431396484e-01 5.234258174896240234e-01
6.702157258987426758e-01 6.595109105110168457e-01
4.594188928604125977e-01 7.244938015937805176e-01
5.252302289009094238e-01 6.034572720527648926e-01
6.829814314842224121e-01 7.298293709754943848e-01
6.100986003875732422e-01 6.571460366249084473e-01
5.336979031562805176e-01 7.667456865310668945e-01
7.744282484054565430e-01 6.431170701980590820e-01
6.603334546089172363e-01 7.310987710952758789e-01
5.635135769844055176e-01 5.469875335693359375e-01
7.367964982986450195e-01 5.364748239517211914e-01
5.108560323715209961e-01 6.796423196792602539e-01
6.188498139381408691e-01 7.094736099243164062e-01
5.937877297401428223e-01 4.896028935909271240e-01
7.604547142982482910e-01 4.694011509418487549e-01
7.249802350997924805e-01 7.276313900947570801e-01
7.750508785247802734e-01 6.558155417442321777e-01
4.265878498554229736e-01 5.800889134407043457e-01
6.530571579933166504e-01 7.556135654449462891e-01
4.570398628711700439e-01 5.548161864280700684e-01
5.921025276184082031e-01 5.944433212280273438e-01
5.625792145729064941e-01 4.212638735771179199e-01
7.413605451583862305e-01 5.384076833724975586e-01
3.959356546401977539e-01 5.503599047660827637e-01
5.365657210350036621e-01 5.512924194335937500e-01
3.789376914501190186e-01 6.293555498123168945e-01
7.353308200836181641e-01 7.567495703697204590e-01
7.211014628410339355e-01 5.854633450508117676e-01
5.818419456481933594e-01 4.086700975894927979e-01
4.710505306720733643e-01 3.588031232357025146e-01
4.393981397151947021e-01 4.181481897830963135e-01
4.117429554462432861e-01 6.889161467552185059e-01
7.715368866920471191e-01 6.568617820739746094e-01
4.859426617622375488e-01 4.975814223289489746e-01
4.912085235118865967e-01 4.984869956970214844e-01
4.148337543010711670e-01 6.754217147827148438e-01
6.172475218772888184e-01 7.286668419837951660e-01
6.517793536186218262e-01 6.381875872611999512e-01
7.220435738563537598e-01 7.658778429031372070e-01
4.890887141227722168e-01 5.443032979965209961e-01
7.098814249038696289e-01 5.344170928001403809e-01
7.277516722679138184e-01 5.295193195343017578e-01
4.589467942714691162e-01 5.966016054153442383e-01
8.100717663764953613e-01 5.441501140594482422e-01
7.218773961067199707e-01 7.309162020683288574e-01
3.945437371730804443e-01 4.420308470726013184e-01
6.402007937431335449e-01 5.566970109939575195e-01
4.035707116127014160e-01 5.615863204002380371e-01
6.949771046638488770e-01 5.016006827354431152e-01
8.175824284553527832e-01 6.647869348526000977e-01
4.244614541530609131e-01 3.760365545749664307e-01
7.251712083816528320e-01 6.838821172714233398e-01
5.329929590225219727e-01 6.690047383308410645e-01
6.308820247650146484e-01 5.024962425231933594e-01
7.362250685691833496e-01 4.254628419876098633e-01
4.358870685100555420e-01 5.135653018951416016e-01
7.971398830413818359e-01 5.366265773773193359e-01
5.666902661323547363e-01 5.480931401252746582e-01
6.770045757293701172e-01 4.611123204231262207e-01
6.969052553176879883e-01 7.055406570434570312e-01
5.338771939277648926e-01 4.839831590652465820e-01
6.376067996025085449e-01 8.172367811203002930e-01
6.256977915763854980e-01 7.474903464317321777e-01
6.168105602264404297e-01 7.316678762435913086e-01
4.734878540039062500e-01 4.406704604625701904e-01
5.754415392875671387e-01 5.150335431098937988e-01
5.376683473587036133e-01 7.143124938011169434e-01
4.170619249343872070e-01 5.328620672225952148e-01
7.856511473655700684e-01 5.353413820266723633e-01
6.524488329887390137e-01 5.171940922737121582e-01
6.005709171295166016e-01 5.238074064254760742e-01
5.704907774925231934e-01 6.421870589256286621e-01
7.883529067039489746e-01 5.104026198387145996e-01
6.174826622009277344e-01 6.883229017257690430e-01
5.501535534858703613e-01 5.251961350440979004e-01
3.832145333290100098e-01 5.603131651878356934e-01
7.616998553276062012e-01 5.382173657417297363e-01
7.227773666381835938e-01 7.868603467941284180e-01
5.082242488861083984e-01 6.796036362648010254e-01
5.594297051429748535e-01 5.619095563888549805e-01
4.558885097503662109e-01 6.213515400886535645e-01
7.490608692169189453e-01 7.505489587783813477e-01
4.177435040473937988e-01 5.873510241508483887e-01
4.668514728546142578e-01 7.326518297195434570e-01
7.911743521690368652e-01 5.887161493301391602e-01
6.007815599441528320e-01 7.926212549209594727e-01
5.002325177192687988e-01 4.450909495353698730e-01
7.907336354255676270e-01 7.090177536010742188e-01
7.569075822830200195e-01 5.033867955207824707e-01
4.761893451213836670e-01 6.459786295890808105e-01
4.033778607845306396e-01 6.012098789215087891e-01
4.026142358779907227e-01 6.534098386764526367e-01
7.801280021667480469e-01 7.296953797340393066e-01
7.392044067382812500e-01 7.788844704627990723e-01
7.765437960624694824e-01 5.028578042984008789e-01
4.501258432865142822e-01 6.574575304985046387e-01
5.750111341476440430e-01 4.606417417526245117e-01
4.693211317062377930e-01 4.262750148773193359e-01
6.587711572647094727e-01 4.941075444221496582e-01
3.840287625789642334e-01 3.899092078208923340e-01
8.263638019561767578e-01 6.949512362480163574e-01
6.807208061218261719e-01 7.534003853797912598e-01
3.869588971138000488e-01 5.147656798362731934e-01
7.244149446487426758e-01 7.011814117431640625e-01
4.558146595954895020e-01 4.368345141410827637e-01
4.892752766609191895e-01 6.039978861808776855e-01
6.905717253684997559e-01 7.080878615379333496e-01
7.832667231559753418e-01 6.693010330200195312e-01
6.381849646568298340e-01 6.627045273780822754e-01
6.763969063758850098e-01 4.291368424892425537e-01
3.731003701686859131e-01 5.341221094131469727e-01
6.026104092597961426e-01 4.038398265838623047e-01
6.893581151962280273e-01 6.930981874465942383e-01
7.482250928878784180e-01 7.666769027709960938e-01
7.809336185455322266e-01 5.324070453643798828e-01
4.659935235977172852e-01 6.022920608520507812e-01
8.131023645401000977e-01 4.592468142509460449e-01
4.963178038597106934e-01 7.084689736366271973e-01
6.046025753021240234e-01 6.647849082946777344e-01
4.919201135635375977e-01 6.432569622993469238e-01
4.391190707683563232e-01 4.015925228595733643e-01
6.310124397277832031e-01 4.162175357341766357e-01
5.207598805427551270e-01 5.567565560340881348e-01
5.905910730361938477e-01 7.179517149925231934e-01
6.412390470504760742e-01 7.289716601371765137e-01
3.813620507717132568e-01 4.263204336166381836e-01
6.876657605171203613e-01 5.141419172286987305e-01
5.865305066108703613e-01 5.201261639595031738e-01
4.593659043312072754e-01 7.696176767349243164e-01
7.908368706703186035e-01 5.537866950035095215e-01
6.741219162940979004e-01 6.625958085060119629e-01
7.307813763618469238e-01 5.507639646530151367e-01
5.116035342216491699e-01 6.350134611129760742e-01
5.989670157432556152e-01 6.675705313682556152e-01
7.732389569282531738e-01 6.049535870552062988e-01
5.469787716865539551e-01 5.832856297492980957e-01
5.144975781440734863e-01 6.278793215751647949e-01
6.774908900260925293e-01 4.578531384468078613e-01
6.571620702743530273e-01 7.572422623634338379e-01
6.497653722763061523e-01 7.107008695602416992e-01
6.530934572219848633e-01 5.777633190155029297e-01
3.861295878887176514e-01 4.862178564071655273e-01
4.149336814880371094e-01 7.710011601448059082e-01
7.517979145050048828e-01 6.864242553710937500e-01
7.585864067077636719e-01 6.424981355667114258e-01
4.361618459224700928e-01 5.121865272521972656e-01
6.324278712272644043e-01 7.685928940773010254e-01
3.916490674018859863e-01 6.843659281730651855e-01
5.069340467453002930e-01 6.776397228240966797e-01
5.785014033317565918e-01 5.561280846595764160e-01
7.115817666053771973e-01 5.600855350494384766e-01
8.190628886222839355e-01 5.435274243354797363e-01
6.033385992050170898e-01 5.186682939529418945e-01
3.607185781002044678e-01 3.978208899497985840e-01
4.204268157482147217e-01 4.189628660678863525e-01
6.742599606513977051e-01 6.149589419364929199e-01
6.564866304397583008e-01 7.040490508079528809e-01
4.853857457637786865e-01 7.775961160659790039e-01
4.599153995513916016e-01 5.941876173019409180e-01
5.021824836730957031e-01 4.755111634731292725e-01
4.587848484516143799e-01 5.334112048149108887e-01
6.522005200386047363e-01 5.062028765678405762e-01
7.295271754264831543e-01 7.641099691390991211e-01
7.518778443336486816e-01 6.008718609809875488e-01
3.902550637722015381e-01 4.743353128433227539e-01
4.596422910690307617e-01 5.030316114425659180e-01
5.583620071411132812e-01 4.705464243888854980e-01
6.940050125122070312e-01 4.566677212715148926e-01
7.298359870910644531e-01 6.041212677955627441e-01
4.207215607166290283e-01 7.504844665527343750e-01
5.791181325912475586e-01 5.873589515686035156e-01
5.239917635917663574e-01 3.785907924175262451e-01
6.142234802246093750e-01 4.768757820129394531e-01
7.316152453422546387e-01 7.958838939666748047e-01
5.293953418731689453e-01 7.375046014785766602e-01
5.543583035469055176e-01 8.097203373908996582e-01
4.237542450428009033e-01 3.698033094406127930e-01
6.337971687316894531e-01 4.210553467273712158e-01
7.041742205619812012e-01 4.508405923843383789e-01
6.187764406204223633e-01 6.658824086189270020e-01
4.039137661457061768e-01 7.427340745925903320e-01
6.972630023956298828e-01 4.909008145332336426e-01
3.848975598812103271e-01 6.053274273872375488e-01
7.241314053535461426e-01 4.300627112388610840e-01
4.897242486476898193e-01 4.798409342765808105e-01
6.862608194351196289e-01 7.695315480232238770e-01
4.432210326194763184e-01 4.593520462512969971e-01
7.601972222328186035e-01 7.156347632408142090e-01
6.711054444313049316e-01 7.555015087127685547e-01
5.924282073974609375e-01 5.719206929206848145e-01
5.724079012870788574e-01 7.213621139526367188e-01
6.671696305274963379e-01 6.676347255706787109e-01
7.028205990791320801e-01 5.215027928352355957e-01
3.912393450736999512e-01 6.188156008720397949e-01
4.095977842807769775e-01 3.599603176116943359e-01
4.708421528339385986e-01 7.807442545890808105e-01
5.588616728782653809e-01 6.885954141616821289e-01
5.214149355888366699e-01 7.425718307495117188e-01
3.793965578079223633e-01 4.381297826766967773e-01
4.759835302829742432e-01 5.468323230743408203e-01
5.910968780517578125e-01 5.237781405448913574e-01
5.661582946777343750e-01 7.905057072639465332e-01
7.017769813537597656e-01 5.997005701065063477e-01
6.331551671028137207e-01 8.052710294723510742e-01
7.572807669639587402e-01 5.292969942092895508e-01
6.730462908744812012e-01 5.233053565025329590e-01
6.681985855102539062e-01 5.066227316856384277e-01
3.751955330371856689e-01 4.282074868679046631e-01
7.922911047935485840e-01 5.245242714881896973e-01
6.410844326019287109e-01 6.968818902969360352e-01
6.775709986686706543e-01 4.963715076446533203e-01
4.403010010719299316e-01 5.818311572074890137e-01
5.808278322219848633e-01 7.364679574966430664e-01
4.524607658386230469e-01 6.245336532592773438e-01
5.378650426864624023e-01 7.014501690864562988e-01
6.173464655876159668e-01 5.732038617134094238e-01
4.066043496131896973e-01 6.348155736923217773e-01
6.324861645698547363e-01 5.600495934486389160e-01
7.552093863487243652e-01 5.124945044517517090e-01
7.779627442359924316e-01 5.943380594253540039e-01
3.891480267047882080e-01 5.288353562355041504e-01
4.607590138912200928e-01 6.374292373657226562e-01
4.608498215675354004e-01 5.537608265876770020e-01
7.233718633651733398e-01 4.328255951404571533e-01
4.142105579376220703e-01 6.415712833404541016e-01
7.478185892105102539e-01 4.770607352256774902e-01
3.885987997055053711e-01 6.047945618629455566e-01
6.173851490020751953e-01 6.832780241966247559e-01
5.578408837318420410e-01 4.445198178291320801e-01
6.263028979301452637e-01 7.370758652687072754e-01
6.032221913337707520e-01 3.881347775459289551e-01
7.490069866180419922e-01 4.573340713977813721e-01
4.091067910194396973e-01 5.741529464721679688e-01
6.414502263069152832e-01 7.266914844512939453e-01
6.981070041656494141e-01 6.707994341850280762e-01
6.597495675086975098e-01 6.712931990623474121e-01
5.731889009475708008e-01 5.967122912406921387e-01
6.034292578697204590e-01 7.409001588821411133e-01
6.343981027603149414e-01 5.963344573974609375e-01
3.617480993270874023e-01 5.884329676628112793e-01
5.487405657768249512e-01 6.378786563873291016e-01
5.697553157806396484e-01 5.152307152748107910e-01
7.365607619285583496e-01 5.093864202499389648e-01
5.582426190376281738e-01 5.606055259704589844e-01
6.857559680938720703e-01 4.524852335453033447e-01
8.076104521751403809e-01 6.934291124343872070e-01
6.546644568443298340e-01 8.084821105003356934e-01
6.372373104095458984e-01 5.217687487602233887e-01
6.496710181236267090e-01 7.405838966369628906e-01
7.001237869262695312e-01 7.569739222526550293e-01
7.494779825210571289e-01 4.512372612953186035e-01
3.876909613609313965e-01 7.054265141487121582e-01
5.726864933967590332e-01 4.450653493404388428e-01
6.764650344848632812e-01 7.119804024696350098e-01
4.594728648662567139e-01 4.361750185489654541e-01
5.081384778022766113e-01 5.087419152259826660e-01
5.600296258926391602e-01 4.912086725234985352e-01
5.001271367073059082e-01 3.547812700271606445e-01
7.590004205703735352e-01 4.905888438224792480e-01
5.639135241508483887e-01 3.886950612068176270e-01
5.334141254425048828e-01 6.755875349044799805e-01
6.781153678894042969e-01 6.891477108001708984e-01
7.792993783950805664e-01 4.038080275058746338e-01
4.915503263473510742e-01 5.657302737236022949e-01
5.507435202598571777e-01 6.703957915306091309e-01
6.437080502510070801e-01 5.012490153312683105e-01
6.082771420478820801e-01 4.783094525337219238e-01
5.339951515197753906e-01 6.951047778129577637e-01
6.301478147506713867e-01 5.181937217712402344e-01
4.615357518196105957e-01 6.240906715393066406e-01
7.995088100433349609e-01 5.574939250946044922e-01
6.243755817413330078e-01 3.960504531860351562e-01
6.258174777030944824e-01 6.064509749412536621e-01
5.954222679138183594e-01 4.488021135330200195e-01
3.795167505741119385e-01 6.003192067146301270e-01
4.876022040843963623e-01 4.530112743377685547e-01
4.594359695911407471e-01 4.148717522621154785e-01
7.578787803649902344e-01 6.044356226921081543e-01
6.660166978836059570e-01 4.012562632560729980e-01
5.844058990478515625e-01 3.923121392726898193e-01
6.032177209854125977e-01 8.080530762672424316e-01
7.407990694046020508e-01 5.965023636817932129e-01
7.713929414749145508e-01 7.118408679962158203e-01
7.599368095397949219e-01 5.592853426933288574e-01
4.390618801116943359e-01 6.820891499519348145e-01
4.473825991153717041e-01 7.527936697006225586e-01
4.653359949588775635e-01 3.921835124492645264e-01
6.891196966171264648e-01 4.342758655548095703e-01
6.750363707542419434e-01 7.243070602416992188e-01
7.749686837196350098e-01 7.378135323524475098e-01
3.844332695007324219e-01 4.985126852989196777e-01
4.605198800563812256e-01 6.876781582832336426e-01
6.637681126594543457e-01 7.862014770507812500e-01
6.639740467071533203e-01 6.147775053977966309e-01
4.233529865741729736e-01 4.761226475238800049e-01
3.995579779148101807e-01 5.497391819953918457e-01
5.418875217437744141e-01 4.403111040592193604e-01
3.590185344219207764e-01 6.373906731605529785e-01
4.731224477291107178e-01 5.509138703346252441e-01
7.869605422019958496e-01 6.507117152214050293e-01
5.762491822242736816e-01 7.474541068077087402e-01
7.823985815048217773e-01 5.863499641418457031e-01
4.376649260520935059e-01 5.823790431022644043e-01
4.574421644210815430e-01 4.540766775608062744e-01
6.363762021064758301e-01 6.953613758087158203e-01
6.950449943542480469e-01 6.741567254066467285e-01
5.648956298828125000e-01 7.494439482688903809e-01
5.318477749824523926e-01 5.029909014701843262e-01
7.072948217391967773e-01 5.569669604301452637e-01
5.404490232467651367e-01 8.050771355628967285e-01
5.539670586585998535e-01 3.881023824214935303e-01
4.268756210803985596e-01 6.096987128257751465e-01
4.877705872058868408e-01 4.511719644069671631e-01
7.620776891708374023e-01 5.668886899948120117e-01
5.509439706802368164e-01 6.663814783096313477e-01
6.103563308715820312e-01 7.558723092079162598e-01
7.521194815635681152e-01 5.434961915016174316e-01
4.224318265914916992e-01 3.584236800670623779e-01
6.899845600128173828e-01 6.142356991767883301e-01
4.753932356834411621e-01 4.371073544025421143e-01
6.585339903831481934e-01 6.754252314567565918e-01
6.471807956695556641e-01 6.269150376319885254e-01
5.276716947555541992e-01 6.539729833602905273e-01
6.330610513687133789e-01 5.263348817825317383e-01
6.879667043685913086e-01 4.893719553947448730e-01
5.160562396049499512e-01 5.067561268806457520e-01
6.040319204330444336e-01 6.800641417503356934e-01
5.628340244293212891e-01 7.216848731040954590e-01
5.818312168121337891e-01 4.107632637023925781e-01
6.697759032249450684e-01 6.772187948226928711e-01
6.081860661506652832e-01 6.431710720062255859e-01
4.157889187335968018e-01 4.620427489280700684e-01
7.201768159866333008e-01 4.815098643302917480e-01
4.503073096275329590e-01 5.072846412658691406e-01
7.750882506370544434e-01 7.457140684127807617e-01
5.772270560264587402e-01 7.950156331062316895e-01
5.480027794837951660e-01 5.066474080085754395e-01
8.279783725738525391e-01 4.971711635589599609e-01
7.679407000541687012e-01 4.841162264347076416e-01
7.066509723663330078e-01 7.146481275558471680e-01
8.181363344192504883e-01 6.117341518402099609e-01
6.185510158538818359e-01 7.153626680374145508e-01
5.882430076599121094e-01 4.144912362098693848e-01
7.568528652191162109e-01 6.174625754356384277e-01
7.705243229866027832e-01 6.014516949653625488e-01
5.296018123626708984e-01 4.520600736141204834e-01
7.447769641876220703e-01 4.561821818351745605e-01
5.032668113708496094e-01 4.201584756374359131e-01
5.620953440666198730e-01 4.564949274063110352e-01
3.479287326335906982e-01 6.317030191421508789e-01
6.822438836097717285e-01 6.161890625953674316e-01
5.084472894668579102e-01 6.841816902160644531e-01
3.940829932689666748e-01 6.428531408309936523e-01
7.490923404693603516e-01 6.173201203346252441e-01
7.273889780044555664e-01 5.748176574707031250e-01
7.394488453865051270e-01 5.177339315414428711e-01
5.695725083351135254e-01 5.499608516693115234e-01
7.299003601074218750e-01 5.133692026138305664e-01
7.184745073318481445e-01 7.341873645782470703e-01
7.681199908256530762e-01 5.231874585151672363e-01
7.162490487098693848e-01 4.988191723823547363e-01
5.079128146171569824e-01 7.792376875877380371e-01
5.451478958129882812e-01 5.489199161529541016e-01
6.691220998764038086e-01 6.492627263069152832e-01
3.654533922672271729e-01 4.223340153694152832e-01
6.071817874908447266e-01 7.061259150505065918e-01
6.116515994071960449e-01 4.540029764175415039e-01
6.712476015090942383e-01 7.354703545570373535e-01
7.769390344619750977e-01 5.612500309944152832e-01
4.786293208599090576e-01 5.617108941078186035e-01
4.197583198547363281e-01 5.387867689132690430e-01
6.753368973731994629e-01 7.893459796905517578e-01
3.455908894538879395e-01 7.031937837600708008e-01
4.592708945274353027e-01 3.951769769191741943e-01
6.890036463737487793e-01 4.359760880470275879e-01
7.420675158500671387e-01 7.253294587135314941e-01
5.506814718246459961e-01 4.551249742507934570e-01
6.153326630592346191e-01 4.563682377338409424e-01
4.751895368099212646e-01 5.564106702804565430e-01
5.317596197128295898e-01 5.329750180244445801e-01
7.004228234291076660e-01 6.310165524482727051e-01
6.976521015167236328e-01 7.872151136398315430e-01
6.652706861495971680e-01 6.997429132461547852e-01
6.050780415534973145e-01 6.541798710823059082e-01
5.123640298843383789e-01 7.246137261390686035e-01
6.116488575935363770e-01 6.551297307014465332e-01
7.435701489448547363e-01 5.309351682662963867e-01
5.264437794685363770e-01 6.297158598899841309e-01
7.123929858207702637e-01 5.355355739593505859e-01
6.004998087882995605e-01 6.551881432533264160e-01
7.782744169235229492e-01 6.579583883285522461e-01
5.258976817131042480e-01 5.737546682357788086e-01
6.075206995010375977e-01 5.103137493133544922e-01
4.727481305599212646e-01 4.804501235485076904e-01
4.494749605655670166e-01 4.376512467861175537e-01
5.178509354591369629e-01 6.172569394111633301e-01
7.092440724372863770e-01 7.407414317131042480e-01
5.336649417877197266e-01 6.065642237663269043e-01
7.795156240463256836e-01 6.107718348503112793e-01
6.171668767929077148e-01 6.961774230003356934e-01
6.177969574928283691e-01 7.302079200744628906e-01
5.888277292251586914e-01 7.301657199859619141e-01
4.608178734779357910e-01 4.552626907825469971e-01
7.597838640213012695e-01 7.136310338973999023e-01
5.582666397094726562e-01 5.688456892967224121e-01
5.592032074928283691e-01 7.092854976654052734e-01
6.039384007453918457e-01 5.396193265914916992e-01
7.774997949600219727e-01 5.224704146385192871e-01
7.391039133071899414e-01 4.223911464214324951e-01
7.821516394615173340e-01 6.044677495956420898e-01
6.285140514373779297e-01 5.928432345390319824e-01
6.002476215362548828e-01 6.407653093338012695e-01
3.993682265281677246e-01 7.536759972572326660e-01
7.204560041427612305e-01 5.055465102195739746e-01
6.032350659370422363e-01 6.093840599060058594e-01
4.745499491691589355e-01 5.390200018882751465e-01
7.541884183883666992e-01 6.714140176773071289e-01
8.006229400634765625e-01 5.118324160575866699e-01
4.424443542957305908e-01 3.426028490066528320e-01
4.937580525875091553e-01 4.960407316684722900e-01
5.502878427505493164e-01 4.603112339973449707e-01
4.750642180442810059e-01 5.773521065711975098e-01
5.641650557518005371e-01 4.450926780700683594e-01
7.257312536239624023e-01 6.748135089874267578e-01
5.815234780311584473e-01 5.297880768775939941e-01
4.031078219413757324e-01 6.360896229743957520e-01
3.692735135555267334e-01 4.235861897468566895e-01
3.886896371841430664e-01 6.946966052055358887e-01
4.387035369873046875e-01 7.110386490821838379e-01
6.864737272262573242e-01 4.585072100162506104e-01
6.717427968978881836e-01 7.293280959129333496e-01
7.507888674736022949e-01 7.349250912666320801e-01
3.779714703559875488e-01 4.274288415908813477e-01
5.934631824493408203e-01 6.381745934486389160e-01
4.028641879558563232e-01 6.100423932075500488e-01
3.959166109561920166e-01 5.112325549125671387e-01
4.242037236690521240e-01 5.614445209503173828e-01
5.244532227516174316e-01 4.039370417594909668e-01
4.301023185253143311e-01 3.452808260917663574e-01
6.356021165847778320e-01 4.249626994132995605e-01
7.248877882957458496e-01 5.843096971511840820e-01
6.966990232467651367e-01 7.573056221008300781e-01
6.289252638816833496e-01 7.367573976516723633e-01
5.485249757766723633e-01 6.156141161918640137e-01
5.034085512161254883e-01 7.730044722557067871e-01
5.069161653518676758e-01 7.213782668113708496e-01
4.909084439277648926e-01 5.088129639625549316e-01
5.887626409530639648e-01 4.155326187610626221e-01
4.590256214141845703e-01 5.760979056358337402e-01
5.103651285171508789e-01 6.405999660491943359e-01
3.878324329853057861e-01 5.203471779823303223e-01
4.402490556240081787e-01 5.393409132957458496e-01
7.047011256217956543e-01 5.224217772483825684e-01
4.648357033729553223e-01 6.530847549438476562e-01
5.204792022705078125e-01 4.236537516117095947e-01
4.662531614303588867e-01 4.313755631446838379e-01
7.375429868698120117e-01 4.863049387931823730e-01
5.678735375404357910e-01 5.947489738464355469e-01
7.828112244606018066e-01 5.518465042114257812e-01
7.394074201583862305e-01 6.945290565490722656e-01
7.032034397125244141e-01 6.135920882225036621e-01
3.662282228469848633e-01 4.764190614223480225e-01
4.124090671539306641e-01 6.547089815139770508e-01
6.562282443046569824e-01 4.982344210147857666e-01
4.271499812602996826e-01 4.530031979084014893e-01
4.490337669849395752e-01 6.936907768249511719e-01
7.543978691101074219e-01 4.453631341457366943e-01
3.984811007976531982e-01 6.175590753555297852e-01
5.346519947052001953e-01 4.485647082328796387e-01
7.650956511497497559e-01 6.794198751449584961e-01
3.419706225395202637e-01 7.470536828041076660e-01
6.640100479125976562e-01 5.109133124351501465e-01
5.251551866531372070e-01 7.802650332450866699e-01
6.064415574073791504e-01 5.533360838890075684e-01
7.244797348976135254e-01 6.712458133697509766e-01
7.950894832611083984e-01 6.407793164253234863e-01
8.288248181343078613e-01 5.077454447746276855e-01
6.824172139167785645e-01 5.805966258049011230e-01
7.680231332778930664e-01 5.686671733856201172e-01
5.932027697563171387e-01 7.095769047737121582e-01
7.030373215675354004e-01 6.972227692604064941e-01
5.552628040313720703e-01 6.102660894393920898e-01
5.594365596771240234e-01 4.658017754554748535e-01
6.946871280670166016e-01 4.885554909706115723e-01
7.843279242515563965e-01 6.596904993057250977e-01
7.798070907592773438e-01 6.074873208999633789e-01
4.231580197811126709e-01 5.697327256202697754e-01
5.381837487220764160e-01 6.574082970619201660e-01
7.871640920639038086e-01 4.692673981189727783e-01
8.377916216850280762e-01 4.702016413211822510e-01
7.457601428031921387e-01 4.679855406284332275e-01
7.226032614707946777e-01 5.514711141586303711e-01
7.630178332328796387e-01 5.387197732925415039e-01
7.588852643966674805e-01 6.662327051162719727e-01
5.404323339462280273e-01 7.716825604438781738e-01
7.466748356819152832e-01 7.536655068397521973e-01
3.689773976802825928e-01 4.012499451637268066e-01
7.514874339103698730e-01 6.448030471801757812e-01
7.770760655403137207e-01 4.689383506774902344e-01
7.241927385330200195e-01 5.661606192588806152e-01
7.915181517601013184e-01 5.308715105056762695e-01
7.330600619316101074e-01 6.787188649177551270e-01
6.207276582717895508e-01 7.532951235771179199e-01
7.187486886978149414e-01 4.840812385082244873e-01
5.531612634658813477e-01 5.170214176177978516e-01
4.461410641670227051e-01 7.874550223350524902e-01
5.348178744316101074e-01 4.157669544219970703e-01
7.260920405387878418e-01 4.511291086673736572e-01
5.668500065803527832e-01 4.787737727165222168e-01
7.979109287261962891e-01 6.674211621284484863e-01
6.382550001144409180e-01 6.918054819107055664e-01
5.882255434989929199e-01 4.369338154792785645e-01
4.212303757667541504e-01 5.655338168144226074e-01
3.286838531494140625e-01 5.816233158111572266e-01
5.869585275650024414e-01 8.170316815376281738e-01
5.845293402671813965e-01 7.838298082351684570e-01
6.824398040771484375e-01 5.789094567298889160e-01
7.486823201179504395e-01 5.626328587532043457e-01
3.454484045505523682e-01 4.409590065479278564e-01
7.969848513603210449e-01 5.285242795944213867e-01
7.866864204406738281e-01 6.683285832405090332e-01
5.438694953918457031e-01 5.940061211585998535e-01
7.028573155403137207e-01 4.526426792144775391e-01
6.220073699951171875e-01 6.295168399810791016e-01
7.674125432968139648e-01 7.203806638717651367e-01
5.453619956970214844e-01 7.089787721633911133e-01
7.802651524543762207e-01 4.923732876777648926e-01
6.454935669898986816e-01 4.937758743762969971e-01
6.254296898841857910e-01 4.039186537265777588e-01
6.956171989440917969e-01 7.205739021301269531e-01
5.775727629661560059e-01 6.984557509422302246e-01
6.353044509887695312e-01 7.424367666244506836e-01
6.423326730728149414e-01 5.950111150741577148e-01
5.266871452331542969e-01 7.461282610893249512e-01
5.769923925399780273e-01 6.952809691429138184e-01
4.684176146984100342e-01 6.064985394477844238e-01
7.219843864440917969e-01 5.583462119102478027e-01
7.595102190971374512e-01 5.861899852752685547e-01
5.133489966392517090e-01 7.243608236312866211e-01
5.908209085464477539e-01 7.223785519599914551e-01
5.194697380065917969e-01 6.070095300674438477e-01
3.621731102466583252e-01 5.981227159500122070e-01
4.275928139686584473e-01 7.174440026283264160e-01
7.904127836227416992e-01 6.155552864074707031e-01
5.018184185028076172e-01 5.933876633644104004e-01
3.847275078296661377e-01 5.817821025848388672e-01
4.669627845287322998e-01 6.353866457939147949e-01
4.661501348018646240e-01 6.427195072174072266e-01
3.722495734691619873e-01 5.751472115516662598e-01
6.858353614807128906e-01 7.387781143188476562e-01
6.528853178024291992e-01 7.129043340682983398e-01
5.939402580261230469e-01 7.461836934089660645e-01
3.932959735393524170e-01 6.148666143417358398e-01
5.506669282913208008e-01 5.367805957794189453e-01
5.035456418991088867e-01 4.670940935611724854e-01
4.891527891159057617e-01 7.592086195945739746e-01
7.204452157020568848e-01 4.375787675380706787e-01
4.444079399108886719e-01 6.382385492324829102e-01
3.820314705371856689e-01 6.845321655273437500e-01
4.222312271595001221e-01 5.295723676681518555e-01
7.283582687377929688e-01 5.496034026145935059e-01
6.540688276290893555e-01 5.852279067039489746e-01
6.376440525054931641e-01 5.082317590713500977e-01
6.403406262397766113e-01 6.150225400924682617e-01
4.343312978744506836e-01 3.811994493007659912e-01
6.298984885215759277e-01 3.898598551750183105e-01
4.649827182292938232e-01 4.112774729728698730e-01
4.924407005310058594e-01 3.202429413795471191e-01
5.164166688919067383e-01 6.462725996971130371e-01
7.604674696922302246e-01 7.170328497886657715e-01
7.113637328147888184e-01 5.942239165306091309e-01
4.987153410911560059e-01 6.270041465759277344e-01
6.493012309074401855e-01 7.469217777252197266e-01
5.574301481246948242e-01 5.760046839714050293e-01
4.758094549179077148e-01 5.196173191070556641e-01
6.228902339935302734e-01 6.119294762611389160e-01
6.637594699859619141e-01 7.460899353027343750e-01
5.958364605903625488e-01 7.365766763687133789e-01
5.238711237907409668e-01 7.252901792526245117e-01
5.854368209838867188e-01 7.428922057151794434e-01
5.431264638900756836e-01 7.951973080635070801e-01
4.050289690494537354e-01 6.275633573532104492e-01
5.544447302818298340e-01 5.009260177612304688e-01
6.803621649742126465e-01 4.643519520759582520e-01
4.768139123916625977e-01 7.207819223403930664e-01
6.646089553833007812e-01 7.640701532363891602e-01
7.247912883758544922e-01 4.862877726554870605e-01
3.704337477684020996e-01 5.284330844879150391e-01
4.756928980350494385e-01 4.542314708232879639e-01
6.787183284759521484e-01 4.480494856834411621e-01
7.040069103240966797e-01 3.902058899402618408e-01
7.719529271125793457e-01 5.754851102828979492e-01
7.280328869819641113e-01 7.290412783622741699e-01
5.691857933998107910e-01 6.361901164054870605e-01
5.209811925888061523e-01 4.323965013027191162e-01
4.347379803657531738e-01 7.757991552352905273e-01
5.934584736824035645e-01 7.324802279472351074e-01
7.078097462654113770e-01 5.264401435852050781e-01
7.650001049041748047e-01 5.879989266395568848e-01
5.769392848014831543e-01 7.844654917716979980e-01
7.569130659103393555e-01 6.706577539443969727e-01
4.980391561985015869e-01 4.236282706260681152e-01
4.037700593471527100e-01 6.415214538574218750e-01
6.919803023338317871e-01 6.098691821098327637e-01
6.868104934692382812e-01 4.248009622097015381e-01
7.257883548736572266e-01 7.716972231864929199e-01
5.336669683456420898e-01 5.173990726470947266e-01
5.110167264938354492e-01 3.628691732883453369e-01
6.018297076225280762e-01 6.771768927574157715e-01
6.967775821685791016e-01 8.058431744575500488e-01
7.480853796005249023e-01 6.568497419357299805e-01
6.949502825736999512e-01 5.184347629547119141e-01
7.153559327125549316e-01 4.730593264102935791e-01
7.678958773612976074e-01 5.772488713264465332e-01
6.813759207725524902e-01 4.727461040019989014e-01
6.565094590187072754e-01 5.982962250709533691e-01
5.359170436859130859e-01 7.172334194183349609e-01
7.664074897766113281e-01 7.157931327819824219e-01
6.100013852119445801e-01 8.176392316818237305e-01
4.667633175849914551e-01 5.668828487396240234e-01
5.045963525772094727e-01 7.724131941795349121e-01
4.172018468379974365e-01 6.315547227859497070e-01
6.883758306503295898e-01 7.008494734764099121e-01
7.954213619232177734e-01 6.951433420181274414e-01
5.862804055213928223e-01 7.238327264785766602e-01
7.278104424476623535e-01 5.649697780609130859e-01
4.628087580204010010e-01 4.745144248008728027e-01
5.781592726707458496e-01 4.487728774547576904e-01
3.962047398090362549e-01 6.297477483749389648e-01
4.001381993293762207e-01 5.743818283081054688e-01
7.435632944107055664e-01 5.789390802383422852e-01
7.625204920768737793e-01 4.878391623497009277e-01
7.799972891807556152e-01 4.516926407814025879e-01
5.676805377006530762e-01 4.462799131870269775e-01
5.884673595428466797e-01 6.316184401512145996e-01
6.736189723014831543e-01 4.000905156135559082e-01
4.085344672203063965e-01 6.543557643890380859e-01
7.232577204704284668e-01 5.336459875106811523e-01
6.064521670341491699e-01 4.989356696605682373e-01
7.443573474884033203e-01 6.009733080863952637e-01
6.896439790725708008e-01 6.736049056053161621e-01
5.333437323570251465e-01 3.692001700401306152e-01
5.825805068016052246e-01 5.981848239898681641e-01
4.808328747749328613e-01 4.987558722496032715e-01
4.427285790443420410e-01 7.292462587356567383e-01
6.931516528129577637e-01 5.545565485954284668e-01
7.012637853622436523e-01 4.428410828113555908e-01
6.024330258369445801e-01 8.040519952774047852e-01
5.295684337615966797e-01 7.180112004280090332e-01
5.095655322074890137e-01 5.474359989166259766e-01
6.320638060569763184e-01 7.184998393058776855e-01
6.466254591941833496e-01 5.754765868186950684e-01
5.415278673171997070e-01 6.206762790679931641e-01
5.399824976921081543e-01 6.931986808776855469e-01
3.900766670703887939e-01 4.639210700988769531e-01
5.265541672706604004e-01 7.026283740997314453e-01
8.090313076972961426e-01 4.823922514915466309e-01
3.573241233825683594e-01 6.644339561462402344e-01
3.704796433448791504e-01 5.728968381881713867e-01
4.195554256439208984e-01 5.293369293212890625e-01
7.607129812240600586e-01 5.194038152694702148e-01
4.390244781970977783e-01 4.458831250667572021e-01
4.861688315868377686e-01 5.738293528556823730e-01
3.724139332771301270e-01 5.380083918571472168e-01
7.792335152626037598e-01 6.319765448570251465e-01
4.705245494842529297e-01 6.595380902290344238e-01
5.571384429931640625e-01 6.660118699073791504e-01
6.147097945213317871e-01 8.015598058700561523e-01
5.942989587783813477e-01 6.639976501464843750e-01
7.597428560256958008e-01 5.971054434776306152e-01
7.658015489578247070e-01 5.345004200935363770e-01
5.316202640533447266e-01 6.662476062774658203e-01
6.559484601020812988e-01 6.897847056388854980e-01
3.797138929367065430e-01 5.808620452880859375e-01
5.034103393554687500e-01 5.903232097625732422e-01
6.638624072074890137e-01 6.861460804939270020e-01
6.746757030487060547e-01 6.475332975387573242e-01
7.516555190086364746e-01 5.058977603912353516e-01
6.346992254257202148e-01 3.970431387424468994e-01
5.981608629226684570e-01 4.982684850692749023e-01
4.851189255714416504e-01 3.740808963775634766e-01
6.113291382789611816e-01 4.605858623981475830e-01
5.722674727439880371e-01 7.193004488945007324e-01
3.734199702739715576e-01 6.346660256385803223e-01
8.016827702522277832e-01 4.785386621952056885e-01
5.848925709724426270e-01 4.224740266799926758e-01
6.442698240280151367e-01 6.091478466987609863e-01
7.160527706146240234e-01 7.207612991333007812e-01
6.030412316322326660e-01 5.742081999778747559e-01
5.820248723030090332e-01 7.059201002120971680e-01
4.789602458477020264e-01 4.465247690677642822e-01
5.571124553680419922e-01 5.992177724838256836e-01
5.947927832603454590e-01 8.162836432456970215e-01
4.429035782814025879e-01 4.255354404449462891e-01
7.360210418701171875e-01 5.727601051330566406e-01
7.432938218116760254e-01 5.188376903533935547e-01
5.272009372711181641e-01 6.406115293502807617e-01
5.843174457550048828e-01 4.649901092052459717e-01
7.263563871383666992e-01 6.740297675132751465e-01
6.254110932350158691e-01 4.309000074863433838e-01
5.572229027748107910e-01 8.133970499038696289e-01
4.321678280830383301e-01 6.863739490509033203e-01
5.073778033256530762e-01 5.483277440071105957e-01
5.250275135040283203e-01 6.424371004104614258e-01
7.842602133750915527e-01 4.579838812351226807e-01
6.532493233680725098e-01 6.199676990509033203e-01
8.195679187774658203e-01 5.825960040092468262e-01
3.914762437343597412e-01 6.133681535720825195e-01
6.153457164764404297e-01 4.990111291408538818e-01
7.276170849800109863e-01 7.452639341354370117e-01
4.366004168987274170e-01 4.844979047775268555e-01
4.412066340446472168e-01 6.407904028892517090e-01
6.128482818603515625e-01 6.456575989723205566e-01
7.053475975990295410e-01 4.709191918373107910e-01
6.118721961975097656e-01 7.799088954925537109e-01
7.346518635749816895e-01 4.746121466159820557e-01
3.384322822093963623e-01 7.355362176895141602e-01
6.422669291496276855e-01 7.371171712875366211e-01
4.433118402957916260e-01 4.249094426631927490e-01
3.720151185989379883e-01 5.287517905235290527e-01
5.193406939506530762e-01 5.245788097381591797e-01
7.046440839767456055e-01 6.836873888969421387e-01
5.542136430740356445e-01 7.809669971466064453e-01
4.240143895149230957e-01 4.154378771781921387e-01
4.587379097938537598e-01 6.721519231796264648e-01
4.271080791950225830e-01 7.743664383888244629e-01
7.341919541358947754e-01 5.884112119674682617e-01
4.675115942955017090e-01 7.644494175910949707e-01
5.193997621536254883e-01 4.886393547058105469e-01
5.254305005073547363e-01 7.664926648139953613e-01
4.089610874652862549e-01 6.451260447502136230e-01
8.134761452674865723e-01 6.853889822959899902e-01
4.526344239711761475e-01 4.152170419692993164e-01
7.096614241600036621e-01 4.689208567142486572e-01
6.341961622238159180e-01 8.271272778511047363e-01
3.925244510173797607e-01 5.155265331268310547e-01
7.532859444618225098e-01 6.134879589080810547e-01
5.611313581466674805e-01 4.382416605949401855e-01
5.076305866241455078e-01 6.988888382911682129e-01
7.657296061515808105e-01 6.091102361679077148e-01
4.837250709533691406e-01 4.159524440765380859e-01
5.269649624824523926e-01 7.132896780967712402e-01
6.632583141326904297e-01 7.126748561859130859e-01
6.686875820159912109e-01 7.635277509689331055e-01
3.875241577625274658e-01 7.466475963592529297e-01
5.549014806747436523e-01 5.209953188896179199e-01
6.894508600234985352e-01 7.280210852622985840e-01
6.890362501144409180e-01 6.711262464523315430e-01
7.252281904220581055e-01 7.064033746719360352e-01
3.969024717807769775e-01 4.844681024551391602e-01
4.521898031234741211e-01 4.442509412765502930e-01
6.843166351318359375e-01 6.105806231498718262e-01
3.561265766620635986e-01 6.121487021446228027e-01
5.837002992630004883e-01 6.882582306861877441e-01
6.688168048858642578e-01 7.628566622734069824e-01
5.265880823135375977e-01 5.692131519317626953e-01
6.437662243843078613e-01 4.715355038642883301e-01
3.912255764007568359e-01 4.030977189540863037e-01
3.769369423389434814e-01 4.798444211483001709e-01
4.341088235378265381e-01 5.355986356735229492e-01
4.715498685836791992e-01 4.201640784740447998e-01
6.186123490333557129e-01 5.482826232910156250e-01
6.567144989967346191e-01 5.305669903755187988e-01
4.467818737030029297e-01 5.985035896301269531e-01
5.574085712432861328e-01 6.036245226860046387e-01
6.748303174972534180e-01 6.921743154525756836e-01
6.005970835685729980e-01 7.794918417930603027e-01
6.101059913635253906e-01 6.952648162841796875e-01
7.405897378921508789e-01 4.837835729122161865e-01
3.868039548397064209e-01 5.243389010429382324e-01
6.903308629989624023e-01 6.599812507629394531e-01
3.488517701625823975e-01 6.804293394088745117e-01
3.857489228248596191e-01 6.019549369812011719e-01
7.170470952987670898e-01 4.307139813899993896e-01
4.391841292381286621e-01 6.081420779228210449e-01
7.045305967330932617e-01 4.007568657398223877e-01
7.804783582687377930e-01 6.614044904708862305e-01
7.614198923110961914e-01 6.722986698150634766e-01
7.006902694702148438e-01 7.256047129631042480e-01
6.911920309066772461e-01 6.894117593765258789e-01
4.473468065261840820e-01 5.981914401054382324e-01
5.862224102020263672e-01 4.358416497707366943e-01
6.728824377059936523e-01 7.586280107498168945e-01
4.263988733291625977e-01 4.619283676147460938e-01
4.760394990444183350e-01 7.967025041580200195e-01
6.290114521980285645e-01 4.936215877532958984e-01
4.722062647342681885e-01 7.055853605270385742e-01
6.973304152488708496e-01 6.249920725822448730e-01
6.713168025016784668e-01 6.222001314163208008e-01
6.653333306312561035e-01 4.534007906913757324e-01
5.793071389198303223e-01 3.891033232212066650e-01
7.835517525672912598e-01 7.005928158760070801e-01
4.686261415481567383e-01 5.349805355072021484e-01
5.027920007705688477e-01 5.310563445091247559e-01
6.339790225028991699e-01 7.172929644584655762e-01
8.248293995857238770e-01 5.984880924224853516e-01
5.706787705421447754e-01 7.496302723884582520e-01
6.772552728652954102e-01 5.664135217666625977e-01
4.254540503025054932e-01 5.224848985671997070e-01
4.521382153034210205e-01 5.217741131782531738e-01
4.810126423835754395e-01 5.815708637237548828e-01
6.241236329078674316e-01 7.096221446990966797e-01
5.980838537216186523e-01 7.944300174713134766e-01
7.933196425437927246e-01 4.797809422016143799e-01
5.707492828369140625e-01 4.882736206054687500e-01
5.541904568672180176e-01 5.990451574325561523e-01
4.993804395198822021e-01 5.198639631271362305e-01
4.532149136066436768e-01 4.392882287502288818e-01
7.624962329864501953e-01 4.980602562427520752e-01
4.712387621402740479e-01 5.598590970039367676e-01
7.393862009048461914e-01 6.394032239913940430e-01
6.911721229553222656e-01 6.505767703056335449e-01
6.570606827735900879e-01 4.732744395732879639e-01
6.794437170028686523e-01 6.813262104988098145e-01
6.586734652519226074e-01 5.346468687057495117e-01
4.138768911361694336e-01 4.542521834373474121e-01
4.984328448772430420e-01 7.401261925697326660e-01
7.953487634658813477e-01 7.168560028076171875e-01
6.424068212509155273e-01 6.888632178306579590e-01
7.331784963607788086e-01 4.938695728778839111e-01
7.291396856307983398e-01 5.393142104148864746e-01
7.367200255393981934e-01 5.031526684761047363e-01
6.714280247688293457e-01 4.733035564422607422e-01
6.212055087089538574e-01 6.452269554138183594e-01
4.666482210159301758e-01 7.909463047981262207e-01
4.885169565677642822e-01 3.402635455131530762e-01
4.109134972095489502e-01 6.619052886962890625e-01
4.786105751991271973e-01 5.957567691802978516e-01
7.490193247795104980e-01 6.509978771209716797e-01
4.593774080276489258e-01 3.116028904914855957e-01
4.999645054340362549e-01 7.006139159202575684e-01
4.456470012664794922e-01 7.061384916305541992e-01
7.429817318916320801e-01 7.190261483192443848e-01
4.164054691791534424e-01 6.165868639945983887e-01
7.729443907737731934e-01 5.421621799468994141e-01
4.111832380294799805e-01 3.989925384521484375e-01
5.104933977127075195e-01 4.322260916233062744e-01
6.290622949600219727e-01 5.612167716026306152e-01
4.128166735172271729e-01 6.140418648719787598e-01
7.513450384140014648e-01 6.726555824279785156e-01
7.187277078628540039e-01 6.028152704238891602e-01
5.072295665740966797e-01 4.367124140262603760e-01
4.747509360313415527e-01 3.827143311500549316e-01
4.849137067794799805e-01 5.694683790206909180e-01
4.455229341983795166e-01 5.156664848327636719e-01
4.795621931552886963e-01 4.618113040924072266e-01
3.815051615238189697e-01 6.330921649932861328e-01
6.560928225517272949e-01 6.797288060188293457e-01
7.715526819229125977e-01 5.271579027175903320e-01
6.980615854263305664e-01 6.105315089225769043e-01
6.257676482200622559e-01 7.219885587692260742e-01
6.212441325187683105e-01 6.916382312774658203e-01
6.732105016708374023e-01 5.387952923774719238e-01
7.208188772201538086e-01 4.609729647636413574e-01
5.440271496772766113e-01 4.864118099212646484e-01
6.651116609573364258e-01 6.540244817733764648e-01
5.187394022941589355e-01 4.355816245079040527e-01
4.615189731121063232e-01 5.257075428962707520e-01
4.888644516468048096e-01 7.248334288597106934e-01
4.222488701343536377e-01 4.553302526473999023e-01
3.962511718273162842e-01 7.351852655410766602e-01
6.907457709312438965e-01 7.546569705009460449e-01
7.049854397773742676e-01 4.788983762264251709e-01
3.692960739135742188e-01 5.971065163612365723e-01
7.657478451728820801e-01 6.388365626335144043e-01
7.605798244476318359e-01 5.728909373283386230e-01
4.585129022598266602e-01 4.638436734676361084e-01
5.999513268470764160e-01 4.344671368598937988e-01
7.195191979408264160e-01 6.882534027099609375e-01
4.715405702590942383e-01 4.526089131832122803e-01
7.379958033561706543e-01 7.156490087509155273e-01
4.756032526493072510e-01 4.314331412315368652e-01
6.350768804550170898e-01 4.768086373805999756e-01
6.648513674736022949e-01 7.464697360992431641e-01
7.142989039421081543e-01 6.465395092964172363e-01
7.127283811569213867e-01 5.470748543739318848e-01
6.173909902572631836e-01 6.164667010307312012e-01
4.115964174270629883e-01 4.511954188346862793e-01
3.635658621788024902e-01 6.427621245384216309e-01
4.605089724063873291e-01 7.182885408401489258e-01
4.100356101989746094e-01 6.217901110649108887e-01
6.090296506881713867e-01 5.960478186607360840e-01
4.053317010402679443e-01 6.265482306480407715e-01
3.689193725585937500e-01 7.039276361465454102e-01
4.708443880081176758e-01 4.905505180358886719e-01
7.693179845809936523e-01 7.007046937942504883e-01
4.390809535980224609e-01 5.398235917091369629e-01
7.112171053886413574e-01 7.512733340263366699e-01
6.633785367012023926e-01 6.513832807540893555e-01
6.501342058181762695e-01 7.711013555526733398e-01
6.545845866203308105e-01 4.538663029670715332e-01
6.644593477249145508e-01 7.513199448585510254e-01
5.616191029548645020e-01 6.575046777725219727e-01
7.083125114440917969e-01 4.293002784252166748e-01
3.799713253974914551e-01 5.939547419548034668e-01
5.388311147689819336e-01 5.991294384002685547e-01
5.081596970558166504e-01 4.440793991088867188e-01
5.286388397216796875e-01 7.213305830955505371e-01
6.536729931831359863e-01 5.617911219596862793e-01
6.438519358634948730e-01 6.721335649490356445e-01
5.386642217636108398e-01 6.307368278503417969e-01
6.400545239448547363e-01 6.638330817222595215e-01
5.244784355163574219e-01 3.929636478424072266e-01
6.306569576263427734e-01 4.424690902233123779e-01
5.303055047988891602e-01 8.041003942489624023e-01
8.100522160530090332e-01 5.012555122375488281e-01
4.741057753562927246e-01 4.738861322402954102e-01
6.675177216529846191e-01 7.677178978919982910e-01
6.385945081710815430e-01 4.464048445224761963e-01
3.665575683116912842e-01 5.918703079223632812e-01
5.077939629554748535e-01 7.009472250938415527e-01
4.521832466125488281e-01 5.963048338890075684e-01
