7.140040993690490723e-01 7.558628916740417480e-01
5.383551120758056641e-01 4.012044966220855713e-01
7.370911240577697754e-01 5.420442223548889160e-01
5.086693167686462402e-01 6.708728671073913574e-01
5.084001421928405762e-01 5.106504559516906738e-01
6.610529422760009766e-01 5.068336725234985352e-01
7.277671694755554199e-01 5.253222584724426270e-01
4.937081038951873779e-01 6.292741894721984863e-01
5.123751163482666016e-01 4.952808320522308350e-01
5.134615898132324219e-01 4.510031342506408691e-01
8.108723759651184082e-01 5.800936222076416016e-01
5.145071148872375488e-01 6.841908097267150879e-01
7.827158570289611816e-01 4.883635044097900391e-01
5.905519127845764160e-01 6.944397091865539551e-01
7.438277602195739746e-01 4.968751966953277588e-01
7.864007353782653809e-01 6.174762845039367676e-01
6.250419616699218750e-01 5.266329050064086914e-01
7.528957724571228027e-01 6.237675547599792480e-01
7.094712853431701660e-01 7.585434913635253906e-01
7.660840749740600586e-01 5.164613723754882812e-01
5.913036465644836426e-01 7.415875792503356934e-01
7.114795446395874023e-01 7.787258625030517578e-01
7.556408047676086426e-01 5.399295091629028320e-01
7.553799748420715332e-01 5.482358932495117188e-01
5.018877387046813965e-01 7.026577591896057129e-01
6.333436965942382812e-01 3.767772912979125977e-01
6.466856002807617188e-01 5.471242070198059082e-01
5.218637585639953613e-01 4.528509974479675293e-01
4.371084868907928467e-01 5.538115501403808594e-01
5.317471623420715332e-01 4.068897366523742676e-01
4.128558635711669922e-01 5.372722744941711426e-01
7.944747209548950195e-01 6.836764216423034668e-01
5.110955834388732910e-01 6.547360420227050781e-01
4.676924347877502441e-01 5.472452044486999512e-01
3.872291445732116699e-01 6.642862558364868164e-01
5.813027024269104004e-01 4.650147557258605957e-01
7.579590678215026855e-01 5.598973035812377930e-01
4.292784631252288818e-01 6.876032352447509766e-01
7.443773150444030762e-01 5.829195380210876465e-01
7.160542607307434082e-01 6.262724995613098145e-01
7.863498926162719727e-01 6.456856727600097656e-01
7.547840476036071777e-01 4.760195016860961914e-01
4.656431078910827637e-01 5.708466768264770508e-01
6.405412554740905762e-01 8.024327158927917480e-01
5.703577399253845215e-01 7.465518712997436523e-01
5.388987660408020020e-01 5.878600478172302246e-01
7.073880434036254883e-01 6.900614500045776367e-01
6.968340277671813965e-01 8.102887868881225586e-01
4.566127359867095947e-01 5.872626900672912598e-01
7.517034411430358887e-01 4.864436388015747070e-01
7.957057952880859375e-01 5.026862621307373047e-01
7.787744402885437012e-01 6.427805423736572266e-01
7.620979547500610352e-01 6.483421325683593750e-01
4.694028496742248535e-01 4.699163138866424561e-01
5.388055443763732910e-01 5.626258254051208496e-01
7.904164195060729980e-01 6.062583923339843750e-01
4.259493649005889893e-01 4.972354769706726074e-01
5.379130840301513672e-01 5.097404718399047852e-01
7.681422829627990723e-01 5.217876434326171875e-01
5.174408555030822754e-01 5.756693482398986816e-01
4.377492666244506836e-01 7.086390256881713867e-01
6.732761859893798828e-01 4.716116189956665039e-01
6.525825858116149902e-01 6.330705285072326660e-01
4.679282307624816895e-01 5.454073548316955566e-01
7.221782803535461426e-01 7.104900479316711426e-01
5.390521883964538574e-01 5.932253003120422363e-01
4.091798961162567139e-01 5.961658358573913574e-01
4.168453812599182129e-01 6.729233860969543457e-01
5.906593799591064453e-01 6.076999902725219727e-01
5.494872331619262695e-01 5.628758072853088379e-01
5.288792252540588379e-01 7.018059492111206055e-01
5.461484193801879883e-01 6.204076409339904785e-01
5.379791855812072754e-01 7.814041972160339355e-01
4.756891131401062012e-01 4.840121567249298096e-01
7.765214443206787109e-01 5.379903316497802734e-01
6.631341576576232910e-01 8.059035539627075195e-01
7.684272527694702148e-01 5.520123243331909180e-01
6.779075264930725098e-01 7.166686058044433594e-01
3.640668988227844238e-01 6.727916598320007324e-01
5.290399193763732910e-01 4.536580443382263184e-01
7.484190464019775391e-01 4.650226235389709473e-01
6.338005661964416504e-01 6.675245165824890137e-01
6.288161277770996094e-01 4.496489167213439941e-01
7.868624329566955566e-01 6.836230754852294922e-01
6.102521419525146484e-01 4.125761091709136963e-01
5.210587978363037109e-01 4.076785147190093994e-01
7.155395150184631348e-01 6.238682270050048828e-01
7.161428928375244141e-01 7.651393413543701172e-01
6.687943339347839355e-01 7.036458253860473633e-01
4.220888018608093262e-01 6.864598393440246582e-01
6.230837702751159668e-01 6.200920343399047852e-01
5.344566702842712402e-01 5.355620384216308594e-01
3.874552547931671143e-01 6.414920091629028320e-01
4.325577616691589355e-01 5.814042091369628906e-01
5.903955698013305664e-01 7.661015391349792480e-01
5.408899784088134766e-01 4.257097840309143066e-01
5.579605698585510254e-01 7.614042162895202637e-01
5.930449366569519043e-01 3.808233439922332764e-01
4.075464904308319092e-01 6.793329715728759766e-01
7.305325865745544434e-01 5.307802557945251465e-01
7.570179700851440430e-01 5.511943101882934570e-01
4.376184642314910889e-01 5.410282015800476074e-01
5.084449648857116699e-01 5.635785460472106934e-01
4.593038260936737061e-01 4.814133644104003906e-01
4.800213575363159180e-01 4.771222770214080811e-01
7.612605690956115723e-01 6.061022877693176270e-01
6.495552062988281250e-01 7.485750317573547363e-01
4.205659329891204834e-01 5.393260121345520020e-01
7.084053754806518555e-01 6.478300094604492188e-01
6.428321599960327148e-01 5.669665336608886719e-01
7.104797363281250000e-01 5.632162094116210938e-01
6.375813484191894531e-01 6.665278077125549316e-01
5.813570618629455566e-01 7.233651876449584961e-01
5.700247883796691895e-01 4.848216176033020020e-01
4.630973339080810547e-01 6.750497817993164062e-01
7.245721817016601562e-01 6.804035902023315430e-01
4.134660065174102783e-01 6.313930153846740723e-01
6.075063943862915039e-01 4.654701352119445801e-01
5.622055530548095703e-01 5.029218196868896484e-01
4.448171257972717285e-01 5.460906624794006348e-01
7.669595479965209961e-01 6.167861223220825195e-01
6.645540595054626465e-01 5.662743449211120605e-01
6.010481119155883789e-01 4.290628731250762939e-01
5.333209037780761719e-01 6.446078419685363770e-01
5.757247209548950195e-01 4.427766501903533936e-01
4.252763390541076660e-01 5.744227170944213867e-01
5.200939178466796875e-01 4.099707007408142090e-01
6.187894344329833984e-01 4.669651091098785400e-01
7.670739293098449707e-01 4.824865460395812988e-01
4.737558066844940186e-01 6.710260510444641113e-01
6.863530278205871582e-01 6.171207427978515625e-01
6.782819032669067383e-01 8.157041668891906738e-01
6.438529491424560547e-01 6.702891588211059570e-01
7.147703766822814941e-01 6.436198949813842773e-01
5.839353799819946289e-01 6.574368476867675781e-01
5.371231436729431152e-01 7.141240239143371582e-01
7.952380776405334473e-01 6.401337981224060059e-01
7.558763027191162109e-01 7.385514378547668457e-01
7.870953083038330078e-01 5.879245996475219727e-01
7.120445370674133301e-01 6.265240311622619629e-01
7.964970469474792480e-01 6.312778592109680176e-01
7.093068361282348633e-01 5.460189580917358398e-01
5.279472470283508301e-01 7.236444950103759766e-01
7.931231260299682617e-01 5.652860403060913086e-01
8.203458786010742188e-01 6.266710162162780762e-01
4.730033576488494873e-01 6.304574608802795410e-01
4.307596683502197266e-01 5.545898079872131348e-01
5.229978561401367188e-01 4.623336791992187500e-01
7.562155127525329590e-01 7.150056362152099609e-01
4.803679287433624268e-01 7.412214279174804688e-01
4.301071763038635254e-01 7.279087305068969727e-01
6.384187936782836914e-01 5.959921479225158691e-01
5.469441413879394531e-01 5.245185494422912598e-01
6.711502075195312500e-01 4.179993867874145508e-01
5.043045282363891602e-01 6.068383455276489258e-01
6.519679427146911621e-01 7.491289377212524414e-01
5.387057662010192871e-01 5.989459753036499023e-01
4.375868737697601318e-01 6.368539333343505859e-01
6.948633193969726562e-01 4.686754643917083740e-01
6.760987639427185059e-01 6.849214434623718262e-01
5.699693560600280762e-01 6.005296707153320312e-01
6.096051335334777832e-01 4.771063029766082764e-01
4.313462674617767334e-01 6.897656321525573730e-01
7.469048500061035156e-01 6.826506853103637695e-01
6.480033397674560547e-01 4.815036654472351074e-01
4.671640694141387939e-01 5.150792002677917480e-01
7.157450318336486816e-01 4.382301270961761475e-01
5.363021492958068848e-01 6.981867551803588867e-01
5.807604789733886719e-01 5.224134922027587891e-01
5.848543643951416016e-01 5.453936457633972168e-01
7.377090454101562500e-01 5.667592287063598633e-01
7.231627106666564941e-01 4.427027702331542969e-01
5.063136219978332520e-01 5.004362463951110840e-01
7.631425261497497559e-01 4.415097236633300781e-01
4.984250068664550781e-01 6.897528171539306641e-01
6.386710405349731445e-01 4.189991056919097900e-01
7.910530567169189453e-01 5.354033708572387695e-01
4.361878931522369385e-01 7.044075727462768555e-01
5.466881990432739258e-01 6.089535355567932129e-01
7.438587546348571777e-01 4.374420344829559326e-01
5.602120161056518555e-01 7.609039545059204102e-01
6.219770312309265137e-01 4.582509100437164307e-01
5.449787974357604980e-01 7.365039587020874023e-01
6.220259666442871094e-01 5.079382061958312988e-01
4.195037782192230225e-01 6.531495451927185059e-01
7.234569787979125977e-01 7.554430961608886719e-01
8.059130907058715820e-01 5.321082472801208496e-01
6.131999492645263672e-01 4.227853119373321533e-01
6.234617829322814941e-01 4.773617982864379883e-01
6.763772368431091309e-01 5.804736614227294922e-01
6.803699731826782227e-01 6.057569980621337891e-01
4.357471466064453125e-01 5.819687247276306152e-01
7.478562593460083008e-01 5.366943478584289551e-01
6.310653686523437500e-01 6.494157910346984863e-01
6.439180374145507812e-01 6.554886698722839355e-01
5.117299556732177734e-01 4.632783532142639160e-01
5.167308449745178223e-01 5.354385375976562500e-01
7.212580442428588867e-01 7.314984798431396484e-01
6.755206584930419922e-01 4.098608493804931641e-01
5.996037721633911133e-01 4.962578713893890381e-01
4.983170330524444580e-01 7.862587571144104004e-01
6.235587000846862793e-01 5.260176658630371094e-01
7.035037875175476074e-01 6.197244524955749512e-01
5.478698015213012695e-01 6.753742694854736328e-01
5.415180921554565430e-01 7.097625136375427246e-01
7.608766555786132812e-01 6.284547448158264160e-01
7.639747858047485352e-01 5.999058485031127930e-01
4.204333722591400146e-01 5.428482890129089355e-01
5.837779641151428223e-01 4.256832003593444824e-01
8.051041364669799805e-01 5.761890411376953125e-01
6.178571581840515137e-01 5.466081500053405762e-01
4.200055301189422607e-01 6.933273673057556152e-01
7.358968257904052734e-01 4.343194663524627686e-01
7.844420075416564941e-01 5.223536491394042969e-01
7.390782833099365234e-01 4.672465920448303223e-01
6.797671914100646973e-01 6.784489750862121582e-01
6.316083669662475586e-01 4.669958353042602539e-01
6.395972967147827148e-01 8.144422769546508789e-01
4.223400950431823730e-01 4.798766076564788818e-01
4.329916238784790039e-01 6.328616738319396973e-01
5.377553105354309082e-01 5.878221392631530762e-01
4.164265394210815430e-01 7.376890182495117188e-01
4.559110701084136963e-01 6.213785409927368164e-01
6.263680458068847656e-01 7.332111001014709473e-01
4.244542717933654785e-01 5.650296807289123535e-01
7.287176847457885742e-01 4.458086490631103516e-01
7.260268330574035645e-01 4.624875485897064209e-01
7.843174338340759277e-01 6.720089912414550781e-01
4.618110060691833496e-01 6.886369585990905762e-01
6.771476864814758301e-01 7.019878625869750977e-01
6.363751888275146484e-01 7.791448831558227539e-01
4.796149730682373047e-01 6.212525963783264160e-01
4.983189702033996582e-01 4.607016444206237793e-01
6.572450995445251465e-01 7.414305210113525391e-01
6.691148877143859863e-01 4.420066773891448975e-01
7.902418375015258789e-01 5.795851945877075195e-01
4.108873903751373291e-01 6.876322627067565918e-01
7.133705615997314453e-01 4.931640028953552246e-01
3.932111561298370361e-01 6.334837079048156738e-01
6.772571206092834473e-01 4.838250279426574707e-01
4.467823505401611328e-01 6.474416851997375488e-01
5.168001651763916016e-01 4.065164327621459961e-01
7.188842892646789551e-01 6.717100143432617188e-01
4.101769030094146729e-01 7.022259831428527832e-01
7.867110371589660645e-01 5.386050343513488770e-01
6.008225083351135254e-01 7.695955038070678711e-01
5.999262928962707520e-01 7.333763837814331055e-01
5.340183973312377930e-01 4.687691628932952881e-01
5.581750869750976562e-01 7.674176096916198730e-01
5.012499690055847168e-01 4.739412367343902588e-01
7.039581537246704102e-01 4.851938486099243164e-01
4.843177199363708496e-01 5.912318229675292969e-01
7.147460579872131348e-01 4.607858359813690186e-01
7.581579685211181641e-01 7.277175188064575195e-01
6.557235717773437500e-01 7.594627737998962402e-01
6.500043869018554688e-01 5.823912620544433594e-01
5.036188960075378418e-01 5.264878869056701660e-01
6.992835998535156250e-01 4.880833923816680908e-01
5.296936035156250000e-01 7.176536321640014648e-01
5.057788491249084473e-01 4.914773106575012207e-01
6.201221942901611328e-01 6.639738678932189941e-01
6.472060084342956543e-01 6.388990283012390137e-01
5.696430206298828125e-01 6.714599132537841797e-01
5.735075473785400391e-01 7.540531158447265625e-01
7.467447519302368164e-01 6.857525706291198730e-01
5.026773214340209961e-01 6.010968089103698730e-01
5.188247561454772949e-01 7.272855639457702637e-01
6.980409026145935059e-01 6.429187655448913574e-01
6.018042564392089844e-01 5.956129431724548340e-01
6.557406783103942871e-01 5.339076519012451172e-01
6.703606843948364258e-01 7.371037006378173828e-01
4.227376580238342285e-01 5.939769148826599121e-01
6.101572513580322266e-01 7.525818943977355957e-01
6.004426479339599609e-01 5.087392926216125488e-01
4.273662567138671875e-01 6.994724273681640625e-01
6.959640383720397949e-01 7.883910536766052246e-01
6.674944758415222168e-01 5.828990340232849121e-01
4.788137078285217285e-01 6.073092818260192871e-01
6.954315900802612305e-01 4.583131372928619385e-01
5.593681931495666504e-01 5.721702575683593750e-01
5.583103895187377930e-01 7.297251820564270020e-01
7.639819383621215820e-01 5.089236497879028320e-01
6.042791604995727539e-01 4.838595688343048096e-01
6.020907163619995117e-01 5.744396448135375977e-01
7.618799805641174316e-01 5.066971182823181152e-01
5.466738343238830566e-01 4.224295318126678467e-01
7.350876331329345703e-01 4.325061440467834473e-01
6.448720097541809082e-01 7.700445652008056641e-01
6.055263280868530273e-01 6.976008415222167969e-01
6.490821242332458496e-01 7.130410075187683105e-01
5.416771769523620605e-01 5.273736119270324707e-01
8.157100677490234375e-01 6.324616670608520508e-01
6.268908381462097168e-01 3.870254456996917725e-01
6.690298318862915039e-01 4.704555869102478027e-01
5.161699652671813965e-01 7.782146930694580078e-01
6.054002046585083008e-01 5.035082101821899414e-01
5.152707099914550781e-01 4.114858508110046387e-01
7.268532514572143555e-01 5.586451888084411621e-01
6.424929499626159668e-01 7.847456336021423340e-01
3.964850902557373047e-01 6.901461482048034668e-01
6.749529838562011719e-01 5.112906098365783691e-01
6.886164546012878418e-01 4.550153911113739014e-01
7.093977928161621094e-01 6.957151889801025391e-01
6.632757782936096191e-01 4.421390295028686523e-01
5.216798782348632812e-01 7.391537427902221680e-01
4.455929398536682129e-01 4.744446277618408203e-01
6.284778714179992676e-01 5.358548164367675781e-01
7.914848923683166504e-01 4.905100762844085693e-01
5.351170897483825684e-01 4.765330851078033447e-01
6.311250925064086914e-01 6.022289991378784180e-01
6.789008975028991699e-01 7.792896032333374023e-01
5.246037840843200684e-01 5.989941954612731934e-01
6.379974484443664551e-01 4.717268049716949463e-01
5.197316408157348633e-01 4.878914654254913330e-01
5.768190622329711914e-01 5.509436130523681641e-01
7.929939627647399902e-01 6.449605822563171387e-01
4.960139393806457520e-01 7.010946869850158691e-01
7.810996174812316895e-01 6.311550140380859375e-01
4.668112397193908691e-01 6.914180517196655273e-01
6.811121106147766113e-01 5.351656675338745117e-01
7.170158624649047852e-01 4.509525299072265625e-01
5.365067124366760254e-01 5.414971709251403809e-01
7.630859613418579102e-01 6.055542230606079102e-01
7.463263273239135742e-01 7.334160208702087402e-01
7.169917821884155273e-01 5.029320120811462402e-01
5.032414793968200684e-01 6.487771272659301758e-01
8.039430379867553711e-01 4.955256879329681396e-01
6.408651471138000488e-01 5.041640996932983398e-01
6.456848978996276855e-01 5.793269872665405273e-01
7.280167341232299805e-01 5.289137959480285645e-01
6.359525918960571289e-01 4.664845466613769531e-01
5.495112538337707520e-01 5.366989374160766602e-01
5.487045049667358398e-01 7.634369730949401855e-01
3.885649442672729492e-01 6.479729413986206055e-01
7.616217732429504395e-01 7.113472819328308105e-01
7.686177492141723633e-01 6.050995588302612305e-01
6.365486979484558105e-01 5.199730992317199707e-01
4.829636812210083008e-01 5.347146391868591309e-01
6.792597174644470215e-01 4.516170620918273926e-01
8.124772310256958008e-01 6.270000934600830078e-01
6.493272781372070312e-01 5.463595986366271973e-01
4.657514989376068115e-01 4.365602731704711914e-01
4.419472217559814453e-01 4.591437876224517822e-01
7.110798954963684082e-01 4.690802097320556641e-01
6.318815946578979492e-01 7.271030545234680176e-01
7.064332365989685059e-01 6.985233426094055176e-01
5.868443250656127930e-01 5.956514477729797363e-01
7.803498506546020508e-01 6.853752732276916504e-01
5.708752870559692383e-01 6.374150514602661133e-01
7.608510255813598633e-01 6.658596396446228027e-01
4.508990943431854248e-01 6.150310039520263672e-01
5.931826233863830566e-01 5.225659012794494629e-01
6.377859115600585938e-01 4.897213876247406006e-01
5.145648717880249023e-01 4.234322011470794678e-01
5.656096339225769043e-01 5.066695809364318848e-01
6.774306893348693848e-01 7.478905916213989258e-01
6.091893911361694336e-01 3.872607946395874023e-01
5.328103899955749512e-01 4.507977962493896484e-01
5.756758451461791992e-01 5.849182605743408203e-01
5.630532503128051758e-01 4.973517358303070068e-01
4.804753661155700684e-01 6.576764583587646484e-01
6.356564760208129883e-01 5.512222647666931152e-01
4.625914692878723145e-01 4.651428759098052979e-01
4.643945693969726562e-01 4.189558327198028564e-01
6.737230420112609863e-01 6.082540154457092285e-01
4.884095191955566406e-01 7.243821024894714355e-01
7.583693265914916992e-01 4.811249375343322754e-01
6.712164878845214844e-01 5.778396725654602051e-01
5.420042872428894043e-01 6.340056061744689941e-01
5.120822191238403320e-01 6.093678474426269531e-01
7.409398555755615234e-01 4.762482643127441406e-01
6.184768080711364746e-01 7.713901996612548828e-01
4.457128345966339111e-01 7.555695772171020508e-01
5.811542272567749023e-01 5.964807868003845215e-01
7.621210813522338867e-01 5.844907760620117188e-01
4.413896501064300537e-01 4.135380089282989502e-01
4.823937416076660156e-01 6.174309253692626953e-01
6.509486436843872070e-01 5.981993675231933594e-01
5.100489854812622070e-01 4.817952215671539307e-01
6.738913655281066895e-01 6.075191497802734375e-01
5.548524260520935059e-01 4.722600877285003662e-01
7.321746945381164551e-01 7.140205502510070801e-01
3.830547332763671875e-01 6.677561998367309570e-01
6.147775650024414062e-01 6.681016683578491211e-01
7.063325643539428711e-01 6.054549217224121094e-01
5.459520220756530762e-01 7.276837825775146484e-01
5.121461153030395508e-01 6.883592605590820312e-01
5.736281871795654297e-01 5.224521160125732422e-01
7.561447620391845703e-01 5.463956594467163086e-01
6.243497133255004883e-01 5.914074182510375977e-01
3.710058033466339111e-01 6.783834695816040039e-01
4.640927016735076904e-01 6.742017865180969238e-01
4.524302184581756592e-01 5.188184976577758789e-01
5.430715680122375488e-01 5.482646226882934570e-01
6.517022252082824707e-01 7.021569609642028809e-01
6.882870197296142578e-01 4.964385330677032471e-01
3.948600292205810547e-01 6.761664152145385742e-01
4.416511952877044678e-01 6.408684253692626953e-01
6.631667613983154297e-01 7.856885790824890137e-01
5.791334509849548340e-01 4.014685153961181641e-01
6.358872056007385254e-01 7.552096247673034668e-01
4.477342367172241211e-01 6.760302782058715820e-01
6.228691935539245605e-01 5.771516561508178711e-01
4.781055748462677002e-01 5.741640329360961914e-01
5.902335047721862793e-01 6.049969196319580078e-01
5.781496167182922363e-01 4.139204919338226318e-01
5.674147009849548340e-01 6.709077954292297363e-01
4.757855236530303955e-01 7.305007576942443848e-01
6.053616404533386230e-01 7.344553470611572266e-01
5.363669395446777344e-01 7.274367809295654297e-01
7.371146678924560547e-01 4.564711451530456543e-01
6.185017824172973633e-01 7.581593394279479980e-01
3.614962399005889893e-01 6.710204482078552246e-01
4.471746981143951416e-01 5.163311958312988281e-01
7.559230327606201172e-01 6.542391180992126465e-01
6.261550188064575195e-01 6.591563224792480469e-01
7.352835536003112793e-01 6.644694805145263672e-01
4.703338444232940674e-01 7.098442316055297852e-01
4.176756739616394043e-01 5.986624360084533691e-01
6.648441553115844727e-01 5.962204337120056152e-01
6.047771573066711426e-01 4.994822144508361816e-01
5.190992951393127441e-01 6.143344044685363770e-01
6.569026708602905273e-01 7.981711030006408691e-01
5.710482597351074219e-01 4.228019714355468750e-01
5.378341078758239746e-01 6.265546679496765137e-01
5.574060678482055664e-01 5.435514450073242188e-01
4.761308133602142334e-01 5.118442177772521973e-01
3.852393627166748047e-01 5.317022800445556641e-01
7.486392259597778320e-01 7.121975421905517578e-01
4.179677367210388184e-01 6.618407964706420898e-01
7.408457398414611816e-01 4.870859384536743164e-01
5.110684037208557129e-01 4.093259871006011963e-01
6.177729964256286621e-01 6.778260469436645508e-01
7.111936211585998535e-01 4.962855577468872070e-01
5.589193105697631836e-01 6.277421116828918457e-01
6.644786596298217773e-01 6.582781076431274414e-01
5.534253120422363281e-01 7.687618732452392578e-01
7.775678634643554688e-01 6.089079976081848145e-01
6.472278237342834473e-01 5.642414093017578125e-01
5.389131903648376465e-01 7.347294688224792480e-01
5.282630920410156250e-01 3.881751298904418945e-01
7.743760943412780762e-01 6.608234047889709473e-01
5.309140682220458984e-01 5.804260373115539551e-01
6.668345332145690918e-01 4.364618659019470215e-01
7.634075880050659180e-01 5.432144999504089355e-01
4.332060217857360840e-01 5.997914671897888184e-01
5.090452432632446289e-01 6.460567116737365723e-01
7.345767617225646973e-01 5.751217007637023926e-01
5.755645036697387695e-01 7.192312479019165039e-01
5.367392897605895996e-01 5.139747262001037598e-01
5.744764208793640137e-01 6.488055586814880371e-01
7.026990056037902832e-01 7.483405470848083496e-01
6.887512803077697754e-01 5.576454401016235352e-01
4.758671224117279053e-01 4.213328957557678223e-01
5.302633643150329590e-01 4.633012413978576660e-01
6.197996735572814941e-01 5.573657155036926270e-01
6.567394733428955078e-01 6.927055716514587402e-01
6.282286047935485840e-01 6.211783885955810547e-01
5.841904282569885254e-01 4.941667616367340088e-01
4.845153093338012695e-01 4.037713110446929932e-01
3.764189481735229492e-01 5.988879203796386719e-01
6.315225958824157715e-01 4.738969206809997559e-01
7.776961922645568848e-01 5.495050549507141113e-01
6.152848601341247559e-01 4.314841926097869873e-01
6.131458282470703125e-01 4.479686617851257324e-01
7.239127755165100098e-01 6.437283754348754883e-01
5.705338120460510254e-01 4.022933244705200195e-01
7.023054361343383789e-01 6.364477276802062988e-01
6.686166524887084961e-01 7.390798926353454590e-01
5.478242039680480957e-01 3.993039727210998535e-01
7.717631459236145020e-01 5.322051644325256348e-01
5.028337836265563965e-01 4.844270348548889160e-01
5.386658906936645508e-01 7.228669524192810059e-01
7.239896059036254883e-01 4.713052809238433838e-01
6.378760933876037598e-01 6.091352105140686035e-01
5.274872779846191406e-01 6.878709197044372559e-01
6.540327072143554688e-01 7.166950702667236328e-01
6.814878582954406738e-01 6.025307774543762207e-01
5.824991464614868164e-01 5.602954626083374023e-01
6.587239503860473633e-01 5.427035689353942871e-01
7.632487416267395020e-01 5.680717229843139648e-01
4.331503212451934814e-01 5.447352528572082520e-01
5.504063963890075684e-01 5.639348626136779785e-01
5.490520596504211426e-01 4.792826175689697266e-01
5.466332435607910156e-01 4.844871163368225098e-01
5.951442718505859375e-01 4.872613549232482910e-01
6.121856570243835449e-01 5.511065721511840820e-01
4.900965094566345215e-01 5.438373088836669922e-01
7.702052593231201172e-01 6.581946611404418945e-01
5.321654081344604492e-01 4.870379269123077393e-01
3.921331167221069336e-01 5.277354717254638672e-01
5.426149964332580566e-01 6.903129816055297852e-01
5.297429561614990234e-01 4.621129035949707031e-01
4.372062683105468750e-01 5.673995018005371094e-01
7.853324413299560547e-01 4.563916027545928955e-01
5.756539106369018555e-01 6.157502532005310059e-01
6.762480139732360840e-01 4.496652185916900635e-01
5.734600424766540527e-01 7.903351783752441406e-01
6.069450974464416504e-01 6.906730532646179199e-01
6.518219709396362305e-01 6.551417112350463867e-01
6.346085667610168457e-01 6.386265158653259277e-01
4.885562658309936523e-01 5.590515732765197754e-01
5.293278694152832031e-01 6.225638985633850098e-01
6.765834689140319824e-01 6.905222535133361816e-01
4.310576319694519043e-01 7.217267155647277832e-01
7.186148166656494141e-01 7.770727276802062988e-01
6.769933104515075684e-01 4.331535100936889648e-01
8.088924288749694824e-01 5.761941075325012207e-01
5.096482634544372559e-01 4.666126668453216553e-01
5.633962750434875488e-01 6.868973374366760254e-01
7.613576650619506836e-01 4.504528045654296875e-01
4.399355351924896240e-01 6.142367124557495117e-01
5.161933302879333496e-01 6.938562989234924316e-01
4.808434844017028809e-01 5.469386577606201172e-01
5.786591172218322754e-01 7.084860205650329590e-01
4.672366678714752197e-01 5.166555643081665039e-01
7.717927694320678711e-01 6.167035698890686035e-01
7.237556576728820801e-01 4.582196176052093506e-01
7.672128081321716309e-01 5.085723996162414551e-01
4.513482153415679932e-01 6.993104219436645508e-01
5.876508951187133789e-01 5.880842804908752441e-01
4.778533279895782471e-01 6.225838661193847656e-01
5.866309404373168945e-01 4.515973627567291260e-01
4.947932660579681396e-01 4.214907884597778320e-01
4.775582849979400635e-01 7.044889330863952637e-01
7.216877937316894531e-01 7.612175345420837402e-01
7.902767062187194824e-01 5.598985552787780762e-01
7.370809912681579590e-01 5.333421230316162109e-01
5.237889289855957031e-01 5.863959789276123047e-01
5.081307888031005859e-01 6.477760076522827148e-01
4.531778097152709961e-01 7.281941175460815430e-01
4.590136110782623291e-01 5.907741189002990723e-01
4.267713725566864014e-01 4.893377721309661865e-01
5.078477859497070312e-01 5.191839933395385742e-01
5.175094008445739746e-01 6.809521913528442383e-01
4.089875817298889160e-01 6.765311360359191895e-01
4.950713217258453369e-01 4.334464967250823975e-01
5.750495195388793945e-01 4.404393136501312256e-01
6.849516034126281738e-01 6.099302172660827637e-01
4.254334568977355957e-01 5.595674514770507812e-01
5.156587362289428711e-01 7.131859064102172852e-01
6.200559735298156738e-01 4.319440722465515137e-01
6.426925063133239746e-01 7.186065912246704102e-01
6.882957816123962402e-01 7.292282581329345703e-01
6.384251713752746582e-01 4.214346706867218018e-01
4.946996569633483887e-01 6.825029850006103516e-01
5.470575094223022461e-01 6.130509376525878906e-01
4.290780425071716309e-01 6.048581004142761230e-01
4.351424276828765869e-01 5.813899040222167969e-01
6.633099913597106934e-01 7.206645607948303223e-01
7.738915681838989258e-01 5.618329644203186035e-01
7.708029150962829590e-01 5.970100164413452148e-01
6.358010172843933105e-01 5.631664395332336426e-01
7.933937907218933105e-01 5.230674147605895996e-01
7.361748814582824707e-01 5.301643013954162598e-01
7.390178442001342773e-01 7.250090837478637695e-01
4.766569435596466064e-01 6.286746859550476074e-01
6.741307377815246582e-01 7.678883075714111328e-01
6.606392264366149902e-01 5.710200667381286621e-01
4.285680353641510010e-01 5.091884136199951172e-01
5.488524436950683594e-01 4.426701068878173828e-01
5.142291784286499023e-01 4.950000941753387451e-01
5.507360696792602539e-01 6.789663434028625488e-01
8.008078336715698242e-01 5.039120912551879883e-01
6.900405883789062500e-01 7.630953788757324219e-01
5.643221139907836914e-01 6.456845402717590332e-01
7.483326196670532227e-01 6.534650921821594238e-01
4.978716671466827393e-01 6.504212617874145508e-01
7.333469390869140625e-01 7.336539030075073242e-01
6.948465704917907715e-01 7.894060015678405762e-01
6.940658688545227051e-01 7.180835008621215820e-01
3.682706952095031738e-01 6.084456443786621094e-01
7.501036524772644043e-01 5.659279823303222656e-01
6.362457275390625000e-01 6.987758874893188477e-01
4.974191486835479736e-01 6.533188223838806152e-01
5.891872644424438477e-01 7.297757863998413086e-01
4.560310542583465576e-01 6.038262844085693359e-01
4.426822066307067871e-01 7.115711569786071777e-01
7.242558002471923828e-01 4.208633303642272949e-01
5.914722681045532227e-01 4.384842514991760254e-01
6.230418682098388672e-01 7.762572169303894043e-01
7.387070059776306152e-01 4.908092617988586426e-01
6.719934940338134766e-01 7.446106076240539551e-01
7.781068682670593262e-01 6.338309049606323242e-01
4.632498025894165039e-01 5.373976826667785645e-01
7.047782540321350098e-01 7.299341559410095215e-01
4.982939958572387695e-01 6.214656233787536621e-01
8.046713471412658691e-01 6.617948412895202637e-01
5.497115254402160645e-01 4.515851736068725586e-01
5.438242554664611816e-01 6.221885085105895996e-01
4.806720614433288574e-01 5.831589102745056152e-01
3.878007829189300537e-01 6.438106298446655273e-01
7.946713566780090332e-01 5.966067314147949219e-01
4.912678897380828857e-01 5.174423456192016602e-01
7.587863206863403320e-01 7.241242527961730957e-01
5.810377001762390137e-01 7.701998353004455566e-01
5.081213116645812988e-01 4.211043417453765869e-01
7.579101324081420898e-01 6.898926496505737305e-01
5.668664574623107910e-01 6.238092780113220215e-01
7.657035589218139648e-01 6.705510616302490234e-01
4.887635409832000732e-01 3.960919678211212158e-01
4.962517917156219482e-01 7.149474620819091797e-01
6.099327206611633301e-01 7.333543896675109863e-01
8.154425024986267090e-01 4.908712804317474365e-01
6.486491560935974121e-01 5.354694128036499023e-01
6.272770166397094727e-01 6.858468651771545410e-01
7.438067793846130371e-01 6.342132091522216797e-01
5.695884823799133301e-01 7.995067834854125977e-01
6.806238889694213867e-01 4.638184905052185059e-01
7.993944883346557617e-01 5.173373818397521973e-01
4.820387363433837891e-01 4.302910864353179932e-01
6.752821207046508789e-01 5.744640231132507324e-01
4.178825616836547852e-01 5.049203038215637207e-01
5.518474578857421875e-01 6.984119415283203125e-01
7.046031355857849121e-01 7.737621068954467773e-01
7.099695801734924316e-01 4.929659068584442139e-01
6.915010213851928711e-01 4.203307032585144043e-01
8.025845885276794434e-01 5.468747615814208984e-01
7.945472598075866699e-01 5.477277636528015137e-01
7.149536013603210449e-01 4.698852598667144775e-01
5.287376642227172852e-01 5.378966927528381348e-01
5.868405699729919434e-01 4.628911316394805908e-01
4.912616014480590820e-01 7.290334105491638184e-01
5.217064023017883301e-01 4.585264623165130615e-01
6.853459477424621582e-01 5.201507806777954102e-01
5.835942625999450684e-01 4.839658141136169434e-01
6.828024983406066895e-01 7.301539182662963867e-01
5.409100055694580078e-01 5.984305143356323242e-01
6.738587021827697754e-01 4.254012405872344971e-01
7.990173101425170898e-01 6.457437276840209961e-01
4.559265077114105225e-01 5.100575685501098633e-01
5.170259475708007812e-01 6.267392635345458984e-01
3.833150267601013184e-01 6.756844520568847656e-01
5.547253489494323730e-01 5.396673083305358887e-01
3.612732887268066406e-01 6.593299508094787598e-01
7.361962795257568359e-01 5.818663239479064941e-01
6.061697602272033691e-01 5.825067162513732910e-01
4.443002939224243164e-01 4.671642184257507324e-01
7.449870109558105469e-01 6.456675529479980469e-01
6.547257900238037109e-01 5.121284723281860352e-01
5.619360804557800293e-01 4.713129699230194092e-01
6.316586136817932129e-01 7.940037250518798828e-01
7.269393205642700195e-01 4.432416260242462158e-01
4.194738566875457764e-01 7.500261664390563965e-01
5.827518105506896973e-01 7.835504412651062012e-01
4.376692473888397217e-01 5.046395659446716309e-01
7.233921885490417480e-01 7.304204106330871582e-01
7.436742186546325684e-01 7.098541855812072754e-01
5.671406984329223633e-01 4.849300086498260498e-01
3.884778916835784912e-01 6.577172279357910156e-01
4.862753748893737793e-01 5.947660207748413086e-01
3.796475827693939209e-01 6.779234409332275391e-01
6.813980340957641602e-01 8.114318847656250000e-01
5.401878356933593750e-01 5.657214522361755371e-01
4.770960807800292969e-01 3.670821189880371094e-01
5.880989432334899902e-01 4.756040573120117188e-01
6.114616990089416504e-01 7.189294099807739258e-01
6.465939283370971680e-01 4.621843397617340088e-01
6.884199380874633789e-01 7.788166999816894531e-01
6.819828748703002930e-01 6.190990805625915527e-01
7.517524361610412598e-01 5.575294494628906250e-01
7.549341320991516113e-01 6.113256812095642090e-01
4.784994125366210938e-01 6.419807672500610352e-01
5.042917132377624512e-01 5.441055297851562500e-01
4.491703510284423828e-01 5.349882245063781738e-01
6.342539787292480469e-01 3.863661885261535645e-01
4.857034087181091309e-01 6.772608757019042969e-01
5.304030776023864746e-01 4.329214692115783691e-01
5.791155695915222168e-01 5.254285931587219238e-01
6.590750813484191895e-01 5.428839325904846191e-01
6.405285000801086426e-01 7.232994437217712402e-01
5.620367527008056641e-01 6.228990554809570312e-01
5.229192376136779785e-01 3.832784593105316162e-01
6.438433527946472168e-01 7.892873883247375488e-01
4.496635794639587402e-01 7.698040604591369629e-01
5.657340884208679199e-01 6.416776776313781738e-01
5.096425414085388184e-01 7.815515398979187012e-01
7.607069015502929688e-01 7.456604838371276855e-01
7.652617096900939941e-01 5.963477492332458496e-01
5.872082710266113281e-01 7.010962963104248047e-01
6.402504444122314453e-01 6.977518200874328613e-01
6.054412126541137695e-01 5.998712778091430664e-01
4.509176909923553467e-01 6.773883700370788574e-01
7.342145442962646484e-01 7.111868858337402344e-01
5.912997126579284668e-01 4.597964584827423096e-01
7.251187562942504883e-01 5.910220146179199219e-01
4.562980830669403076e-01 7.202385663986206055e-01
7.691841721534729004e-01 6.705691814422607422e-01
6.592383980751037598e-01 5.027757287025451660e-01
5.083897709846496582e-01 6.154508590698242188e-01
5.052500367164611816e-01 5.721597075462341309e-01
6.512677669525146484e-01 5.699236392974853516e-01
6.843864321708679199e-01 4.152181744575500488e-01
7.377519011497497559e-01 6.015899181365966797e-01
5.304258465766906738e-01 3.890020549297332764e-01
5.080826282501220703e-01 4.635572731494903564e-01
4.291493296623229980e-01 7.180539965629577637e-01
7.820096015930175781e-01 4.774252474308013916e-01
4.714584946632385254e-01 5.043628215789794922e-01
4.574449658393859863e-01 3.746954202651977539e-01
7.428120374679565430e-01 5.034098029136657715e-01
5.798906683921813965e-01 4.140406548976898193e-01
5.487295985221862793e-01 5.713683962821960449e-01
5.744436979293823242e-01 6.198593378067016602e-01
6.983082890510559082e-01 5.912557244300842285e-01
4.108283817768096924e-01 6.249452233314514160e-01
7.320752739906311035e-01 5.128914117813110352e-01
7.094113230705261230e-01 6.568491458892822266e-01
5.161795020103454590e-01 7.752547264099121094e-01
4.423030912876129150e-01 5.197683572769165039e-01
5.662317872047424316e-01 4.176224470138549805e-01
6.871404051780700684e-01 7.755899429321289062e-01
5.091606974601745605e-01 4.881280958652496338e-01
4.677352905273437500e-01 4.364736378192901611e-01
7.380611300468444824e-01 5.597727894783020020e-01
5.954539775848388672e-01 4.639908969402313232e-01
5.883307456970214844e-01 7.723620533943176270e-01
5.909859538078308105e-01 7.316715717315673828e-01
4.755391478538513184e-01 5.228157043457031250e-01
6.464015245437622070e-01 7.038019895553588867e-01
5.528244376182556152e-01 6.706030964851379395e-01
4.793665707111358643e-01 5.774072408676147461e-01
6.966628432273864746e-01 6.881693601608276367e-01
7.414993047714233398e-01 7.016531229019165039e-01
8.061020374298095703e-01 5.328783392906188965e-01
7.867125868797302246e-01 6.455532908439636230e-01
6.862715482711791992e-01 7.612940669059753418e-01
7.681463956832885742e-01 4.691740572452545166e-01
5.891302227973937988e-01 6.441043615341186523e-01
4.343517422676086426e-01 6.258245706558227539e-01
5.546810626983642578e-01 3.718145489692687988e-01
7.807559967041015625e-01 7.031053900718688965e-01
4.979073703289031982e-01 4.374588429927825928e-01
4.442635178565979004e-01 4.667628705501556396e-01
6.067711114883422852e-01 4.986169040203094482e-01
7.829930186271667480e-01 4.830698072910308838e-01
6.636198163032531738e-01 5.915309786796569824e-01
6.124776601791381836e-01 6.982541680335998535e-01
6.526648402214050293e-01 7.296835184097290039e-01
5.703344941139221191e-01 4.609727859497070312e-01
5.851818919181823730e-01 6.987643241882324219e-01
4.909414649009704590e-01 3.831969797611236572e-01
5.906786322593688965e-01 4.604214727878570557e-01
5.301968455314636230e-01 5.254878997802734375e-01
7.169447541236877441e-01 7.463266253471374512e-01
6.787751317024230957e-01 7.151181697845458984e-01
5.628036260604858398e-01 6.780494451522827148e-01
5.679937005043029785e-01 3.681520521640777588e-01
7.433533668518066406e-01 4.771210849285125732e-01
6.827821731567382812e-01 6.424329280853271484e-01
6.083288192749023438e-01 5.271179080009460449e-01
8.014895915985107422e-01 6.920245885848999023e-01
7.748972177505493164e-01 6.609631776809692383e-01
4.194411933422088623e-01 6.645138859748840332e-01
7.852424383163452148e-01 6.274306178092956543e-01
6.964143514633178711e-01 7.778379917144775391e-01
6.013006567955017090e-01 4.342017173767089844e-01
7.984361052513122559e-01 4.959055185317993164e-01
7.314816117286682129e-01 5.038504600524902344e-01
7.406615614891052246e-01 6.933928728103637695e-01
6.589252352714538574e-01 5.041537284851074219e-01
4.752493798732757568e-01 4.833637773990631104e-01
7.058097720146179199e-01 5.642039179801940918e-01
6.586599946022033691e-01 5.948625206947326660e-01
6.335209608078002930e-01 5.721118450164794922e-01
4.662360548973083496e-01 4.295003712177276611e-01
5.763203501701354980e-01 4.830750823020935059e-01
5.878837704658508301e-01 7.184026241302490234e-01
6.594046354293823242e-01 4.640040993690490723e-01
4.392289519309997559e-01 7.276732921600341797e-01
4.888694882392883301e-01 7.570099830627441406e-01
4.614520668983459473e-01 7.481093406677246094e-01
6.983348727226257324e-01 5.276509523391723633e-01
5.203877687454223633e-01 5.925961136817932129e-01
6.442154049873352051e-01 6.502262949943542480e-01
7.850648760795593262e-01 6.051367521286010742e-01
5.885016322135925293e-01 7.474007606506347656e-01
7.956579923629760742e-01 5.848228335380554199e-01
5.003191232681274414e-01 6.321522593498229980e-01
5.048169493675231934e-01 6.057060360908508301e-01
5.923716425895690918e-01 7.165753245353698730e-01
5.687457919120788574e-01 4.916882812976837158e-01
4.291689097881317139e-01 5.809782147407531738e-01
7.443603277206420898e-01 7.123611569404602051e-01
4.991708993911743164e-01 7.375382184982299805e-01
3.949481844902038574e-01 7.013139128684997559e-01
3.685794770717620850e-01 6.901525259017944336e-01
7.617955803871154785e-01 5.902526974678039551e-01
7.253884673118591309e-01 7.413087487220764160e-01
7.384055852890014648e-01 7.449899911880493164e-01
5.143042802810668945e-01 4.959852397441864014e-01
7.344657182693481445e-01 7.065539956092834473e-01
7.266222238540649414e-01 7.156019210815429688e-01
5.221434235572814941e-01 5.043309926986694336e-01
6.788201928138732910e-01 6.013904809951782227e-01
5.926881432533264160e-01 6.311580538749694824e-01
5.818971991539001465e-01 6.901359558105468750e-01
4.957978725433349609e-01 7.165181040763854980e-01
6.636455655097961426e-01 6.383849978446960449e-01
5.673629045486450195e-01 5.402398705482482910e-01
7.582611441612243652e-01 6.292663812637329102e-01
7.345302700996398926e-01 6.317297220230102539e-01
5.469547510147094727e-01 6.594818234443664551e-01
5.125300884246826172e-01 6.895036101341247559e-01
4.619414806365966797e-01 4.410412311553955078e-01
5.926003456115722656e-01 7.447637915611267090e-01
4.335401952266693115e-01 7.203670144081115723e-01
7.395316958427429199e-01 5.358701348304748535e-01
4.511241614818572998e-01 5.862396955490112305e-01
5.084341764450073242e-01 4.456013143062591553e-01
5.353468656539916992e-01 6.326259374618530273e-01
7.403622269630432129e-01 6.867766976356506348e-01
6.781997680664062500e-01 7.223049402236938477e-01
5.204295516014099121e-01 4.648426473140716553e-01
6.816564202308654785e-01 6.652839779853820801e-01
6.568806767463684082e-01 6.880004405975341797e-01
4.835007786750793457e-01 5.631389617919921875e-01
6.756844520568847656e-01 4.047284722328186035e-01
5.952595472335815430e-01 6.072807908058166504e-01
7.063155770301818848e-01 7.006902694702148438e-01
4.444477558135986328e-01 5.875483155250549316e-01
6.991079449653625488e-01 4.869239628314971924e-01
6.922937035560607910e-01 4.975687563419342041e-01
7.048304677009582520e-01 4.610168337821960449e-01
7.883591055870056152e-01 5.749833583831787109e-01
4.892175495624542236e-01 4.544537961483001709e-01
7.517049312591552734e-01 6.849286556243896484e-01
5.445778369903564453e-01 6.408841609954833984e-01
6.140511631965637207e-01 5.118128657341003418e-01
6.813724040985107422e-01 7.383905649185180664e-01
7.337273359298706055e-01 7.049513459205627441e-01
4.639338552951812744e-01 7.358321547508239746e-01
7.832763791084289551e-01 6.902303695678710938e-01
5.969810485839843750e-01 4.536903500556945801e-01
5.912924408912658691e-01 5.463754534721374512e-01
6.206430196762084961e-01 5.464885830879211426e-01
4.996431767940521240e-01 6.118338108062744141e-01
5.866209268569946289e-01 7.011533379554748535e-01
8.134419918060302734e-01 6.793609857559204102e-01
4.248597025871276855e-01 4.717500507831573486e-01
7.272070050239562988e-01 4.737113416194915771e-01
6.580797433853149414e-01 4.452731311321258545e-01
8.007973432540893555e-01 4.791362583637237549e-01
5.305842161178588867e-01 7.021483778953552246e-01
3.807605206966400146e-01 6.666298508644104004e-01
6.121022105216979980e-01 7.130261063575744629e-01
6.461656689643859863e-01 5.277897119522094727e-01
7.499035000801086426e-01 5.644022822380065918e-01
4.700641334056854248e-01 4.478485286235809326e-01
6.567309498786926270e-01 4.550676941871643066e-01
6.804602146148681641e-01 6.414467692375183105e-01
4.871786236763000488e-01 3.972817063331604004e-01
5.950223803520202637e-01 3.932193517684936523e-01
6.561346054077148438e-01 4.633672535419464111e-01
6.436552405357360840e-01 7.736406326293945312e-01
6.660097837448120117e-01 6.286734938621520996e-01
7.549892067909240723e-01 4.821595251560211182e-01
6.832089424133300781e-01 7.546653747558593750e-01
5.777215957641601562e-01 4.310001134872436523e-01
6.654381752014160156e-01 7.543479204177856445e-01
6.428041458129882812e-01 6.962701082229614258e-01
4.255299866199493408e-01 6.283574700355529785e-01
5.968933105468750000e-01 5.695900321006774902e-01
7.075452804565429688e-01 5.037000179290771484e-01
4.488280117511749268e-01 6.199839115142822266e-01
5.373008847236633301e-01 7.158691287040710449e-01
6.508867144584655762e-01 7.796374559402465820e-01
4.520005285739898682e-01 7.490292787551879883e-01
6.176249980926513672e-01 6.202324032783508301e-01
7.554894685745239258e-01 5.604963898658752441e-01
8.040980696678161621e-01 5.814205408096313477e-01
7.878599762916564941e-01 5.451814532279968262e-01
5.895388722419738770e-01 7.627742886543273926e-01
5.213870406150817871e-01 4.181374609470367432e-01
4.360676407814025879e-01 5.810642242431640625e-01
7.115560770034790039e-01 5.947561264038085938e-01
5.162326097488403320e-01 6.250938773155212402e-01
5.087609291076660156e-01 6.893269419670104980e-01
7.269310355186462402e-01 7.506359219551086426e-01
6.031045913696289062e-01 4.749078154563903809e-01
5.484852790832519531e-01 5.604496598243713379e-01
6.321918964385986328e-01 6.608621478080749512e-01
6.733918786048889160e-01 5.308278799057006836e-01
6.742987632751464844e-01 5.858526825904846191e-01
4.374132752418518066e-01 7.198901176452636719e-01
4.823798239231109619e-01 6.816433668136596680e-01
4.734390377998352051e-01 6.378934383392333984e-01
5.900276899337768555e-01 5.481387972831726074e-01
5.782563686370849609e-01 7.813007831573486328e-01
4.348587095737457275e-01 6.237722039222717285e-01
6.526667475700378418e-01 5.071755051612854004e-01
6.966382861137390137e-01 6.956209540367126465e-01
4.989988505840301514e-01 5.928945541381835938e-01
7.393025159835815430e-01 4.445771574974060059e-01
7.331677079200744629e-01 4.878763556480407715e-01
5.378571748733520508e-01 4.847596585750579834e-01
5.696689486503601074e-01 4.939070641994476318e-01
7.725704312324523926e-01 5.917177200317382812e-01
7.020971179008483887e-01 6.473942399024963379e-01
7.601431012153625488e-01 7.390987277030944824e-01
5.223485231399536133e-01 7.236500978469848633e-01
6.849686503410339355e-01 4.555115103721618652e-01
6.669161915779113770e-01 8.106799721717834473e-01
7.972326278686523438e-01 5.956972241401672363e-01
7.716168165206909180e-01 5.898749828338623047e-01
7.781358957290649414e-01 7.150745987892150879e-01
4.055845737457275391e-01 5.916805267333984375e-01
6.205493807792663574e-01 4.767467677593231201e-01
4.172466993331909180e-01 7.200108766555786133e-01
4.165839254856109619e-01 6.256662607192993164e-01
8.292754888534545898e-01 5.177809596061706543e-01
4.035861194133758545e-01 6.384127140045166016e-01
7.858726382255554199e-01 5.757235884666442871e-01
4.830649495124816895e-01 4.472929835319519043e-01
5.354087948799133301e-01 7.382724881172180176e-01
7.500919699668884277e-01 5.083357691764831543e-01
5.046072006225585938e-01 6.121810674667358398e-01
6.432753205299377441e-01 4.024121463298797607e-01
7.272688746452331543e-01 6.871034502983093262e-01
7.370942831039428711e-01 5.422295928001403809e-01
6.312529444694519043e-01 7.055330872535705566e-01
7.123425006866455078e-01 5.904825329780578613e-01
7.019981741905212402e-01 6.903287768363952637e-01
7.358447313308715820e-01 6.921374797821044922e-01
6.983829140663146973e-01 7.819815278053283691e-01
4.538811147212982178e-01 7.317323684692382812e-01
4.264398217201232910e-01 5.914911627769470215e-01
5.793702006340026855e-01 4.286074340343475342e-01
4.083424210548400879e-01 6.950932741165161133e-01
5.686321258544921875e-01 6.932771205902099609e-01
6.462815999984741211e-01 7.470026016235351562e-01
6.647542715072631836e-01 6.736556887626647949e-01
5.814081430435180664e-01 6.800677180290222168e-01
6.854550242424011230e-01 5.020307898521423340e-01
4.782409071922302246e-01 5.676638484001159668e-01
6.021597385406494141e-01 6.124743819236755371e-01
7.669656872749328613e-01 4.543873965740203857e-01
6.385258436203002930e-01 5.929433107376098633e-01
5.451418161392211914e-01 6.475916504859924316e-01
5.398438572883605957e-01 4.553093910217285156e-01
6.560947895050048828e-01 5.181307792663574219e-01
7.377989292144775391e-01 5.509275794029235840e-01
7.310591936111450195e-01 5.044108033180236816e-01
6.239833831787109375e-01 3.971236050128936768e-01
5.594003796577453613e-01 5.892807841300964355e-01
3.768576383590698242e-01 5.676749348640441895e-01
4.753735363483428955e-01 4.009537100791931152e-01
7.385462522506713867e-01 4.785155355930328369e-01
5.354407429695129395e-01 6.994027495384216309e-01
6.767689585685729980e-01 5.771599411964416504e-01
5.825619101524353027e-01 4.286923408508300781e-01
4.111561179161071777e-01 5.538020133972167969e-01
5.196573734283447266e-01 5.396850705146789551e-01
5.231509804725646973e-01 5.336176156997680664e-01
7.082425355911254883e-01 7.436781525611877441e-01
4.879311621189117432e-01 4.647697806358337402e-01
5.746263861656188965e-01 4.076531231403350830e-01
5.704358220100402832e-01 6.839634776115417480e-01
4.241509139537811279e-01 5.914807319641113281e-01
5.328180789947509766e-01 6.664340496063232422e-01
7.073323130607604980e-01 5.414871573448181152e-01
6.018375158309936523e-01 5.575327277183532715e-01
5.032888650894165039e-01 3.958486914634704590e-01
4.793038666248321533e-01 5.682805180549621582e-01
7.363469004631042480e-01 5.614025592803955078e-01
7.529034614562988281e-01 7.234776020050048828e-01
7.480330467224121094e-01 6.051300168037414551e-01
5.494721531867980957e-01 5.809957981109619141e-01
6.568577289581298828e-01 5.475451350212097168e-01
6.404122710227966309e-01 6.745103001594543457e-01
6.971840858459472656e-01 5.650356411933898926e-01
7.543446421623229980e-01 6.565975546836853027e-01
6.073145866394042969e-01 6.725442409515380859e-01
6.669557690620422363e-01 7.467734217643737793e-01
5.241883993148803711e-01 4.075333476066589355e-01
4.462515115737915039e-01 7.515314817428588867e-01
7.086027860641479492e-01 7.672925591468811035e-01
6.857507824897766113e-01 4.433353543281555176e-01
7.739322781562805176e-01 6.715943813323974609e-01
4.882763624191284180e-01 5.855511426925659180e-01
5.609738826751708984e-01 4.116289615631103516e-01
5.391789078712463379e-01 7.882341742515563965e-01
4.975291788578033447e-01 6.844447255134582520e-01
5.090578198432922363e-01 4.513962268829345703e-01
5.087980628013610840e-01 5.719628334045410156e-01
6.922833323478698730e-01 5.034646987915039062e-01
6.703973412513732910e-01 5.416220426559448242e-01
6.661098003387451172e-01 6.860402822494506836e-01
5.356717705726623535e-01 7.212269306182861328e-01
7.982332706451416016e-01 6.090673208236694336e-01
4.199289083480834961e-01 5.572956800460815430e-01
4.414228796958923340e-01 6.776242256164550781e-01
