5.728039741516113281e-01 6.984393000602722168e-01
7.745862603187561035e-01 5.455956459045410156e-01
4.841869771480560303e-01 3.872783482074737549e-01
5.851846337318420410e-01 4.103578627109527588e-01
4.287635087966918945e-01 6.660537123680114746e-01
4.616149067878723145e-01 4.185963571071624756e-01
5.803303122520446777e-01 6.551040410995483398e-01
3.661721944808959961e-01 5.623184442520141602e-01
4.609463810920715332e-01 4.293509721755981445e-01
4.494914114475250244e-01 4.694733917713165283e-01
7.183113098144531250e-01 5.241304039955139160e-01
5.808577537536621094e-01 4.372816979885101318e-01
5.606892704963684082e-01 4.121611714363098145e-01
4.142649769783020020e-01 6.357430219650268555e-01
5.042283535003662109e-01 4.096583724021911621e-01
6.247203350067138672e-01 6.252911686897277832e-01
5.236579179763793945e-01 3.575420677661895752e-01
6.538385748863220215e-01 6.910994648933410645e-01
6.321134567260742188e-01 3.937853872776031494e-01
4.227215647697448730e-01 4.803597033023834229e-01
6.837485432624816895e-01 6.259621381759643555e-01
5.097079277038574219e-01 4.790025353431701660e-01
7.538071870803833008e-01 4.433451294898986816e-01
7.019031643867492676e-01 4.430247545242309570e-01
6.432484388351440430e-01 6.057897210121154785e-01
7.289549112319946289e-01 4.660542607307434082e-01
4.717416763305664062e-01 5.210072398185729980e-01
4.313344657421112061e-01 4.647178947925567627e-01
5.999823808670043945e-01 4.734303355216979980e-01
7.477559447288513184e-01 5.438320636749267578e-01
5.508494377136230469e-01 7.236000895500183105e-01
5.861669778823852539e-01 6.101474761962890625e-01
5.922957658767700195e-01 4.735905826091766357e-01
6.357492208480834961e-01 6.546365618705749512e-01
3.727544546127319336e-01 6.025632619857788086e-01
7.212588787078857422e-01 7.530900239944458008e-01
3.634379208087921143e-01 6.288603544235229492e-01
5.868215560913085938e-01 7.683864831924438477e-01
6.603791117668151855e-01 7.217939496040344238e-01
4.070140719413757324e-01 6.322087645530700684e-01
4.006480276584625244e-01 6.178843975067138672e-01
4.438897967338562012e-01 5.620371103286743164e-01
4.512413442134857178e-01 5.661362409591674805e-01
4.732859134674072266e-01 6.999303102493286133e-01
7.929503917694091797e-01 6.693255901336669922e-01
5.286463499069213867e-01 5.949381589889526367e-01
7.454407215118408203e-01 5.329581499099731445e-01
7.281461954116821289e-01 4.471035599708557129e-01
6.669806838035583496e-01 7.569810152053833008e-01
5.531299710273742676e-01 5.118054151535034180e-01
6.108075380325317383e-01 6.936253309249877930e-01
6.236251592636108398e-01 6.045298576354980469e-01
7.890707254409790039e-01 5.057086944580078125e-01
6.364814639091491699e-01 4.711483716964721680e-01
6.854738593101501465e-01 6.670331954956054688e-01
7.491813302040100098e-01 4.341668486595153809e-01
5.730707049369812012e-01 4.181673228740692139e-01
7.204967141151428223e-01 6.542124152183532715e-01
6.690474748611450195e-01 4.298290610313415527e-01
7.104635834693908691e-01 7.479953765869140625e-01
6.691325902938842773e-01 5.713886618614196777e-01
7.612456083297729492e-01 5.566870570182800293e-01
5.192079544067382812e-01 7.782068252563476562e-01
5.205976366996765137e-01 7.000401020050048828e-01
6.587601900100708008e-01 5.830847620964050293e-01
6.419059634208679199e-01 6.379247307777404785e-01
7.561640143394470215e-01 5.841355919837951660e-01
5.252886414527893066e-01 7.199358344078063965e-01
6.824107170104980469e-01 7.827980518341064453e-01
7.168805599212646484e-01 6.642894744873046875e-01
7.308980226516723633e-01 5.532886385917663574e-01
5.044189095497131348e-01 6.071477532386779785e-01
4.406885206699371338e-01 6.690148115158081055e-01
7.059561610221862793e-01 4.444258511066436768e-01
5.616816282272338867e-01 7.223001122474670410e-01
6.599851846694946289e-01 8.191024661064147949e-01
4.975271224975585938e-01 7.209218740463256836e-01
7.905541062355041504e-01 5.396106243133544922e-01
6.068658828735351562e-01 6.452988982200622559e-01
5.753663778305053711e-01 6.314477324485778809e-01
6.917512416839599609e-01 4.686890244483947754e-01
5.906617641448974609e-01 3.666840493679046631e-01
4.686070382595062256e-01 4.893520772457122803e-01
7.642397284507751465e-01 5.754554867744445801e-01
7.223230600357055664e-01 7.709134221076965332e-01
3.649328947067260742e-01 6.433895230293273926e-01
7.509050369262695312e-01 7.342078685760498047e-01
6.699543595314025879e-01 7.285459637641906738e-01
5.998225212097167969e-01 5.215547084808349609e-01
7.637289762496948242e-01 4.406515359878540039e-01
3.823921382427215576e-01 5.939640998840332031e-01
6.250498294830322266e-01 6.614676713943481445e-01
3.948814272880554199e-01 6.753919124603271484e-01
7.235280275344848633e-01 7.081105113029479980e-01
4.916322231292724609e-01 4.400230944156646729e-01
7.203038930892944336e-01 6.886022090911865234e-01
5.315231084823608398e-01 5.116389989852905273e-01
6.148998141288757324e-01 7.796417474746704102e-01
4.487952589988708496e-01 5.882938504219055176e-01
5.760447978973388672e-01 8.206026554107666016e-01
5.618491768836975098e-01 5.223649740219116211e-01
7.851579785346984863e-01 5.373044013977050781e-01
4.767489731311798096e-01 7.315341234207153320e-01
5.945552587509155273e-01 7.517486810684204102e-01
7.159557938575744629e-01 5.562066435813903809e-01
4.001054465770721436e-01 4.916752576828002930e-01
4.560194313526153564e-01 7.547124624252319336e-01
5.684274435043334961e-01 5.578964352607727051e-01
7.831848859786987305e-01 5.915794968605041504e-01
4.149366617202758789e-01 7.019996047019958496e-01
5.735594630241394043e-01 4.852235019207000732e-01
6.075137853622436523e-01 4.151126146316528320e-01
5.372413992881774902e-01 4.266591370105743408e-01
6.229808926582336426e-01 4.683378934860229492e-01
6.195217967033386230e-01 4.534029364585876465e-01
6.306091547012329102e-01 4.293428361415863037e-01
7.834284305572509766e-01 4.900273084640502930e-01
6.993311643600463867e-01 7.382178306579589844e-01
6.256498098373413086e-01 5.218808054924011230e-01
4.250931739807128906e-01 4.363595247268676758e-01
4.537746906280517578e-01 6.481487154960632324e-01
7.026185393333435059e-01 6.548319458961486816e-01
5.810670852661132812e-01 3.711002171039581299e-01
5.374326705932617188e-01 4.141650497913360596e-01
5.291672945022583008e-01 6.620727777481079102e-01
6.193968057632446289e-01 5.147274136543273926e-01
7.082599401473999023e-01 5.565878748893737793e-01
4.992683827877044678e-01 6.673086285591125488e-01
7.910673618316650391e-01 5.268450975418090820e-01
5.823478698730468750e-01 3.855389952659606934e-01
5.405179262161254883e-01 7.880356311798095703e-01
6.416801214218139648e-01 6.874436140060424805e-01
6.601855754852294922e-01 4.205851852893829346e-01
5.769739151000976562e-01 5.099492073059082031e-01
5.352135896682739258e-01 4.481783807277679443e-01
5.548635721206665039e-01 7.554758191108703613e-01
5.794686675071716309e-01 6.509181261062622070e-01
5.544584393501281738e-01 6.909162402153015137e-01
4.566925466060638428e-01 4.592956900596618652e-01
5.622358322143554688e-01 6.569796204566955566e-01
7.309133410453796387e-01 7.156231403350830078e-01
5.931106805801391602e-01 7.293596267700195312e-01
6.985818147659301758e-01 5.265695452690124512e-01
5.148347020149230957e-01 6.829257607460021973e-01
5.311217308044433594e-01 7.277576327323913574e-01
5.363191366195678711e-01 5.338924527168273926e-01
5.363332629203796387e-01 7.167559266090393066e-01
5.141673088073730469e-01 4.260145723819732666e-01
7.093150615692138672e-01 6.325377821922302246e-01
4.672315716743469238e-01 7.027350068092346191e-01
5.563941001892089844e-01 5.136774778366088867e-01
5.625089406967163086e-01 6.775714755058288574e-01
7.072646021842956543e-01 6.993255615234375000e-01
6.573249101638793945e-01 7.472034692764282227e-01
4.628253877162933350e-01 3.840627968311309814e-01
5.329201817512512207e-01 7.734002470970153809e-01
5.161541104316711426e-01 6.357350349426269531e-01
7.556942105293273926e-01 4.822095036506652832e-01
5.404201149940490723e-01 7.115786671638488770e-01
5.043145418167114258e-01 4.212090075016021729e-01
6.316854953765869141e-01 7.820947170257568359e-01
4.115012884140014648e-01 5.136451125144958496e-01
5.583317279815673828e-01 4.078654050827026367e-01
4.749553501605987549e-01 3.653822243213653564e-01
6.811180114746093750e-01 4.496244192123413086e-01
7.434127330780029297e-01 6.818843483924865723e-01
3.872932791709899902e-01 6.358000040054321289e-01
6.115710735321044922e-01 4.403599798679351807e-01
7.059635519981384277e-01 7.351103425025939941e-01
4.659672677516937256e-01 4.962470531463623047e-01
5.098304748535156250e-01 6.332867741584777832e-01
5.704194903373718262e-01 4.060102105140686035e-01
6.470184922218322754e-01 7.940431237220764160e-01
6.663313508033752441e-01 5.639386177062988281e-01
7.035146951675415039e-01 7.702406048774719238e-01
4.133509099483489990e-01 6.984449625015258789e-01
5.865893959999084473e-01 4.452379047870635986e-01
5.177057981491088867e-01 6.842590570449829102e-01
6.100074648857116699e-01 5.726092457771301270e-01
5.707467794418334961e-01 5.969296097755432129e-01
4.741203188896179199e-01 6.833533644676208496e-01
5.509744882583618164e-01 3.699792921543121338e-01
6.035956740379333496e-01 7.076523900032043457e-01
5.568219423294067383e-01 7.528613805770874023e-01
5.587876439094543457e-01 6.485973000526428223e-01
5.036393404006958008e-01 4.495629966259002686e-01
6.680533885955810547e-01 4.664326906204223633e-01
6.466529369354248047e-01 4.006262719631195068e-01
7.427923083305358887e-01 7.209886908531188965e-01
4.694563150405883789e-01 6.610975861549377441e-01
6.287967562675476074e-01 4.030465781688690186e-01
7.326779961585998535e-01 6.995503306388854980e-01
4.374997317790985107e-01 4.826623499393463135e-01
7.746919989585876465e-01 6.775038838386535645e-01
5.527830719947814941e-01 5.404136180877685547e-01
5.193644165992736816e-01 7.422384619712829590e-01
6.070954203605651855e-01 5.207150578498840332e-01
6.900482773780822754e-01 4.662062823772430420e-01
6.037941575050354004e-01 5.871416330337524414e-01
7.627196907997131348e-01 5.420615673065185547e-01
6.828094124794006348e-01 7.136118412017822266e-01
7.070289850234985352e-01 5.719975829124450684e-01
5.481530427932739258e-01 4.458415508270263672e-01
5.455247759819030762e-01 4.404001235961914062e-01
8.151830434799194336e-01 6.231312751770019531e-01
6.580801010131835938e-01 5.059632658958435059e-01
6.288446784019470215e-01 7.001652121543884277e-01
4.571391046047210693e-01 5.041394233703613281e-01
7.900744676589965820e-01 5.316885113716125488e-01
4.357463121414184570e-01 7.498260140419006348e-01
5.754226446151733398e-01 7.619609236717224121e-01
7.460546493530273438e-01 6.223554015159606934e-01
4.761189520359039307e-01 6.771566271781921387e-01
5.685414075851440430e-01 7.250303626060485840e-01
5.315196514129638672e-01 5.940206050872802734e-01
4.528186917304992676e-01 4.750337898731231689e-01
7.714936137199401855e-01 6.209403276443481445e-01
3.628607392311096191e-01 5.516010522842407227e-01
5.988160967826843262e-01 4.916760027408599854e-01
5.294135808944702148e-01 6.932435631752014160e-01
6.331200003623962402e-01 7.638311982154846191e-01
4.056754708290100098e-01 4.993309676647186279e-01
6.380881667137145996e-01 6.260412335395812988e-01
4.666603207588195801e-01 7.444249987602233887e-01
3.737859129905700684e-01 6.221604347229003906e-01
7.570121288299560547e-01 6.333853006362915039e-01
5.514594912528991699e-01 6.230584979057312012e-01
3.819992244243621826e-01 6.821371316909790039e-01
3.924365341663360596e-01 6.732749938964843750e-01
5.018323063850402832e-01 7.421954274177551270e-01
6.087527871131896973e-01 5.329441428184509277e-01
4.997197985649108887e-01 7.078816294670104980e-01
4.603372514247894287e-01 5.433695912361145020e-01
7.255846261978149414e-01 4.806876480579376221e-01
6.835070848464965820e-01 7.873456478118896484e-01
6.685007810592651367e-01 4.224370419979095459e-01
6.842911839485168457e-01 4.448044300079345703e-01
6.869992017745971680e-01 6.590170860290527344e-01
7.329362630844116211e-01 6.455634236335754395e-01
4.555380642414093018e-01 4.256310164928436279e-01
6.939620971679687500e-01 5.804864168167114258e-01
5.433940291404724121e-01 7.099031209945678711e-01
6.468924283981323242e-01 6.912764310836791992e-01
6.176734566688537598e-01 3.701042234897613525e-01
5.449079275131225586e-01 7.965462803840637207e-01
5.802247524261474609e-01 5.921422839164733887e-01
4.005978405475616455e-01 7.453030347824096680e-01
3.800960481166839600e-01 5.573125481605529785e-01
5.155693888664245605e-01 4.293481707572937012e-01
4.657594263553619385e-01 5.794765949249267578e-01
7.731360793113708496e-01 6.265071034431457520e-01
5.839016437530517578e-01 4.448501765727996826e-01
6.811893582344055176e-01 6.198133230209350586e-01
7.148787975311279297e-01 6.134560108184814453e-01
4.653036594390869141e-01 4.434514939785003662e-01
7.206131219863891602e-01 5.459872484207153320e-01
7.146459221839904785e-01 7.202911376953125000e-01
3.534593880176544189e-01 5.758713483810424805e-01
4.805153906345367432e-01 6.173633337020874023e-01
6.878996491432189941e-01 7.568035721778869629e-01
3.534879982471466064e-01 6.281160116195678711e-01
5.596740245819091797e-01 5.776283144950866699e-01
5.534986853599548340e-01 5.013229846954345703e-01
5.605980157852172852e-01 5.027925968170166016e-01
7.724084854125976562e-01 5.959106087684631348e-01
6.948472857475280762e-01 6.994622349739074707e-01
4.162978529930114746e-01 5.096186995506286621e-01
7.244433760643005371e-01 7.167493700981140137e-01
5.877227783203125000e-01 5.186052918434143066e-01
7.254540324211120605e-01 6.577030420303344727e-01
3.790342807769775391e-01 6.261900067329406738e-01
6.946816444396972656e-01 4.576179683208465576e-01
3.523578643798828125e-01 6.588409543037414551e-01
6.240135431289672852e-01 4.794736504554748535e-01
7.183080315589904785e-01 6.147184371948242188e-01
7.561489939689636230e-01 4.958744943141937256e-01
6.605693697929382324e-01 4.364520311355590820e-01
7.656731605529785156e-01 6.673189997673034668e-01
6.378834247589111328e-01 4.520979523658752441e-01
5.421839356422424316e-01 6.118612289428710938e-01
5.077565312385559082e-01 4.280937910079956055e-01
5.038985610008239746e-01 4.583026766777038574e-01
4.127475917339324951e-01 6.552430987358093262e-01
6.471712589263916016e-01 7.619451880455017090e-01
5.139697194099426270e-01 5.008275508880615234e-01
5.807424783706665039e-01 3.999466001987457275e-01
6.061441898345947266e-01 5.013016462326049805e-01
4.748325943946838379e-01 3.931407630443572998e-01
6.568393111228942871e-01 7.035389542579650879e-01
6.999593973159790039e-01 5.129215121269226074e-01
5.894610881805419922e-01 7.428765892982482910e-01
6.492975950241088867e-01 5.315114259719848633e-01
7.190088629722595215e-01 7.321859002113342285e-01
5.012392401695251465e-01 7.937965989112854004e-01
5.300024151802062988e-01 7.767896652221679688e-01
4.948164820671081543e-01 4.098842144012451172e-01
3.943771421909332275e-01 5.876938104629516602e-01
6.103686690330505371e-01 5.512115955352783203e-01
6.362419724464416504e-01 5.862746834754943848e-01
6.912050247192382812e-01 4.609278440475463867e-01
6.074358224868774414e-01 7.770260572433471680e-01
6.034405827522277832e-01 5.190342664718627930e-01
6.915677785873413086e-01 5.800616145133972168e-01
4.842699766159057617e-01 6.695684194564819336e-01
6.963499188423156738e-01 5.479661822319030762e-01
6.949654221534729004e-01 4.404036104679107666e-01
6.141563057899475098e-01 6.953680515289306641e-01
5.642988681793212891e-01 6.375513076782226562e-01
7.518227696418762207e-01 6.269523501396179199e-01
6.467884182929992676e-01 7.456764578819274902e-01
7.755784988403320312e-01 4.718444943428039551e-01
6.251421570777893066e-01 7.382487058639526367e-01
4.545758068561553955e-01 7.587990760803222656e-01
4.741525650024414062e-01 4.597992300987243652e-01
6.903556585311889648e-01 6.583242416381835938e-01
5.741654038429260254e-01 4.765053689479827881e-01
5.686882734298706055e-01 4.042695760726928711e-01
6.839087009429931641e-01 5.009650588035583496e-01
7.424497008323669434e-01 5.570807456970214844e-01
5.264073014259338379e-01 7.075436711311340332e-01
4.923831522464752197e-01 5.349822044372558594e-01
4.642491638660430908e-01 5.892857909202575684e-01
4.027366340160369873e-01 5.664808154106140137e-01
6.328203678131103516e-01 4.121773242950439453e-01
4.677680730819702148e-01 6.136677861213684082e-01
5.023306608200073242e-01 7.877748012542724609e-01
6.774411201477050781e-01 7.387400865554809570e-01
4.760770201683044434e-01 6.157532930374145508e-01
4.259538650512695312e-01 4.512350261211395264e-01
6.731578111648559570e-01 6.434338688850402832e-01
4.074667692184448242e-01 4.944606423377990723e-01
7.361867427825927734e-01 5.607525110244750977e-01
6.396343708038330078e-01 4.659694433212280273e-01
5.609839558601379395e-01 7.209454774856567383e-01
6.112877130508422852e-01 4.231572747230529785e-01
5.891131162643432617e-01 6.745062470436096191e-01
6.754117012023925781e-01 6.505337357521057129e-01
5.341177582740783691e-01 4.646936953067779541e-01
4.173272550106048584e-01 5.902463793754577637e-01
4.473300278186798096e-01 7.171741724014282227e-01
5.603868961334228516e-01 5.319215059280395508e-01
7.776441574096679688e-01 4.507785737514495850e-01
4.316444396972656250e-01 6.787464022636413574e-01
6.712180376052856445e-01 5.447456836700439453e-01
7.457175254821777344e-01 5.538049340248107910e-01
5.545495748519897461e-01 6.991091966629028320e-01
7.459171414375305176e-01 7.086056470870971680e-01
7.961751818656921387e-01 6.030464768409729004e-01
7.032057642936706543e-01 7.078798413276672363e-01
6.313312053680419922e-01 5.596334934234619141e-01
4.268591701984405518e-01 6.696309447288513184e-01
7.525337934494018555e-01 5.543137192726135254e-01
3.504404723644256592e-01 5.838258862495422363e-01
6.198063492774963379e-01 6.639567613601684570e-01
7.041549086570739746e-01 6.260917186737060547e-01
7.532062530517578125e-01 5.134978294372558594e-01
5.647363662719726562e-01 4.841248691082000732e-01
7.743885517120361328e-01 6.291057467460632324e-01
6.555700898170471191e-01 5.446224808692932129e-01
4.364563822746276855e-01 6.803279519081115723e-01
5.267959833145141602e-01 3.671720027923583984e-01
4.826692938804626465e-01 3.802906870841979980e-01
5.846342444419860840e-01 7.226892709732055664e-01
6.330302953720092773e-01 7.440996766090393066e-01
6.544024348258972168e-01 8.075619935989379883e-01
7.511466741561889648e-01 6.821439266204833984e-01
7.352866530418395996e-01 5.605356693267822266e-01
7.987945079803466797e-01 6.196879744529724121e-01
5.212617516517639160e-01 7.253512740135192871e-01
7.912164926528930664e-01 6.300093531608581543e-01
5.707588791847229004e-01 6.733953952789306641e-01
6.019096970558166504e-01 7.627049684524536133e-01
5.280260443687438965e-01 3.944490253925323486e-01
6.254335641860961914e-01 5.496974587440490723e-01
6.155697107315063477e-01 7.379055023193359375e-01
3.978557884693145752e-01 6.367313265800476074e-01
4.840985536575317383e-01 7.409109473228454590e-01
6.626837849617004395e-01 4.415431022644042969e-01
6.548059582710266113e-01 6.078088283538818359e-01
7.471626400947570801e-01 6.665701866149902344e-01
7.409399151802062988e-01 7.789751887321472168e-01
4.724101722240447998e-01 4.786013066768646240e-01
5.859504342079162598e-01 5.418810844421386719e-01
5.756137371063232422e-01 7.955267429351806641e-01
4.154746234416961670e-01 6.050878763198852539e-01
5.053902864456176758e-01 7.431563735008239746e-01
4.314696490764617920e-01 7.365233302116394043e-01
4.677412509918212891e-01 4.893025159835815430e-01
5.747977495193481445e-01 6.621891856193542480e-01
7.790983319282531738e-01 5.048396587371826172e-01
7.249709963798522949e-01 4.501636326313018799e-01
6.642329096794128418e-01 5.707844495773315430e-01
7.817999720573425293e-01 4.578720927238464355e-01
4.784634411334991455e-01 6.399039030075073242e-01
6.675055623054504395e-01 6.368461251258850098e-01
5.508124828338623047e-01 5.017029047012329102e-01
7.060109376907348633e-01 6.859346628189086914e-01
4.879921674728393555e-01 4.851970970630645752e-01
5.933291912078857422e-01 7.183311581611633301e-01
4.637326002120971680e-01 5.443783998489379883e-01
6.651064157485961914e-01 7.787255048751831055e-01
5.068590044975280762e-01 7.125284671783447266e-01
5.846499204635620117e-01 7.234025001525878906e-01
4.947434067726135254e-01 6.623095273971557617e-01
5.841478705406188965e-01 4.782824814319610596e-01
7.499677538871765137e-01 5.728808641433715820e-01
5.099686980247497559e-01 7.182905673980712891e-01
5.055759549140930176e-01 4.790219664573669434e-01
6.019476652145385742e-01 8.215280771255493164e-01
4.919126629829406738e-01 3.979189991950988770e-01
5.889244079589843750e-01 7.474747300148010254e-01
4.247762858867645264e-01 5.614770054817199707e-01
5.076335668563842773e-01 4.064876735210418701e-01
5.251657962799072266e-01 7.096084952354431152e-01
6.069488525390625000e-01 7.145209312438964844e-01
6.498361229896545410e-01 6.391334533691406250e-01
6.368036866188049316e-01 5.137916207313537598e-01
8.077400922775268555e-01 6.025240421295166016e-01
7.159518599510192871e-01 4.856751859188079834e-01
6.176698207855224609e-01 6.329427957534790039e-01
6.242523789405822754e-01 7.526752948760986328e-01
5.947630405426025391e-01 7.889237999916076660e-01
7.143651247024536133e-01 4.876078963279724121e-01
4.152892827987670898e-01 4.532389640808105469e-01
7.120108008384704590e-01 4.385298490524291992e-01
5.500862002372741699e-01 6.509496569633483887e-01
4.764136075973510742e-01 4.393200576305389404e-01
6.880918145179748535e-01 5.575181841850280762e-01
5.925019979476928711e-01 4.619662463665008545e-01
4.176862537860870361e-01 6.821120381355285645e-01
7.476928234100341797e-01 5.200250148773193359e-01
7.199307680130004883e-01 5.977631211280822754e-01
4.386706054210662842e-01 5.779438614845275879e-01
4.460314214229583740e-01 4.191592037677764893e-01
6.367119550704956055e-01 7.047742605209350586e-01
6.023505330085754395e-01 6.944187283515930176e-01
6.213010549545288086e-01 4.299539327621459961e-01
4.045796096324920654e-01 5.741249322891235352e-01
4.878111779689788818e-01 5.519966483116149902e-01
4.577723145484924316e-01 7.206079363822937012e-01
6.859998106956481934e-01 4.716498255729675293e-01
5.337560176849365234e-01 5.830676555633544922e-01
6.769310235977172852e-01 6.576767563819885254e-01
7.197979092597961426e-01 4.227721393108367920e-01
6.910564303398132324e-01 4.477353990077972412e-01
6.142330169677734375e-01 6.958722472190856934e-01
3.886600732803344727e-01 5.503207445144653320e-01
7.781881690025329590e-01 5.848032236099243164e-01
7.010028362274169922e-01 5.149390697479248047e-01
5.473561882972717285e-01 7.021256089210510254e-01
6.228716969490051270e-01 7.205851078033447266e-01
6.998381614685058594e-01 7.274672389030456543e-01
4.785459041595458984e-01 5.066394805908203125e-01
6.021890044212341309e-01 4.578917026519775391e-01
7.079388499259948730e-01 5.050455331802368164e-01
5.409013032913208008e-01 7.088547945022583008e-01
6.562483310699462891e-01 4.788413643836975098e-01
3.983255624771118164e-01 6.034477949142456055e-01
4.508787095546722412e-01 5.592163205146789551e-01
6.402362585067749023e-01 5.480512976646423340e-01
5.635192990303039551e-01 6.136096119880676270e-01
6.447020769119262695e-01 4.275041818618774414e-01
5.578920245170593262e-01 5.665805339813232422e-01
5.544140934944152832e-01 7.500599622726440430e-01
5.068023800849914551e-01 4.507167637348175049e-01
5.045116543769836426e-01 6.380509138107299805e-01
7.547842860221862793e-01 5.585870146751403809e-01
7.613544464111328125e-01 5.464603304862976074e-01
6.687873601913452148e-01 5.523378849029541016e-01
4.858595132827758789e-01 7.401996254920959473e-01
6.148262619972229004e-01 7.311062812805175781e-01
6.871723532676696777e-01 4.101956784725189209e-01
6.031776666641235352e-01 6.492933034896850586e-01
5.888393521308898926e-01 7.419511079788208008e-01
6.186119914054870605e-01 7.599779367446899414e-01
6.064584851264953613e-01 6.004302501678466797e-01
5.650731921195983887e-01 3.900867104530334473e-01
5.562549829483032227e-01 4.376412332057952881e-01
5.866532921791076660e-01 7.833645343780517578e-01
6.846739053726196289e-01 7.244526743888854980e-01
6.704099178314208984e-01 5.122717022895812988e-01
6.057684421539306641e-01 7.937362194061279297e-01
4.022706747055053711e-01 6.160907745361328125e-01
5.548316240310668945e-01 4.519949853420257568e-01
7.509133219718933105e-01 6.495665907859802246e-01
6.772094964981079102e-01 8.002296090126037598e-01
3.581801056861877441e-01 6.909455060958862305e-01
4.925198256969451904e-01 5.324220061302185059e-01
6.285178661346435547e-01 7.330306172370910645e-01
4.750885665416717529e-01 6.116200685501098633e-01
4.446298182010650635e-01 5.374584197998046875e-01
4.924296438694000244e-01 5.742664337158203125e-01
4.744836390018463135e-01 6.703926324844360352e-01
4.361213445663452148e-01 6.073207855224609375e-01
7.081426978111267090e-01 6.805770397186279297e-01
5.369869470596313477e-01 4.859931468963623047e-01
6.933465003967285156e-01 4.354807138442993164e-01
7.955946922302246094e-01 5.441024303436279297e-01
6.715852618217468262e-01 5.581981539726257324e-01
5.795539617538452148e-01 5.997850894927978516e-01
5.959283113479614258e-01 4.268141984939575195e-01
4.998722374439239502e-01 7.140012383460998535e-01
4.302988648414611816e-01 7.106109261512756348e-01
6.200457215309143066e-01 4.713239371776580811e-01
4.290087819099426270e-01 6.051340103149414062e-01
7.508062720298767090e-01 5.574393868446350098e-01
5.623387098312377930e-01 7.345510125160217285e-01
7.301241159439086914e-01 5.470833182334899902e-01
3.891222178936004639e-01 6.066153049468994141e-01
3.885420560836791992e-01 4.927865266799926758e-01
7.691722512245178223e-01 5.258145332336425781e-01
5.489842891693115234e-01 7.742501497268676758e-01
5.391334295272827148e-01 4.383217692375183105e-01
6.140919327735900879e-01 7.200943231582641602e-01
6.206275820732116699e-01 6.547617316246032715e-01
6.116510033607482910e-01 6.163997650146484375e-01
5.589094161987304688e-01 6.861938834190368652e-01
6.500310301780700684e-01 5.723516941070556641e-01
6.892673969268798828e-01 4.936555624008178711e-01
6.033632159233093262e-01 5.360112190246582031e-01
5.451744198799133301e-01 5.000286698341369629e-01
6.791019439697265625e-01 7.498966455459594727e-01
5.379768013954162598e-01 7.533274292945861816e-01
5.420733690261840820e-01 7.347675561904907227e-01
6.471063494682312012e-01 6.016033291816711426e-01
4.523493349552154541e-01 7.280425429344177246e-01
6.108410954475402832e-01 6.267777085304260254e-01
6.369135379791259766e-01 4.113046526908874512e-01
6.303502321243286133e-01 7.169129848480224609e-01
4.515579044818878174e-01 4.590686559677124023e-01
6.224139332771301270e-01 6.796840429306030273e-01
5.584132671356201172e-01 6.234786510467529297e-01
7.048868536949157715e-01 4.952071607112884521e-01
3.939394950866699219e-01 6.118399500846862793e-01
6.089034676551818848e-01 8.147625327110290527e-01
5.369175672531127930e-01 7.127312421798706055e-01
6.322504281997680664e-01 6.720495820045471191e-01
4.388104081153869629e-01 5.927755832672119141e-01
5.428078770637512207e-01 4.889995455741882324e-01
6.033614277839660645e-01 7.467561364173889160e-01
6.316415071487426758e-01 7.774876356124877930e-01
7.429957389831542969e-01 6.064472198486328125e-01
7.221516966819763184e-01 4.862831830978393555e-01
4.552913010120391846e-01 5.521503686904907227e-01
4.649584889411926270e-01 6.451982259750366211e-01
5.647594928741455078e-01 6.646993160247802734e-01
5.435427427291870117e-01 3.697360157966613770e-01
5.732498764991760254e-01 6.612021923065185547e-01
8.036860227584838867e-01 5.368272662162780762e-01
4.867007732391357422e-01 7.644852399826049805e-01
6.714053750038146973e-01 7.656755447387695312e-01
6.319944262504577637e-01 7.484645247459411621e-01
4.080596864223480225e-01 7.147448062896728516e-01
3.593917191028594971e-01 6.840922832489013672e-01
5.606756806373596191e-01 4.190662801265716553e-01
6.350435018539428711e-01 6.549243330955505371e-01
6.673030853271484375e-01 7.916943430900573730e-01
6.342795491218566895e-01 5.303956270217895508e-01
5.434387922286987305e-01 6.354949474334716797e-01
6.607138514518737793e-01 4.302321076393127441e-01
5.471814870834350586e-01 5.234333872795104980e-01
7.026517987251281738e-01 7.032927274703979492e-01
7.769333124160766602e-01 4.738182723522186279e-01
6.587067246437072754e-01 7.793903350830078125e-01
5.984651446342468262e-01 7.117752432823181152e-01
4.835556745529174805e-01 5.341573357582092285e-01
6.438927650451660156e-01 6.740818619728088379e-01
8.128279447555541992e-01 5.217576622962951660e-01
5.652365088462829590e-01 6.469548344612121582e-01
6.150268912315368652e-01 7.457810640335083008e-01
4.348937273025512695e-01 6.584994792938232422e-01
5.217540264129638672e-01 4.893619418144226074e-01
5.975107550621032715e-01 6.437828540802001953e-01
6.533983349800109863e-01 4.954714775085449219e-01
4.777799844741821289e-01 5.487803220748901367e-01
6.455424427986145020e-01 6.125878095626831055e-01
7.331905364990234375e-01 4.674674570560455322e-01
5.435664653778076172e-01 7.041137814521789551e-01
6.000681519508361816e-01 5.911701917648315430e-01
5.705432295799255371e-01 7.407900094985961914e-01
5.539806485176086426e-01 5.757370591163635254e-01
7.545847296714782715e-01 5.301039218902587891e-01
6.595505475997924805e-01 4.365046918392181396e-01
6.580404639244079590e-01 5.870522856712341309e-01
4.142777919769287109e-01 6.900408864021301270e-01
6.135017871856689453e-01 5.972909331321716309e-01
5.748004317283630371e-01 4.538453221321105957e-01
5.396327376365661621e-01 3.815054297447204590e-01
6.787244677543640137e-01 4.901565313339233398e-01
7.241957187652587891e-01 4.898788332939147949e-01
5.253401398658752441e-01 4.480116069316864014e-01
4.230245351791381836e-01 7.203150987625122070e-01
7.645478248596191406e-01 6.195381283760070801e-01
6.708858013153076172e-01 4.940160214900970459e-01
7.436022162437438965e-01 5.079879760742187500e-01
5.041900873184204102e-01 6.923083066940307617e-01
5.584872961044311523e-01 6.106498837471008301e-01
5.571083426475524902e-01 7.355895638465881348e-01
7.094023227691650391e-01 7.182412743568420410e-01
4.991627633571624756e-01 4.857740104198455811e-01
5.765791535377502441e-01 7.214791774749755859e-01
6.725565791130065918e-01 6.860737800598144531e-01
5.987458229064941406e-01 4.627246558666229248e-01
6.166906952857971191e-01 7.552777528762817383e-01
6.426074504852294922e-01 6.072220802307128906e-01
5.424364805221557617e-01 4.571880996227264404e-01
6.882085800170898438e-01 7.168759107589721680e-01
7.144548296928405762e-01 5.046878457069396973e-01
7.276627421379089355e-01 5.894247293472290039e-01
6.629891395568847656e-01 5.204645395278930664e-01
7.087500691413879395e-01 7.321847677230834961e-01
5.999019742012023926e-01 4.142330586910247803e-01
7.121578454971313477e-01 4.548268616199493408e-01
4.679873585700988770e-01 5.955228805541992188e-01
7.175059318542480469e-01 6.713590621948242188e-01
3.814530968666076660e-01 6.476377844810485840e-01
7.958386540412902832e-01 5.549299120903015137e-01
4.373388588428497314e-01 6.624609827995300293e-01
5.523762106895446777e-01 4.439408183097839355e-01
6.800221204757690430e-01 7.593706250190734863e-01
5.354393124580383301e-01 5.641384720802307129e-01
5.737210512161254883e-01 5.854635834693908691e-01
5.637776851654052734e-01 6.226570010185241699e-01
4.363104999065399170e-01 5.346412062644958496e-01
5.347864031791687012e-01 6.830115318298339844e-01
6.200087070465087891e-01 3.931734561920166016e-01
5.202932953834533691e-01 6.170687079429626465e-01
3.948071002960205078e-01 7.018602490425109863e-01
4.769136905670166016e-01 6.097030639648437500e-01
6.649376749992370605e-01 4.362257719039916992e-01
6.831154227256774902e-01 7.158104181289672852e-01
4.295862019062042236e-01 4.866928458213806152e-01
6.170722842216491699e-01 7.638869881629943848e-01
4.874194264411926270e-01 6.429471969604492188e-01
5.939832329750061035e-01 6.164529323577880859e-01
6.949079632759094238e-01 6.419380903244018555e-01
4.814943373203277588e-01 4.602105617523193359e-01
4.506413042545318604e-01 6.151335835456848145e-01
5.178872942924499512e-01 7.492414116859436035e-01
7.215241789817810059e-01 4.510369896888732910e-01
4.335267841815948486e-01 6.103956103324890137e-01
8.011849522590637207e-01 5.060677528381347656e-01
7.714536786079406738e-01 5.659755468368530273e-01
5.879773497581481934e-01 8.124568462371826172e-01
7.411941885948181152e-01 6.571813821792602539e-01
6.683065295219421387e-01 7.464780211448669434e-01
7.701448202133178711e-01 7.142723202705383301e-01
5.378495454788208008e-01 5.862299203872680664e-01
6.317632198333740234e-01 5.550541877746582031e-01
4.256901741027832031e-01 6.208157539367675781e-01
6.571242213249206543e-01 5.552057623863220215e-01
6.661447882652282715e-01 7.333429455757141113e-01
7.434670329093933105e-01 4.493005573749542236e-01
6.773319840431213379e-01 7.239041328430175781e-01
5.920673012733459473e-01 4.056356847286224365e-01
4.170411229133605957e-01 7.359263896942138672e-01
6.980860233306884766e-01 4.527285993099212646e-01
6.106463074684143066e-01 5.602807402610778809e-01
5.697524547576904297e-01 7.084779739379882812e-01
5.049184560775756836e-01 7.420136332511901855e-01
6.607447862625122070e-01 5.370519161224365234e-01
6.653008460998535156e-01 6.639924049377441406e-01
7.169550657272338867e-01 5.740550756454467773e-01
6.762973070144653320e-01 6.445732712745666504e-01
4.931619465351104736e-01 4.492308199405670166e-01
5.440968871116638184e-01 7.543458342552185059e-01
4.626531004905700684e-01 6.631660461425781250e-01
4.697483479976654053e-01 5.590941309928894043e-01
6.955204010009765625e-01 7.273392677307128906e-01
7.437210679054260254e-01 7.758708000183105469e-01
6.359049677848815918e-01 7.712545990943908691e-01
6.131060123443603516e-01 3.993663787841796875e-01
6.411945223808288574e-01 6.698341965675354004e-01
7.325741052627563477e-01 7.648770809173583984e-01
4.404168128967285156e-01 5.683325529098510742e-01
5.611807703971862793e-01 6.517376899719238281e-01
6.852659583091735840e-01 4.488823115825653076e-01
6.193478703498840332e-01 8.000481128692626953e-01
4.081972837448120117e-01 4.774885475635528564e-01
6.473085284233093262e-01 6.345340013504028320e-01
3.923405706882476807e-01 5.274667143821716309e-01
6.343492865562438965e-01 6.779406666755676270e-01
5.385400056838989258e-01 7.145342826843261719e-01
7.540188431739807129e-01 4.805141687393188477e-01
4.065555334091186523e-01 6.811541318893432617e-01
7.177633047103881836e-01 6.930273771286010742e-01
4.889534711837768555e-01 7.521080970764160156e-01
4.494544863700866699e-01 6.288005709648132324e-01
7.094761729240417480e-01 7.424349784851074219e-01
4.161867797374725342e-01 5.733131170272827148e-01
7.692395448684692383e-01 7.055063247680664062e-01
6.222409009933471680e-01 5.574028491973876953e-01
7.192827463150024414e-01 5.173598527908325195e-01
7.642264962196350098e-01 5.876044034957885742e-01
6.658710241317749023e-01 4.215812981128692627e-01
4.030400812625885010e-01 5.756244659423828125e-01
4.449076354503631592e-01 6.358819603919982910e-01
6.794869899749755859e-01 4.176065027713775635e-01
4.579950869083404541e-01 5.433081984519958496e-01
5.843331813812255859e-01 4.328504800796508789e-01
7.459779381752014160e-01 5.750812292098999023e-01
6.743273138999938965e-01 5.494015812873840332e-01
7.105460166931152344e-01 6.900310516357421875e-01
6.749950647354125977e-01 6.444851756095886230e-01
6.717026233673095703e-01 8.275634050369262695e-01
5.399401783943176270e-01 7.847744226455688477e-01
6.530756950378417969e-01 7.529743313789367676e-01
7.368227839469909668e-01 6.734905242919921875e-01
6.102567315101623535e-01 3.995298743247985840e-01
7.048684954643249512e-01 4.871082007884979248e-01
4.994519054889678955e-01 4.681059420108795166e-01
5.395799279212951660e-01 4.940565228462219238e-01
6.858640909194946289e-01 7.438895702362060547e-01
7.593322396278381348e-01 5.853731036186218262e-01
5.210056304931640625e-01 4.746909141540527344e-01
6.681712269783020020e-01 5.721755623817443848e-01
4.634689986705780029e-01 4.339991211891174316e-01
6.222081780433654785e-01 7.441084980964660645e-01
5.351411700248718262e-01 5.305038690567016602e-01
3.852980136871337891e-01 6.650695204734802246e-01
7.670375108718872070e-01 5.606659054756164551e-01
6.935757398605346680e-01 4.972251355648040771e-01
6.384049057960510254e-01 8.169376850128173828e-01
5.109506249427795410e-01 4.321830272674560547e-01
7.085254192352294922e-01 4.684781134128570557e-01
6.535295844078063965e-01 7.616575360298156738e-01
5.576607584953308105e-01 4.719548225402832031e-01
6.099572181701660156e-01 7.752662301063537598e-01
6.694001555442810059e-01 5.990705490112304688e-01
3.960029184818267822e-01 5.404703617095947266e-01
5.106909871101379395e-01 3.715846240520477295e-01
6.123898625373840332e-01 5.566467642784118652e-01
5.699865221977233887e-01 5.258712768554687500e-01
7.131504416465759277e-01 6.759184598922729492e-01
6.377609372138977051e-01 7.177895307540893555e-01
6.710543036460876465e-01 6.692157387733459473e-01
3.793915808200836182e-01 6.972851157188415527e-01
4.869022667407989502e-01 6.264525055885314941e-01
6.112815737724304199e-01 8.266477584838867188e-01
4.966759085655212402e-01 5.690631866455078125e-01
5.974007844924926758e-01 5.963414907455444336e-01
5.919514298439025879e-01 7.552472949028015137e-01
5.839766263961791992e-01 7.316582202911376953e-01
7.284693717956542969e-01 4.855420291423797607e-01
6.666798591613769531e-01 7.027648091316223145e-01
5.179502367973327637e-01 5.071355700492858887e-01
7.232277393341064453e-01 7.045391201972961426e-01
7.176001667976379395e-01 7.514756917953491211e-01
4.145898520946502686e-01 7.315528988838195801e-01
6.615565419197082520e-01 3.943694233894348145e-01
5.912609100341796875e-01 6.771936416625976562e-01
5.517132878303527832e-01 6.168738007545471191e-01
6.505746841430664062e-01 4.090152084827423096e-01
5.916943550109863281e-01 4.857087135314941406e-01
6.870158910751342773e-01 7.252988219261169434e-01
6.132006049156188965e-01 6.888077259063720703e-01
7.260957360267639160e-01 6.033058762550354004e-01
7.642343044281005859e-01 5.870959162712097168e-01
5.584102272987365723e-01 6.895132660865783691e-01
6.135407090187072754e-01 5.580940246582031250e-01
7.030157446861267090e-01 7.043661475181579590e-01
7.067975401878356934e-01 6.269016861915588379e-01
5.722587704658508301e-01 5.904355645179748535e-01
5.854472517967224121e-01 5.006504654884338379e-01
4.784218072891235352e-01 6.840715408325195312e-01
5.693960785865783691e-01 5.619326829910278320e-01
4.919015765190124512e-01 6.452069282531738281e-01
6.446530818939208984e-01 6.981536149978637695e-01
6.517601013183593750e-01 6.855584979057312012e-01
7.501029372215270996e-01 5.655932426452636719e-01
6.612893939018249512e-01 7.699164152145385742e-01
3.604460358619689941e-01 6.333964467048645020e-01
6.150618195533752441e-01 4.487389028072357178e-01
4.730195701122283936e-01 4.931358993053436279e-01
5.401940345764160156e-01 7.273096442222595215e-01
6.204158663749694824e-01 5.806964039802551270e-01
4.985212683677673340e-01 4.930756986141204834e-01
4.563832581043243408e-01 4.584992825984954834e-01
4.044449925422668457e-01 5.416812300682067871e-01
7.721263766288757324e-01 4.878702461719512939e-01
6.044452786445617676e-01 8.019027709960937500e-01
4.903934001922607422e-01 6.903064250946044922e-01
6.457149982452392578e-01 4.740287959575653076e-01
7.258116006851196289e-01 5.669676065444946289e-01
7.179405689239501953e-01 7.245228886604309082e-01
6.546686291694641113e-01 6.210434436798095703e-01
5.538529753684997559e-01 7.675547003746032715e-01
4.566277265548706055e-01 5.834865570068359375e-01
5.802091956138610840e-01 5.470533967018127441e-01
5.920097231864929199e-01 7.516907453536987305e-01
7.250749468803405762e-01 5.987286567687988281e-01
6.318667531013488770e-01 4.956839680671691895e-01
4.336904287338256836e-01 7.009682059288024902e-01
6.280177831649780273e-01 5.079570412635803223e-01
5.519828200340270996e-01 6.322166323661804199e-01
5.306448340415954590e-01 3.858640789985656738e-01
6.020438671112060547e-01 7.211638092994689941e-01
4.651971757411956787e-01 5.143333673477172852e-01
5.272004008293151855e-01 7.414480447769165039e-01
6.425352692604064941e-01 7.210666537284851074e-01
7.409046888351440430e-01 7.164331674575805664e-01
5.619613528251647949e-01 6.217917799949645996e-01
4.402122497558593750e-01 5.196540355682373047e-01
5.422449111938476562e-01 6.462856531143188477e-01
4.073117375373840332e-01 5.157878994941711426e-01
5.098684430122375488e-01 7.833961248397827148e-01
4.115647673606872559e-01 5.992745757102966309e-01
6.969435214996337891e-01 5.876677632331848145e-01
6.208393573760986328e-01 4.927734732627868652e-01
4.609855115413665771e-01 6.856746673583984375e-01
6.128420233726501465e-01 7.970988750457763672e-01
7.027724981307983398e-01 4.925602376461029053e-01
6.522927880287170410e-01 5.226824879646301270e-01
7.034703493118286133e-01 7.899811863899230957e-01
4.511258602142333984e-01 6.590375900268554688e-01
4.328261613845825195e-01 6.546832323074340820e-01
7.013492584228515625e-01 7.753031849861145020e-01
4.726101756095886230e-01 7.307361960411071777e-01
3.675537407398223877e-01 6.093382835388183594e-01
6.813443303108215332e-01 4.863609671592712402e-01
4.360370039939880371e-01 5.440999269485473633e-01
7.923851013183593750e-01 5.122384428977966309e-01
4.079571366310119629e-01 6.067104339599609375e-01
5.965780019760131836e-01 7.233402729034423828e-01
4.423216283321380615e-01 7.022832036018371582e-01
5.671373605728149414e-01 4.555018544197082520e-01
6.974810957908630371e-01 5.817964673042297363e-01
6.223350167274475098e-01 5.669810175895690918e-01
4.647849798202514648e-01 5.957246422767639160e-01
4.387649595737457275e-01 6.079484224319458008e-01
7.030664086341857910e-01 6.754658222198486328e-01
5.408263802528381348e-01 5.974187850952148438e-01
4.140224754810333252e-01 6.455683112144470215e-01
7.139673233032226562e-01 7.534947991371154785e-01
8.057100176811218262e-01 5.744658708572387695e-01
5.577018260955810547e-01 4.257492423057556152e-01
7.639064788818359375e-01 5.071147680282592773e-01
4.565615952014923096e-01 4.549622237682342529e-01
7.722083330154418945e-01 5.350285768508911133e-01
7.098901867866516113e-01 4.389339089393615723e-01
8.098004460334777832e-01 6.111214756965637207e-01
7.143044471740722656e-01 5.163460373878479004e-01
5.843495726585388184e-01 6.911528110504150391e-01
4.667499959468841553e-01 3.782468438148498535e-01
7.701506018638610840e-01 5.854653716087341309e-01
4.681217670440673828e-01 4.118691086769104004e-01
7.853967547416687012e-01 4.804485738277435303e-01
6.572374701499938965e-01 6.098309159278869629e-01
7.088679671287536621e-01 6.315757036209106445e-01
5.038818717002868652e-01 7.681325078010559082e-01
5.113695859909057617e-01 3.980598747730255127e-01
6.770425438880920410e-01 4.569716155529022217e-01
5.058119893074035645e-01 7.456935048103332520e-01
6.282008290290832520e-01 7.524019479751586914e-01
7.698030471801757812e-01 5.416240096092224121e-01
5.812016129493713379e-01 7.660007476806640625e-01
6.903328895568847656e-01 7.203800678253173828e-01
7.534035444259643555e-01 6.624392867088317871e-01
6.696098446846008301e-01 5.305929780006408691e-01
7.004097700119018555e-01 6.905630826950073242e-01
6.468669176101684570e-01 5.233978629112243652e-01
7.088165879249572754e-01 7.951081395149230957e-01
5.158338546752929688e-01 4.487058222293853760e-01
7.568328976631164551e-01 6.295857429504394531e-01
8.058671951293945312e-01 4.972108304500579834e-01
5.867962241172790527e-01 5.448496341705322266e-01
4.822002947330474854e-01 6.650860309600830078e-01
5.229719281196594238e-01 4.402054250240325928e-01
5.774743556976318359e-01 4.435326159000396729e-01
5.418027043342590332e-01 7.595072984695434570e-01
5.018782615661621094e-01 4.881630539894104004e-01
6.344431638717651367e-01 7.116065621376037598e-01
7.071034312248229980e-01 5.153003334999084473e-01
7.446493506431579590e-01 7.536808848381042480e-01
7.150434851646423340e-01 7.011005878448486328e-01
4.926466941833496094e-01 4.843918383121490479e-01
5.883507728576660156e-01 6.236903667449951172e-01
4.273765981197357178e-01 5.033835172653198242e-01
7.285440564155578613e-01 7.472591996192932129e-01
7.736085057258605957e-01 5.330102443695068359e-01
4.438128471374511719e-01 5.826616287231445312e-01
4.380449056625366211e-01 4.300800859928131104e-01
5.024630427360534668e-01 5.546323060989379883e-01
6.421163678169250488e-01 7.698550820350646973e-01
5.832192897796630859e-01 4.461911618709564209e-01
3.822005987167358398e-01 6.023738384246826172e-01
5.522818565368652344e-01 6.937854290008544922e-01
7.245332002639770508e-01 6.928711533546447754e-01
7.797760367393493652e-01 5.298068523406982422e-01
6.695162653923034668e-01 4.938418269157409668e-01
4.116992652416229248e-01 6.576021909713745117e-01
4.669844806194305420e-01 4.365513622760772705e-01
5.465078353881835938e-01 3.922577500343322754e-01
4.705336093902587891e-01 3.913314640522003174e-01
4.927506148815155029e-01 5.965216159820556641e-01
4.710082709789276123e-01 4.308545589447021484e-01
4.108729362487792969e-01 5.934401750564575195e-01
4.009503126144409180e-01 6.193900704383850098e-01
4.362541139125823975e-01 7.434872984886169434e-01
5.860946774482727051e-01 7.862100005149841309e-01
7.623041272163391113e-01 6.571709513664245605e-01
7.149069905281066895e-01 5.037564635276794434e-01
5.730018019676208496e-01 4.787546396255493164e-01
7.699673175811767578e-01 6.633154749870300293e-01
5.392435193061828613e-01 3.700729012489318848e-01
6.460841894149780273e-01 7.962917089462280273e-01
6.036832332611083984e-01 7.383717894554138184e-01
6.902182102203369141e-01 6.158170104026794434e-01
7.074906229972839355e-01 7.043963670730590820e-01
5.140123963356018066e-01 4.944120943546295166e-01
7.687202095985412598e-01 5.997345447540283203e-01
5.646827816963195801e-01 7.831203937530517578e-01
4.837158024311065674e-01 4.882422089576721191e-01
5.309230685234069824e-01 5.703939199447631836e-01
5.799571871757507324e-01 4.129212200641632080e-01
7.149538397789001465e-01 7.141357064247131348e-01
4.462264478206634521e-01 4.963981211185455322e-01
6.382443308830261230e-01 7.359482645988464355e-01
4.844150543212890625e-01 5.205854177474975586e-01
7.692382931709289551e-01 6.828110814094543457e-01
5.059884786605834961e-01 7.180637717247009277e-01
6.300171017646789551e-01 5.455748438835144043e-01
4.604659080505371094e-01 6.515980362892150879e-01
4.819120466709136963e-01 5.233784317970275879e-01
6.594495773315429688e-01 6.499466896057128906e-01
7.332664132118225098e-01 4.565504491329193115e-01
4.335772693157196045e-01 6.930304765701293945e-01
5.462599396705627441e-01 7.714442014694213867e-01
5.864335298538208008e-01 4.735659956932067871e-01
7.437356114387512207e-01 6.169934272766113281e-01
6.696375608444213867e-01 7.833747267723083496e-01
7.625341415405273438e-01 6.058795452117919922e-01
5.145741701126098633e-01 4.840961992740631104e-01
6.775116920471191406e-01 7.854114770889282227e-01
7.301990389823913574e-01 4.855012893676757812e-01
6.568426489830017090e-01 5.323565602302551270e-01
6.447125673294067383e-01 7.906154990196228027e-01
4.084464311599731445e-01 6.466352939605712891e-01
7.252546548843383789e-01 5.111431479454040527e-01
3.817026019096374512e-01 6.427911520004272461e-01
4.580828845500946045e-01 5.766181349754333496e-01
6.479527950286865234e-01 5.672211647033691406e-01
8.204973936080932617e-01 6.473298668861389160e-01
5.371953248977661133e-01 7.103316187858581543e-01
3.887321949005126953e-01 5.711541771888732910e-01
6.478704214096069336e-01 8.018112182617187500e-01
5.837090611457824707e-01 6.986308097839355469e-01
4.181176722049713135e-01 6.373035311698913574e-01
7.344137430191040039e-01 6.298201680183410645e-01
6.327120661735534668e-01 4.278387427330017090e-01
6.656453609466552734e-01 5.741734504699707031e-01
7.226755619049072266e-01 7.602530717849731445e-01
6.717232465744018555e-01 6.364855766296386719e-01
4.149507880210876465e-01 5.969567298889160156e-01
6.083673238754272461e-01 6.395692825317382812e-01
6.984657049179077148e-01 6.503582000732421875e-01
6.324713826179504395e-01 5.376632213592529297e-01
4.582371711730957031e-01 6.265101432800292969e-01
6.187316775321960449e-01 5.449010133743286133e-01
4.296266138553619385e-01 4.803656637668609619e-01
7.826787829399108887e-01 5.417397022247314453e-01
5.094093084335327148e-01 4.883546531200408936e-01
7.864267826080322266e-01 6.704124212265014648e-01
5.140758156776428223e-01 5.456834435462951660e-01
7.857088446617126465e-01 5.661664009094238281e-01
6.743968129158020020e-01 4.193070530891418457e-01
7.257536649703979492e-01 5.212540626525878906e-01
3.711997568607330322e-01 5.510776638984680176e-01
4.432682991027832031e-01 6.485800743103027344e-01
5.174770355224609375e-01 6.700137257575988770e-01
6.614241003990173340e-01 4.208387434482574463e-01
4.390324950218200684e-01 6.223235130310058594e-01
7.934542894363403320e-01 5.080296993255615234e-01
4.625162482261657715e-01 5.826909542083740234e-01
4.138619005680084229e-01 7.081382274627685547e-01
6.097677946090698242e-01 5.858501195907592773e-01
5.965319871902465820e-01 6.354078054428100586e-01
4.616772532463073730e-01 7.400767207145690918e-01
6.545680761337280273e-01 5.735539793968200684e-01
4.336101710796356201e-01 5.424716472625732422e-01
6.628767848014831543e-01 6.467691063880920410e-01
4.939690232276916504e-01 4.900171458721160889e-01
7.557092905044555664e-01 7.225600481033325195e-01
5.303052663803100586e-01 6.383580565452575684e-01
5.857009887695312500e-01 7.487645745277404785e-01
6.595777273178100586e-01 6.773940920829772949e-01
5.168678164482116699e-01 7.717770338058471680e-01
8.180289864540100098e-01 5.870271921157836914e-01
7.622709870338439941e-01 6.538776159286499023e-01
5.238559246063232422e-01 4.338284432888031006e-01
4.388463497161865234e-01 5.413987040519714355e-01
7.401685714721679688e-01 6.193659901618957520e-01
