-1.952433586120605469e-02 2.894648909568786621e-01
-6.125444173812866211e-02 -1.273154616355895996e-01
-1.380071043968200684e-01 4.892615079879760742e-01
-3.597766160964965820e-01 -3.874133825302124023e-01
2.618612647056579590e-01 3.723893761634826660e-01
-3.990483880043029785e-01 -8.394163846969604492e-02
-4.990150332450866699e-01 1.125470995903015137e-01
-1.575763821601867676e-01 -3.679915070533752441e-01
-1.032140254974365234e-01 2.761134505271911621e-01
4.458339810371398926e-01 -2.686119675636291504e-01
1.223260760307312012e-01 -4.907327890396118164e-02
-4.318664073944091797e-01 -2.506477236747741699e-01
1.004888415336608887e-01 4.797537326812744141e-01
-1.839769482612609863e-01 2.768531441688537598e-01
4.430024027824401855e-01 6.995731592178344727e-02
3.405585289001464844e-01 -2.392440438270568848e-01
3.562962412834167480e-01 4.150239229202270508e-01
-1.994859576225280762e-01 2.317501306533813477e-01
-3.651303052902221680e-02 -4.830499291419982910e-01
4.835915565490722656e-01 -3.670687675476074219e-01
-2.084172368049621582e-01 -4.168184399604797363e-01
1.971889138221740723e-01 -1.031199097633361816e-01
-3.915369510650634766e-02 -2.563686370849609375e-01
3.676490187644958496e-01 -1.212348937988281250e-01
-4.787909984588623047e-02 -1.226184964179992676e-01
7.538294792175292969e-02 2.241542339324951172e-01
-9.807592630386352539e-02 -1.023176312446594238e-01
-1.741021275520324707e-01 4.255185723304748535e-01
3.700139522552490234e-01 7.928514480590820312e-02
-4.146380424499511719e-01 -2.293730378150939941e-01
-4.723178148269653320e-01 -4.301020503044128418e-01
3.773875832557678223e-01 4.677734971046447754e-01
1.574926376342773438e-01 -4.793888926506042480e-01
2.038084864616394043e-01 3.140223026275634766e-01
1.259385943412780762e-01 -3.608410358428955078e-01
-3.595916032791137695e-01 3.483235836029052734e-03
-5.902725458145141602e-02 -4.411744475364685059e-01
6.848990917205810547e-02 -2.764803767204284668e-01
1.288495659828186035e-01 4.557410478591918945e-01
-2.017032504081726074e-01 1.607738137245178223e-01
-4.851990342140197754e-01 -2.108511328697204590e-01
3.307502865791320801e-01 -4.255876541137695312e-01
-1.982706785202026367e-02 -2.259350419044494629e-01
-4.149647355079650879e-01 -2.873535752296447754e-01
4.420835971832275391e-01 -2.615116834640502930e-01
4.512168169021606445e-01 -1.816059350967407227e-01
-3.517491221427917480e-01 -1.505682468414306641e-01
-1.478018760681152344e-01 -4.750491976737976074e-01
5.574506521224975586e-02 -1.787449121475219727e-01
-4.885869622230529785e-01 2.684031128883361816e-01
-9.188228845596313477e-02 4.285339117050170898e-01
1.377321481704711914e-01 -6.124389171600341797e-02
-7.738816738128662109e-02 -4.669340252876281738e-01
2.230919599533081055e-01 -1.244478821754455566e-01
-3.906735777854919434e-01 6.116259098052978516e-02
1.343028545379638672e-01 1.573905348777770996e-01
-9.848147630691528320e-02 -4.611262083053588867e-01
-4.168619513511657715e-01 1.760393977165222168e-01
-3.969095349311828613e-01 -4.933680295944213867e-01
-1.923474073410034180e-01 4.117569923400878906e-01
-2.444299459457397461e-01 -3.974038362503051758e-02
-3.553243279457092285e-01 -1.962574124336242676e-01
1.115862131118774414e-01 -3.393656015396118164e-02
-3.142080307006835938e-01 4.386878013610839844e-02
-3.933753967285156250e-01 -6.290078163146972656e-04
-4.038504958152770996e-01 -2.542235851287841797e-01
4.979858994483947754e-01 3.534337282180786133e-01
-8.513188362121582031e-02 -2.397088408470153809e-01
2.301931381225585938e-03 -3.777375817298889160e-01
1.949867010116577148e-01 2.215542197227478027e-01
-3.247237205505371094e-02 9.546071290969848633e-02
4.761040210723876953e-01 1.598805189132690430e-01
3.727495670318603516e-03 -3.507530689239501953e-01
3.345598578453063965e-01 -6.840711832046508789e-02
-3.053587675094604492e-01 -4.364184141159057617e-01
4.007979631423950195e-01 -6.159305572509765625e-03
-4.250304698944091797e-01 4.020650386810302734e-01
2.873557806015014648e-01 2.576212286949157715e-01
-2.869515419006347656e-01 -1.669264435768127441e-01
-3.174418807029724121e-01 -3.447552919387817383e-01
2.652765512466430664e-01 4.370852708816528320e-01
-1.542580127716064453e-01 -1.511490345001220703e-01
-2.703945636749267578e-01 3.610025048255920410e-01
1.981932520866394043e-01 -3.713682889938354492e-01
-2.224724888801574707e-01 -1.781573891639709473e-01
3.675025105476379395e-01 -7.557159662246704102e-02
1.139934062957763672e-01 1.334604024887084961e-01
2.985484600067138672e-01 -1.793817877769470215e-01
-1.962553858757019043e-01 -2.867656946182250977e-01
-2.224695682525634766e-02 -4.323483109474182129e-01
1.549780368804931641e-03 -2.061665058135986328e-02
4.570128321647644043e-01 3.686795830726623535e-01
2.709462046623229980e-01 -1.770316362380981445e-01
-1.787065267562866211e-01 -2.408529520034790039e-01
3.455018997192382812e-01 -9.193247556686401367e-02
2.741517424583435059e-01 -4.342269897460937500e-02
2.791942954063415527e-01 -4.043915867805480957e-01
4.072247743606567383e-01 -1.718216538429260254e-01
2.251355648040771484e-01 8.622586727142333984e-02
-2.718418836593627930e-01 2.575736045837402344e-01
3.409175276756286621e-01 3.097577095031738281e-01
2.556902766227722168e-01 1.165375709533691406e-01
3.470262289047241211e-01 -3.065598011016845703e-02
-1.936932802200317383e-01 -2.918549180030822754e-01
4.343505501747131348e-01 3.826023340225219727e-01
-4.437623023986816406e-01 2.116435170173645020e-01
-1.332803964614868164e-01 2.149469256401062012e-01
-2.527063488960266113e-01 -3.092486858367919922e-01
-4.691983461380004883e-01 4.125138521194458008e-01
-3.076412677764892578e-01 4.285163879394531250e-01
2.372829318046569824e-01 -2.619944214820861816e-01
-5.852544307708740234e-02 -3.065323829650878906e-02
-1.426823735237121582e-01 9.291553497314453125e-02
-2.661994099617004395e-01 -3.241938352584838867e-02
3.240299224853515625e-02 1.861422061920166016e-01
-4.179550409317016602e-01 -8.680063486099243164e-02
2.413095235824584961e-01 -2.776879072189331055e-01
2.830405831336975098e-01 -8.362585306167602539e-02
2.266807556152343750e-01 -4.766652584075927734e-01
-3.673000335693359375e-01 2.636395692825317383e-01
4.673944115638732910e-01 -1.570499539375305176e-01
2.798964381217956543e-01 -1.717333793640136719e-01
-1.648952364921569824e-01 3.061791062355041504e-01
7.063215970993041992e-02 1.335412263870239258e-01
2.739040255546569824e-01 -2.426985502243041992e-01
3.993326425552368164e-02 -3.491871356964111328e-01
-2.573918104171752930e-01 1.553332209587097168e-01
-4.963775277137756348e-01 -2.030447721481323242e-01
-2.783587574958801270e-01 -1.903188824653625488e-01
-6.832897663116455078e-02 4.583037495613098145e-01
8.853250741958618164e-02 3.235527276992797852e-01
2.169628143310546875e-01 -1.671900153160095215e-01
-3.939198851585388184e-01 -4.286839365959167480e-01
-7.055014371871948242e-02 -4.586558938026428223e-01
-3.404379487037658691e-01 7.627815008163452148e-02
-3.058296442031860352e-02 2.174222469329833984e-02
4.387778043746948242e-02 -7.616543769836425781e-02
2.920138835906982422e-02 8.498209714889526367e-02
3.069667816162109375e-01 1.300042867660522461e-01
2.680515646934509277e-01 -2.038763761520385742e-01
-1.876740455627441406e-01 1.395474672317504883e-01
1.844124794006347656e-01 -8.045923709869384766e-02
-1.923735141754150391e-01 -3.297557234764099121e-01
-5.373334884643554688e-02 2.983204126358032227e-01
-3.458104133605957031e-01 2.680168151855468750e-01
-2.524351477622985840e-01 3.955649733543395996e-01
-4.981050491333007812e-01 2.160072922706604004e-01
-1.114712357521057129e-01 4.257423877716064453e-01
-3.157276511192321777e-01 2.319199442863464355e-01
3.976165056228637695e-01 -2.005595564842224121e-01
-3.450710177421569824e-01 1.480108499526977539e-01
2.630580663681030273e-01 -1.541143655776977539e-02
4.290122985839843750e-01 -4.839382767677307129e-01
-4.229882955551147461e-01 -3.287902474403381348e-01
-4.400545358657836914e-02 -4.185175895690917969e-02
2.870695590972900391e-01 4.378301501274108887e-01
4.083282351493835449e-01 3.921906352043151855e-01
-3.711887001991271973e-01 -3.421543240547180176e-01
-9.907364845275878906e-02 1.742810010910034180e-02
-1.282480359077453613e-01 -9.116786718368530273e-02
-3.566066622734069824e-01 2.261504530906677246e-01
1.976644396781921387e-01 3.777865171432495117e-01
-1.632462739944458008e-01 -4.383882880210876465e-01
1.142245531082153320e-01 -3.663572072982788086e-01
3.959375619888305664e-02 8.186405897140502930e-02
-1.085864305496215820e-01 -2.427547574043273926e-01
4.535356163978576660e-01 -7.132738828659057617e-02
4.920959472656250000e-04 -3.837187886238098145e-01
4.907662272453308105e-01 2.800108790397644043e-01
9.438258409500122070e-02 -3.973978757858276367e-02
-8.575254678726196289e-02 4.098954796791076660e-01
7.451343536376953125e-02 1.895448565483093262e-01
-4.683982133865356445e-01 -4.960511326789855957e-01
1.915717124938964844e-02 -6.903505325317382812e-02
-1.848266124725341797e-01 2.377256751060485840e-01
-3.415967226028442383e-01 1.329273581504821777e-01
-4.022800922393798828e-01 -3.998816013336181641e-01
-5.370670557022094727e-02 1.111674904823303223e-01
-1.509340405464172363e-01 -1.566684246063232422e-01
4.175161719322204590e-01 3.650401234626770020e-01
-4.707697629928588867e-01 -2.057242989540100098e-01
-3.232436776161193848e-01 2.827115058898925781e-01
3.609768748283386230e-01 3.500040173530578613e-01
-8.803564310073852539e-02 -9.326499700546264648e-02
-3.994981050491333008e-01 2.915024161338806152e-01
-1.402618288993835449e-01 3.529798388481140137e-01
-1.000066995620727539e-01 6.840556859970092773e-02
-3.369579315185546875e-01 4.475790262222290039e-02
-3.156329393386840820e-01 2.590594291687011719e-01
4.929931759834289551e-01 -2.861075997352600098e-01
-1.604617834091186523e-01 -1.860845685005187988e-01
-3.271024227142333984e-01 4.746964573860168457e-01
2.364099025726318359e-01 2.474315762519836426e-01
-1.889274120330810547e-01 3.208284974098205566e-01
-2.484690546989440918e-01 -4.650951623916625977e-01
-9.804391860961914062e-02 -2.493026852607727051e-01
2.052711248397827148e-01 -9.816408157348632812e-02
-5.904680490493774414e-02 4.324525594711303711e-01
1.555501222610473633e-01 3.754654526710510254e-01
1.617823243141174316e-01 -2.625917196273803711e-01
-2.626204490661621094e-02 -4.874684810638427734e-01
-4.546306133270263672e-01 2.673838138580322266e-01
1.297777891159057617e-02 -4.053826928138732910e-01
-2.318956255912780762e-01 7.860767841339111328e-02
-3.845648765563964844e-01 -2.298238873481750488e-01
-3.047012090682983398e-01 4.875945448875427246e-01
-2.351188063621520996e-01 -2.854799032211303711e-01
3.816520571708679199e-01 -5.954402685165405273e-02
2.442456483840942383e-01 -3.222233057022094727e-02
2.702308893203735352e-01 -4.631259441375732422e-01
-1.162630915641784668e-01 -3.392712473869323730e-01
9.061694145202636719e-02 -2.207736372947692871e-01
-7.360738515853881836e-02 -3.171690106391906738e-01
4.900171160697937012e-01 -3.470035791397094727e-01
-3.932683467864990234e-01 1.138674020767211914e-01
9.313124418258666992e-02 2.250078916549682617e-01
1.952174305915832520e-01 2.655982971191406250e-02
4.350656867027282715e-01 -2.647490501403808594e-01
1.735830307006835938e-01 2.022916078567504883e-01
3.784911632537841797e-01 1.771456003189086914e-01
-4.736382365226745605e-01 -1.275427341461181641e-01
3.498986959457397461e-01 -2.598136663436889648e-01
-2.123198509216308594e-01 -4.722734093666076660e-01
4.329445958137512207e-01 -3.237611055374145508e-01
-7.253003120422363281e-02 -2.920425534248352051e-01
-4.502797126770019531e-01 -8.173972368240356445e-02
-4.500422477722167969e-01 1.894059181213378906e-01
1.471744775772094727e-01 2.803598642349243164e-01
6.300979852676391602e-02 4.916703104972839355e-01
-2.474384903907775879e-01 -3.205500245094299316e-01
-1.194438338279724121e-01 2.596282362937927246e-01
-2.095178365707397461e-01 1.284177303314208984e-01
3.995226025581359863e-01 -2.879381179809570312e-01
-2.663293480873107910e-01 8.191657066345214844e-02
1.391937732696533203e-01 1.319043636322021484e-01
-1.707183718681335449e-01 -1.474657058715820312e-01
-4.120981693267822266e-02 2.781971096992492676e-01
9.191709756851196289e-02 2.670872211456298828e-02
4.104877710342407227e-01 -4.270876049995422363e-01
-3.464603424072265625e-01 5.985599756240844727e-02
3.519928455352783203e-02 2.252588272094726562e-01
-4.310648441314697266e-01 -1.157814264297485352e-02
-2.870594263076782227e-01 -3.545309901237487793e-01
-3.664318323135375977e-01 -2.214568853378295898e-02
3.892828226089477539e-01 2.309199571609497070e-01
-4.679232835769653320e-01 -9.334939718246459961e-02
1.573866605758666992e-01 -2.464261054992675781e-01
-3.155690431594848633e-02 1.993075609207153320e-01
1.953231692314147949e-01 2.531148791313171387e-01
-1.221435666084289551e-01 6.861609220504760742e-02
-2.437546849250793457e-01 4.024487137794494629e-01
-5.799555778503417969e-02 4.627618193626403809e-01
-1.045219898223876953e-01 1.366923451423645020e-01
3.886546492576599121e-01 -5.569893121719360352e-02
-7.459843158721923828e-02 2.197061181068420410e-01
4.114056229591369629e-01 -3.037407994270324707e-01
3.168272972106933594e-01 -2.200457453727722168e-01
-6.428456306457519531e-02 -4.068375825881958008e-01
1.937351822853088379e-01 2.321978211402893066e-01
3.165924549102783203e-02 1.958807110786437988e-01
-1.304003000259399414e-01 4.576134085655212402e-01
-1.267675161361694336e-01 4.823225140571594238e-01
-4.966914057731628418e-01 4.688150286674499512e-01
1.439355611801147461e-01 1.321156024932861328e-01
-2.581002712249755859e-01 3.057706952095031738e-01
-4.508954286575317383e-01 2.881004810333251953e-01
-7.286804914474487305e-02 -3.395748138427734375e-01
1.540722250938415527e-01 1.191842555999755859e-01
4.317009449005126953e-01 4.853758215904235840e-01
-4.610514640808105469e-02 -1.883094906806945801e-01
1.479142904281616211e-02 -3.935510516166687012e-01
1.358944773674011230e-01 4.742321372032165527e-01
4.936802387237548828e-02 -2.319616675376892090e-01
3.712286353111267090e-01 -2.671854496002197266e-01
3.649449348449707031e-02 2.138032317161560059e-01
4.677719473838806152e-01 3.606765866279602051e-01
8.276718854904174805e-02 1.711797714233398438e-01
2.531656026840209961e-01 4.271568059921264648e-01
8.030807971954345703e-02 -2.534741759300231934e-01
3.677958250045776367e-01 1.546174287796020508e-01
-2.072520256042480469e-01 6.903147697448730469e-02
-3.016510605812072754e-01 -3.878951072692871094e-03
-2.664211988449096680e-01 -2.597401142120361328e-01
-1.248959302902221680e-01 4.889814257621765137e-01
-2.852404117584228516e-01 -4.768495559692382812e-01
3.546283841133117676e-01 -1.128360629081726074e-01
2.439053654670715332e-01 3.743426799774169922e-01
-3.197175860404968262e-01 4.670758843421936035e-01
3.236556053161621094e-01 -4.971923828125000000e-01
3.463973999023437500e-01 -9.558981657028198242e-02
-1.140086650848388672e-01 -1.857922673225402832e-01
1.875757575035095215e-01 -2.488384246826171875e-01
1.257795095443725586e-01 3.226413130760192871e-01
-4.095306396484375000e-01 2.006684541702270508e-01
-3.653379082679748535e-01 -2.140590548515319824e-01
-1.975250244140625000e-01 -3.363449573516845703e-01
2.053052783012390137e-01 -1.617546081542968750e-01
5.877059698104858398e-02 4.693245887756347656e-02
2.831633687019348145e-01 -4.317734241485595703e-01
-2.856299281120300293e-01 -2.779915928840637207e-01
-1.718922257423400879e-01 -3.088974952697753906e-02
3.924919366836547852e-01 -1.322238445281982422e-01
-2.773032784461975098e-01 4.373210072517395020e-01
-1.803716421127319336e-01 -3.838037848472595215e-01
-3.184129595756530762e-01 -9.946620464324951172e-02
1.620464324951171875e-01 -3.060185909271240234e-01
-4.402016401290893555e-01 -1.614889502525329590e-01
3.937390446662902832e-01 -1.976515650749206543e-01
-1.077479124069213867e-01 -3.160690069198608398e-01
-1.087483167648315430e-01 -1.721687316894531250e-01
2.870430946350097656e-01 -8.142906427383422852e-02
4.213715195655822754e-01 3.881369829177856445e-01
-2.129068970680236816e-01 3.031343817710876465e-01
3.606132864952087402e-01 -2.090544700622558594e-01
2.911585569381713867e-01 4.333727359771728516e-01
-1.246597170829772949e-01 4.368023276329040527e-01
1.651796102523803711e-01 1.948948502540588379e-01
1.394540667533874512e-01 4.972857236862182617e-01
2.634651064872741699e-01 -2.943432331085205078e-02
5.723756551742553711e-02 -1.004047393798828125e-01
-6.672799587249755859e-03 1.507705450057983398e-02
-8.485078811645507812e-02 -2.310964465141296387e-01
4.477719068527221680e-01 1.189124584197998047e-02
-3.290976285934448242e-01 3.624042272567749023e-01
-1.189538240432739258e-01 5.932563543319702148e-02
-8.191806077957153320e-02 -2.892898917198181152e-01
1.183852553367614746e-01 1.026078462600708008e-01
-4.166245460510253906e-01 -1.758342385292053223e-01
2.192205190658569336e-01 -3.412566781044006348e-01
-3.085018992424011230e-01 -2.194587588310241699e-01
-3.218770623207092285e-01 5.975657701492309570e-02
-2.411671280860900879e-01 5.413097143173217773e-02
2.240554690361022949e-01 -4.046409726142883301e-01
-3.888354301452636719e-01 -2.160077095031738281e-01
1.176768541336059570e-02 -1.528986096382141113e-01
3.703082203865051270e-01 2.386911511421203613e-01
4.827485680580139160e-01 -3.786848187446594238e-01
-2.689518928527832031e-01 1.050045490264892578e-01
4.447144865989685059e-01 1.263201236724853516e-02
-4.167951345443725586e-01 -1.197698712348937988e-01
-3.988052010536193848e-01 4.660462141036987305e-01
-1.775850653648376465e-01 -1.558161377906799316e-01
-4.882456064224243164e-01 -3.283393979072570801e-01
-3.854298591613769531e-01 3.688064217567443848e-01
-3.403857350349426270e-01 -2.544494867324829102e-01
6.305438280105590820e-02 -2.415105104446411133e-01
7.611775398254394531e-02 -9.947657585144042969e-03
-2.507953047752380371e-01 -4.643630385398864746e-01
-3.779531717300415039e-01 -2.337300181388854980e-01
-4.809246659278869629e-01 5.053406953811645508e-02
-1.257182955741882324e-01 -3.882495164871215820e-01
5.077898502349853516e-03 7.481265068054199219e-02
4.830960035324096680e-01 3.267074823379516602e-01
-4.480786323547363281e-01 -4.555015563964843750e-01
-3.743230104446411133e-01 3.912917375564575195e-01
3.163198232650756836e-01 4.215177297592163086e-01
3.565035462379455566e-01 7.991951704025268555e-02
3.093777298927307129e-01 1.399525403976440430e-01
4.936428070068359375e-01 -2.307564616203308105e-01
3.821778893470764160e-01 -4.878590703010559082e-01
-4.339180588722229004e-01 -3.894673585891723633e-01
1.393109560012817383e-01 9.471774101257324219e-04
2.297174930572509766e-02 -7.198584079742431641e-02
3.677308559417724609e-01 -2.037408947944641113e-01
4.362617731094360352e-01 -3.052548170089721680e-01
-4.368231296539306641e-01 -4.700524210929870605e-01
-9.664654731750488281e-03 1.047663092613220215e-01
2.399024963378906250e-01 -1.337592601776123047e-01
5.270880460739135742e-02 4.090044498443603516e-01
-2.210807800292968750e-02 -1.738274097442626953e-01
4.522321820259094238e-01 9.316563606262207031e-02
-4.086701273918151855e-01 3.297094702720642090e-01
5.715829133987426758e-02 4.597869515419006348e-01
-1.455026865005493164e-01 4.034858942031860352e-02
-2.849121689796447754e-01 6.186640262603759766e-02
-4.365696310997009277e-01 -4.189960956573486328e-01
-3.275331854820251465e-01 -1.026681065559387207e-01
4.158412218093872070e-01 4.224074482917785645e-01
-1.512312889099121094e-02 -2.117531895637512207e-01
-3.111087679862976074e-01 -1.452495455741882324e-01
-7.858270406723022461e-02 -9.697377681732177734e-03
-4.695826172828674316e-01 4.834251999855041504e-01
1.827659010887145996e-01 2.734927535057067871e-01
2.549570798873901367e-01 -4.555773735046386719e-02
2.237068414688110352e-01 2.422761917114257812e-02
-2.932900190353393555e-02 -2.318992018699645996e-01
4.086304903030395508e-01 -3.964707851409912109e-01
-1.257884502410888672e-02 -1.817445755004882812e-01
6.124973297119140625e-02 -4.167742133140563965e-01
-1.404251456260681152e-01 -3.986294269561767578e-01
3.826322555541992188e-01 2.235291600227355957e-01
-2.158592343330383301e-01 1.739168167114257812e-01
-3.219771981239318848e-01 -2.399630546569824219e-01
-4.776099920272827148e-01 -3.903321027755737305e-01
4.080156683921813965e-01 -3.817174434661865234e-01
5.402028560638427734e-03 3.463198542594909668e-01
3.591137528419494629e-01 1.143383979797363281e-02
-1.327522993087768555e-01 -3.331103324890136719e-01
-2.743447422981262207e-01 2.334152460098266602e-01
-2.638420462608337402e-01 2.438179254531860352e-01
3.942577242851257324e-01 3.372415900230407715e-01
-4.933386445045471191e-01 3.591991066932678223e-01
3.113637566566467285e-01 8.393085002899169922e-02
-3.312188386917114258e-02 1.521086692810058594e-01
4.267573356628417969e-03 -1.097967624664306641e-01
1.135299205780029297e-01 1.060718894004821777e-01
2.820878624916076660e-01 3.953229784965515137e-01
9.180629253387451172e-02 -3.558157086372375488e-01
2.302598953247070312e-02 2.742099761962890625e-01
-4.223674535751342773e-01 -1.654978990554809570e-01
1.819519996643066406e-01 -1.470151543617248535e-01
-1.878280639648437500e-01 4.544648528099060059e-01
4.495186805725097656e-01 -3.649628162384033203e-01
1.624072194099426270e-01 4.345301985740661621e-01
3.779269456863403320e-01 -3.006529211997985840e-01
-2.566901445388793945e-01 -1.016267538070678711e-01
2.948085665702819824e-01 3.259399533271789551e-01
-4.143303632736206055e-01 -3.790233731269836426e-01
1.546445488929748535e-01 3.199713230133056641e-01
3.827608227729797363e-01 4.866448640823364258e-01
-2.401815056800842285e-01 -4.304090142250061035e-01
6.463074684143066406e-02 -4.396269321441650391e-01
-4.740715026855468750e-01 2.329443693161010742e-01
1.002592444419860840e-01 3.110571503639221191e-01
-2.299107313156127930e-01 2.383851408958435059e-01
2.271846532821655273e-01 -3.184509277343750000e-01
2.234110832214355469e-01 2.687646150588989258e-01
-3.749668598175048828e-03 1.807885169982910156e-01
6.279939413070678711e-02 -3.597588539123535156e-01
2.916628122329711914e-02 4.549672603607177734e-01
-4.853366017341613770e-01 3.699065446853637695e-01
-1.609599590301513672e-01 3.062608242034912109e-01
-4.972767829895019531e-02 -1.866279840469360352e-01
2.835992574691772461e-01 -3.141525983810424805e-01
-4.934781789779663086e-01 -4.103769659996032715e-01
-2.759308218955993652e-01 -2.493972182273864746e-01
-8.717978000640869141e-02 -1.512083411216735840e-01
2.278455495834350586e-01 -4.378108978271484375e-01
2.436153888702392578e-01 -1.277015805244445801e-01
3.439995050430297852e-01 4.021071791648864746e-01
3.068336844444274902e-01 -3.361438512802124023e-01
-1.383941769599914551e-01 -3.565853238105773926e-01
3.787770271301269531e-01 1.634482145309448242e-01
-4.847037792205810547e-01 3.122041821479797363e-01
3.396678566932678223e-01 -6.485432386398315430e-02
4.828667044639587402e-01 2.886022329330444336e-01
9.649717807769775391e-02 2.702203989028930664e-01
-2.264066338539123535e-01 1.049863696098327637e-01
2.430258989334106445e-01 4.563040733337402344e-01
4.236615896224975586e-01 -3.374985456466674805e-01
-4.544937610626220703e-01 4.269670844078063965e-01
-6.237387657165527344e-03 3.415424823760986328e-01
-3.546921610832214355e-01 -4.125632643699645996e-01
8.577817678451538086e-02 -5.480229854583740234e-03
-3.895986676216125488e-01 2.571114301681518555e-01
-6.948423385620117188e-02 4.580709338188171387e-01
-4.106153845787048340e-01 3.831644654273986816e-01
4.448008537292480469e-02 -7.699352502822875977e-02
9.246820211410522461e-02 2.363404631614685059e-01
-2.064698934555053711e-01 -3.857452869415283203e-01
-3.272527456283569336e-01 4.896692633628845215e-01
4.254293441772460938e-02 -2.913044095039367676e-01
-2.190520763397216797e-01 -4.567084312438964844e-01
-4.537886381149291992e-01 1.765197515487670898e-01
-3.999919891357421875e-01 -2.833920717239379883e-02
-3.498941659927368164e-01 -4.740780591964721680e-02
-9.874081611633300781e-02 8.346265554428100586e-02
9.284079074859619141e-03 4.411718845367431641e-01
-1.563729643821716309e-01 -3.100590705871582031e-01
-3.892083764076232910e-01 2.379100918769836426e-01
-2.802990078926086426e-01 4.155291318893432617e-01
-2.864047884941101074e-01 3.724160790443420410e-01
3.658521771430969238e-01 4.521592259407043457e-01
3.125262260437011719e-01 2.667331099510192871e-01
-4.741846919059753418e-01 -3.284943699836730957e-01
3.812064528465270996e-01 -2.967352271080017090e-01
-2.667884230613708496e-01 4.923349618911743164e-02
-1.034765243530273438e-01 6.206119060516357422e-02
-3.766673207283020020e-01 -1.619416475296020508e-02
-4.014098644256591797e-02 1.650184392929077148e-02
1.587617397308349609e-02 -4.044201374053955078e-01
2.295522689819335938e-01 -1.565007567405700684e-01
-2.325523495674133301e-01 -1.210606694221496582e-01
-3.264896273612976074e-01 3.741136789321899414e-01
-1.825141906738281250e-02 -3.952642679214477539e-01
-9.700715541839599609e-03 6.735563278198242188e-03
4.973909854888916016e-01 -2.076613903045654297e-02
2.924382090568542480e-01 -3.079425096511840820e-01
-4.206743240356445312e-01 1.323247551918029785e-01
-3.405209779739379883e-01 -4.048347473144531250e-03
-3.272785544395446777e-01 -6.351888179779052734e-03
-4.077769517898559570e-01 6.343060731887817383e-02
-1.116835474967956543e-01 4.441809058189392090e-01
-4.680049419403076172e-02 4.586709737777709961e-01
3.891537189483642578e-01 8.593118190765380859e-02
-4.123068451881408691e-01 8.191150426864624023e-02
-1.763312816619873047e-01 7.460403442382812500e-02
4.155094623565673828e-01 -2.515518069267272949e-01
9.233117103576660156e-03 -2.157940268516540527e-01
-4.339166879653930664e-01 -3.705945611000061035e-01
-2.527832984924316406e-03 -1.754898428916931152e-01
-3.964520692825317383e-01 -7.614493370056152344e-02
-3.739334344863891602e-01 -3.840333223342895508e-01
-2.729501128196716309e-01 -4.693416357040405273e-01
4.032881855964660645e-01 -2.811532616615295410e-01
3.400087356567382812e-01 1.959292292594909668e-01
3.179552555084228516e-01 2.930962443351745605e-01
4.959762692451477051e-01 -5.336904525756835938e-02
9.195709228515625000e-02 -7.009857892990112305e-02
-8.736687898635864258e-02 -4.790034294128417969e-01
-4.238344430923461914e-01 -2.865738868713378906e-01
4.760390520095825195e-02 2.830072045326232910e-01
-4.265564680099487305e-02 9.448570013046264648e-02
-4.258509278297424316e-01 3.143473267555236816e-01
5.995601415634155273e-02 2.372553944587707520e-01
-2.424773573875427246e-01 -4.314754009246826172e-01
-3.324375152587890625e-01 1.170746684074401855e-01
4.043177962303161621e-01 1.571701765060424805e-01
1.138301491737365723e-01 6.888747215270996094e-02
4.905593991279602051e-01 -2.810167074203491211e-01
4.429215192794799805e-01 1.295452117919921875e-01
-4.910224676132202148e-01 -4.272174239158630371e-01
6.450057029724121094e-02 -2.154319882392883301e-01
1.152104139328002930e-02 -8.664345741271972656e-02
-1.350307464599609375e-02 3.776267170906066895e-01
3.173976540565490723e-01 2.281906008720397949e-01
-4.215264320373535156e-02 1.832506060600280762e-01
1.195533275604248047e-01 -1.062541007995605469e-01
4.688690304756164551e-01 -4.087948799133300781e-01
-2.664816379547119141e-02 -3.578000664710998535e-01
1.966951489448547363e-01 -4.406915307044982910e-01
-1.312810182571411133e-01 -9.190952777862548828e-02
4.300104379653930664e-01 2.161074280738830566e-01
2.596361041069030762e-01 -1.490845084190368652e-01
1.640856266021728516e-03 3.172065615653991699e-01
4.712778925895690918e-01 -1.808689236640930176e-01
-2.697494626045227051e-01 2.421908378601074219e-01
-2.228952050209045410e-01 3.984836339950561523e-01
4.964873194694519043e-01 4.191896319389343262e-01
-1.089160442352294922e-01 -8.822333812713623047e-02
-1.666769981384277344e-01 -2.907132506370544434e-01
8.068853616714477539e-02 2.526465058326721191e-01
3.379150032997131348e-01 1.289944648742675781e-01
-4.500567913055419922e-03 4.483951926231384277e-01
-7.338184118270874023e-02 2.805229425430297852e-01
-3.248244524002075195e-01 7.567304372787475586e-02
-3.463641405105590820e-01 1.854776740074157715e-01
9.109878540039062500e-02 -2.533883452415466309e-01
8.055555820465087891e-02 -4.940418004989624023e-01
-2.973189353942871094e-01 -3.714905381202697754e-01
4.560243487358093262e-01 -4.427944421768188477e-01
4.843450784683227539e-01 -2.537041902542114258e-01
1.410114765167236328e-02 4.920300245285034180e-01
-3.366959095001220703e-01 -3.186378479003906250e-01
2.937818169593811035e-01 -2.663172483444213867e-01
-1.327345371246337891e-01 -4.352811574935913086e-01
6.025129556655883789e-02 -4.185386300086975098e-01
3.051578402519226074e-01 1.069307923316955566e-01
4.748249053955078125e-02 3.034706711769104004e-01
1.985399127006530762e-01 -1.146541237831115723e-01
-2.235253453254699707e-01 2.529501914978027344e-02
9.797728061676025391e-02 4.608306288719177246e-01
-2.066017985343933105e-01 -7.640725374221801758e-02
2.962797880172729492e-01 3.106857538223266602e-01
-1.959465146064758301e-01 2.272385358810424805e-02
3.378633856773376465e-01 1.226717829704284668e-01
3.107416629791259766e-01 4.361773729324340820e-01
-2.559098005294799805e-01 -2.371555566787719727e-01
4.568961858749389648e-01 -2.229427099227905273e-01
3.235208392143249512e-01 -2.661073803901672363e-01
3.521582484245300293e-01 -6.100094318389892578e-02
4.867093563079833984e-01 -3.465557098388671875e-02
-4.406151771545410156e-01 -5.746030807495117188e-02
2.280967831611633301e-01 2.672303318977355957e-01
4.111318588256835938e-01 -9.595113992691040039e-02
8.804410696029663086e-02 -1.389536857604980469e-01
2.476117610931396484e-01 1.799212694168090820e-01
-7.565140724182128906e-03 -4.006850719451904297e-02
4.105703830718994141e-01 -4.159849882125854492e-02
1.088432669639587402e-01 4.500826597213745117e-01
-8.729696273803710938e-04 4.666307568550109863e-01
-4.658890366554260254e-01 2.155007123947143555e-01
-1.532894968986511230e-01 2.142969369888305664e-01
-4.229738712310791016e-01 2.464082837104797363e-01
4.726822972297668457e-01 -4.037851095199584961e-01
-4.770147800445556641e-02 2.372634410858154297e-02
-4.263538122177124023e-02 4.072251319885253906e-01
2.021837234497070312e-01 4.505028724670410156e-01
-5.832302570343017578e-02 -2.923129200935363770e-01
3.700884580612182617e-01 1.889909505844116211e-01
5.367624759674072266e-02 2.882421016693115234e-02
3.106184601783752441e-01 4.348188638687133789e-01
4.580662846565246582e-01 2.820212841033935547e-01
-4.800215959548950195e-01 6.319105625152587891e-03
3.706014156341552734e-02 1.413030028343200684e-01
4.430071115493774414e-01 2.156396508216857910e-01
-4.777100682258605957e-01 1.279264092445373535e-01
-4.976457953453063965e-01 1.461592316627502441e-01
4.835925102233886719e-01 -6.348985433578491211e-02
1.922231316566467285e-01 1.505957245826721191e-01
-1.674348115921020508e-02 3.132597208023071289e-01
2.842456698417663574e-01 1.197797656059265137e-01
2.198173403739929199e-01 -4.731994867324829102e-01
2.657672762870788574e-01 1.655594706535339355e-01
1.376346349716186523e-01 -7.290625572204589844e-02
-5.154484510421752930e-02 3.133783936500549316e-01
3.815531730651855469e-02 1.948444247245788574e-01
3.514313101768493652e-01 -9.240639209747314453e-02
-2.741436958312988281e-01 4.642180204391479492e-01
2.300605773925781250e-01 -1.575279235839843750e-01
2.860826253890991211e-01 2.278711795806884766e-01
-4.375380873680114746e-01 -1.355755329132080078e-01
5.909740924835205078e-02 4.242921471595764160e-01
3.829011321067810059e-01 -1.452070474624633789e-01
1.590023636817932129e-01 -1.302396655082702637e-01
3.205121159553527832e-01 2.815462350845336914e-01
-8.046174049377441406e-02 4.866872429847717285e-01
-3.276439905166625977e-01 3.786252140998840332e-01
2.670664787292480469e-01 2.237097024917602539e-01
1.420366764068603516e-01 -3.728474378585815430e-01
4.124968647956848145e-01 1.304480433464050293e-01
-2.008811831474304199e-01 3.614521026611328125e-01
-9.808146953582763672e-02 3.887109160423278809e-01
-3.110492229461669922e-02 -8.040636777877807617e-02
-2.582609653472900391e-02 3.182931542396545410e-01
3.398797512054443359e-01 2.550053596496582031e-02
-3.242075443267822266e-02 2.417940497398376465e-01
3.371441364288330078e-01 -4.398354887962341309e-01
2.153899669647216797e-01 1.628623604774475098e-01
2.299908399581909180e-01 1.915027499198913574e-01
2.046567201614379883e-02 -3.420318365097045898e-01
-4.557071328163146973e-01 -2.372094988822937012e-01
4.475057721138000488e-01 -1.914298534393310547e-02
4.729651808738708496e-01 2.043365240097045898e-01
1.454622745513916016e-01 -2.177814245223999023e-01
4.772475361824035645e-01 -1.137651801109313965e-01
5.896687507629394531e-02 -3.196297883987426758e-01
2.363020181655883789e-01 7.364249229431152344e-02
-3.188950419425964355e-01 -4.095513820648193359e-01
-2.385365962982177734e-02 2.534226775169372559e-01
1.668557524681091309e-01 2.563905119895935059e-01
-2.431702017784118652e-01 3.414683341979980469e-01
3.985000252723693848e-01 2.477082014083862305e-01
9.306609630584716797e-02 4.324972629547119141e-01
3.361912965774536133e-01 2.017180323600769043e-01
4.085072278976440430e-01 6.470769643783569336e-02
-2.959491610527038574e-01 1.126178503036499023e-01
-1.934819221496582031e-01 4.502207636833190918e-01
-4.322337508201599121e-01 -4.416310191154479980e-01
-4.788672924041748047e-01 1.614604592323303223e-01
-2.987606525421142578e-01 -3.965603113174438477e-01
-6.975644826889038086e-02 -4.321399927139282227e-01
-3.898816108703613281e-01 -2.097091078758239746e-01
4.030310511589050293e-01 2.505329847335815430e-01
-1.988871097564697266e-01 -3.232198357582092285e-01
3.392868638038635254e-01 3.577247262001037598e-01
2.541343569755554199e-01 -3.371277451515197754e-01
-3.779018521308898926e-01 -2.520104050636291504e-01
-3.925209045410156250e-01 -3.405261039733886719e-02
-3.525447845458984375e-02 -2.145957946777343750e-02
-2.007828354835510254e-01 -2.145270109176635742e-01
-4.766317009925842285e-01 -3.254592418670654297e-02
-4.266732931137084961e-02 3.373132944107055664e-01
3.991297483444213867e-01 -1.229548454284667969e-01
-2.616635560989379883e-01 -1.104461550712585449e-01
1.796340942382812500e-02 2.546414136886596680e-01
2.522249817848205566e-01 2.016452550888061523e-01
-1.501302719116210938e-01 3.170620799064636230e-01
9.537053108215332031e-02 -3.914055824279785156e-01
3.249135613441467285e-01 -3.385043144226074219e-01
-9.838807582855224609e-02 1.762420535087585449e-01
-4.337172508239746094e-01 3.208364844322204590e-01
-4.089276194572448730e-01 1.882926225662231445e-01
-4.053730368614196777e-01 3.140595555305480957e-01
-3.235747814178466797e-01 2.256404161453247070e-01
1.161838173866271973e-01 4.594063758850097656e-01
2.475345134735107422e-02 4.311513900756835938e-02
-1.381462216377258301e-01 1.785796284675598145e-01
2.424747347831726074e-01 1.343326568603515625e-01
-1.063773632049560547e-01 -4.793522357940673828e-01
4.218486547470092773e-01 -2.008160352706909180e-01
-3.692859411239624023e-02 -4.800702333450317383e-01
-1.115902066230773926e-01 -3.608026504516601562e-01
-2.911003828048706055e-01 -2.619486451148986816e-01
1.918226480484008789e-02 -3.431289196014404297e-01
1.467836499214172363e-01 -3.646427392959594727e-02
-3.323534727096557617e-01 3.501282334327697754e-01
-3.374114632606506348e-01 4.061071276664733887e-01
-1.378601789474487305e-01 -4.872784018516540527e-01
-2.266066074371337891e-01 7.801228761672973633e-02
-3.665985465049743652e-01 2.742497324943542480e-01
7.215440273284912109e-02 -3.542450666427612305e-01
3.378050327301025391e-01 -2.584161162376403809e-01
3.205801844596862793e-01 -2.868168354034423828e-01
-2.795403599739074707e-01 -6.650763750076293945e-02
-8.579903841018676758e-02 -4.267773628234863281e-01
-3.326462507247924805e-01 1.026111245155334473e-01
4.672336578369140625e-02 3.494835495948791504e-01
4.930426478385925293e-01 -2.455413937568664551e-01
-4.237481355667114258e-01 2.860563993453979492e-01
-3.819007873535156250e-01 -2.969031929969787598e-01
-8.201485872268676758e-02 -2.748281955718994141e-01
4.377055168151855469e-01 -4.230920672416687012e-01
1.458666920661926270e-01 4.518020153045654297e-01
-1.163442730903625488e-01 -2.209070324897766113e-01
-1.781067848205566406e-01 1.377545595169067383e-01
1.006528735160827637e-01 1.815967559814453125e-01
4.822914600372314453e-01 8.242231607437133789e-02
3.195065855979919434e-01 2.815723419189453125e-02
-3.869112730026245117e-01 -2.427111268043518066e-01
-2.341107130050659180e-01 -4.062747359275817871e-01
-4.831351041793823242e-01 2.308194637298583984e-01
2.098001837730407715e-01 -6.828409433364868164e-02
1.855638623237609863e-01 -1.111499667167663574e-01
3.837005496025085449e-01 -4.607737660408020020e-01
-3.174102306365966797e-01 2.079748511314392090e-01
4.268416166305541992e-01 3.073945641517639160e-01
3.500768542289733887e-01 -4.808673858642578125e-01
-2.945240139961242676e-01 2.301818132400512695e-01
9.299230575561523438e-02 -5.768358707427978516e-02
4.154203534126281738e-01 -1.660490632057189941e-01
2.527513504028320312e-01 -4.949057102203369141e-02
-2.177401185035705566e-01 -1.337866187095642090e-01
2.552411556243896484e-01 -1.715940237045288086e-01
3.256247639656066895e-01 -3.530327677726745605e-01
-1.348853111267089844e-04 -1.218544244766235352e-01
-1.396107673645019531e-01 -2.369492650032043457e-01
-3.078584074974060059e-01 3.738874793052673340e-01
-3.868734240531921387e-01 2.407435178756713867e-01
-1.349763870239257812e-01 -3.568133115768432617e-01
-2.469443678855895996e-01 -4.462462067604064941e-01
4.669745564460754395e-01 4.049261212348937988e-01
4.210417866706848145e-01 5.057132244110107422e-02
-1.852690577507019043e-01 -1.783469319343566895e-01
-9.115165472030639648e-02 2.017440795898437500e-01
4.271014332771301270e-01 1.100802421569824219e-02
-3.449238538742065430e-01 2.869257330894470215e-01
-2.962446212768554688e-01 -9.892725944519042969e-02
1.922028064727783203e-01 8.640241622924804688e-02
-1.305792331695556641e-01 4.836360812187194824e-01
2.521167993545532227e-01 4.717679023742675781e-01
-3.671345114707946777e-01 3.001355528831481934e-01
-1.678041815757751465e-01 3.084753155708312988e-01
1.268207430839538574e-01 2.874276041984558105e-01
-2.058097124099731445e-01 2.471176385879516602e-01
2.435553669929504395e-01 4.201996922492980957e-01
-4.139770865440368652e-01 -4.500328898429870605e-01
1.040738821029663086e-02 -4.823404550552368164e-01
4.455938935279846191e-01 4.045193195343017578e-01
-6.649440526962280273e-02 -1.050555706024169922e-02
2.666363120079040527e-01 3.877243399620056152e-01
4.847413897514343262e-01 -3.507403135299682617e-01
2.646169662475585938e-01 4.933804869651794434e-01
4.491202831268310547e-01 6.974184513092041016e-02
-2.065522074699401855e-01 -3.401852846145629883e-01
-2.907945513725280762e-01 -2.233308553695678711e-01
-4.734922051429748535e-01 -1.349357962608337402e-01
-4.099476337432861328e-01 3.418492078781127930e-01
3.608457446098327637e-01 8.790963888168334961e-02
2.785107493400573730e-01 -2.823325395584106445e-01
-5.844342708587646484e-02 -1.609476208686828613e-01
-3.299431800842285156e-01 4.732040762901306152e-01
-4.031182527542114258e-01 -2.095212340354919434e-01
-4.405689239501953125e-01 -1.108199357986450195e-01
2.169840335845947266e-01 4.627810716629028320e-01
-4.770038127899169922e-01 -3.771182894706726074e-01
2.737140655517578125e-02 4.315272569656372070e-01
6.813555955886840820e-02 2.942175269126892090e-01
-9.843313694000244141e-02 2.274298667907714844e-02
-1.634281873703002930e-02 -3.784423470497131348e-01
1.731340885162353516e-01 8.618295192718505859e-02
-2.287131547927856445e-01 -9.206336736679077148e-02
-4.946380853652954102e-01 3.765175938606262207e-01
-8.972841501235961914e-02 1.211793422698974609e-01
-3.227330446243286133e-01 -1.671893000602722168e-01
1.703708171844482422e-01 -3.412813544273376465e-01
-4.916720390319824219e-01 4.270068407058715820e-01
3.886063098907470703e-01 -1.067151427268981934e-01
-4.297980070114135742e-01 -1.382247209548950195e-01
-4.827590584754943848e-01 4.165751934051513672e-01
-2.339849472045898438e-01 6.911718845367431641e-02
-3.110349178314208984e-03 2.802174687385559082e-01
-4.078205823898315430e-01 2.660914659500122070e-01
-4.891883730888366699e-01 4.894664287567138672e-01
1.943239569664001465e-01 -4.667203426361083984e-01
-9.234297275543212891e-02 1.669561862945556641e-01
-1.512680053710937500e-01 -4.893131852149963379e-01
-3.703467249870300293e-01 -3.211109638214111328e-01
-2.560523152351379395e-01 -4.817482829093933105e-01
-2.592712044715881348e-01 5.255722999572753906e-02
8.703351020812988281e-02 1.836658120155334473e-01
2.492743134498596191e-01 4.400930404663085938e-01
-2.201187610626220703e-02 2.543733716011047363e-01
-4.895254969596862793e-01 -4.609751105308532715e-01
2.181695103645324707e-01 2.345436811447143555e-01
3.772804737091064453e-01 -3.331931829452514648e-01
2.749966382980346680e-01 -4.932928085327148438e-01
-4.559705853462219238e-01 -1.634036898612976074e-01
1.573553681373596191e-01 2.247443199157714844e-01
3.484998345375061035e-01 -1.578103303909301758e-01
-1.955907344818115234e-01 -3.069022893905639648e-01
-1.580668091773986816e-01 1.406002044677734375e-01
-2.191379070281982422e-01 4.628773927688598633e-01
-1.424349546432495117e-01 -3.806478381156921387e-01
-4.181222319602966309e-01 -5.346143245697021484e-02
1.688058972358703613e-01 2.496982812881469727e-01
-3.740410208702087402e-01 3.513634204864501953e-03
9.480100870132446289e-02 2.773444652557373047e-01
4.818451404571533203e-01 4.844287633895874023e-01
2.006645798683166504e-01 -2.480208873748779297e-01
2.355046272277832031e-01 -1.051956415176391602e-02
2.764292359352111816e-01 -5.961179733276367188e-03
-6.542688608169555664e-02 2.362081408500671387e-01
-1.790252327919006348e-01 -4.622436761856079102e-01
-3.555876612663269043e-01 2.933093905448913574e-01
-1.006243228912353516e-01 3.387437462806701660e-01
-4.746223688125610352e-01 4.217318892478942871e-01
-3.773375153541564941e-01 3.860806822776794434e-01
4.121278524398803711e-01 -1.751354932785034180e-01
4.795523881912231445e-01 1.817615032196044922e-01
-2.513823509216308594e-01 1.622587442398071289e-01
-1.110538244247436523e-01 -3.646044135093688965e-01
-3.918671607971191406e-02 4.862130880355834961e-01
-4.080693125724792480e-01 1.576010584831237793e-01
-4.490547180175781250e-01 -2.635508775711059570e-01
-4.034019112586975098e-01 -3.585229516029357910e-01
-2.244322299957275391e-01 -4.260700941085815430e-02
3.761861920356750488e-01 3.572969436645507812e-01
-3.232008218765258789e-02 -1.783721446990966797e-01
9.691590070724487305e-02 -6.466001272201538086e-02
1.748340725898742676e-01 -2.646986842155456543e-01
6.016218662261962891e-02 9.930944442749023438e-02
2.446683645248413086e-01 -3.314863443374633789e-01
-4.586863517761230469e-02 2.235277295112609863e-01
-2.280535697937011719e-01 -4.340161681175231934e-01
-3.976225852966308594e-02 -4.315162301063537598e-01
-1.145882010459899902e-01 -2.187098264694213867e-01
1.501616239547729492e-01 -4.948324561119079590e-01
1.294726729393005371e-01 -1.583514809608459473e-01
-5.575484037399291992e-02 3.940699696540832520e-01
3.759688138961791992e-01 2.655789256095886230e-01
-2.793312072753906250e-03 1.403504610061645508e-01
3.682442903518676758e-01 3.308059573173522949e-01
7.180988788604736328e-03 -2.743873596191406250e-01
-9.450602531433105469e-02 -3.125455379486083984e-01
2.185604572296142578e-01 -2.838558554649353027e-01
-3.266847133636474609e-01 3.386473059654235840e-01
-4.543713331222534180e-01 5.840051174163818359e-02
2.024014592170715332e-01 3.469043374061584473e-01
2.011873722076416016e-01 4.655815958976745605e-01
1.350706815719604492e-02 -1.440210342407226562e-01
4.174062609672546387e-01 -3.941292166709899902e-01
-4.615864753723144531e-01 -4.799695014953613281e-01
-4.441000819206237793e-01 -1.481785774230957031e-01
-3.853524923324584961e-01 -4.800772070884704590e-01
4.174630045890808105e-01 2.733600139617919922e-01
1.075706481933593750e-01 -1.899728178977966309e-01
2.322932481765747070e-01 2.963567972183227539e-01
1.086129546165466309e-01 1.418590545654296875e-05
4.227544069290161133e-01 2.903369069099426270e-01
-1.108886003494262695e-01 -1.997085809707641602e-01
1.304305195808410645e-01 -4.531664848327636719e-01
2.715463042259216309e-01 -1.437869071960449219e-01
-5.822503566741943359e-02 -4.886905550956726074e-01
1.976655125617980957e-01 -4.370807409286499023e-01
-3.322920799255371094e-01 -1.497293710708618164e-01
3.040822744369506836e-01 3.360568881034851074e-01
-2.822590470314025879e-01 -3.220121860504150391e-01
9.452468156814575195e-02 -1.028537750244140625e-02
-2.255563139915466309e-01 -2.307636737823486328e-01
3.081158399581909180e-01 1.544269323348999023e-01
1.159932017326354980e-01 4.024747014045715332e-01
-3.158807754516601562e-01 -1.366828083992004395e-01
3.065868616104125977e-01 2.704529762268066406e-01
4.320564270019531250e-01 -4.353901743888854980e-01
4.694911837577819824e-01 2.164442539215087891e-01
1.682370305061340332e-01 -3.341814279556274414e-01
-4.185500741004943848e-01 -3.903161883354187012e-01
-4.714736342430114746e-01 3.583888411521911621e-01
-6.246411800384521484e-02 -5.114078521728515625e-05
-2.728478312492370605e-01 3.081286549568176270e-01
-2.578973770141601562e-03 -1.700385212898254395e-01
4.849770069122314453e-01 -1.986894011497497559e-01
2.776574492454528809e-01 -3.379842638969421387e-01
1.086691021919250488e-01 2.047978043556213379e-01
1.468908786773681641e-01 6.291991472244262695e-02
-9.329193830490112305e-02 3.019263148307800293e-01
3.114621639251708984e-01 3.155196309089660645e-01
-3.850994110107421875e-01 2.841030955314636230e-01
-6.800889968872070312e-03 1.125798821449279785e-01
-2.723240852355957031e-01 -3.093689084053039551e-01
-1.266698837280273438e-01 -3.675721287727355957e-01
3.858615756034851074e-01 4.360809326171875000e-01
2.569668889045715332e-01 1.177587509155273438e-01
4.549922347068786621e-01 -4.230267405509948730e-01
1.306747198104858398e-01 1.160628795623779297e-01
4.651104807853698730e-01 2.421814203262329102e-01
4.805638790130615234e-01 -1.619340181350708008e-01
1.867925524711608887e-01 7.005292177200317383e-02
2.222878336906433105e-01 3.655313253402709961e-01
-2.750602364540100098e-01 1.945140957832336426e-01
-1.661868691444396973e-01 2.928289771080017090e-01
4.728005528450012207e-01 1.818616986274719238e-01
7.445526123046875000e-02 1.004136800765991211e-01
-6.742829084396362305e-02 4.716578722000122070e-01
1.729201078414916992e-01 -3.211961388587951660e-01
-1.449065208435058594e-01 -3.910431861877441406e-01
2.300366759300231934e-01 2.510976791381835938e-02
3.197303414344787598e-01 6.090736389160156250e-02
2.284150719642639160e-01 -5.493563413619995117e-02
-4.558765888214111328e-01 3.520665764808654785e-01
-3.295676112174987793e-01 2.204676270484924316e-01
-7.990366220474243164e-02 -2.080187201499938965e-01
5.597454309463500977e-02 -2.162748575210571289e-02
-2.442896962165832520e-01 3.589184284210205078e-01
3.056665062904357910e-01 -1.127928495407104492e-01
-6.079363822937011719e-02 -2.977917790412902832e-01
3.095461130142211914e-01 -2.702820301055908203e-01
-9.407341480255126953e-02 -1.710003614425659180e-01
3.769720792770385742e-01 -4.165061116218566895e-01
-4.857082366943359375e-01 1.237831115722656250e-01
-4.703940153121948242e-01 -3.498852252960205078e-02
-2.721626758575439453e-01 2.415477037429809570e-01
4.230731129646301270e-01 -6.253701448440551758e-02
-3.375252485275268555e-01 3.035252094268798828e-01
-1.096865534782409668e-01 5.727726221084594727e-02
1.336331367492675781e-01 1.009398698806762695e-02
1.816084980964660645e-01 -3.633410334587097168e-01
4.183988571166992188e-01 2.314739227294921875e-01
-4.788506627082824707e-01 2.971899509429931641e-01
-4.391083717346191406e-01 2.617254853248596191e-01
4.931040406227111816e-01 -4.281433820724487305e-01
3.415612578392028809e-01 4.822562336921691895e-01
-1.655757427215576172e-02 3.921700716018676758e-01
-3.163720965385437012e-01 3.642193078994750977e-01
3.370537161827087402e-01 -2.168163061141967773e-01
1.943914890289306641e-01 2.664025425910949707e-01
1.808359026908874512e-01 2.012032270431518555e-01
4.353682398796081543e-01 -1.897802352905273438e-01
4.623342752456665039e-01 9.714925289154052734e-02
-4.370561242103576660e-01 -2.723300457000732422e-02
4.569579958915710449e-01 2.424179315567016602e-01
3.277851939201354980e-01 4.863724708557128906e-01
3.840078115463256836e-01 4.178071022033691406e-02
-3.898233175277709961e-01 -1.216059923171997070e-01
3.384944796562194824e-01 3.290571570396423340e-01
2.480856776237487793e-01 -3.726012706756591797e-01
-4.319487214088439941e-01 3.953760862350463867e-01
-2.967110276222229004e-01 -2.740889191627502441e-01
2.269893884658813477e-02 -4.635061025619506836e-01
-6.192803382873535156e-02 -9.659647941589355469e-02
1.893773674964904785e-01 -1.227309107780456543e-01
-4.017052650451660156e-01 -1.725686192512512207e-01
4.545877575874328613e-01 9.362751245498657227e-02
3.867759108543395996e-01 4.169710278511047363e-01
4.281387329101562500e-01 1.920914053916931152e-01
-4.648960232734680176e-01 1.785771250724792480e-01
-1.887318491935729980e-01 4.055793881416320801e-01
-4.456536769866943359e-01 -2.763751149177551270e-01
4.896561503410339355e-01 1.602367162704467773e-01
-4.020165801048278809e-01 4.551326036453247070e-01
-3.656259179115295410e-01 8.990049362182617188e-03
-2.639104127883911133e-01 -1.007053256034851074e-01
-2.439777255058288574e-01 3.767012357711791992e-01
1.654101610183715820e-01 2.330564856529235840e-01
1.162034869194030762e-01 3.584482669830322266e-01
2.561776638031005859e-01 -4.936124682426452637e-01
1.156329512596130371e-01 -1.290625333786010742e-02
3.413209319114685059e-01 3.840321898460388184e-01
-4.788218140602111816e-01 -4.439502954483032227e-01
-4.803760647773742676e-01 -2.973204851150512695e-02
-3.075734972953796387e-01 -7.265686988830566406e-03
2.059785723686218262e-01 3.802377581596374512e-01
4.465221166610717773e-01 1.744612455368041992e-01
1.942945718765258789e-01 -2.591812610626220703e-01
-8.450311422348022461e-02 -4.373051524162292480e-01
-1.685637831687927246e-01 -3.013557195663452148e-01
-4.310550689697265625e-01 3.428903222084045410e-01
-2.343225479125976562e-02 -4.529492259025573730e-01
-3.614286780357360840e-01 1.741377711296081543e-01
-4.476366043090820312e-01 7.756888866424560547e-03
-3.082867264747619629e-01 -4.090846776962280273e-01
-2.647086977958679199e-01 -4.116088151931762695e-01
-3.435557484626770020e-01 4.613103866577148438e-01
-2.783132195472717285e-01 1.309137344360351562e-01
1.998453140258789062e-01 2.077976465225219727e-01
-1.526588797569274902e-01 -1.844256520271301270e-01
2.268135547637939453e-03 3.771212100982666016e-01
4.385337829589843750e-01 -4.062237739562988281e-01
2.360815405845642090e-01 -4.346185326576232910e-01
-4.113762974739074707e-01 -4.818731546401977539e-02
1.576368808746337891e-01 -2.359781265258789062e-01
