6.340366601943969727e-02 4.163573384284973145e-01
-2.104502320289611816e-01 2.471310496330261230e-01
3.953387737274169922e-01 2.844753265380859375e-01
-6.526029109954833984e-02 -7.975637912750244141e-03
-3.580764532089233398e-01 3.384301066398620605e-01
-3.169651031494140625e-01 2.395938634872436523e-01
4.589901566505432129e-01 -2.234530448913574219e-02
-8.321130275726318359e-02 -3.189544677734375000e-01
-2.750963568687438965e-01 -2.463335394859313965e-01
1.205766797065734863e-01 -4.981091022491455078e-01
-3.153210878372192383e-01 3.824108839035034180e-02
-1.469694972038269043e-01 3.814891576766967773e-01
2.321581244468688965e-01 -3.457780480384826660e-01
4.845584630966186523e-01 -1.888634562492370605e-01
-1.478575468063354492e-01 4.184728860855102539e-02
3.738577365875244141e-01 -2.273190021514892578e-02
-1.773222088813781738e-01 4.458061456680297852e-01
9.320616722106933594e-02 3.900913596153259277e-01
-3.607258796691894531e-01 1.797612905502319336e-01
-3.769180774688720703e-01 -2.634388208389282227e-02
4.791268110275268555e-01 -1.708131432533264160e-01
1.463995575904846191e-01 9.476822614669799805e-02
6.787306070327758789e-02 -3.953362107276916504e-01
-9.333068132400512695e-02 -3.240464925765991211e-01
4.612691998481750488e-01 -4.213567972183227539e-01
2.660430669784545898e-01 -7.709050178527832031e-02
-3.558711409568786621e-01 1.892980337142944336e-01
3.825581669807434082e-01 2.355774641036987305e-01
3.390238285064697266e-01 2.769625186920166016e-01
2.519029974937438965e-01 -3.691411018371582031e-02
-2.690067291259765625e-01 -1.699796915054321289e-01
-2.001469731330871582e-01 -3.089216351509094238e-01
4.505581855773925781e-01 -2.060222029685974121e-01
9.433019161224365234e-02 3.971886634826660156e-02
3.035098314285278320e-02 3.375022411346435547e-01
2.292374372482299805e-01 -1.426196694374084473e-01
-4.569219946861267090e-01 3.057015538215637207e-01
-6.125605106353759766e-02 -8.401787281036376953e-02
-2.466508746147155762e-01 -3.693407773971557617e-02
-4.292467236518859863e-01 -2.966184020042419434e-01
7.529175281524658203e-02 1.373947262763977051e-01
-4.497681856155395508e-01 -2.960773110389709473e-01
1.612623929977416992e-01 -1.128778457641601562e-01
3.366428613662719727e-02 9.283721446990966797e-03
1.037120819091796875e-04 3.383833169937133789e-02
1.928786635398864746e-01 -2.086557149887084961e-01
-6.805765628814697266e-02 4.268807172775268555e-02
-2.206867933273315430e-01 4.581081867218017578e-01
3.424041271209716797e-01 8.005201816558837891e-02
3.140257000923156738e-01 2.377706766128540039e-02
-4.620817899703979492e-01 3.729653954505920410e-01
3.835916519165039062e-02 1.932769417762756348e-01
-4.976472854614257812e-01 -2.354815602302551270e-01
-3.686472177505493164e-01 1.038730740547180176e-01
1.665719747543334961e-01 -1.611748933792114258e-01
4.657046198844909668e-01 -1.227425336837768555e-01
-3.309482336044311523e-01 -4.685760736465454102e-01
1.868547797203063965e-01 3.489078879356384277e-01
-9.678339958190917969e-02 -4.028904438018798828e-02
-4.962536096572875977e-01 -2.481141686439514160e-01
4.118307232856750488e-01 2.273773550987243652e-01
4.328413009643554688e-01 7.037663459777832031e-02
2.898442745208740234e-01 -2.567685842514038086e-01
-9.379303455352783203e-02 2.202683091163635254e-01
4.769218564033508301e-01 3.950210213661193848e-01
-3.395366668701171875e-01 6.689727306365966797e-02
-4.721102714538574219e-01 -4.762488007545471191e-01
-2.782726287841796875e-01 -2.758502960205078125e-01
1.415245532989501953e-01 -4.239637851715087891e-01
3.050583600997924805e-02 -4.226605892181396484e-01
4.444229602813720703e-01 -1.782988309860229492e-01
1.920247673988342285e-01 -2.340451478958129883e-01
3.896620273590087891e-01 -3.206843137741088867e-02
-2.031385302543640137e-01 4.717019796371459961e-01
-3.672025799751281738e-01 2.737248539924621582e-01
-1.694797277450561523e-01 4.498531222343444824e-01
-1.375262141227722168e-01 -4.934445619583129883e-01
-2.764236927032470703e-01 4.399442076683044434e-01
4.914754033088684082e-01 -8.836376667022705078e-02
6.406724452972412109e-03 1.507501602172851562e-01
4.210355281829833984e-01 1.575381755828857422e-01
-5.079370737075805664e-02 -1.161583065986633301e-01
3.632442951202392578e-01 -3.145135641098022461e-01
4.594693779945373535e-01 3.223417997360229492e-01
-4.082732796669006348e-01 1.234900355339050293e-01
3.262748122215270996e-01 -8.722144365310668945e-02
4.304578304290771484e-01 -1.677283644676208496e-01
-4.806901812553405762e-01 4.157523512840270996e-01
-4.501211047172546387e-01 2.895687818527221680e-01
4.830888509750366211e-01 -4.150516986846923828e-01
6.937521696090698242e-02 -2.812529206275939941e-01
1.805927157402038574e-01 -2.110862135887145996e-01
-2.252066731452941895e-01 2.768909931182861328e-02
-3.231294751167297363e-01 -4.978632926940917969e-02
-3.602625727653503418e-01 1.477055549621582031e-01
1.903395056724548340e-01 2.608027458190917969e-01
-4.762765765190124512e-01 3.318929672241210938e-02
4.364562034606933594e-02 -2.077692747116088867e-01
-2.824015021324157715e-01 -1.159515380859375000e-01
-4.250391721725463867e-01 -3.348973989486694336e-01
-2.010666728019714355e-01 1.733177900314331055e-01
1.402726173400878906e-01 5.979585647583007812e-02
-4.864634871482849121e-01 -6.613689661026000977e-02
2.648445367813110352e-01 -3.267867565155029297e-01
1.806303262710571289e-01 4.835437536239624023e-01
1.582311987876892090e-01 -2.127400636672973633e-01
1.148664951324462891e-01 -1.725744605064392090e-01
-2.935346364974975586e-01 1.918844580650329590e-01
4.495569467544555664e-01 1.524372696876525879e-01
2.702447772026062012e-01 -3.778320550918579102e-01
-3.377804160118103027e-01 1.177223324775695801e-01
4.994271397590637207e-01 -4.204370975494384766e-01
4.955464005470275879e-01 2.658527493476867676e-01
2.673442363739013672e-01 -3.659288883209228516e-01
4.548607468605041504e-01 4.254599213600158691e-01
2.050282359123229980e-01 3.540328145027160645e-01
-8.761066198348999023e-02 3.077800869941711426e-01
2.913113236427307129e-01 -1.516121625900268555e-02
-4.335057735443115234e-02 4.984259009361267090e-01
6.041944026947021484e-03 1.925897598266601562e-01
1.948818564414978027e-01 -3.305375576019287109e-03
2.194588184356689453e-01 2.764126062393188477e-01
-1.996011734008789062e-01 -4.734275341033935547e-01
1.161932945251464844e-01 1.343708038330078125e-01
6.199157238006591797e-02 8.184641599655151367e-02
3.826602101325988770e-01 2.313030958175659180e-01
1.767518520355224609e-01 -1.203647851943969727e-01
3.831061720848083496e-01 1.721298694610595703e-02
-2.004647254943847656e-02 2.105684876441955566e-01
4.624166488647460938e-01 1.008689403533935547e-02
3.773117065429687500e-01 3.728840947151184082e-01
1.310517191886901855e-01 -1.773036718368530273e-01
-3.700480461120605469e-01 3.493785858154296875e-03
-4.658877253532409668e-01 1.546144485473632812e-04
-9.287518262863159180e-02 -8.499306440353393555e-02
3.889946937561035156e-01 4.610041975975036621e-01
-4.091008901596069336e-01 -3.041991591453552246e-01
2.785088419914245605e-01 -4.509673118591308594e-01
-1.073284745216369629e-01 2.447713613510131836e-01
-1.209303736686706543e-01 2.681848406791687012e-01
-3.293148875236511230e-01 -1.994425654411315918e-01
-4.067956209182739258e-01 -2.390458583831787109e-01
4.024918675422668457e-01 -3.944920897483825684e-01
2.960276603698730469e-01 3.249697685241699219e-01
4.441041946411132812e-01 -2.900179028511047363e-01
-4.458224773406982422e-01 4.784067273139953613e-01
-4.329593777656555176e-01 7.185101509094238281e-02
2.283404469490051270e-01 2.659188508987426758e-01
-2.268511056900024414e-01 -6.995874643325805664e-02
1.890991330146789551e-01 1.426338553428649902e-01
3.768867254257202148e-01 1.900041103363037109e-02
-3.672688007354736328e-01 3.617268800735473633e-02
3.220732808113098145e-01 1.907365322113037109e-01
-2.126123905181884766e-01 3.146660327911376953e-01
-3.586201667785644531e-01 -3.480615615844726562e-01
4.260289669036865234e-01 1.152204871177673340e-01
-2.613896727561950684e-01 3.141625523567199707e-01
-4.163660407066345215e-01 -6.163960695266723633e-02
-1.884440779685974121e-01 2.907749414443969727e-01
-3.318120241165161133e-01 -6.336402893066406250e-02
-2.234536409378051758e-02 4.137952923774719238e-01
-4.386095404624938965e-01 -1.823692917823791504e-01
-2.150309085845947266e-02 -1.774704456329345703e-02
3.585152029991149902e-01 -4.176175594329833984e-02
2.701630592346191406e-01 -1.240329146385192871e-01
2.153026461601257324e-01 -4.951935410499572754e-01
-4.830720424652099609e-01 3.214200735092163086e-01
3.677177429199218750e-01 -4.629250764846801758e-01
2.461460828781127930e-01 4.618660211563110352e-01
3.001766204833984375e-01 -3.710972666740417480e-01
1.877383589744567871e-01 5.329376459121704102e-02
2.077949047088623047e-02 3.406381607055664062e-02
2.168914079666137695e-01 -3.971582055091857910e-01
3.853921890258789062e-01 6.223315000534057617e-02
2.419990301132202148e-02 -3.484650850296020508e-01
-3.383796215057373047e-01 2.199676632881164551e-01
-2.257404327392578125e-01 -3.231512904167175293e-01
1.267524361610412598e-01 -4.346999526023864746e-01
3.925749063491821289e-01 -4.714303612709045410e-01
-7.539218664169311523e-02 -3.283084630966186523e-01
7.456761598587036133e-02 -4.559285640716552734e-01
-3.341597318649291992e-02 1.270022392272949219e-01
1.900984644889831543e-01 -3.562763333320617676e-01
2.515906095504760742e-01 1.690530180931091309e-01
-2.270281314849853516e-02 3.534076809883117676e-01
2.230566143989562988e-01 -6.252312660217285156e-02
-5.230575799942016602e-02 3.203271627426147461e-01
-1.487043499946594238e-01 4.307414889335632324e-01
-3.299654722213745117e-01 -3.185546398162841797e-01
3.218517303466796875e-01 4.415853023529052734e-01
-1.397533416748046875e-01 -1.946684718132019043e-01
-1.664280891418457031e-03 9.064960479736328125e-02
2.227091789245605469e-02 -2.621171474456787109e-01
-4.296535849571228027e-01 4.127504229545593262e-01
-2.891808152198791504e-01 -1.702435016632080078e-01
2.155607342720031738e-01 3.792965412139892578e-02
-3.270196318626403809e-01 1.845717430114746094e-03
-4.023134708404541016e-02 1.140502095222473145e-01
2.548432350158691406e-01 -3.753960132598876953e-01
3.938889503479003906e-01 2.014796733856201172e-01
-2.594513893127441406e-01 3.306968808174133301e-01
-3.219581842422485352e-01 2.841760516166687012e-01
1.168069839477539062e-01 1.233955025672912598e-01
2.555853128433227539e-02 -1.612917184829711914e-01
-9.962570667266845703e-02 -4.487578868865966797e-01
-4.480611085891723633e-01 -5.663990974426269531e-03
7.185798883438110352e-02 4.381724596023559570e-01
8.143365383148193359e-02 -2.980894446372985840e-01
4.180449247360229492e-01 3.605954051017761230e-01
-3.829017877578735352e-01 2.294047474861145020e-01
2.750406861305236816e-01 -1.904415488243103027e-01
1.433709263801574707e-01 4.931646585464477539e-02
-4.676970839500427246e-01 1.373224854469299316e-01
-4.332560300827026367e-01 -2.184110879898071289e-01
3.869033455848693848e-01 1.038096547126770020e-01
-2.102092504501342773e-01 1.597539782524108887e-01
-4.018806219100952148e-01 4.273808002471923828e-02
1.029549241065979004e-01 -1.029917001724243164e-01
-1.036592125892639160e-01 2.542656660079956055e-01
2.586262226104736328e-01 3.993215560913085938e-01
-6.047129631042480469e-03 -4.292004108428955078e-01
2.316696047782897949e-01 4.311683177947998047e-01
-3.671705126762390137e-01 -1.560046672821044922e-01
1.790154576301574707e-01 3.116056323051452637e-01
-2.410101890563964844e-01 -4.404333233833312988e-01
3.396217226982116699e-01 -4.483323693275451660e-01
-5.198335647583007812e-02 -3.013580441474914551e-01
-1.984424591064453125e-01 6.243646144866943359e-03
-3.464282155036926270e-01 8.346074819564819336e-02
3.673396110534667969e-01 -1.509350538253784180e-02
1.019098758697509766e-01 -4.765796661376953125e-02
-1.108809709548950195e-01 -1.709932684898376465e-01
5.895429849624633789e-02 1.544219255447387695e-02
-3.450067639350891113e-01 2.262378334999084473e-01
-1.744875311851501465e-01 9.148538112640380859e-02
-2.144338488578796387e-01 1.816686391830444336e-01
-5.752700567245483398e-02 -1.502168178558349609e-02
4.940159916877746582e-01 -2.908149957656860352e-01
1.473761200904846191e-01 1.952578425407409668e-01
-2.883415222167968750e-01 -3.918053507804870605e-01
3.963792324066162109e-01 1.388816237449645996e-01
4.841828942298889160e-01 4.944254159927368164e-01
3.690353035926818848e-01 4.714047908782958984e-01
3.977597355842590332e-01 1.473450064659118652e-01
3.394407033920288086e-02 -1.472324728965759277e-01
-2.516348958015441895e-01 3.258061408996582031e-01
1.412178277969360352e-01 2.480878233909606934e-01
-6.104308366775512695e-02 -1.321510672569274902e-01
2.220202684402465820e-01 1.837920546531677246e-01
-4.902559518814086914e-01 -1.979421973228454590e-01
-1.246188282966613770e-01 -1.725700497627258301e-01
-4.633280038833618164e-01 -1.842622756958007812e-01
-9.940785169601440430e-02 -6.014299392700195312e-02
2.783643603324890137e-01 1.259304881095886230e-01
4.718000292778015137e-01 4.173153042793273926e-01
1.621553301811218262e-01 1.454436779022216797e-01
-2.958666682243347168e-01 2.883628010749816895e-01
4.816704392433166504e-01 3.699307441711425781e-01
-2.750360965728759766e-02 2.137770652770996094e-01
-3.243079781532287598e-01 3.652210831642150879e-01
-1.088732481002807617e-02 5.316239595413208008e-02
-1.006125807762145996e-01 3.647148609161376953e-01
-4.501677751541137695e-01 -7.030212879180908203e-02
-3.221200108528137207e-01 6.784808635711669922e-02
1.532519459724426270e-01 -3.946462273597717285e-01
3.608563542366027832e-01 -2.296647429466247559e-01
2.758216261863708496e-01 4.937196373939514160e-01
-3.385557532310485840e-01 3.570163846015930176e-01
3.721314668655395508e-02 8.016663789749145508e-02
-4.944635629653930664e-01 1.288222670555114746e-01
5.810379981994628906e-03 4.057390093803405762e-01
3.816583752632141113e-01 -3.525334596633911133e-01
-4.500074386596679688e-01 1.178060173988342285e-01
4.867780208587646484e-01 -2.815831303596496582e-01
4.011855125427246094e-01 3.368312120437622070e-01
2.247921824455261230e-01 -3.760171532630920410e-01
2.402729392051696777e-01 2.016329169273376465e-01
4.434157013893127441e-01 2.036446332931518555e-01
-1.389111876487731934e-01 2.317092418670654297e-01
-2.106386423110961914e-02 3.999190330505371094e-01
1.483629345893859863e-01 -3.843068480491638184e-01
-2.814328074455261230e-01 1.595098972320556641e-01
-3.289218544960021973e-01 -2.500690221786499023e-01
-1.873521208763122559e-01 9.195727109909057617e-02
-1.318123936653137207e-01 3.940116763114929199e-01
3.376728296279907227e-02 3.677659034729003906e-01
-2.066708803176879883e-01 -4.754400253295898438e-02
4.060159921646118164e-01 -3.228774666786193848e-01
-1.554726958274841309e-01 2.877866625785827637e-01
1.795042753219604492e-01 4.178667068481445312e-02
4.348831176757812500e-01 1.876896619796752930e-02
-1.998069882392883301e-01 1.310017108917236328e-01
-3.683813214302062988e-01 -4.064345359802246094e-01
2.527891397476196289e-01 -2.103351354598999023e-01
-2.589054107666015625e-01 2.167851328849792480e-01
-8.665537834167480469e-02 -1.130670309066772461e-01
2.798370718955993652e-01 -4.676103591918945312e-01
-4.601353406906127930e-02 -4.304009079933166504e-01
3.492951393127441406e-03 2.367154955863952637e-01
4.989137053489685059e-01 -3.550290465354919434e-01
-1.308514475822448730e-01 -4.835352897644042969e-01
-4.107201099395751953e-01 5.131721496582031250e-03
1.030534505844116211e-01 -4.122990369796752930e-01
-1.728829741477966309e-01 -2.933582663536071777e-01
3.496713638305664062e-01 1.045373082160949707e-01
5.794358253479003906e-02 -6.156772375106811523e-02
4.801319241523742676e-01 -3.009306788444519043e-01
-1.891567707061767578e-01 2.113975882530212402e-01
-4.188269376754760742e-02 4.737466573715209961e-01
-7.264840602874755859e-02 3.810642361640930176e-01
2.038268446922302246e-01 -4.382217526435852051e-01
-3.387873768806457520e-01 3.323237299919128418e-01
-1.367033123970031738e-01 -1.907796859741210938e-01
2.789734005928039551e-01 -3.886516690254211426e-01
2.221029400825500488e-01 -3.377236723899841309e-01
4.749574065208435059e-01 -1.444190740585327148e-02
2.967771291732788086e-01 4.618710875511169434e-01
3.456362485885620117e-01 3.717200756072998047e-01
3.327897191047668457e-01 -4.773457646369934082e-01
3.781544566154479980e-01 3.453749418258666992e-02
2.755373716354370117e-02 2.862166166305541992e-01
2.158597111701965332e-01 4.617906808853149414e-01
1.194567084312438965e-01 1.776151061058044434e-01
4.136697053909301758e-01 -2.359189987182617188e-01
-3.692902922630310059e-01 1.291266679763793945e-01
4.512681961059570312e-01 -2.104638218879699707e-01
3.156802654266357422e-01 -7.277625799179077148e-02
-4.889766573905944824e-01 -4.616010189056396484e-01
1.965755820274353027e-01 -3.173496723175048828e-01
1.673161387443542480e-01 4.751106500625610352e-01
4.957086443901062012e-01 -1.936618685722351074e-01
-3.942536711692810059e-01 -2.537584304809570312e-01
4.102717638015747070e-01 -2.729825973510742188e-01
1.163390278816223145e-01 -6.258720159530639648e-02
8.790409564971923828e-02 -4.475116729736328125e-01
-3.726684451103210449e-01 3.792709708213806152e-01
2.667294144630432129e-01 3.123766779899597168e-01
-1.637817621231079102e-01 2.914948463439941406e-01
-4.237871766090393066e-01 3.083788752555847168e-01
2.380606532096862793e-01 -2.680782079696655273e-01
-8.897393941879272461e-02 -4.916069507598876953e-01
1.238377690315246582e-01 -4.630219936370849609e-02
4.355909228324890137e-01 -3.212797641754150391e-02
2.586955428123474121e-01 4.857206940650939941e-01
-3.182476758956909180e-02 -3.636605143547058105e-01
-4.624748229980468750e-02 -2.954106926918029785e-01
4.339402318000793457e-01 -3.068680167198181152e-01
-2.399832010269165039e-01 3.724234700202941895e-01
-2.414549589157104492e-01 1.923231482505798340e-01
2.985876202583312988e-01 -4.253708720207214355e-01
1.525056958198547363e-01 4.417963624000549316e-01
3.436660170555114746e-01 5.057978630065917969e-02
-4.730642437934875488e-01 3.294236660003662109e-01
-2.866485714912414551e-01 -1.947370767593383789e-01
1.022803783416748047e-01 -3.524329662322998047e-01
-4.563164114952087402e-01 1.643937826156616211e-01
4.231022000312805176e-01 -4.081130027770996094e-03
2.308608293533325195e-01 -1.839137673377990723e-01
2.892659902572631836e-01 6.350910663604736328e-02
-4.858666658401489258e-01 4.865418672561645508e-01
7.833528518676757812e-02 1.535714864730834961e-01
-2.059999704360961914e-01 7.855296134948730469e-02
3.802611827850341797e-01 -9.881949424743652344e-02
-1.864154338836669922e-01 4.869717359542846680e-02
1.169270873069763184e-01 -3.626571297645568848e-01
1.800010204315185547e-01 -3.013950586318969727e-01
-2.781855463981628418e-01 2.063894271850585938e-01
-2.166536450386047363e-01 -4.006236791610717773e-02
4.382649064064025879e-01 -3.555267453193664551e-01
3.100433349609375000e-01 3.238978385925292969e-01
1.870868206024169922e-01 -4.041594266891479492e-01
3.856674432754516602e-01 2.977440357208251953e-01
3.039078712463378906e-01 2.581424713134765625e-01
-2.403616905212402344e-03 1.176235079765319824e-01
-1.753807067871093750e-02 3.224768638610839844e-01
-8.930295705795288086e-02 -4.609235525131225586e-01
4.410952329635620117e-01 -3.844506144523620605e-01
-3.969261050224304199e-01 -1.281738281250000000e-03
2.269989252090454102e-02 -2.183946967124938965e-01
4.953560829162597656e-01 -4.482442736625671387e-01
-5.753749608993530273e-02 4.223805665969848633e-02
-1.320534348487854004e-01 2.154021859169006348e-01
-2.995771169662475586e-02 8.078682422637939453e-02
-1.018349528312683105e-01 4.708582162857055664e-02
-5.150854587554931641e-02 -2.425782084465026855e-01
-3.804506659507751465e-01 -1.101732254028320312e-02
1.607626676559448242e-02 3.064695596694946289e-01
-2.590003013610839844e-01 -1.084030866622924805e-01
3.525018692016601562e-01 4.793140292167663574e-01
-3.052501678466796875e-01 -3.015771508216857910e-01
3.142690062522888184e-01 4.177975058555603027e-01
2.869281768798828125e-01 5.000966787338256836e-02
-4.459575414657592773e-01 -4.718172550201416016e-02
-1.115471720695495605e-01 -3.401442766189575195e-01
4.857921600341796875e-01 1.415305137634277344e-01
4.582489132881164551e-01 -1.116832494735717773e-01
-4.807968735694885254e-01 8.263945579528808594e-02
2.706565260887145996e-01 -3.415433764457702637e-01
3.312773704528808594e-01 2.784886956214904785e-01
-3.313061594963073730e-01 -2.146067619323730469e-01
2.890510559082031250e-01 -2.842943072319030762e-01
3.872334957122802734e-02 2.887544035911560059e-01
2.091991305351257324e-01 -9.836345911026000977e-02
-6.200402975082397461e-02 -1.626328229904174805e-01
1.878049373626708984e-01 -2.336726188659667969e-01
2.857977151870727539e-02 -4.848511815071105957e-01
3.799827694892883301e-01 -3.542902469635009766e-01
4.441820979118347168e-01 4.511893987655639648e-01
-2.543120384216308594e-01 2.184845209121704102e-01
1.443240642547607422e-01 1.404345035552978516e-02
4.360755085945129395e-01 2.397442460060119629e-01
2.274985313415527344e-01 -3.919281959533691406e-01
-2.589092254638671875e-01 1.946092247962951660e-01
-4.774367809295654297e-01 4.843708872795104980e-01
-6.594341993331909180e-02 3.283886909484863281e-01
4.444572329521179199e-01 -3.572914600372314453e-01
4.664964675903320312e-01 -3.515666127204895020e-01
3.167189955711364746e-01 -2.789158225059509277e-01
-2.823055982589721680e-01 1.409754157066345215e-01
1.223662495613098145e-01 -3.793631196022033691e-01
3.987258672714233398e-02 1.238961219787597656e-01
4.597824811935424805e-01 -2.526838779449462891e-01
-1.298125982284545898e-01 2.191756367683410645e-01
-4.117485284805297852e-01 4.987822771072387695e-01
-3.975557684898376465e-01 1.050657033920288086e-02
5.447924137115478516e-02 -1.921057701110839844e-01
6.882816553115844727e-02 -4.052084684371948242e-01
-1.628957390785217285e-01 4.874904155731201172e-01
-2.816294431686401367e-01 -2.684241533279418945e-02
1.944695115089416504e-01 6.414419412612915039e-02
1.763606071472167969e-01 3.701824545860290527e-01
1.611790657043457031e-01 2.608219385147094727e-01
-3.082892298698425293e-01 -4.244022965431213379e-01
4.067577123641967773e-01 -3.877440094947814941e-01
3.592739105224609375e-01 2.834000587463378906e-01
3.756055831909179688e-01 3.021882772445678711e-01
-4.033304452896118164e-01 -1.908557415008544922e-01
3.708698153495788574e-01 4.145720601081848145e-01
-1.900929212570190430e-02 4.384616017341613770e-01
-1.290338635444641113e-01 -2.826142907142639160e-01
7.158058881759643555e-02 -1.137088537216186523e-01
3.469082117080688477e-01 -3.196390867233276367e-01
-1.448233127593994141e-01 3.330861330032348633e-01
2.015190720558166504e-01 4.082250595092773438e-01
-1.711114048957824707e-01 -1.334310770034790039e-01
4.983534216880798340e-01 2.881832122802734375e-01
-2.341281771659851074e-01 7.771492004394531250e-02
2.524434924125671387e-01 4.170450568199157715e-01
-1.458708643913269043e-01 -2.612759470939636230e-01
4.365051388740539551e-01 1.286706328392028809e-01
-2.555830478668212891e-01 -1.155691742897033691e-01
-3.260890245437622070e-01 3.355690836906433105e-01
2.698284983634948730e-01 -4.789118766784667969e-01
-3.989553451538085938e-01 7.942813634872436523e-02
-1.015869975090026855e-01 3.812456130981445312e-02
-4.492901563644409180e-01 -4.819816946983337402e-01
1.327447295188903809e-01 4.045170545578002930e-01
2.735645771026611328e-01 3.060353398323059082e-01
5.099475383758544922e-03 8.372718095779418945e-02
-3.410314917564392090e-01 -3.930357098579406738e-01
3.087259531021118164e-01 -4.085521101951599121e-01
-7.072722911834716797e-02 2.879368662834167480e-01
-6.740963459014892578e-02 -3.976130485534667969e-01
1.404738426208496094e-02 -4.461253285408020020e-01
-2.223058342933654785e-01 -2.267795801162719727e-02
1.950659155845642090e-01 -3.098986744880676270e-01
4.267073869705200195e-01 1.012510061264038086e-02
1.110520362854003906e-01 2.115895748138427734e-01
-5.926173925399780273e-02 3.402360081672668457e-01
4.240565299987792969e-01 -9.106415510177612305e-02
1.782730817794799805e-01 4.753583073616027832e-01
4.101983904838562012e-01 -1.619264483451843262e-01
-3.096520900726318359e-01 1.515414714813232422e-01
1.117203235626220703e-01 -3.726800680160522461e-01
-4.293311834335327148e-01 7.168251276016235352e-02
2.383106946945190430e-01 3.896032571792602539e-01
4.041323661804199219e-01 -1.383829116821289062e-01
4.181696772575378418e-01 3.829710483551025391e-01
-2.990106940269470215e-01 -4.699633121490478516e-01
5.524677038192749023e-02 -4.643845558166503906e-01
1.294327974319458008e-01 4.107173681259155273e-01
-4.430264234542846680e-02 3.561366796493530273e-01
1.396733522415161133e-02 1.392694115638732910e-01
1.860190629959106445e-01 -3.152339458465576172e-01
-3.791072964668273926e-01 2.601599693298339844e-01
-3.173801302909851074e-01 -3.576182723045349121e-01
-3.035460114479064941e-01 4.385645389556884766e-01
4.110502004623413086e-01 4.969286322593688965e-01
4.170593023300170898e-01 3.192323446273803711e-01
-4.855526089668273926e-01 -4.566335678100585938e-01
3.854691982269287109e-02 -4.392102956771850586e-01
2.886561751365661621e-01 2.517793178558349609e-01
6.626993417739868164e-02 2.022950649261474609e-01
4.954100251197814941e-01 -8.042144775390625000e-02
2.706958651542663574e-01 1.653477549552917480e-01
-3.049152493476867676e-01 -5.126953125000000000e-03
2.231277823448181152e-01 2.429330945014953613e-01
-2.009431719779968262e-01 2.589812874794006348e-01
-2.322667837142944336e-02 -3.404676318168640137e-01
-4.119339585304260254e-01 4.526062607765197754e-01
-1.685910224914550781e-01 -7.240033149719238281e-02
3.523391485214233398e-01 2.546497583389282227e-01
-7.102000713348388672e-02 2.519641518592834473e-01
2.248249053955078125e-01 -3.483700752258300781e-01
2.250068187713623047e-01 3.930883407592773438e-01
1.239575743675231934e-01 -4.006616473197937012e-01
1.382899284362792969e-02 -2.012255787849426270e-01
-2.590449452400207520e-01 -3.092188835144042969e-01
-2.555214762687683105e-01 -8.691424131393432617e-02
-1.835054755210876465e-01 3.139245510101318359e-01
-2.331429123878479004e-01 -3.708146810531616211e-01
-1.902456879615783691e-01 -4.486963748931884766e-01
4.991781711578369141e-02 1.640185117721557617e-01
-3.023062944412231445e-01 1.145516037940979004e-01
4.128780961036682129e-01 2.953392267227172852e-01
2.548386454582214355e-01 2.723214626312255859e-01
2.033551931381225586e-01 -3.541992306709289551e-01
3.748441934585571289e-01 3.691569566726684570e-01
-9.024333953857421875e-02 -1.689321994781494141e-01
3.704620003700256348e-01 -3.806030154228210449e-01
-2.001368403434753418e-01 1.649319529533386230e-01
-5.812627077102661133e-02 -3.337657451629638672e-01
-2.478904128074645996e-01 5.656987428665161133e-02
-4.984752535820007324e-01 8.908337354660034180e-02
-4.592544436454772949e-01 3.746938705444335938e-01
-1.207513809204101562e-01 2.131535410881042480e-01
-1.821767091751098633e-01 2.187961339950561523e-02
-1.974225640296936035e-01 -4.977743029594421387e-01
4.020577669143676758e-01 9.847325086593627930e-02
-2.676752209663391113e-01 -2.781379222869873047e-01
-3.353637456893920898e-01 -1.079711914062500000e-01
-2.146123647689819336e-01 4.179220199584960938e-01
-3.761318922042846680e-01 -4.349393248558044434e-01
-4.356349706649780273e-01 -4.647377133369445801e-01
-7.389360666275024414e-02 1.079651117324829102e-01
-3.661416172981262207e-01 3.852087259292602539e-01
-4.760470390319824219e-01 -4.983393549919128418e-01
-1.806207299232482910e-01 -4.240786433219909668e-01
3.167335987091064453e-01 -3.709686994552612305e-01
4.185486435890197754e-01 3.431001901626586914e-01
-2.389335632324218750e-02 -5.561685562133789062e-02
-4.949659109115600586e-01 1.685314774513244629e-01
4.010468721389770508e-02 -3.619998097419738770e-01
-1.351546645164489746e-01 3.231285810470581055e-01
1.718216538429260254e-01 3.752003312110900879e-01
-4.180873632431030273e-01 -4.508749842643737793e-01
-2.031493186950683594e-01 -3.722653388977050781e-01
-6.492674350738525391e-03 1.926540136337280273e-01
2.708820700645446777e-01 5.017274618148803711e-02
-4.454634785652160645e-01 3.800988793373107910e-01
1.798504590988159180e-01 1.758446097373962402e-01
-3.438342213630676270e-01 3.943069577217102051e-01
4.170559644699096680e-01 2.708708047866821289e-01
-3.068442940711975098e-01 7.208585739135742188e-03
2.123543024063110352e-01 -3.973610401153564453e-01
1.319348812103271484e-03 -3.252746462821960449e-01
-4.321604967117309570e-02 -3.732942342758178711e-01
4.494091272354125977e-01 3.678780794143676758e-02
-4.172028899192810059e-01 2.594977617263793945e-02
-2.901828289031982422e-02 -2.756643295288085938e-01
-4.357566237449645996e-01 -1.123864054679870605e-01
-3.954285979270935059e-01 -4.053604602813720703e-01
-4.040619134902954102e-01 -2.923610806465148926e-01
8.808946609497070312e-02 -4.113992452621459961e-01
3.255758881568908691e-01 1.185476779937744141e-01
2.836048603057861328e-03 -3.287401795387268066e-01
3.780843019485473633e-01 2.272506952285766602e-01
-1.601797342300415039e-02 -3.818678259849548340e-01
-4.541348218917846680e-01 -2.342803478240966797e-01
-4.333747625350952148e-01 3.165583610534667969e-01
-3.263728618621826172e-01 2.400115728378295898e-01
-3.496560454368591309e-01 -3.602916002273559570e-01
-3.329082131385803223e-01 3.214005827903747559e-01
3.792017102241516113e-01 -1.970512866973876953e-01
-3.893504738807678223e-01 7.953155040740966797e-02
7.084149122238159180e-02 -3.196820616722106934e-01
-2.502199411392211914e-01 2.021744847297668457e-01
3.520782589912414551e-01 -1.140850782394409180e-01
2.305818200111389160e-01 3.681885004043579102e-01
5.531990528106689453e-02 -3.269330263137817383e-01
1.443086266517639160e-01 2.022237777709960938e-01
4.010642170906066895e-01 3.563013672828674316e-01
2.661214470863342285e-01 -2.545636892318725586e-01
-1.795882582664489746e-01 -2.913179397583007812e-01
-2.174897193908691406e-01 3.875272870063781738e-01
2.549470663070678711e-01 3.330634236335754395e-01
-2.294335961341857910e-01 8.963972330093383789e-02
-3.268374204635620117e-01 -2.708537578582763672e-01
-4.174180030822753906e-01 2.595968246459960938e-01
-3.224005103111267090e-01 -2.371316552162170410e-01
-2.021374106407165527e-01 -2.622792124748229980e-01
-4.515569210052490234e-01 9.853446483612060547e-02
-1.973854899406433105e-01 -6.123441457748413086e-02
-4.072348475456237793e-01 2.435670495033264160e-01
-4.466514587402343750e-01 2.802268266677856445e-01
3.230817317962646484e-01 -4.219833612442016602e-01
2.185771465301513672e-01 -1.717947125434875488e-01
-2.832283377647399902e-01 3.989584445953369141e-01
-1.589627861976623535e-01 -3.083919286727905273e-01
-4.625713229179382324e-01 2.035990357398986816e-01
6.298953294754028320e-02 9.925192594528198242e-02
2.773514389991760254e-01 -8.280295133590698242e-02
1.442637443542480469e-01 -2.509644627571105957e-01
-3.594755530357360840e-01 -3.710165619850158691e-01
4.004880189895629883e-01 -2.156032919883728027e-01
4.963322877883911133e-01 -1.588686704635620117e-01
1.303792595863342285e-01 8.246213197708129883e-02
-4.261143803596496582e-01 -4.974936842918395996e-01
3.155990839004516602e-01 -4.154884815216064453e-02
-3.284649252891540527e-01 -2.072513699531555176e-01
4.323682188987731934e-01 4.058653116226196289e-01
-1.363413333892822266e-01 -1.558854579925537109e-01
4.705885648727416992e-01 6.888866424560546875e-02
4.960784912109375000e-01 4.731120467185974121e-01
8.184754848480224609e-02 -1.680192351341247559e-01
1.294999122619628906e-01 2.757963538169860840e-01
3.242837190628051758e-01 4.788126945495605469e-01
-7.913905382156372070e-02 1.016707420349121094e-01
-2.539011836051940918e-01 9.918510913848876953e-02
-2.644348144531250000e-01 3.773995041847229004e-01
-1.044446825981140137e-01 4.117631316184997559e-01
-1.490193605422973633e-02 -4.126836061477661133e-01
-2.438491582870483398e-01 -2.725322842597961426e-01
-3.080047965049743652e-01 -4.937716722488403320e-01
-4.191040992736816406e-03 4.363338351249694824e-01
-5.696451663970947266e-02 2.015104293823242188e-01
1.584690213203430176e-01 5.462586879730224609e-03
1.780724525451660156e-02 -1.181271076202392578e-01
3.475394248962402344e-01 3.630964159965515137e-01
-1.163518428802490234e-01 -2.680254578590393066e-01
-2.738276720046997070e-01 2.755764126777648926e-01
-4.275202751159667969e-02 -3.927386403083801270e-01
1.616684198379516602e-01 4.211405515670776367e-01
-1.975324749946594238e-01 -1.945603489875793457e-01
-4.891263842582702637e-01 -8.020681142807006836e-02
-3.820272684097290039e-01 -2.291385531425476074e-01
-1.318610310554504395e-01 -4.512292146682739258e-02
3.493919372558593750e-01 -1.392922997474670410e-01
-3.067666888236999512e-01 -1.231139302253723145e-01
1.470508575439453125e-01 3.768929243087768555e-01
-2.892776727676391602e-01 -4.310485720634460449e-01
-2.804841995239257812e-01 3.112819194793701172e-01
4.496246576309204102e-01 -4.933211803436279297e-01
-1.783608794212341309e-01 -4.611623883247375488e-01
2.126322388648986816e-01 1.167744994163513184e-01
-3.995291590690612793e-01 -3.471288084983825684e-01
1.145493984222412109e-02 4.120696187019348145e-01
-1.661303639411926270e-01 -1.414008140563964844e-01
-2.104359865188598633e-02 3.483921289443969727e-01
-1.394456624984741211e-01 3.030405044555664062e-01
4.511608481407165527e-01 -6.215751171112060547e-02
-1.265567541122436523e-02 -2.946786284446716309e-01
1.472914218902587891e-01 -2.258002758026123047e-03
-3.473822474479675293e-01 4.596118927001953125e-01
-3.762456774711608887e-01 2.655944824218750000e-01
-6.816768646240234375e-02 -2.541826963424682617e-01
-3.729152679443359375e-02 2.029011845588684082e-01
9.659916162490844727e-02 -1.334947943687438965e-01
-3.520057797431945801e-01 -1.515923738479614258e-01
-2.872018218040466309e-01 3.485862016677856445e-01
1.763790845870971680e-02 -2.396196126937866211e-01
4.564095735549926758e-01 -7.870382070541381836e-02
3.321433067321777344e-02 6.188589334487915039e-02
-3.867373466491699219e-01 -3.949686884880065918e-01
-2.235791683197021484e-01 -4.399126172065734863e-01
1.725686788558959961e-01 -3.958708643913269043e-01
-2.357084155082702637e-01 3.799903392791748047e-02
-1.948007941246032715e-01 -3.200311660766601562e-01
-2.946821451187133789e-01 2.248861789703369141e-01
-4.406327605247497559e-01 -3.807222843170166016e-02
1.983861327171325684e-01 -1.444295048713684082e-01
4.404515027999877930e-01 -4.406134486198425293e-01
-3.625649809837341309e-01 -2.270474433898925781e-01
-2.299531102180480957e-01 2.203880548477172852e-01
-3.396101593971252441e-01 -1.227271556854248047e-01
4.512654542922973633e-01 -3.937306404113769531e-01
-2.514610290527343750e-01 -1.942469477653503418e-01
-1.389400362968444824e-01 -2.900753617286682129e-01
-1.100705862045288086e-01 2.649334669113159180e-01
-4.007399082183837891e-03 -4.179456233978271484e-01
6.532436609268188477e-02 1.620813608169555664e-01
-3.567906022071838379e-01 -2.576502561569213867e-01
1.831547021865844727e-01 -1.061224341392517090e-01
-1.404291391372680664e-01 -1.862307786941528320e-01
-2.874869108200073242e-02 -1.845814585685729980e-01
2.795329093933105469e-01 3.166659474372863770e-01
8.095461130142211914e-02 3.824675679206848145e-01
3.381358385086059570e-01 7.656031847000122070e-02
-2.365648746490478516e-02 2.832527160644531250e-01
-4.025375247001647949e-01 -5.895829200744628906e-02
-1.553055047988891602e-01 -1.773275136947631836e-01
-3.433710336685180664e-02 -1.708053350448608398e-01
-3.596159815788269043e-01 -1.213759183883666992e-01
4.507378339767456055e-01 3.295962810516357422e-01
-5.996435880661010742e-02 3.882744312286376953e-01
6.651306152343750000e-02 4.699370861053466797e-01
-2.147591114044189453e-02 -1.823447346687316895e-01
8.418363332748413086e-02 1.596306562423706055e-01
2.299963235855102539e-01 -2.228158712387084961e-01
-3.203705549240112305e-01 -2.887974977493286133e-01
-4.728269577026367188e-01 1.870194673538208008e-01
-7.664638757705688477e-02 -2.247307896614074707e-01
-1.518777608871459961e-01 -7.329463958740234375e-03
-3.855466842651367188e-03 1.638208031654357910e-01
8.043593168258666992e-02 -4.867687225341796875e-01
2.964364290237426758e-01 -9.208858013153076172e-03
-2.027839422225952148e-01 3.061772584915161133e-01
3.495228290557861328e-01 6.006401777267456055e-02
-2.686989307403564453e-02 2.192255258560180664e-01
-3.633677959442138672e-01 -4.113783836364746094e-01
-3.410032987594604492e-01 -2.934561967849731445e-01
-2.470228075981140137e-01 4.780892729759216309e-01
6.461858749389648438e-03 4.797983765602111816e-01
-4.819911122322082520e-01 -2.296799421310424805e-01
-1.440669894218444824e-01 -1.793465614318847656e-01
3.541587591171264648e-01 2.158347964286804199e-01
4.562886953353881836e-01 -3.258682489395141602e-01
2.671108841896057129e-01 4.623906016349792480e-01
-2.022102475166320801e-01 4.455729722976684570e-01
-3.261364698410034180e-01 -2.455341815948486328e-01
2.952955365180969238e-01 -7.480370998382568359e-02
-4.647924900054931641e-01 2.768452763557434082e-01
2.793442606925964355e-01 -4.837531447410583496e-01
-2.398961782455444336e-02 -4.886255860328674316e-01
-9.077137708663940430e-02 4.017632603645324707e-01
2.919868826866149902e-01 2.651178240776062012e-01
3.149715662002563477e-01 -3.629381656646728516e-01
4.561209678649902344e-01 -4.624021649360656738e-01
-2.314438819885253906e-01 -1.874836087226867676e-01
-3.028922677040100098e-01 -4.643764495849609375e-01
3.662162423133850098e-01 1.630424857139587402e-01
-3.210943341255187988e-01 -1.157419085502624512e-01
-3.109872341156005859e-02 -2.377860546112060547e-01
-2.703126072883605957e-01 -1.614158153533935547e-01
-2.911068201065063477e-01 8.307659626007080078e-02
-4.912343025207519531e-01 -2.839244008064270020e-01
4.221916198730468750e-03 5.886048078536987305e-02
-4.287561774253845215e-01 -3.280509114265441895e-01
-9.111714363098144531e-02 4.365590810775756836e-01
-1.243162155151367188e-01 -2.804244160652160645e-01
2.662068605422973633e-01 1.713454723358154297e-03
1.247447729110717773e-01 1.546211242675781250e-01
-3.149541616439819336e-01 3.796651363372802734e-01
2.917593717575073242e-01 1.674312353134155273e-02
2.945827841758728027e-01 -2.452093958854675293e-01
1.243634819984436035e-01 -4.657872915267944336e-01
-4.564017057418823242e-01 3.195436000823974609e-01
1.542371511459350586e-02 -2.962833046913146973e-01
4.454756379127502441e-01 -2.451031208038330078e-01
3.542904853820800781e-01 -1.600897908210754395e-01
3.636466860771179199e-01 3.920510411262512207e-01
-1.349627971649169922e-01 -3.924138545989990234e-01
3.146472573280334473e-01 2.104679346084594727e-01
-1.424002647399902344e-02 2.224783301353454590e-01
2.861955165863037109e-01 5.780619382858276367e-02
-1.750851273536682129e-01 3.248013257980346680e-01
3.324341177940368652e-01 2.382750511169433594e-01
2.157943248748779297e-01 -4.812979698181152344e-02
4.134538769721984863e-01 -5.376690626144409180e-02
1.111179590225219727e-02 -2.576085329055786133e-01
3.439270853996276855e-01 -4.331368207931518555e-02
9.646242856979370117e-02 1.521326899528503418e-01
-4.380757808685302734e-01 3.965981006622314453e-01
3.110518455505371094e-01 1.366770267486572266e-02
4.231680631637573242e-01 4.956851005554199219e-01
3.206168413162231445e-01 3.264441490173339844e-01
1.820025444030761719e-01 3.711209297180175781e-01
-1.167166829109191895e-01 -2.330510616302490234e-01
1.705358028411865234e-01 1.703572273254394531e-02
4.230549335479736328e-01 -4.227644205093383789e-01
3.004345893859863281e-01 -2.662948966026306152e-01
-2.946985960006713867e-01 7.640683650970458984e-02
2.527233362197875977e-01 3.724388480186462402e-01
1.069685220718383789e-01 -1.321656107902526855e-01
2.027037739753723145e-01 -3.571454286575317383e-01
3.120813965797424316e-01 1.263213753700256348e-01
2.333436012268066406e-01 -4.530897736549377441e-01
-2.133479714393615723e-01 -2.483465075492858887e-01
2.845844030380249023e-01 -1.593548059463500977e-02
-1.039803624153137207e-01 -5.194920301437377930e-02
-4.666517972946166992e-01 2.763763070106506348e-01
-9.866023063659667969e-02 -2.003175020217895508e-01
8.407878875732421875e-02 -4.332606792449951172e-01
2.875639200210571289e-01 -2.256917953491210938e-02
-1.315909624099731445e-02 1.851493120193481445e-01
-4.195758104324340820e-01 3.752650022506713867e-01
1.920891404151916504e-01 -1.701574921607971191e-01
-3.211947679519653320e-01 -4.788759350776672363e-01
-1.316931247711181641e-01 -1.308000683784484863e-01
2.442571520805358887e-01 4.116889834403991699e-01
3.670135140419006348e-01 -6.963539123535156250e-02
2.752220034599304199e-01 -4.421188831329345703e-01
4.221257567405700684e-01 -3.151410222053527832e-01
3.260351419448852539e-01 -2.302332520484924316e-01
-3.510931730270385742e-01 -3.694754242897033691e-01
-3.382532000541687012e-01 -3.184888362884521484e-01
3.762508034706115723e-01 -1.530885696411132812e-01
3.643170595169067383e-01 -4.614444375038146973e-01
-4.317353367805480957e-01 -4.138956665992736816e-01
2.159690260887145996e-01 8.943009376525878906e-02
3.683266639709472656e-01 1.942370533943176270e-01
1.137855648994445801e-01 -2.670571208000183105e-01
-2.626808881759643555e-01 -1.959258317947387695e-02
3.018687963485717773e-01 3.446446061134338379e-01
-3.497750163078308105e-01 -1.876704096794128418e-01
9.803164005279541016e-02 -1.772256493568420410e-01
-3.249740600585937500e-02 -2.791185379028320312e-01
-3.062828183174133301e-01 4.937464594841003418e-01
-5.723321437835693359e-02 4.940147399902343750e-01
4.276490807533264160e-01 -3.023483753204345703e-01
3.441473245620727539e-01 -3.160937428474426270e-01
-1.132411956787109375e-01 -6.910425424575805664e-02
2.686588764190673828e-01 -3.824327588081359863e-01
-3.397375345230102539e-02 2.241337299346923828e-01
-1.178148984909057617e-01 -3.464708328247070312e-01
-1.275576949119567871e-01 -3.682881593704223633e-02
2.285650372505187988e-01 1.043536067008972168e-01
1.177577376365661621e-01 -1.196946501731872559e-01
4.463405609130859375e-01 6.114387512207031250e-02
-3.072308897972106934e-01 -4.923222064971923828e-01
3.385746479034423828e-01 9.869515895843505859e-03
3.974843025207519531e-02 1.722363233566284180e-01
-1.549184322357177734e-02 4.710717797279357910e-01
-2.243887186050415039e-01 -1.969923377037048340e-01
-1.986854672431945801e-01 3.585437536239624023e-01
1.939185261726379395e-01 2.937934398651123047e-01
-1.102080345153808594e-01 -8.592939376831054688e-02
2.708752155303955078e-01 2.152805328369140625e-01
2.397413253784179688e-01 3.127331733703613281e-01
-1.206852793693542480e-01 3.543525934219360352e-01
-3.445827364921569824e-01 -4.452994465827941895e-01
4.856517314910888672e-01 3.301176428794860840e-01
1.390617489814758301e-01 -3.710733652114868164e-01
-4.072001576423645020e-01 -2.459557056427001953e-01
-1.271485090255737305e-01 4.502480626106262207e-01
3.063595294952392578e-02 6.240445375442504883e-02
6.877541542053222656e-02 2.225933074951171875e-01
1.258249282836914062e-01 4.096729755401611328e-01
3.081998229026794434e-01 -3.941602706909179688e-01
-1.313982605934143066e-01 3.576920628547668457e-01
9.058475494384765625e-03 2.598850131034851074e-01
-2.829708456993103027e-01 -2.928062081336975098e-01
6.608307361602783203e-02 -4.951445460319519043e-01
-1.990240216255187988e-01 5.334830284118652344e-02
4.019646644592285156e-01 -1.013793349266052246e-01
-1.307547092437744141e-02 -2.467985749244689941e-01
-3.220553398132324219e-01 4.886672496795654297e-01
-3.435544371604919434e-01 -3.787282109260559082e-01
-1.577638387680053711e-01 6.836634874343872070e-02
-4.652360677719116211e-01 3.589634299278259277e-01
-2.752041816711425781e-02 -6.978696584701538086e-02
-6.397622823715209961e-02 -3.343045115470886230e-01
-3.898707628250122070e-01 1.299909353256225586e-01
-4.666412472724914551e-01 -3.741872906684875488e-01
-4.747922420501708984e-01 1.472395658493041992e-01
5.574393272399902344e-02 4.767835736274719238e-01
-6.825476884841918945e-02 -2.390915751457214355e-01
-2.559158205986022949e-01 3.822986483573913574e-01
1.436048746109008789e-01 4.916760921478271484e-01
-5.974614620208740234e-02 1.349033713340759277e-01
2.975004911422729492e-02 4.192421436309814453e-01
-6.518644094467163086e-02 3.858187198638916016e-01
3.994913101196289062e-01 3.847774863243103027e-01
-4.300296306610107422e-03 3.489848971366882324e-01
4.935151338577270508e-02 -4.004970788955688477e-01
2.949750423431396484e-01 -4.872590303421020508e-02
-4.535580277442932129e-01 3.782665729522705078e-01
3.527417182922363281e-01 9.009909629821777344e-02
3.751809000968933105e-01 4.817857742309570312e-01
-3.988372087478637695e-01 3.181388378143310547e-01
3.648402094841003418e-01 3.778572082519531250e-01
-4.294061064720153809e-01 -3.343920707702636719e-01
-2.571702003479003906e-02 1.367622613906860352e-02
-6.695091724395751953e-02 2.949431538581848145e-01
-2.483612298965454102e-02 -4.050506353378295898e-01
-6.102651357650756836e-02 4.401494860649108887e-01
8.580875396728515625e-02 -4.719861745834350586e-01
4.954433441162109375e-02 -2.276839017868041992e-01
2.802199721336364746e-01 -2.827918529510498047e-02
4.663837552070617676e-01 1.910076737403869629e-01
-1.993763446807861328e-01 2.422965764999389648e-01
-2.332592010498046875e-02 3.971087932586669922e-01
4.112325906753540039e-01 -3.796540498733520508e-01
-1.718330979347229004e-01 -3.457121253013610840e-01
-2.668454647064208984e-01 4.872360229492187500e-01
2.026472687721252441e-01 -2.160069942474365234e-01
-1.349093914031982422e-01 -3.339253664016723633e-01
-1.236783266067504883e-01 -2.548693418502807617e-01
-4.547494649887084961e-01 4.245036244392395020e-01
2.877362370491027832e-01 -4.844034910202026367e-01
2.008798718452453613e-01 1.164407134056091309e-01
4.818497300148010254e-01 6.341660022735595703e-02
3.302675485610961914e-01 4.476879239082336426e-01
4.552349448204040527e-01 -1.683176159858703613e-01
-3.383213877677917480e-01 -1.823842525482177734e-02
-3.255209326744079590e-01 4.389692544937133789e-01
3.435015678405761719e-02 -1.360121965408325195e-01
-2.917945981025695801e-01 3.225039839744567871e-01
-5.606162548065185547e-02 1.888182163238525391e-01
4.339879751205444336e-02 -1.275227069854736328e-01
-3.078889846801757812e-02 -1.250443458557128906e-01
-9.953463077545166016e-02 4.709399938583374023e-01
-2.790105342864990234e-02 -2.350682020187377930e-02
-8.368235826492309570e-02 3.024086952209472656e-01
-2.446893453598022461e-01 -3.469603657722473145e-01
4.204961657524108887e-01 -1.649395823478698730e-01
-4.358863234519958496e-01 3.137701749801635742e-02
3.670821189880371094e-01 -3.278922438621520996e-01
-3.796060681343078613e-01 -4.286164045333862305e-02
2.032040357589721680e-01 -8.798319101333618164e-02
-4.491373896598815918e-01 -3.460983037948608398e-01
2.517331838607788086e-01 7.053208351135253906e-02
-4.609923958778381348e-01 -1.729605793952941895e-01
-4.691802263259887695e-01 -3.920591473579406738e-01
-2.742336988449096680e-01 2.971336841583251953e-01
-6.290316581726074219e-03 1.659399867057800293e-01
-2.019231915473937988e-01 5.280011892318725586e-02
2.677688002586364746e-01 2.782171964645385742e-02
3.965483307838439941e-01 3.575673699378967285e-01
-3.247944116592407227e-01 -3.741452097892761230e-01
2.001527547836303711e-01 2.911700606346130371e-01
3.581685423851013184e-01 4.398227334022521973e-01
-2.167952656745910645e-01 2.263963818550109863e-01
-2.437195181846618652e-01 -2.272467613220214844e-01
-2.896201610565185547e-02 1.903494000434875488e-01
3.296639323234558105e-01 7.808846235275268555e-02
-5.668401718139648438e-03 -4.069910645484924316e-01
2.352446317672729492e-02 -3.880607485771179199e-01
-2.445486187934875488e-01 4.898151755332946777e-01
-4.446601271629333496e-01 -7.091647386550903320e-02
-4.482877850532531738e-01 -1.096881031990051270e-01
-2.154332995414733887e-01 3.587507009506225586e-01
4.815575480461120605e-01 -3.711987137794494629e-01
-1.757740974426269531e-03 -3.975692391395568848e-01
-4.544968605041503906e-01 -1.174182295799255371e-01
7.230162620544433594e-02 9.381937980651855469e-02
4.694362878799438477e-01 2.718678712844848633e-01
2.326471209526062012e-01 4.205253124237060547e-01
1.537851691246032715e-01 2.925273180007934570e-01
-4.186745285987854004e-01 3.824007511138916016e-02
4.775759577751159668e-01 -2.043614983558654785e-01
-7.909834384918212891e-03 3.180272579193115234e-01
-2.143532037734985352e-01 -1.561976671218872070e-01
1.545813679695129395e-01 -4.553153514862060547e-01
-3.049511313438415527e-01 -1.877645254135131836e-01
-8.170312643051147461e-02 -2.037606835365295410e-01
-1.919692754745483398e-01 1.922668218612670898e-01
4.838932156562805176e-01 -1.484680175781250000e-01
2.504324316978454590e-01 2.085584998130798340e-01
3.953689336776733398e-02 -4.582570791244506836e-01
1.957612633705139160e-01 4.735364913940429688e-01
-1.635119318962097168e-01 2.954506874084472656e-01
-2.792778611183166504e-01 -2.410856485366821289e-01
3.301753997802734375e-01 -2.864605784416198730e-01
-4.568703770637512207e-01 3.699898719787597656e-01
8.949941396713256836e-02 -2.410981059074401855e-01
2.450741529464721680e-01 8.365982770919799805e-02
2.991175651550292969e-01 -3.048322796821594238e-01
-4.174484610557556152e-01 2.013384699821472168e-01
4.852535128593444824e-01 3.013134002685546875e-01
-3.653135299682617188e-01 1.020576953887939453e-01
-1.148757338523864746e-01 -2.002578377723693848e-01
-4.456925988197326660e-01 1.460357904434204102e-01
4.483520984649658203e-01 4.348130822181701660e-01
5.544751882553100586e-02 -4.169229269027709961e-01
-4.714847803115844727e-01 -3.762433528900146484e-01
2.554613351821899414e-01 -1.924356222152709961e-01
-4.291574954986572266e-01 3.252912759780883789e-01
4.270819425582885742e-01 3.608815073966979980e-01
-3.135998845100402832e-01 -8.693641424179077148e-02
-1.222137808799743652e-01 6.500035524368286133e-02
3.912338018417358398e-01 1.965426206588745117e-01
4.123560786247253418e-01 -7.707595825195312500e-03
-8.765542507171630859e-02 2.975955009460449219e-01
-2.790830731391906738e-01 3.686770200729370117e-01
4.813066720962524414e-01 7.049357891082763672e-02
-5.626320838928222656e-02 3.913961052894592285e-01
-3.384739756584167480e-01 3.064501881599426270e-01
3.511925339698791504e-01 1.790422201156616211e-02
-6.325334310531616211e-02 3.772794604301452637e-01
-2.856380343437194824e-01 -4.757940769195556641e-02
2.753912210464477539e-01 -2.416153550148010254e-01
-4.286651611328125000e-01 1.642616987228393555e-01
-9.100115299224853516e-02 2.160444855690002441e-01
-4.199557900428771973e-01 9.877830743789672852e-02
1.415323019027709961e-01 -3.225522637367248535e-01
-4.307190775871276855e-01 -6.981140375137329102e-02
-5.908387899398803711e-02 -3.379144668579101562e-01
-3.522716164588928223e-01 -6.153601408004760742e-02
-1.367939114570617676e-01 -3.991892933845520020e-01
1.788446903228759766e-01 -1.008169054985046387e-01
-3.618364334106445312e-01 3.067666292190551758e-02
