6.355049014091491699e-01 6.939545869827270508e-01
8.234130740165710449e-01 6.671769618988037109e-01
7.658119797706604004e-01 7.070072889328002930e-01
6.809968352317810059e-01 4.958796501159667969e-01
6.489821672439575195e-01 6.612970232963562012e-01
7.437913417816162109e-01 6.765662431716918945e-01
5.427909493446350098e-01 5.240754485130310059e-01
5.972196459770202637e-01 4.429374039173126221e-01
5.833784937858581543e-01 7.514757513999938965e-01
7.189923524856567383e-01 6.889057159423828125e-01
4.512755870819091797e-01 6.845815181732177734e-01
7.502807378768920898e-01 5.339832901954650879e-01
6.480946540832519531e-01 7.948803305625915527e-01
6.931893229484558105e-01 5.774766206741333008e-01
5.076065063476562500e-01 6.490055918693542480e-01
7.664636373519897461e-01 6.119928956031799316e-01
7.573261260986328125e-01 4.841345548629760742e-01
7.459020614624023438e-01 6.273004412651062012e-01
5.878561139106750488e-01 5.533889532089233398e-01
4.940650165081024170e-01 6.947726607322692871e-01
6.381866335868835449e-01 6.570252180099487305e-01
7.106865644454956055e-01 4.738954007625579834e-01
7.053736448287963867e-01 7.580642700195312500e-01
6.296156644821166992e-01 5.736553668975830078e-01
7.794491648674011230e-01 5.379356145858764648e-01
4.864905178546905518e-01 6.664823889732360840e-01
6.695106029510498047e-01 6.369154453277587891e-01
7.921111583709716797e-01 6.950082778930664062e-01
6.982565522193908691e-01 8.125230669975280762e-01
6.838760972023010254e-01 4.163648188114166260e-01
7.456615567207336426e-01 7.371066212654113770e-01
7.187750935554504395e-01 6.499745845794677734e-01
5.002971887588500977e-01 4.368477165699005127e-01
5.104224681854248047e-01 5.695310831069946289e-01
6.818473339080810547e-01 4.770680665969848633e-01
7.640393972396850586e-01 5.841322541236877441e-01
5.836649537086486816e-01 5.929592847824096680e-01
5.671482682228088379e-01 6.691375374794006348e-01
4.339998066425323486e-01 7.341945171356201172e-01
6.178260445594787598e-01 4.604563713073730469e-01
6.599037647247314453e-01 6.422567367553710938e-01
4.934653043746948242e-01 4.348957538604736328e-01
4.876249134540557861e-01 4.630334079265594482e-01
7.346947789192199707e-01 7.310454845428466797e-01
7.325772643089294434e-01 5.050712823867797852e-01
7.777228355407714844e-01 6.307827234268188477e-01
4.891859591007232666e-01 5.509628653526306152e-01
7.891560196876525879e-01 7.280009984970092773e-01
6.764606833457946777e-01 7.397459745407104492e-01
8.164108395576477051e-01 6.046156883239746094e-01
7.967836856842041016e-01 7.250068187713623047e-01
7.048769593238830566e-01 5.890849828720092773e-01
6.885635852813720703e-01 4.671291410923004150e-01
6.622969508171081543e-01 7.449790239334106445e-01
6.186218261718750000e-01 7.364146709442138672e-01
6.616420745849609375e-01 7.380095720291137695e-01
6.504077911376953125e-01 7.908992767333984375e-01
6.591972112655639648e-01 6.222856640815734863e-01
7.727416753768920898e-01 6.425855159759521484e-01
6.062501668930053711e-01 5.935323238372802734e-01
6.636062860488891602e-01 4.960760176181793213e-01
7.551354765892028809e-01 6.556690931320190430e-01
5.855385661125183105e-01 4.999480247497558594e-01
7.317397594451904297e-01 7.152074575424194336e-01
6.685242056846618652e-01 7.289232611656188965e-01
6.057062745094299316e-01 4.292796254158020020e-01
5.007460713386535645e-01 5.887505412101745605e-01
7.999817728996276855e-01 6.194218993186950684e-01
6.736332178115844727e-01 4.826149046421051025e-01
5.143165588378906250e-01 6.271234154701232910e-01
5.802146196365356445e-01 4.482631981372833252e-01
7.407345175743103027e-01 6.483743786811828613e-01
4.850625395774841309e-01 5.674232244491577148e-01
7.497329711914062500e-01 4.603779911994934082e-01
7.238995432853698730e-01 6.709838509559631348e-01
6.079285740852355957e-01 5.162633061408996582e-01
5.401074886322021484e-01 6.173844337463378906e-01
7.792257070541381836e-01 5.824103951454162598e-01
4.300631284713745117e-01 7.669675350189208984e-01
6.075555086135864258e-01 8.163353204727172852e-01
7.633655667304992676e-01 6.806775331497192383e-01
6.240919232368469238e-01 7.593150138854980469e-01
7.948846220970153809e-01 6.079966425895690918e-01
7.647628784179687500e-01 6.969586014747619629e-01
7.902982234954833984e-01 5.167649984359741211e-01
5.396820306777954102e-01 4.949977099895477295e-01
5.726460814476013184e-01 6.492682099342346191e-01
4.573781192302703857e-01 6.365721225738525391e-01
6.188558340072631836e-01 4.823133945465087891e-01
5.448421239852905273e-01 6.012830734252929688e-01
6.653106808662414551e-01 5.981928110122680664e-01
5.584144592285156250e-01 6.007972955703735352e-01
6.027383208274841309e-01 7.716472148895263672e-01
6.341448426246643066e-01 7.713426947593688965e-01
7.082721590995788574e-01 4.555499553680419922e-01
6.384397149085998535e-01 7.704915404319763184e-01
7.343007922172546387e-01 7.437297105789184570e-01
5.279071927070617676e-01 5.195516943931579590e-01
4.962598383426666260e-01 4.637877643108367920e-01
7.624939680099487305e-01 6.876196861267089844e-01
4.726411402225494385e-01 4.909887015819549561e-01
6.774793863296508789e-01 4.935019612312316895e-01
5.276237726211547852e-01 5.108899474143981934e-01
7.327573299407958984e-01 5.172823071479797363e-01
7.940121293067932129e-01 7.141981124877929688e-01
5.498169660568237305e-01 5.582458972930908203e-01
8.137072324752807617e-01 6.058614850044250488e-01
7.768476009368896484e-01 5.220794081687927246e-01
6.491457223892211914e-01 4.766495227813720703e-01
5.926129817962646484e-01 7.474874258041381836e-01
7.533581852912902832e-01 6.089202165603637695e-01
5.058335661888122559e-01 6.630340218544006348e-01
5.681701302528381348e-01 7.129845023155212402e-01
4.758284389972686768e-01 6.813368797302246094e-01
5.022439956665039062e-01 3.603764176368713379e-01
6.662510037422180176e-01 4.904837608337402344e-01
5.995815992355346680e-01 4.424938261508941650e-01
4.757318496704101562e-01 4.970722794532775879e-01
6.991732120513916016e-01 7.334394454956054688e-01
7.423163652420043945e-01 7.702218294143676758e-01
6.163349151611328125e-01 5.954120159149169922e-01
7.302455902099609375e-01 5.205425620079040527e-01
6.069042086601257324e-01 4.259198904037475586e-01
6.686294674873352051e-01 6.967927813529968262e-01
7.739427089691162109e-01 6.543172597885131836e-01
7.002431154251098633e-01 5.774035453796386719e-01
5.626283288002014160e-01 8.066809177398681641e-01
7.534171938896179199e-01 7.020461559295654297e-01
5.135533213615417480e-01 5.190443396568298340e-01
5.734277367591857910e-01 7.884136438369750977e-01
6.395792365074157715e-01 6.437245011329650879e-01
6.403384804725646973e-01 4.373951852321624756e-01
7.274150848388671875e-01 6.649619340896606445e-01
5.729896426200866699e-01 7.245364189147949219e-01
5.146562457084655762e-01 5.894323587417602539e-01
5.532423257827758789e-01 7.701599001884460449e-01
6.456065177917480469e-01 5.056058764457702637e-01
7.122891545295715332e-01 6.380777359008789062e-01
7.256657481193542480e-01 7.039678096771240234e-01
7.294186353683471680e-01 5.672739744186401367e-01
5.547192096710205078e-01 7.985914349555969238e-01
5.963215827941894531e-01 4.762366116046905518e-01
6.282817125320434570e-01 4.282916784286499023e-01
4.918463230133056641e-01 5.756554603576660156e-01
5.367323160171508789e-01 7.678350210189819336e-01
7.453011870384216309e-01 6.907221674919128418e-01
5.195784568786621094e-01 6.667845249176025391e-01
5.461112856864929199e-01 3.825897276401519775e-01
7.155564427375793457e-01 5.788340568542480469e-01
4.298844933509826660e-01 4.257844090461730957e-01
6.979195475578308105e-01 4.980744123458862305e-01
4.194732010364532471e-01 5.989477038383483887e-01
5.218468904495239258e-01 7.638495564460754395e-01
6.252626180648803711e-01 4.419531524181365967e-01
4.903612136840820312e-01 7.453053593635559082e-01
6.993968486785888672e-01 4.409851133823394775e-01
6.079012155532836914e-01 5.452801585197448730e-01
7.758146524429321289e-01 6.576637625694274902e-01
4.761243462562561035e-01 6.771157383918762207e-01
6.950937509536743164e-01 4.217057526111602783e-01
6.844771504402160645e-01 7.337740063667297363e-01
7.980091571807861328e-01 4.734706282615661621e-01
5.700600743293762207e-01 5.531478524208068848e-01
5.247523188591003418e-01 4.992747604846954346e-01
4.587719440460205078e-01 6.920332908630371094e-01
8.324159383773803711e-01 4.312148392200469971e-01
8.210650086402893066e-01 4.990647733211517334e-01
4.950337707996368408e-01 7.741789817810058594e-01
7.807717919349670410e-01 6.853275895118713379e-01
6.148495674133300781e-01 8.168516755104064941e-01
6.563647389411926270e-01 6.533891558647155762e-01
7.541500926017761230e-01 5.963404774665832520e-01
5.772323608398437500e-01 6.288143396377563477e-01
5.377184152603149414e-01 8.003341555595397949e-01
5.644756555557250977e-01 7.927398085594177246e-01
5.410637259483337402e-01 5.856878757476806641e-01
7.450919151306152344e-01 6.694035530090332031e-01
6.034945249557495117e-01 4.362305104732513428e-01
6.322842240333557129e-01 5.277194380760192871e-01
6.807489395141601562e-01 7.764528989791870117e-01
5.123649835586547852e-01 7.806273698806762695e-01
6.944128870964050293e-01 8.023786544799804688e-01
7.531247735023498535e-01 5.707034468650817871e-01
6.323574781417846680e-01 4.956874251365661621e-01
6.044880151748657227e-01 8.087339401245117188e-01
5.746412873268127441e-01 5.666185617446899414e-01
6.164028048515319824e-01 7.149085402488708496e-01
5.683277845382690430e-01 5.057940483093261719e-01
7.670168280601501465e-01 6.947938799858093262e-01
4.700301885604858398e-01 7.386416792869567871e-01
4.371348023414611816e-01 7.420614957809448242e-01
7.330128550529479980e-01 7.642587423324584961e-01
7.892071008682250977e-01 5.992543697357177734e-01
7.615047693252563477e-01 6.436288356781005859e-01
5.466784834861755371e-01 4.807007610797882080e-01
7.240608930587768555e-01 7.823643684387207031e-01
7.669427990913391113e-01 6.176887154579162598e-01
6.126726269721984863e-01 7.611646652221679688e-01
7.806825637817382812e-01 5.504807233810424805e-01
7.071028947830200195e-01 4.600868523120880127e-01
5.600149631500244141e-01 7.763512134552001953e-01
5.233525037765502930e-01 7.349308729171752930e-01
4.277752041816711426e-01 7.378870248794555664e-01
6.844600439071655273e-01 5.724397301673889160e-01
5.309144854545593262e-01 5.225365161895751953e-01
7.262482643127441406e-01 7.475613951683044434e-01
4.404315054416656494e-01 6.874067187309265137e-01
7.600561976432800293e-01 6.906281709671020508e-01
6.730120778083801270e-01 4.206635653972625732e-01
6.818078756332397461e-01 4.471957683563232422e-01
6.182576417922973633e-01 7.471383213996887207e-01
6.480581164360046387e-01 7.233284711837768555e-01
4.605937600135803223e-01 5.757510662078857422e-01
5.308415889739990234e-01 4.120329916477203369e-01
5.370346307754516602e-01 6.422434449195861816e-01
6.887295842170715332e-01 7.301969528198242188e-01
6.969989538192749023e-01 6.476316452026367188e-01
4.726487696170806885e-01 5.711754560470581055e-01
8.110045194625854492e-01 5.396590828895568848e-01
4.569655954837799072e-01 5.833944678306579590e-01
4.702412784099578857e-01 6.263980269432067871e-01
7.025699615478515625e-01 4.224492907524108887e-01
7.088365554809570312e-01 5.512099862098693848e-01
6.274221539497375488e-01 6.651465892791748047e-01
8.089440464973449707e-01 6.785315275192260742e-01
7.681714296340942383e-01 6.663761138916015625e-01
7.666681408882141113e-01 6.798986196517944336e-01
4.817804396152496338e-01 4.777046442031860352e-01
4.838867783546447754e-01 6.089081168174743652e-01
5.824018716812133789e-01 4.935842752456665039e-01
7.518004179000854492e-01 4.334230124950408936e-01
7.011179327964782715e-01 7.951172590255737305e-01
8.005913496017456055e-01 6.938547492027282715e-01
5.942048430442810059e-01 3.498784303665161133e-01
5.579493641853332520e-01 5.015279054641723633e-01
5.824818611145019531e-01 5.039469599723815918e-01
7.056015133857727051e-01 6.332460641860961914e-01
5.553730130195617676e-01 4.473895728588104248e-01
4.747406542301177979e-01 6.324880719184875488e-01
4.930798411369323730e-01 5.367683768272399902e-01
7.859147191047668457e-01 5.360797643661499023e-01
5.506939291954040527e-01 3.595570325851440430e-01
5.410863757133483887e-01 6.342282295227050781e-01
6.008206605911254883e-01 5.922511219978332520e-01
6.113718152046203613e-01 5.760872960090637207e-01
5.754016637802124023e-01 6.076352000236511230e-01
6.762081384658813477e-01 6.155115365982055664e-01
7.050930261611938477e-01 4.374021589756011963e-01
4.912750422954559326e-01 4.695804715156555176e-01
5.746850371360778809e-01 6.285961270332336426e-01
7.482833266258239746e-01 4.930055439472198486e-01
4.628889560699462891e-01 5.961117148399353027e-01
7.318393588066101074e-01 4.501835405826568604e-01
7.177082896232604980e-01 6.748189330101013184e-01
5.022302865982055664e-01 6.486535668373107910e-01
5.221459269523620605e-01 6.719804406166076660e-01
7.741294503211975098e-01 4.541093707084655762e-01
5.783554911613464355e-01 6.190282702445983887e-01
6.103321313858032227e-01 5.252960324287414551e-01
5.086042881011962891e-01 5.189002752304077148e-01
5.897582173347473145e-01 3.860102593898773193e-01
4.570392370223999023e-01 6.163113713264465332e-01
4.598539769649505615e-01 5.159551501274108887e-01
4.817313253879547119e-01 5.055287480354309082e-01
6.619367599487304688e-01 7.334405779838562012e-01
7.084835171699523926e-01 6.438062191009521484e-01
4.494667053222656250e-01 6.275556087493896484e-01
7.060086131095886230e-01 6.734827160835266113e-01
4.968106746673583984e-01 6.186559200286865234e-01
7.959758043289184570e-01 4.995525479316711426e-01
5.281944870948791504e-01 4.958103597164154053e-01
7.760639190673828125e-01 6.991396546363830566e-01
5.524932742118835449e-01 4.863921403884887695e-01
7.512257695198059082e-01 4.552891552448272705e-01
7.488797903060913086e-01 7.239767909049987793e-01
5.210980176925659180e-01 5.751017928123474121e-01
4.737471938133239746e-01 6.000038385391235352e-01
6.852243542671203613e-01 6.136887073516845703e-01
6.417031288146972656e-01 4.721567630767822266e-01
6.303088665008544922e-01 5.881910324096679688e-01
4.024672210216522217e-01 5.339987874031066895e-01
4.221025705337524414e-01 6.787376403808593750e-01
5.510755181312561035e-01 7.510053515434265137e-01
4.702691137790679932e-01 5.096739530563354492e-01
4.238693416118621826e-01 6.771464347839355469e-01
4.903438985347747803e-01 5.790945887565612793e-01
4.130915701389312744e-01 6.026142239570617676e-01
4.706054627895355225e-01 6.704944968223571777e-01
5.169864892959594727e-01 5.113562941551208496e-01
4.521346092224121094e-01 4.931873083114624023e-01
7.656551599502563477e-01 7.191311120986938477e-01
7.636245489120483398e-01 5.338652133941650391e-01
5.444197654724121094e-01 6.772168874740600586e-01
4.645300209522247314e-01 5.503966212272644043e-01
6.792799830436706543e-01 4.981868863105773926e-01
7.703314423561096191e-01 5.341518521308898926e-01
5.722058415412902832e-01 5.927808880805969238e-01
4.480589926242828369e-01 6.073927879333496094e-01
5.305101275444030762e-01 4.788594245910644531e-01
6.852576732635498047e-01 4.804076254367828369e-01
4.586815237998962402e-01 6.575529575347900391e-01
6.936827301979064941e-01 7.872569561004638672e-01
5.204280614852905273e-01 4.213206171989440918e-01
6.530169844627380371e-01 6.582137346267700195e-01
5.672422051429748535e-01 8.151946663856506348e-01
7.821393609046936035e-01 6.881327033042907715e-01
4.444119036197662354e-01 4.403721392154693604e-01
4.656675755977630615e-01 4.021701216697692871e-01
7.116943597793579102e-01 5.012015104293823242e-01
7.629570960998535156e-01 6.583477854728698730e-01
5.904386043548583984e-01 7.818273901939392090e-01
5.136232376098632812e-01 4.087735414505004883e-01
6.972731351852416992e-01 4.663873612880706787e-01
7.800191044807434082e-01 7.061508297920227051e-01
5.151531100273132324e-01 7.887355089187622070e-01
4.694339931011199951e-01 5.619908571243286133e-01
5.700690150260925293e-01 8.004850745201110840e-01
5.587717890739440918e-01 7.141677141189575195e-01
7.218036651611328125e-01 6.080719232559204102e-01
5.023942589759826660e-01 4.495566487312316895e-01
4.915524721145629883e-01 5.136280655860900879e-01
5.248039364814758301e-01 5.221722722053527832e-01
4.329093694686889648e-01 5.925759673118591309e-01
5.911966562271118164e-01 8.071175217628479004e-01
5.713878273963928223e-01 7.303677797317504883e-01
7.367747426033020020e-01 6.532092690467834473e-01
5.560837388038635254e-01 5.935356616973876953e-01
6.448381543159484863e-01 4.489468336105346680e-01
6.780475378036499023e-01 7.463253140449523926e-01
6.345436573028564453e-01 7.816196084022521973e-01
6.976325511932373047e-01 7.994912862777709961e-01
4.549732506275177002e-01 6.629149913787841797e-01
5.354164242744445801e-01 6.640383601188659668e-01
7.603862285614013672e-01 5.887162685394287109e-01
6.776558756828308105e-01 5.067448616027832031e-01
6.427183747291564941e-01 7.702155113220214844e-01
7.533423304557800293e-01 6.359763145446777344e-01
5.544909834861755371e-01 5.818831324577331543e-01
5.530685186386108398e-01 3.657603561878204346e-01
7.354279160499572754e-01 6.073715090751647949e-01
7.109144330024719238e-01 7.967552542686462402e-01
6.920069456100463867e-01 7.610034942626953125e-01
5.394369363784790039e-01 7.414504289627075195e-01
6.610422730445861816e-01 4.148646593093872070e-01
7.085655331611633301e-01 6.129311323165893555e-01
7.155806422233581543e-01 6.236364841461181641e-01
7.688747644424438477e-01 5.724635124206542969e-01
7.690819501876831055e-01 5.958437919616699219e-01
5.259349942207336426e-01 5.358004570007324219e-01
7.827897071838378906e-01 6.304755210876464844e-01
5.308751463890075684e-01 6.184523701667785645e-01
7.030646204948425293e-01 6.665214300155639648e-01
7.546803355216979980e-01 5.022838115692138672e-01
5.125349164009094238e-01 4.082402288913726807e-01
7.861846089363098145e-01 6.269962787628173828e-01
6.563858985900878906e-01 6.572169065475463867e-01
6.937966346740722656e-01 6.282754540443420410e-01
4.864420294761657715e-01 6.634635329246520996e-01
4.436184167861938477e-01 7.330621480941772461e-01
6.425323486328125000e-01 4.416119158267974854e-01
4.977438747882843018e-01 6.910770535469055176e-01
7.285906672477722168e-01 7.660535573959350586e-01
4.571860730648040771e-01 6.450232267379760742e-01
6.502448916435241699e-01 4.539464712142944336e-01
6.772956252098083496e-01 5.716350078582763672e-01
4.210603535175323486e-01 5.907250046730041504e-01
7.793065309524536133e-01 7.218534350395202637e-01
5.776293873786926270e-01 7.225651741027832031e-01
4.622777402400970459e-01 4.424895048141479492e-01
6.601850390434265137e-01 6.474280357360839844e-01
5.150514245033264160e-01 5.118348002433776855e-01
5.167074799537658691e-01 7.000979781150817871e-01
6.661140322685241699e-01 7.208155393600463867e-01
7.831898331642150879e-01 6.710143089294433594e-01
6.048321723937988281e-01 6.526756286621093750e-01
7.740657925605773926e-01 6.262670159339904785e-01
5.400505065917968750e-01 5.961300134658813477e-01
5.899371504783630371e-01 3.809058964252471924e-01
4.778183400630950928e-01 5.784131884574890137e-01
5.386794209480285645e-01 7.806067466735839844e-01
7.343740463256835938e-01 5.176750421524047852e-01
7.042018175125122070e-01 6.926175951957702637e-01
7.932210564613342285e-01 6.459422111511230469e-01
4.458508491516113281e-01 3.661437034606933594e-01
7.081258296966552734e-01 7.116903662681579590e-01
4.624913036823272705e-01 4.626154899597167969e-01
6.418768763542175293e-01 4.350437521934509277e-01
4.732533693313598633e-01 5.376753807067871094e-01
4.239121973514556885e-01 4.573119282722473145e-01
4.494064450263977051e-01 6.734477281570434570e-01
5.064678788185119629e-01 4.329565167427062988e-01
5.900471806526184082e-01 7.617302536964416504e-01
4.726416170597076416e-01 4.830510616302490234e-01
7.203993797302246094e-01 5.404000282287597656e-01
6.390152573585510254e-01 7.462877035140991211e-01
6.235480904579162598e-01 7.732824683189392090e-01
5.115865468978881836e-01 7.730704545974731445e-01
7.893572449684143066e-01 5.111525058746337891e-01
4.631401896476745605e-01 6.552649736404418945e-01
7.881221771240234375e-01 5.732128620147705078e-01
7.530025243759155273e-01 6.585759520530700684e-01
5.841780304908752441e-01 7.226637005805969238e-01
4.850305616855621338e-01 6.083074212074279785e-01
7.086199522018432617e-01 6.760147809982299805e-01
6.958258152008056641e-01 4.428280889987945557e-01
6.796357035636901855e-01 6.418683528900146484e-01
4.568018615245819092e-01 5.686320066452026367e-01
6.667673587799072266e-01 4.772182106971740723e-01
4.697581529617309570e-01 6.608600020408630371e-01
6.744046807289123535e-01 4.400736987590789795e-01
6.906246542930603027e-01 5.620561838150024414e-01
7.118456363677978516e-01 4.756852686405181885e-01
5.506920218467712402e-01 4.932597875595092773e-01
5.610731244087219238e-01 6.725149750709533691e-01
7.615124583244323730e-01 6.754683852195739746e-01
5.701454281806945801e-01 4.400644600391387939e-01
7.312822341918945312e-01 6.012774109840393066e-01
4.759053885936737061e-01 6.847906112670898438e-01
8.212384581565856934e-01 6.218700408935546875e-01
7.180567979812622070e-01 7.000356316566467285e-01
6.691474914550781250e-01 6.124930381774902344e-01
4.625722169876098633e-01 6.803470253944396973e-01
7.130172848701477051e-01 4.590823650360107422e-01
6.699075102806091309e-01 7.843528389930725098e-01
6.456019878387451172e-01 5.830025672912597656e-01
6.291175484657287598e-01 4.298594892024993896e-01
7.576617598533630371e-01 7.108530998229980469e-01
5.169755220413208008e-01 7.120646834373474121e-01
7.332838773727416992e-01 5.352358222007751465e-01
6.918951869010925293e-01 4.992309808731079102e-01
6.291266679763793945e-01 7.717395424842834473e-01
5.824933648109436035e-01 4.135728776454925537e-01
6.454584598541259766e-01 6.307231187820434570e-01
6.850504875183105469e-01 4.728738069534301758e-01
5.495371222496032715e-01 4.714709818363189697e-01
6.265916228294372559e-01 7.574632167816162109e-01
7.817279100418090820e-01 5.451855063438415527e-01
7.514559030532836914e-01 7.090461850166320801e-01
7.353718280792236328e-01 6.119366884231567383e-01
6.184476613998413086e-01 7.534502148628234863e-01
4.751144945621490479e-01 5.098373293876647949e-01
8.035781383514404297e-01 5.074326395988464355e-01
4.923162162303924561e-01 4.670932292938232422e-01
6.830461025238037109e-01 7.182326912879943848e-01
4.613355696201324463e-01 6.352069973945617676e-01
6.711059808731079102e-01 4.434937536716461182e-01
6.585424542427062988e-01 6.104435920715332031e-01
5.479274988174438477e-01 5.065593719482421875e-01
7.318404912948608398e-01 5.766236186027526855e-01
6.781529188156127930e-01 4.836691319942474365e-01
5.751641392707824707e-01 5.194047689437866211e-01
5.837880373001098633e-01 3.948801457881927490e-01
7.072340250015258789e-01 6.046687364578247070e-01
7.469370365142822266e-01 4.578651487827301025e-01
4.429282248020172119e-01 5.115022063255310059e-01
6.396221518516540527e-01 7.753692865371704102e-01
7.350507378578186035e-01 4.346090853214263916e-01
7.035676240921020508e-01 7.057606577873229980e-01
7.354516386985778809e-01 5.738406777381896973e-01
5.883120894432067871e-01 7.920481562614440918e-01
4.601520299911499023e-01 4.911881983280181885e-01
7.987065911293029785e-01 5.530115365982055664e-01
6.071459650993347168e-01 7.126086950302124023e-01
4.938158988952636719e-01 6.781941652297973633e-01
6.819441318511962891e-01 4.268502295017242432e-01
5.687788128852844238e-01 6.127194762229919434e-01
7.087599635124206543e-01 6.964149475097656250e-01
6.078277826309204102e-01 4.630820155143737793e-01
6.386126279830932617e-01 7.896393537521362305e-01
6.329221129417419434e-01 7.659923434257507324e-01
5.755004882812500000e-01 6.287551522254943848e-01
5.526102185249328613e-01 4.454210698604583740e-01
4.829697310924530029e-01 4.739355444908142090e-01
7.389669418334960938e-01 6.330521702766418457e-01
6.701795458793640137e-01 6.246368885040283203e-01
6.337740421295166016e-01 4.301631450653076172e-01
5.091680288314819336e-01 7.245101332664489746e-01
7.438581585884094238e-01 4.586810767650604248e-01
6.969224810600280762e-01 6.542105674743652344e-01
5.661876201629638672e-01 7.099804878234863281e-01
7.616869211196899414e-01 6.359710097312927246e-01
6.196648478507995605e-01 6.918483376502990723e-01
7.192996740341186523e-01 6.855667829513549805e-01
4.557417035102844238e-01 6.663649678230285645e-01
7.049784660339355469e-01 7.126017808914184570e-01
5.916815400123596191e-01 5.856728553771972656e-01
4.673199355602264404e-01 5.196216702461242676e-01
7.426096796989440918e-01 5.576488375663757324e-01
5.957404971122741699e-01 4.464253783226013184e-01
6.750106811523437500e-01 6.903313994407653809e-01
6.588470339775085449e-01 5.407143831253051758e-01
5.965089201927185059e-01 6.880204081535339355e-01
6.118783950805664062e-01 7.708852291107177734e-01
7.042381167411804199e-01 5.428306460380554199e-01
3.943304121494293213e-01 7.381781339645385742e-01
7.088816761970520020e-01 7.353842258453369141e-01
4.560917615890502930e-01 6.932959556579589844e-01
7.427768707275390625e-01 5.257880687713623047e-01
5.700426697731018066e-01 7.751608490943908691e-01
6.622585058212280273e-01 5.454466342926025391e-01
5.589672327041625977e-01 3.796984255313873291e-01
4.655261933803558350e-01 7.312466502189636230e-01
5.422499775886535645e-01 6.686788201332092285e-01
6.489092707633972168e-01 6.796646118164062500e-01
5.111601948738098145e-01 4.105395078659057617e-01
5.556258559226989746e-01 7.045542597770690918e-01
7.844541072845458984e-01 4.523766338825225830e-01
5.175979733467102051e-01 5.231883525848388672e-01
4.790083765983581543e-01 7.365124821662902832e-01
6.030657291412353516e-01 7.439931035041809082e-01
8.096330165863037109e-01 4.874661266803741455e-01
4.672519564628601074e-01 4.399203956127166748e-01
4.258969128131866455e-01 5.876169800758361816e-01
6.136195063591003418e-01 6.698312759399414062e-01
5.192744135856628418e-01 5.121295452117919922e-01
6.202824115753173828e-01 4.462328255176544189e-01
5.826311111450195312e-01 4.433578550815582275e-01
5.945277810096740723e-01 4.036364257335662842e-01
6.822401285171508789e-01 4.243825674057006836e-01
4.863145351409912109e-01 4.917196929454803467e-01
5.276461243629455566e-01 7.417687773704528809e-01
7.171831130981445312e-01 6.958122849464416504e-01
5.271227955818176270e-01 7.456226944923400879e-01
4.099935293197631836e-01 4.952912032604217529e-01
7.302269935607910156e-01 6.874032616615295410e-01
6.200317144393920898e-01 4.778608083724975586e-01
4.537080228328704834e-01 6.976672410964965820e-01
7.689679265022277832e-01 7.221471071243286133e-01
4.374965131282806396e-01 5.199205875396728516e-01
5.161895751953125000e-01 5.061200857162475586e-01
6.300673484802246094e-01 4.186686277389526367e-01
4.534164965152740479e-01 6.769667863845825195e-01
5.996267199516296387e-01 5.803058147430419922e-01
5.050534009933471680e-01 4.213335514068603516e-01
6.846939921379089355e-01 7.531610727310180664e-01
6.385751366615295410e-01 7.937102317810058594e-01
6.148588061332702637e-01 5.756721496582031250e-01
7.282294631004333496e-01 7.099854946136474609e-01
5.306860208511352539e-01 6.907031536102294922e-01
4.332687556743621826e-01 4.378612637519836426e-01
5.994356274604797363e-01 6.208635568618774414e-01
6.654554605484008789e-01 4.645074903964996338e-01
6.482899188995361328e-01 6.800704002380371094e-01
4.016726016998291016e-01 6.818009018898010254e-01
7.472054362297058105e-01 6.626877784729003906e-01
6.873758435249328613e-01 6.432648897171020508e-01
5.210833549499511719e-01 8.161367774009704590e-01
4.711225032806396484e-01 4.766124784946441650e-01
7.711971402168273926e-01 6.709910035133361816e-01
6.297324299812316895e-01 4.094061255455017090e-01
6.402077078819274902e-01 5.470167398452758789e-01
7.269145250320434570e-01 5.793792605400085449e-01
6.570950150489807129e-01 4.176641702651977539e-01
5.660893917083740234e-01 6.135057210922241211e-01
7.568523287773132324e-01 5.831779837608337402e-01
4.924390316009521484e-01 7.627841234207153320e-01
6.021614670753479004e-01 4.874047338962554932e-01
5.176691412925720215e-01 4.279435873031616211e-01
6.829894185066223145e-01 7.458688020706176758e-01
6.511014699935913086e-01 3.690581023693084717e-01
6.509858965873718262e-01 7.399297952651977539e-01
5.256794095039367676e-01 7.414775490760803223e-01
4.367508292198181152e-01 6.949225068092346191e-01
6.896581649780273438e-01 7.877507805824279785e-01
5.730142593383789062e-01 7.767528891563415527e-01
4.095103442668914795e-01 5.613695979118347168e-01
4.621076583862304688e-01 4.065663814544677734e-01
6.459679007530212402e-01 4.538068771362304688e-01
5.802392959594726562e-01 6.835955977439880371e-01
6.946005225181579590e-01 6.508314013481140137e-01
7.093457579612731934e-01 6.652016639709472656e-01
5.180185437202453613e-01 5.114871263504028320e-01
6.976984739303588867e-01 4.575581550598144531e-01
5.711421966552734375e-01 5.445570349693298340e-01
5.636734366416931152e-01 4.798967242240905762e-01
5.600950717926025391e-01 5.368879437446594238e-01
5.945199131965637207e-01 4.210659861564636230e-01
5.281343460083007812e-01 4.607565999031066895e-01
6.084182858467102051e-01 6.398011445999145508e-01
3.938408792018890381e-01 6.300415992736816406e-01
3.774784803390502930e-01 6.523085236549377441e-01
8.116124272346496582e-01 4.771608412265777588e-01
7.072933912277221680e-01 7.195569276809692383e-01
5.284318923950195312e-01 7.435733675956726074e-01
5.932061076164245605e-01 4.543165862560272217e-01
4.604731500148773193e-01 6.488493680953979492e-01
7.170343995094299316e-01 6.718108654022216797e-01
4.638001620769500732e-01 3.625400662422180176e-01
4.238150715827941895e-01 6.647644639015197754e-01
7.367563247680664062e-01 6.524380445480346680e-01
7.564346194267272949e-01 4.501605927944183350e-01
7.362723946571350098e-01 5.831844210624694824e-01
7.866704463958740234e-01 6.119220852851867676e-01
6.935894489288330078e-01 4.209252297878265381e-01
4.534716308116912842e-01 4.727142453193664551e-01
7.535194754600524902e-01 6.069417595863342285e-01
3.876096308231353760e-01 5.753856301307678223e-01
6.143862605094909668e-01 4.296135306358337402e-01
6.783846020698547363e-01 6.149380207061767578e-01
5.904210805892944336e-01 7.803061604499816895e-01
4.693340659141540527e-01 6.692584753036499023e-01
7.152593135833740234e-01 5.396102666854858398e-01
4.298928976058959961e-01 5.331993103027343750e-01
6.808305978775024414e-01 7.031742334365844727e-01
5.996767878532409668e-01 4.347418546676635742e-01
6.917059421539306641e-01 5.992077589035034180e-01
6.989067792892456055e-01 4.652302563190460205e-01
5.455167293548583984e-01 8.005329966545104980e-01
4.894697666168212891e-01 4.949796497821807861e-01
5.722211599349975586e-01 4.382278621196746826e-01
5.679920911788940430e-01 6.377698183059692383e-01
7.403114438056945801e-01 6.308213472366333008e-01
6.347522139549255371e-01 6.299088597297668457e-01
6.099408268928527832e-01 4.182400107383728027e-01
6.043539643287658691e-01 6.049031615257263184e-01
7.902804017066955566e-01 4.600994288921356201e-01
6.995933651924133301e-01 6.314238309860229492e-01
5.346580147743225098e-01 7.626348137855529785e-01
5.760324597358703613e-01 5.982524156570434570e-01
7.735604047775268555e-01 5.667363405227661133e-01
5.988300442695617676e-01 6.799200177192687988e-01
7.088215351104736328e-01 6.970942616462707520e-01
6.709011197090148926e-01 6.784097552299499512e-01
7.523169517517089844e-01 6.483892798423767090e-01
5.605504512786865234e-01 4.268300533294677734e-01
5.537388920783996582e-01 5.829276442527770996e-01
7.006089687347412109e-01 5.056745409965515137e-01
7.600736618041992188e-01 5.592092275619506836e-01
7.018975615501403809e-01 3.929769098758697510e-01
5.532369017601013184e-01 5.132110118865966797e-01
7.080995440483093262e-01 7.293658852577209473e-01
5.750345587730407715e-01 5.076262950897216797e-01
5.153740048408508301e-01 3.425958454608917236e-01
6.421961784362792969e-01 7.761537432670593262e-01
5.383378267288208008e-01 5.834959149360656738e-01
7.436826825141906738e-01 4.613674879074096680e-01
6.584743261337280273e-01 5.719715356826782227e-01
6.312490105628967285e-01 7.456974983215332031e-01
5.767337679862976074e-01 5.699430108070373535e-01
5.253218412399291992e-01 3.404909372329711914e-01
6.688697338104248047e-01 4.222760796546936035e-01
6.380901932716369629e-01 7.820620536804199219e-01
4.461454749107360840e-01 4.548248052597045898e-01
4.534720182418823242e-01 4.959589242935180664e-01
4.798325002193450928e-01 7.681760787963867188e-01
6.102945208549499512e-01 4.328009486198425293e-01
7.015837430953979492e-01 7.593333125114440918e-01
4.997224509716033936e-01 7.444498538970947266e-01
7.464225888252258301e-01 5.898465514183044434e-01
6.219525337219238281e-01 6.555387377738952637e-01
6.231963634490966797e-01 7.519875764846801758e-01
5.628770589828491211e-01 7.234081625938415527e-01
6.904394626617431641e-01 6.610329151153564453e-01
6.794326305389404297e-01 7.378751635551452637e-01
6.268939375877380371e-01 6.410794258117675781e-01
4.218746125698089600e-01 6.071428656578063965e-01
4.145088195800781250e-01 5.029607415199279785e-01
5.717884302139282227e-01 5.172563195228576660e-01
5.270437598228454590e-01 3.489529788494110107e-01
7.686550021171569824e-01 5.946522951126098633e-01
6.138910651206970215e-01 6.991943717002868652e-01
6.211335062980651855e-01 3.804220855236053467e-01
6.242901086807250977e-01 7.047264575958251953e-01
7.664564251899719238e-01 6.202087998390197754e-01
3.873297572135925293e-01 5.464825630187988281e-01
4.527723789215087891e-01 4.181583225727081299e-01
6.005690097808837891e-01 7.393150925636291504e-01
6.760691404342651367e-01 8.055182099342346191e-01
6.982926130294799805e-01 7.421631813049316406e-01
4.507223963737487793e-01 6.790470480918884277e-01
7.421306371688842773e-01 4.097129404544830322e-01
6.445041894912719727e-01 6.445115804672241211e-01
6.945799589157104492e-01 3.942139446735382080e-01
7.483109831809997559e-01 7.107190489768981934e-01
6.388500928878784180e-01 4.796854257583618164e-01
7.196244597434997559e-01 6.426390409469604492e-01
5.380150675773620605e-01 4.049711525440216064e-01
7.483369708061218262e-01 6.028720736503601074e-01
4.587841629981994629e-01 7.898480892181396484e-01
5.876256227493286133e-01 7.033450603485107422e-01
7.321287393569946289e-01 6.326280236244201660e-01
5.263097286224365234e-01 4.548778533935546875e-01
4.571669697761535645e-01 6.588990092277526855e-01
5.362680554389953613e-01 4.557773768901824951e-01
7.147539854049682617e-01 6.432074308395385742e-01
6.642783880233764648e-01 7.477298378944396973e-01
5.771649479866027832e-01 6.204783320426940918e-01
4.583978652954101562e-01 6.019212007522583008e-01
4.407963752746582031e-01 4.497431218624114990e-01
5.724158287048339844e-01 6.169174313545227051e-01
4.942413866519927979e-01 5.956138372421264648e-01
5.859782099723815918e-01 5.999510288238525391e-01
5.056515932083129883e-01 4.264007210731506348e-01
4.975675940513610840e-01 7.605893015861511230e-01
6.387509107589721680e-01 7.221606969833374023e-01
6.330084800720214844e-01 4.157487154006958008e-01
6.578593254089355469e-01 7.901498675346374512e-01
5.267627835273742676e-01 4.565163850784301758e-01
4.847451746463775635e-01 6.498299241065979004e-01
7.406980395317077637e-01 6.983135938644409180e-01
7.027431130409240723e-01 5.442894697189331055e-01
5.067523717880249023e-01 7.945302724838256836e-01
5.815081596374511719e-01 8.140315413475036621e-01
6.976053714752197266e-01 5.641731023788452148e-01
5.500708818435668945e-01 6.054059267044067383e-01
7.595062255859375000e-01 5.524106621742248535e-01
5.193204283714294434e-01 7.488823533058166504e-01
4.835020899772644043e-01 3.365638852119445801e-01
6.565315127372741699e-01 4.536827802658081055e-01
6.993172764778137207e-01 6.858453154563903809e-01
6.810048222541809082e-01 7.292962074279785156e-01
5.185611844062805176e-01 5.337831377983093262e-01
6.244516372680664062e-01 3.934724330902099609e-01
4.593272805213928223e-01 6.539850831031799316e-01
4.682979285717010498e-01 4.180404841899871826e-01
5.624094605445861816e-01 4.576240479946136475e-01
5.482335686683654785e-01 6.634880304336547852e-01
6.953328847885131836e-01 7.416887879371643066e-01
6.252921819686889648e-01 5.443727970123291016e-01
5.335661172866821289e-01 6.279711127281188965e-01
6.520695090293884277e-01 7.465103268623352051e-01
5.770100355148315430e-01 4.220404624938964844e-01
6.825937032699584961e-01 5.906340479850769043e-01
6.934663057327270508e-01 7.368576526641845703e-01
5.696645379066467285e-01 4.027702510356903076e-01
5.407801866531372070e-01 6.819396018981933594e-01
5.947458148002624512e-01 6.516779661178588867e-01
4.798755645751953125e-01 4.902900457382202148e-01
7.209777235984802246e-01 4.862534105777740479e-01
7.239661812782287598e-01 6.471364498138427734e-01
4.720960557460784912e-01 6.200938820838928223e-01
5.870304107666015625e-01 6.723778247833251953e-01
4.441319108009338379e-01 3.705229163169860840e-01
5.178300142288208008e-01 5.237269401550292969e-01
5.537494421005249023e-01 6.912076473236083984e-01
7.069272398948669434e-01 5.053296685218811035e-01
6.822764873504638672e-01 4.684854745864868164e-01
4.634176194667816162e-01 6.547777652740478516e-01
6.148745417594909668e-01 5.263418555259704590e-01
5.850377678871154785e-01 7.893136739730834961e-01
6.192710399627685547e-01 6.758869886398315430e-01
7.503701448440551758e-01 6.503152847290039062e-01
8.028985857963562012e-01 5.831575989723205566e-01
6.221784353256225586e-01 4.361694157123565674e-01
5.432091355323791504e-01 5.318415164947509766e-01
6.392930150032043457e-01 4.627396464347839355e-01
5.278954505920410156e-01 4.252524077892303467e-01
5.684409737586975098e-01 3.887588381767272949e-01
5.920335054397583008e-01 5.507173538208007812e-01
6.795994043350219727e-01 5.126604437828063965e-01
5.639623403549194336e-01 5.981625318527221680e-01
4.900191426277160645e-01 7.589681744575500488e-01
5.449967384338378906e-01 6.553904414176940918e-01
6.494532823562622070e-01 5.972619056701660156e-01
6.122395992279052734e-01 7.780472636222839355e-01
6.389886140823364258e-01 5.140474438667297363e-01
7.282872796058654785e-01 4.595104455947875977e-01
5.004694461822509766e-01 7.298011779785156250e-01
7.364111542701721191e-01 6.230579614639282227e-01
4.221441745758056641e-01 5.417599678039550781e-01
4.695917069911956787e-01 7.705177068710327148e-01
6.671205163002014160e-01 5.717828869819641113e-01
5.941114425659179688e-01 4.855819642543792725e-01
4.546788334846496582e-01 6.926988363265991211e-01
7.301489114761352539e-01 5.216755867004394531e-01
6.566591858863830566e-01 5.794066190719604492e-01
5.319653749465942383e-01 5.403771400451660156e-01
4.203000962734222412e-01 4.301146268844604492e-01
6.272246837615966797e-01 6.783156991004943848e-01
6.523805856704711914e-01 5.627517104148864746e-01
4.983266592025756836e-01 6.605007052421569824e-01
4.969409108161926270e-01 5.990849137306213379e-01
6.991981863975524902e-01 4.754530191421508789e-01
6.112617850303649902e-01 6.494946479797363281e-01
4.094953835010528564e-01 6.814824938774108887e-01
5.736899375915527344e-01 4.128282964229583740e-01
6.096724271774291992e-01 5.796462297439575195e-01
5.992234349250793457e-01 4.622491300106048584e-01
3.933218121528625488e-01 6.305527091026306152e-01
4.224109053611755371e-01 5.872800946235656738e-01
6.633340716361999512e-01 6.022760868072509766e-01
6.723126769065856934e-01 6.897073984146118164e-01
6.017844080924987793e-01 3.685990273952484131e-01
6.747986078262329102e-01 6.722146868705749512e-01
4.661087989807128906e-01 7.107555866241455078e-01
4.067883491516113281e-01 6.165146231651306152e-01
4.940733313560485840e-01 4.461436569690704346e-01
5.981767773628234863e-01 5.491093397140502930e-01
6.431948542594909668e-01 8.015546798706054688e-01
4.414817988872528076e-01 5.724343061447143555e-01
5.816192626953125000e-01 6.673327088356018066e-01
6.560382843017578125e-01 5.578712224960327148e-01
6.957945823669433594e-01 6.692570447921752930e-01
5.193910598754882812e-01 6.525003910064697266e-01
7.235718965530395508e-01 6.705850362777709961e-01
4.284075498580932617e-01 6.261783242225646973e-01
4.068285226821899414e-01 6.437385678291320801e-01
4.544689059257507324e-01 5.404128432273864746e-01
5.863934755325317383e-01 6.675240397453308105e-01
7.507001161575317383e-01 6.112958788871765137e-01
5.882990360260009766e-01 3.935650587081909180e-01
6.547244191169738770e-01 3.648422956466674805e-01
4.100112318992614746e-01 5.510509610176086426e-01
5.429064035415649414e-01 6.663126349449157715e-01
4.484521448612213135e-01 5.916097760200500488e-01
4.477493166923522949e-01 5.450931787490844727e-01
5.117627978324890137e-01 6.230263710021972656e-01
4.153113663196563721e-01 3.225470483303070068e-01
6.211833357810974121e-01 3.639562129974365234e-01
6.352982521057128906e-01 5.279040336608886719e-01
7.239162325859069824e-01 5.885857343673706055e-01
7.285737991333007812e-01 6.758970618247985840e-01
7.165434360504150391e-01 4.663473069667816162e-01
5.922597646713256836e-01 6.313832998275756836e-01
5.256354808807373047e-01 7.106581926345825195e-01
7.872669696807861328e-01 4.742177724838256836e-01
7.640445232391357422e-01 5.961899757385253906e-01
5.649195313453674316e-01 5.441744923591613770e-01
6.522924900054931641e-01 6.030796766281127930e-01
6.362721920013427734e-01 5.502612590789794922e-01
4.276344180107116699e-01 7.520722746849060059e-01
5.610349178314208984e-01 5.608641505241394043e-01
3.897078633308410645e-01 6.469240784645080566e-01
5.918358564376831055e-01 6.407561302185058594e-01
4.972098469734191895e-01 4.409388899803161621e-01
6.526261568069458008e-01 6.147859692573547363e-01
5.863003134727478027e-01 5.154829621315002441e-01
7.296563982963562012e-01 6.065804362297058105e-01
7.876634001731872559e-01 5.324205160140991211e-01
7.178053259849548340e-01 4.479072690010070801e-01
7.788470387458801270e-01 5.872793197631835938e-01
4.431904554367065430e-01 7.247192859649658203e-01
6.365408897399902344e-01 6.033409237861633301e-01
4.373164176940917969e-01 6.141694188117980957e-01
4.404586553573608398e-01 6.409294605255126953e-01
4.347851276397705078e-01 7.423010468482971191e-01
6.402950882911682129e-01 4.335826635360717773e-01
7.662991285324096680e-01 6.660371422767639160e-01
5.289346575736999512e-01 6.949129700660705566e-01
4.157926440238952637e-01 5.869348645210266113e-01
3.840341269969940186e-01 5.764762759208679199e-01
6.677888631820678711e-01 4.351319670677185059e-01
4.254100918769836426e-01 4.157539308071136475e-01
7.190308570861816406e-01 6.600244641304016113e-01
6.783340573310852051e-01 7.775586247444152832e-01
5.782716274261474609e-01 8.207000494003295898e-01
7.459264993667602539e-01 4.903309345245361328e-01
5.235409140586853027e-01 5.109318494796752930e-01
4.253239631652832031e-01 6.456974744796752930e-01
4.547524154186248779e-01 4.051916599273681641e-01
7.213131785392761230e-01 4.649010896682739258e-01
4.498305916786193848e-01 4.988095164299011230e-01
6.586909890174865723e-01 4.067373871803283691e-01
7.653475999832153320e-01 7.043539881706237793e-01
6.098279953002929688e-01 7.910682559013366699e-01
4.765169620513916016e-01 4.276349246501922607e-01
7.710928320884704590e-01 5.915828347206115723e-01
6.745193600654602051e-01 7.017017006874084473e-01
6.668106913566589355e-01 5.787214636802673340e-01
6.971843242645263672e-01 4.460332393646240234e-01
5.609783530235290527e-01 6.050548553466796875e-01
7.558531165122985840e-01 5.688092112541198730e-01
6.439105272293090820e-01 7.257888317108154297e-01
6.906898021697998047e-01 6.208525896072387695e-01
6.445790529251098633e-01 6.777927875518798828e-01
7.305518984794616699e-01 5.888526439666748047e-01
5.969536900520324707e-01 5.023254752159118652e-01
5.240335464477539062e-01 3.852016627788543701e-01
6.040859818458557129e-01 4.640699326992034912e-01
4.827449619770050049e-01 7.107006311416625977e-01
6.174135804176330566e-01 7.079110145568847656e-01
5.506120920181274414e-01 5.641247630119323730e-01
4.267111420631408691e-01 3.979070782661437988e-01
7.016654610633850098e-01 6.202806234359741211e-01
7.512804269790649414e-01 6.104775667190551758e-01
4.744903445243835449e-01 7.405470013618469238e-01
4.812269210815429688e-01 5.597044229507446289e-01
6.646393537521362305e-01 7.584157586097717285e-01
4.430057406425476074e-01 6.635826826095581055e-01
5.690871477127075195e-01 4.139543473720550537e-01
7.302865982055664062e-01 4.995751678943634033e-01
6.366631984710693359e-01 5.962051749229431152e-01
7.444353103637695312e-01 7.247307300567626953e-01
3.929526507854461670e-01 6.808889508247375488e-01
6.339621543884277344e-01 4.846153855323791504e-01
6.353823542594909668e-01 7.186852097511291504e-01
7.216715216636657715e-01 5.398278832435607910e-01
6.543840169906616211e-01 5.166345834732055664e-01
7.753748297691345215e-01 4.875411093235015869e-01
7.686558961868286133e-01 5.075085163116455078e-01
6.872208118438720703e-01 6.704419255256652832e-01
5.700821876525878906e-01 6.506490111351013184e-01
5.585610270500183105e-01 7.009868621826171875e-01
5.004121661186218262e-01 5.338449478149414062e-01
8.049270510673522949e-01 4.831508100032806396e-01
7.404243946075439453e-01 6.415192484855651855e-01
6.483418941497802734e-01 6.155795454978942871e-01
5.293148756027221680e-01 5.386032462120056152e-01
5.817914009094238281e-01 4.402645528316497803e-01
6.453019380569458008e-01 7.614024281501770020e-01
6.743758916854858398e-01 5.188150405883789062e-01
4.569255709648132324e-01 4.642412960529327393e-01
6.674990653991699219e-01 4.409209787845611572e-01
7.396759390830993652e-01 7.200802564620971680e-01
5.823577642440795898e-01 4.842166006565093994e-01
7.218757271766662598e-01 4.793536067008972168e-01
5.527721047401428223e-01 3.339341580867767334e-01
5.165387988090515137e-01 6.106601357460021973e-01
7.614082694053649902e-01 6.906425356864929199e-01
5.144529342651367188e-01 3.396375179290771484e-01
6.489592194557189941e-01 7.164980769157409668e-01
6.206851005554199219e-01 6.749964952468872070e-01
7.713677287101745605e-01 6.985067725181579590e-01
6.525978446006774902e-01 6.688120961189270020e-01
7.039847970008850098e-01 6.088201999664306641e-01
7.771875262260437012e-01 4.147410392761230469e-01
7.200095653533935547e-01 5.805126428604125977e-01
6.241701245307922363e-01 7.314658164978027344e-01
6.441555619239807129e-01 7.057593464851379395e-01
4.496808350086212158e-01 7.371344566345214844e-01
5.870650410652160645e-01 5.144798159599304199e-01
6.791732311248779297e-01 6.352130770683288574e-01
7.421178817749023438e-01 6.876873970031738281e-01
5.418501496315002441e-01 4.188368618488311768e-01
5.368958711624145508e-01 4.481220245361328125e-01
5.955168604850769043e-01 5.212233662605285645e-01
7.111576199531555176e-01 7.400879859924316406e-01
6.098183989524841309e-01 4.968715012073516846e-01
4.373714923858642578e-01 5.453277230262756348e-01
5.363140702247619629e-01 4.844121932983398438e-01
4.609180986881256104e-01 4.452111721038818359e-01
7.608944773674011230e-01 4.038928449153900146e-01
6.463989615440368652e-01 7.597337365150451660e-01
5.451813936233520508e-01 6.847254037857055664e-01
7.505327463150024414e-01 4.086081981658935547e-01
6.542943120002746582e-01 5.958061814308166504e-01
4.035466909408569336e-01 6.795074939727783203e-01
5.650144219398498535e-01 3.893805742263793945e-01
6.865552067756652832e-01 5.844314694404602051e-01
5.503436923027038574e-01 7.399306893348693848e-01
7.303454279899597168e-01 6.496111750602722168e-01
6.007821559906005859e-01 8.050420880317687988e-01
6.558371782302856445e-01 4.421673715114593506e-01
6.385503411293029785e-01 6.536623239517211914e-01
5.771971344947814941e-01 6.659860014915466309e-01
5.011230707168579102e-01 5.384680032730102539e-01
6.584347486495971680e-01 4.250229001045227051e-01
6.455873847007751465e-01 4.657066464424133301e-01
5.565440654754638672e-01 7.566404938697814941e-01
5.337291955947875977e-01 6.808698773384094238e-01
7.240309715270996094e-01 7.157981395721435547e-01
4.137698411941528320e-01 5.433322191238403320e-01
6.013219356536865234e-01 7.783879637718200684e-01
4.909932911396026611e-01 5.266047716140747070e-01
4.938724040985107422e-01 7.365438342094421387e-01
7.105395793914794922e-01 6.313999891281127930e-01
5.986303687095642090e-01 4.970790147781372070e-01
4.517855942249298096e-01 4.025092124938964844e-01
5.358548760414123535e-01 7.329446673393249512e-01
7.047821879386901855e-01 4.853436052799224854e-01
7.488887310028076172e-01 7.180551290512084961e-01
6.843982934951782227e-01 4.921589791774749756e-01
4.657516479492187500e-01 5.556973814964294434e-01
4.742441475391387939e-01 3.549440503120422363e-01
5.717598199844360352e-01 4.676485955715179443e-01
5.671759843826293945e-01 4.682475328445434570e-01
4.664037525653839111e-01 6.874422430992126465e-01
6.749280095100402832e-01 7.317999005317687988e-01
6.044790148735046387e-01 5.161294937133789062e-01
5.961616039276123047e-01 6.517245173454284668e-01
7.284384965896606445e-01 3.942562937736511230e-01
7.454326152801513672e-01 4.354973733425140381e-01
5.944290161132812500e-01 4.563798904418945312e-01
5.730960369110107422e-01 4.674270451068878174e-01
5.757625102996826172e-01 7.778524756431579590e-01
4.615783989429473877e-01 4.522664844989776611e-01
6.981140375137329102e-01 7.239818572998046875e-01
6.775523424148559570e-01 6.599719524383544922e-01
7.498806118965148926e-01 4.827436208724975586e-01
6.970727443695068359e-01 7.174712419509887695e-01
4.675215482711791992e-01 6.442487239837646484e-01
6.733921766281127930e-01 7.411792874336242676e-01
7.115918397903442383e-01 6.193276047706604004e-01
5.256302356719970703e-01 4.241918921470642090e-01
6.357371807098388672e-01 6.075105667114257812e-01
4.417940676212310791e-01 6.927371025085449219e-01
6.206594109535217285e-01 7.039541602134704590e-01
7.488347887992858887e-01 4.731859564781188965e-01
5.535226464271545410e-01 4.469600021839141846e-01
7.380974888801574707e-01 6.059234142303466797e-01
4.970832765102386475e-01 6.924101710319519043e-01
5.210317373275756836e-01 6.351799964904785156e-01
