4.276682138442993164e-01 -1.759142279624938965e-01
3.569700717926025391e-01 4.171493053436279297e-01
-7.698416709899902344e-02 -2.003914117813110352e-02
8.186459541320800781e-03 3.548563718795776367e-01
-3.023731112480163574e-01 -4.024636745452880859e-01
-3.866435885429382324e-01 -6.587505340576171875e-03
-1.500208377838134766e-01 1.355673074722290039e-01
3.700006604194641113e-01 4.618787169456481934e-01
-3.864014148712158203e-02 4.276381731033325195e-01
2.498923540115356445e-01 1.992287635803222656e-01
-2.395707964897155762e-01 -2.015540003776550293e-01
-1.510218977928161621e-01 -1.075191497802734375e-01
4.814594388008117676e-01 4.137785434722900391e-01
-4.144867062568664551e-01 -1.038552522659301758e-01
2.080686688423156738e-01 -3.714157938957214355e-01
5.878388881683349609e-03 2.908817529678344727e-01
-4.710031747817993164e-01 7.454204559326171875e-02
1.903305053710937500e-01 -2.975394129753112793e-01
-4.165046811103820801e-01 2.495180368423461914e-01
2.831714749336242676e-01 4.258317351341247559e-01
-2.095646262168884277e-01 2.769446372985839844e-02
1.871913671493530273e-02 7.977056503295898438e-02
-4.993284940719604492e-01 -2.926744222640991211e-01
2.071845531463623047e-01 3.083132505416870117e-01
1.295290589332580566e-01 -2.027519345283508301e-01
6.454479694366455078e-02 -4.842402935028076172e-01
-2.974800467491149902e-01 -1.651774048805236816e-01
-4.648866653442382812e-01 -3.477151989936828613e-01
-1.383640170097351074e-01 2.855182290077209473e-01
-2.947869896888732910e-01 -3.698039054870605469e-01
1.078887581825256348e-01 2.297295928001403809e-01
-1.192818284034729004e-01 3.519288897514343262e-01
-4.324996471405029297e-01 -3.222407698631286621e-01
-1.495156884193420410e-01 1.537072658538818359e-02
1.758110523223876953e-01 -4.389678239822387695e-01
2.707082629203796387e-01 4.529520273208618164e-01
2.562244534492492676e-01 -2.820354700088500977e-01
3.900504708290100098e-01 -3.615742921829223633e-02
-9.153366088867187500e-02 -5.518299341201782227e-02
4.078903198242187500e-01 4.304485917091369629e-01
-4.704567193984985352e-01 4.110519886016845703e-01
-2.305740714073181152e-01 -1.558638215065002441e-01
-1.179003715515136719e-01 -1.437600851058959961e-01
4.395304918289184570e-01 1.221925616264343262e-01
-3.360028862953186035e-01 -4.841459393501281738e-01
-4.818712472915649414e-01 1.262974739074707031e-01
-2.931882143020629883e-01 1.615518331527709961e-01
-4.683952331542968750e-01 -1.091391444206237793e-01
-3.963654637336730957e-01 -4.514552354812622070e-01
2.439300417900085449e-01 5.921643972396850586e-02
-4.845612645149230957e-01 3.260612487792968750e-03
-6.232440471649169922e-03 2.884016633033752441e-01
2.188491821289062500e-02 4.324771165847778320e-01
3.389023542404174805e-01 9.527862071990966797e-02
-2.128007411956787109e-01 4.815123081207275391e-01
-2.653596997261047363e-01 -1.518620848655700684e-01
-1.896383762359619141e-01 -8.832693099975585938e-02
-3.061209321022033691e-01 1.542393565177917480e-01
2.905933856964111328e-01 -3.763350844383239746e-01
-1.348205804824829102e-01 2.193948626518249512e-01
4.346041083335876465e-01 -5.040830373764038086e-02
4.229289889335632324e-01 4.623962640762329102e-01
-9.888023138046264648e-02 4.289174079895019531e-02
3.318034410476684570e-01 -2.531993389129638672e-01
3.707760572433471680e-01 -8.300298452377319336e-02
3.160053491592407227e-01 3.654161691665649414e-01
2.298923730850219727e-01 4.520711302757263184e-01
2.572760581970214844e-01 1.836780905723571777e-01
4.862025380134582520e-01 4.102016091346740723e-01
-1.758196353912353516e-01 -4.212940931320190430e-01
-3.219394683837890625e-01 1.237719655036926270e-01
3.295211791992187500e-01 2.405762672424316406e-02
2.048647403717041016e-01 4.698643684387207031e-01
1.477420330047607422e-03 4.434515833854675293e-01
-2.690510749816894531e-01 4.408465623855590820e-01
-1.543716788291931152e-01 -5.175340175628662109e-02
3.552387952804565430e-01 -3.111109137535095215e-01
1.942595839500427246e-01 -4.105166196823120117e-01
3.763395547866821289e-01 -4.535973072052001953e-03
-3.661650419235229492e-02 4.239241480827331543e-01
3.890236020088195801e-01 3.468419909477233887e-01
1.248760819435119629e-01 -2.378452420234680176e-01
-3.444238305091857910e-01 -3.815072774887084961e-01
3.972572684288024902e-01 -2.099447846412658691e-01
3.745796084403991699e-01 3.614872097969055176e-01
-3.012027740478515625e-01 2.561572790145874023e-01
9.200245141983032227e-02 -4.277023077011108398e-01
-4.730105400085449219e-03 -2.852629423141479492e-01
-4.296534657478332520e-01 -2.895237207412719727e-01
-2.845125794410705566e-01 1.496077179908752441e-01
4.243980050086975098e-01 -1.519377231597900391e-01
-3.567453622817993164e-01 -3.229478597640991211e-01
-3.162387609481811523e-01 4.290360808372497559e-01
1.566497087478637695e-01 3.585844039916992188e-01
-2.213848829269409180e-01 4.936127662658691406e-01
-4.793964624404907227e-01 -1.354813575744628906e-01
2.653404474258422852e-01 3.692010045051574707e-01
-1.621787548065185547e-01 -3.473516702651977539e-01
4.376710653305053711e-01 4.874930381774902344e-01
1.810352206230163574e-01 4.997391104698181152e-01
4.504778385162353516e-01 2.988392710685729980e-01
-5.591511726379394531e-03 1.459127664566040039e-02
-3.746748566627502441e-01 -6.158000230789184570e-02
-6.981790065765380859e-02 -4.539726376533508301e-01
-2.557158470153808594e-02 -1.199477314949035645e-01
1.202691793441772461e-01 2.288421988487243652e-01
1.486608982086181641e-01 -9.196299314498901367e-02
-4.879632592201232910e-01 1.457504034042358398e-01
-3.436797857284545898e-01 -2.767254114151000977e-01
4.069857597351074219e-01 3.055624365806579590e-01
-3.273662924766540527e-01 2.179221510887145996e-01
-2.252187728881835938e-01 1.651120185852050781e-02
-7.984220981597900391e-02 -4.615975022315979004e-01
-4.684915542602539062e-01 -3.982870578765869141e-01
4.872180819511413574e-01 -2.162339091300964355e-01
3.581390976905822754e-01 3.273279666900634766e-01
-9.594297409057617188e-02 6.630629301071166992e-02
-1.839318871498107910e-01 -3.580178022384643555e-01
-4.817905426025390625e-01 4.485720992088317871e-01
-1.013528108596801758e-01 -2.892764210700988770e-01
2.997403144836425781e-01 3.532931804656982422e-01
-1.803069114685058594e-01 4.610865712165832520e-01
-3.918634057044982910e-01 -2.126569747924804688e-01
2.039119601249694824e-01 3.269252181053161621e-01
1.099932193756103516e-01 1.717160344123840332e-01
6.061428785324096680e-02 1.842511296272277832e-01
-3.244446516036987305e-01 -6.078046560287475586e-02
5.006927251815795898e-02 -1.566444635391235352e-01
4.693539738655090332e-01 -2.510218024253845215e-01
2.191883325576782227e-01 4.502682685852050781e-01
-7.192438840866088867e-02 3.376901149749755859e-01
-2.150171995162963867e-01 4.893575906753540039e-01
2.559472322463989258e-01 4.917145371437072754e-01
-3.796331882476806641e-01 -1.249178647994995117e-01
-2.448427081108093262e-01 9.201735258102416992e-02
-1.184893846511840820e-01 -1.735936999320983887e-01
-4.604492187500000000e-01 -1.204438209533691406e-01
-4.100092649459838867e-01 -8.913362026214599609e-02
-1.318594813346862793e-01 -4.847748875617980957e-01
3.624409437179565430e-01 1.984401345252990723e-01
-4.649708271026611328e-01 2.593405246734619141e-01
-1.741157174110412598e-01 2.365314364433288574e-01
-1.182895898818969727e-02 -4.426748752593994141e-01
-4.940016269683837891e-01 4.718024134635925293e-01
3.130623102188110352e-01 3.884936571121215820e-01
-2.164198756217956543e-01 3.306019306182861328e-01
3.215766549110412598e-01 -3.570416569709777832e-01
-2.073812484741210938e-01 1.101684570312500000e-01
-1.242626905441284180e-01 -3.157116174697875977e-01
-1.649913787841796875e-01 4.687011241912841797e-01
-1.113417148590087891e-01 2.828277349472045898e-01
-2.577125430107116699e-01 -3.147770762443542480e-01
2.278429865837097168e-01 -3.741576075553894043e-01
-7.025742530822753906e-02 -2.434027194976806641e-02
-1.323050260543823242e-02 4.629738926887512207e-01
6.345552206039428711e-02 -4.931510090827941895e-01
-4.693971276283264160e-01 3.284288644790649414e-01
2.926403284072875977e-01 4.016095995903015137e-01
-4.701089262962341309e-01 -3.404663801193237305e-01
4.519506096839904785e-01 3.261098861694335938e-01
6.188082695007324219e-02 -4.112444519996643066e-01
-2.739588618278503418e-01 3.606961369514465332e-01
3.688213229179382324e-01 2.028584480285644531e-02
-2.110748887062072754e-01 4.732610583305358887e-01
-1.284726262092590332e-01 4.443548917770385742e-01
-3.776071667671203613e-01 4.837098717689514160e-01
6.003206968307495117e-02 3.383098244667053223e-01
-3.926872014999389648e-01 4.458317160606384277e-01
4.086364507675170898e-01 -5.749511718750000000e-02
-2.214318513870239258e-02 2.699341177940368652e-01
-2.953010201454162598e-01 -4.841808676719665527e-01
1.679384708404541016e-02 -2.887764573097229004e-01
-3.952441811561584473e-01 -1.645486354827880859e-01
-7.934349775314331055e-02 -3.088483810424804688e-01
9.903782606124877930e-02 1.844759583473205566e-01
-2.683229446411132812e-01 -2.386729121208190918e-01
-2.116066813468933105e-01 3.466392159461975098e-01
1.905902624130249023e-01 -3.465234041213989258e-01
-3.130574822425842285e-01 4.544585943222045898e-01
-8.457928895950317383e-02 3.326672911643981934e-01
-4.175770878791809082e-01 -4.958891272544860840e-01
-1.700547933578491211e-01 3.716607093811035156e-01
1.155752539634704590e-01 3.799968957901000977e-02
4.224359989166259766e-02 -2.944171428680419922e-03
-1.181491613388061523e-01 -7.066959142684936523e-02
-3.891057372093200684e-01 1.932269334793090820e-01
-4.013655781745910645e-01 2.524331808090209961e-01
4.437566995620727539e-01 8.780533075332641602e-02
-2.169566750526428223e-01 1.876020431518554688e-02
-1.845984458923339844e-01 -2.159675359725952148e-01
-1.854940056800842285e-01 -3.780874609947204590e-01
1.549202203750610352e-02 -1.826895475387573242e-01
-5.548274517059326172e-02 3.998192548751831055e-01
6.957823038101196289e-02 3.499519228935241699e-01
-8.680278062820434570e-02 3.904725909233093262e-01
-4.251734018325805664e-01 -9.365916252136230469e-03
-3.816686272621154785e-01 -4.618657827377319336e-01
-3.358204364776611328e-01 -4.538047909736633301e-01
2.825809717178344727e-01 3.769274353981018066e-01
2.699014544486999512e-01 6.492871046066284180e-02
-6.298702955245971680e-02 -1.960996985435485840e-01
1.249957084655761719e-01 -6.111139059066772461e-02
2.710351943969726562e-01 3.114132881164550781e-01
-4.803239107131958008e-01 -3.951156735420227051e-01
4.570306539535522461e-01 -3.436451554298400879e-01
-8.684694766998291016e-03 4.708482623100280762e-01
1.909388899803161621e-01 2.469501495361328125e-01
1.506388187408447266e-02 3.597897291183471680e-01
-3.836253285408020020e-01 -2.644163370132446289e-02
-4.583303332328796387e-01 -2.126873731613159180e-01
-1.532247662544250488e-01 -3.405315876007080078e-01
-3.290911316871643066e-01 4.940619468688964844e-01
2.100291252136230469e-01 -3.060161471366882324e-01
-2.027205228805541992e-01 -2.888786792755126953e-01
-4.691628217697143555e-01 -1.951773762702941895e-01
4.584006667137145996e-01 -3.548629283905029297e-01
-1.221733093261718750e-01 4.949791431427001953e-01
6.754207611083984375e-02 2.103684544563293457e-01
-1.933229565620422363e-01 4.389765262603759766e-01
3.252882361412048340e-01 -1.685653924942016602e-01
4.767366051673889160e-01 -7.972621917724609375e-02
1.417908668518066406e-01 1.012841463088989258e-01
2.306846976280212402e-01 3.785479068756103516e-02
-2.383858561515808105e-01 1.652707457542419434e-01
6.466811895370483398e-02 -1.805113554000854492e-01
-5.774515867233276367e-02 -3.173217773437500000e-01
3.613692522048950195e-01 -3.762781620025634766e-03
1.523209214210510254e-01 -2.909568548202514648e-01
3.729631900787353516e-01 3.053342103958129883e-01
-4.134266376495361328e-01 2.488788962364196777e-01
2.817763090133666992e-01 3.124843835830688477e-01
-4.408885240554809570e-01 -4.019135236740112305e-02
-3.746289610862731934e-01 2.381044626235961914e-01
-4.271671175956726074e-01 -2.911852002143859863e-01
-4.530064463615417480e-01 1.727755069732666016e-01
3.131560683250427246e-01 -1.350277662277221680e-02
-3.014044165611267090e-01 2.516555190086364746e-01
3.912306427955627441e-01 3.084774613380432129e-01
4.024502038955688477e-01 2.538961172103881836e-01
-4.671734571456909180e-02 2.610802650451660156e-01
-1.470023393630981445e-01 -4.317786097526550293e-01
-3.469246029853820801e-01 1.012653112411499023e-02
2.724556326866149902e-01 -5.665588378906250000e-02
2.398250699043273926e-01 1.453526616096496582e-01
-4.475960731506347656e-01 -3.275232315063476562e-01
-2.988009452819824219e-01 -1.627059578895568848e-01
4.848613142967224121e-01 -3.240064978599548340e-01
2.093302607536315918e-01 2.520201206207275391e-01
4.674994945526123047e-01 -1.367527246475219727e-02
-4.388933181762695312e-01 -2.418292164802551270e-01
-3.114283084869384766e-03 2.160299420356750488e-01
1.928377151489257812e-01 -4.043429493904113770e-01
4.109604358673095703e-01 -6.363737583160400391e-02
-7.288545370101928711e-02 -8.882027864456176758e-02
-3.842724561691284180e-01 4.476761221885681152e-01
-1.149216890335083008e-01 -4.495064020156860352e-01
-4.039722681045532227e-01 -4.589566588401794434e-01
-1.062792539596557617e-02 -1.561688780784606934e-01
4.783720374107360840e-01 4.840748310089111328e-01
3.386666774749755859e-01 4.207674860954284668e-01
3.358576893806457520e-01 -3.677856922149658203e-02
-2.349414825439453125e-01 -1.320078969001770020e-01
3.346920013427734375e-01 -2.453398704528808594e-01
-5.074441432952880859e-02 -3.575801253318786621e-01
3.620209693908691406e-01 1.895499229431152344e-02
-4.279032349586486816e-01 -3.434718847274780273e-01
2.809838056564331055e-01 -1.215794086456298828e-01
1.919093132019042969e-01 -1.897125840187072754e-01
4.543700218200683594e-01 -1.283683180809020996e-01
-1.070604920387268066e-01 -2.292878627777099609e-01
-4.926134943962097168e-01 1.776789426803588867e-01
4.303429126739501953e-01 -3.310703039169311523e-01
-1.433275341987609863e-01 -3.745988011360168457e-01
1.337635517120361328e-01 -2.254688739776611328e-02
-3.145471811294555664e-01 2.313532233238220215e-01
3.072550296783447266e-01 -4.193095564842224121e-01
-3.933753371238708496e-01 -3.348423838615417480e-01
-1.581410169601440430e-01 -5.634522438049316406e-02
-4.422082901000976562e-01 3.068887591361999512e-01
-2.970322370529174805e-01 3.947846889495849609e-01
1.701325178146362305e-01 3.874191641807556152e-01
4.589835405349731445e-01 2.341628074645996094e-01
4.221681952476501465e-01 3.372153043746948242e-01
-1.591933965682983398e-01 4.105038046836853027e-01
3.049082159996032715e-01 2.325119376182556152e-01
3.689430952072143555e-01 1.581963300704956055e-01
4.664151668548583984e-01 4.218447804450988770e-01
-2.814108729362487793e-01 -4.348018169403076172e-01
-3.022359609603881836e-01 -3.066918253898620605e-01
4.776788353919982910e-01 -4.697805047035217285e-01
3.754345178604125977e-01 4.254626631736755371e-01
1.297414302825927734e-03 4.708076715469360352e-01
-4.731097221374511719e-01 -2.720695137977600098e-01
6.742894649505615234e-03 -9.906804561614990234e-02
-2.717869877815246582e-01 1.670761108398437500e-01
-4.186590909957885742e-01 -3.313735723495483398e-01
-7.721728086471557617e-02 2.643084526062011719e-01
1.573372483253479004e-01 -6.656080484390258789e-02
-3.445599675178527832e-01 4.126351475715637207e-01
-4.389035701751708984e-01 -3.117334246635437012e-01
2.316147089004516602e-02 -3.249089121818542480e-01
3.274378180503845215e-01 -3.873671889305114746e-01
-4.176748991012573242e-01 -3.063841462135314941e-01
-3.828641772270202637e-01 7.886993885040283203e-02
-4.971294403076171875e-01 -1.762854456901550293e-01
-3.554866909980773926e-01 -4.447666406631469727e-01
-4.645376205444335938e-01 -1.931575536727905273e-01
-3.937728404998779297e-01 -3.286711573600769043e-01
1.253718137741088867e-02 3.671289682388305664e-01
-9.004062414169311523e-02 -2.877559065818786621e-01
-1.316309571266174316e-01 -8.038455247879028320e-02
4.811413884162902832e-01 -4.899569749832153320e-01
3.553174138069152832e-01 1.078624725341796875e-01
1.351184248924255371e-01 -3.943974971771240234e-01
-3.760023117065429688e-01 -2.314171195030212402e-01
-2.103183269500732422e-01 1.978648900985717773e-01
2.730618119239807129e-01 4.996063709259033203e-01
3.512341380119323730e-01 2.498614788055419922e-01
2.436158061027526855e-01 3.504567146301269531e-01
2.384272217750549316e-01 -6.724423170089721680e-02
1.519210934638977051e-01 -4.561621546745300293e-01
3.904302120208740234e-01 -3.784715533256530762e-01
-2.512177228927612305e-01 -2.965561747550964355e-01
3.737787008285522461e-01 3.101739883422851562e-01
1.259434223175048828e-01 2.448875904083251953e-01
-2.867093086242675781e-01 1.524017453193664551e-01
2.308048009872436523e-01 -3.600764870643615723e-01
4.504120349884033203e-02 2.953822016716003418e-01
-7.315570116043090820e-02 2.039096355438232422e-01
3.965734243392944336e-01 -1.072463989257812500e-01
4.975432157516479492e-02 5.772459506988525391e-02
4.300106167793273926e-01 1.490149497985839844e-01
-4.229829907417297363e-01 -9.099304676055908203e-03
4.252352118492126465e-01 -5.398565530776977539e-02
-4.393596053123474121e-01 -3.210219144821166992e-01
-4.956380128860473633e-01 1.284247636795043945e-01
-1.155902147293090820e-01 -2.220163941383361816e-01
7.543253898620605469e-02 2.183519005775451660e-01
-2.730613946914672852e-02 4.452217817306518555e-01
-1.333401203155517578e-01 -1.694869995117187500e-01
1.306932568550109863e-01 2.063179612159729004e-01
1.907912492752075195e-01 1.870896220207214355e-01
-4.828247427940368652e-01 2.201724648475646973e-01
-4.297055602073669434e-01 -1.231476664543151855e-01
1.124984025955200195e-02 -2.531586289405822754e-01
3.804039955139160156e-01 -3.808965086936950684e-01
5.060631036758422852e-02 3.258176445960998535e-01
-4.621198177337646484e-01 -4.729499220848083496e-01
-3.608465194702148438e-04 1.872725486755371094e-01
-2.056129574775695801e-01 -1.049328446388244629e-01
3.526552915573120117e-01 1.260014176368713379e-01
1.280890107154846191e-01 3.775150775909423828e-01
-3.590338230133056641e-01 -3.754519224166870117e-01
3.123120069503784180e-01 -2.143865823745727539e-02
2.868168354034423828e-01 2.727766036987304688e-01
-1.609393954277038574e-01 -4.907718300819396973e-01
2.287476062774658203e-01 -3.378632664680480957e-01
-2.281075716018676758e-01 4.216142296791076660e-01
-1.241642832756042480e-01 -1.294771432876586914e-01
2.089377641677856445e-01 -4.527012705802917480e-01
-4.039469361305236816e-01 5.642765760421752930e-02
-4.406877160072326660e-01 -1.823759675025939941e-01
-5.807417631149291992e-02 1.662099361419677734e-02
-2.838779687881469727e-01 -1.021842360496520996e-01
-4.968771934509277344e-01 -3.120794892311096191e-01
-2.320501804351806641e-01 -3.747421503067016602e-02
-1.520794034004211426e-01 6.777065992355346680e-02
-1.956387162208557129e-01 3.219364285469055176e-01
8.676940202713012695e-02 4.344658851623535156e-01
-1.831536889076232910e-01 -3.801204562187194824e-01
1.837517619132995605e-01 3.069268465042114258e-01
2.284653186798095703e-01 -2.162664532661437988e-01
-3.608639836311340332e-01 -6.467169523239135742e-02
3.387971520423889160e-01 -4.664002656936645508e-01
2.495355606079101562e-01 -3.447577357292175293e-01
-8.723449707031250000e-02 -8.869588375091552734e-03
3.815820813179016113e-01 -4.871977567672729492e-01
-1.729254722595214844e-01 3.480510115623474121e-01
-4.280062913894653320e-01 -2.936959266662597656e-03
-9.817540645599365234e-02 1.985283493995666504e-01
2.135052084922790527e-01 2.576362490653991699e-01
3.173834085464477539e-02 1.940789222717285156e-01
3.460496664047241211e-02 1.689362525939941406e-02
2.812224626541137695e-01 4.537317752838134766e-01
9.576165676116943359e-02 2.125957608222961426e-01
-2.810160517692565918e-01 4.384875297546386719e-01
-2.983148694038391113e-01 -3.666259646415710449e-01
8.769524097442626953e-02 3.229407072067260742e-01
-1.744693517684936523e-02 -4.155715703964233398e-01
-8.906483650207519531e-02 1.683055162429809570e-01
-4.404856562614440918e-01 -8.949708938598632812e-02
1.587287783622741699e-01 7.460331916809082031e-02
-1.675965785980224609e-01 -2.993711233139038086e-01
2.431117892265319824e-01 -2.481877803802490234e-03
-1.369408369064331055e-01 -1.225153803825378418e-01
-1.189724802970886230e-01 2.138334512710571289e-01
3.626368641853332520e-01 2.578324675559997559e-01
-7.505774497985839844e-02 4.846811890602111816e-01
-3.931750059127807617e-01 -4.576348066329956055e-01
8.678346872329711914e-02 1.498812437057495117e-01
2.247236371040344238e-01 2.967340350151062012e-01
1.328219771385192871e-01 -1.949275135993957520e-01
3.186016678810119629e-01 -2.507906556129455566e-01
2.704210877418518066e-01 -2.199108600616455078e-01
4.134219884872436523e-02 3.658626079559326172e-01
3.399004340171813965e-01 3.473311066627502441e-01
-2.794392704963684082e-01 4.890356659889221191e-01
-4.646981954574584961e-01 -3.830565810203552246e-01
4.663856029510498047e-01 -4.661600589752197266e-01
-1.760653257369995117e-01 3.304578661918640137e-01
4.000260829925537109e-01 2.991855144500732422e-02
-2.962677478790283203e-01 1.779999136924743652e-01
1.905436515808105469e-01 -4.121651053428649902e-01
4.912429451942443848e-01 1.689288616180419922e-01
3.074476122856140137e-01 4.577023386955261230e-01
4.613292217254638672e-01 -3.652141094207763672e-01
4.014710783958435059e-01 6.570422649383544922e-02
-1.436810493469238281e-01 2.099214196205139160e-01
3.553841710090637207e-01 9.076744318008422852e-02
3.396705985069274902e-01 4.276037216186523438e-03
4.341194033622741699e-01 -2.594671249389648438e-01
-4.543442130088806152e-01 -3.462145328521728516e-01
-4.542573094367980957e-01 -3.135187625885009766e-01
3.664113879203796387e-01 2.450788021087646484e-02
3.228897452354431152e-01 6.305629014968872070e-02
2.542889118194580078e-01 5.985736846923828125e-03
2.682737708091735840e-01 4.827189445495605469e-02
3.466233611106872559e-01 4.427022933959960938e-01
6.353014707565307617e-02 -3.565750718116760254e-01
-7.768011093139648438e-02 -1.933026313781738281e-01
-3.875488042831420898e-01 2.661455273628234863e-01
4.580549001693725586e-01 -4.968575835227966309e-01
-1.464036107063293457e-01 -4.112023115158081055e-02
4.972324371337890625e-01 -1.083425879478454590e-01
-3.607040047645568848e-01 1.812039017677307129e-01
-1.883922815322875977e-01 4.001163244247436523e-01
4.643664956092834473e-01 4.124888181686401367e-01
5.570107698440551758e-02 -1.961250305175781250e-01
1.130015254020690918e-01 -4.825786352157592773e-01
-3.203029036521911621e-01 4.231370091438293457e-01
4.644939899444580078e-01 4.011732339859008789e-01
-1.679658293724060059e-01 3.992712497711181641e-01
-1.702189445495605469e-02 -1.868600249290466309e-01
1.277664303779602051e-01 1.913043856620788574e-01
-4.135309457778930664e-01 2.254095673561096191e-01
-4.399580359458923340e-01 2.324247360229492188e-02
3.011260032653808594e-01 5.046838521957397461e-02
-4.914945363998413086e-02 -3.394404053688049316e-01
2.424153089523315430e-01 -4.595190286636352539e-01
5.018401145935058594e-02 -3.960213661193847656e-01
-2.325168848037719727e-01 4.743074774742126465e-01
-9.357547760009765625e-02 -2.240316867828369141e-01
3.030640482902526855e-01 -4.388636350631713867e-02
1.765592694282531738e-01 1.869781613349914551e-01
6.746757030487060547e-02 4.250796437263488770e-01
-4.544592499732971191e-01 1.360257267951965332e-01
-3.610903620719909668e-01 4.534609913825988770e-01
-1.021187901496887207e-01 -1.046518087387084961e-01
4.699007272720336914e-01 -4.332796335220336914e-01
-2.812473773956298828e-01 1.928070187568664551e-01
-3.560644388198852539e-02 -4.186058640480041504e-01
1.430633664131164551e-01 3.552747368812561035e-01
-4.743558168411254883e-01 2.665035128593444824e-01
-3.941649198532104492e-01 -1.060050725936889648e-01
-1.177193522453308105e-01 4.744057059288024902e-01
-3.433273434638977051e-01 -3.363814353942871094e-01
-8.977127075195312500e-02 -1.469941139221191406e-01
-2.107187509536743164e-01 1.427341103553771973e-01
1.681190729141235352e-02 2.510465383529663086e-01
8.559280633926391602e-02 -2.842838764190673828e-01
1.887977123260498047e-03 3.535330295562744141e-01
-1.419339776039123535e-01 2.888186573982238770e-01
-3.155244588851928711e-01 6.081610918045043945e-02
-8.413207530975341797e-02 2.326490283012390137e-01
3.152287006378173828e-02 -4.963159561157226562e-02
8.290565013885498047e-02 9.411877393722534180e-02
8.479148149490356445e-02 -2.695924043655395508e-02
-3.173232078552246094e-02 -2.969497442245483398e-02
-4.854407310485839844e-01 -2.954521179199218750e-01
2.185375094413757324e-01 4.271332621574401855e-01
2.544783353805541992e-01 1.660325527191162109e-01
-2.314535379409790039e-01 -2.370545864105224609e-01
-3.736312985420227051e-01 -1.803949475288391113e-01
-3.344386219978332520e-01 -1.596248745918273926e-01
1.475511193275451660e-01 4.742741584777832031e-03
4.620426893234252930e-02 9.302127361297607422e-02
-2.359521985054016113e-01 2.683025598526000977e-01
3.985730409622192383e-01 -9.760195016860961914e-02
-2.601288557052612305e-01 4.190989136695861816e-01
-6.370925903320312500e-02 -1.208446621894836426e-01
-4.538751840591430664e-01 -4.816924929618835449e-01
3.347902894020080566e-01 1.983295083045959473e-01
1.528511047363281250e-01 -4.413314461708068848e-01
-4.853659272193908691e-01 3.179056644439697266e-01
-1.340263485908508301e-01 2.450354099273681641e-01
-4.301837682723999023e-01 2.393569350242614746e-01
-4.158662557601928711e-01 1.422853469848632812e-01
-1.572235822677612305e-01 -4.252008199691772461e-01
1.021260023117065430e-01 3.198677301406860352e-01
3.281222581863403320e-01 -4.723541736602783203e-01
3.536746501922607422e-01 2.975062727928161621e-01
2.024347186088562012e-01 -3.140170574188232422e-01
-4.800361394882202148e-02 -2.097517848014831543e-01
-1.606933474540710449e-01 4.722739458084106445e-01
-1.867275238037109375e-01 -1.207547783851623535e-01
-4.855346679687500000e-01 3.587694764137268066e-01
-2.253693342208862305e-01 -1.340587139129638672e-01
3.151490688323974609e-01 3.050513863563537598e-01
1.900274157524108887e-01 -1.110792756080627441e-01
-8.215081691741943359e-02 2.475139498710632324e-01
-3.050080537796020508e-01 -1.662456393241882324e-01
4.401333928108215332e-01 -1.744550466537475586e-02
-1.242572069168090820e-02 -4.885523915290832520e-01
3.484233021736145020e-01 1.262065768241882324e-01
-4.436597824096679688e-01 4.310067296028137207e-01
-2.640904188156127930e-01 4.746360182762145996e-01
-1.539692282676696777e-01 4.127198457717895508e-02
3.141881227493286133e-01 4.347158670425415039e-01
3.397565484046936035e-01 -2.860748767852783203e-01
-7.177895307540893555e-02 -4.783679842948913574e-01
3.565476536750793457e-01 -9.216237068176269531e-02
1.211413741111755371e-01 -7.061147689819335938e-02
-3.790520429611206055e-01 -4.185776710510253906e-01
-3.296154737472534180e-02 2.778053879737854004e-01
-4.920418262481689453e-01 2.779865264892578125e-01
-1.547312140464782715e-01 -1.859322786331176758e-01
-1.580989360809326172e-02 -4.323943257331848145e-01
-1.730464100837707520e-01 1.154460906982421875e-01
-4.051859378814697266e-01 4.473667740821838379e-01
2.962535619735717773e-01 3.706864118576049805e-01
-2.522141933441162109e-01 -2.248964905738830566e-01
-1.047441959381103516e-01 2.900126576423645020e-01
-3.330141901969909668e-01 -2.404246330261230469e-01
-2.705937623977661133e-02 1.598186492919921875e-01
2.496761083602905273e-02 2.352774143218994141e-02
7.718199491500854492e-02 3.166323304176330566e-01
2.592127323150634766e-01 3.747830986976623535e-01
2.217248678207397461e-01 2.006795406341552734e-01
-2.873402833938598633e-02 5.613481998443603516e-02
-3.796548247337341309e-01 9.756588935852050781e-02
2.787913680076599121e-01 -2.445089221000671387e-01
-2.957473397254943848e-01 5.317652225494384766e-02
-4.666978716850280762e-01 -4.595821499824523926e-01
2.995960712432861328e-01 3.961806893348693848e-01
-1.093437075614929199e-01 1.424633264541625977e-01
3.682553172111511230e-01 3.987028002738952637e-01
1.111203432083129883e-01 -4.942944049835205078e-01
1.814746260643005371e-01 -3.404076695442199707e-01
-6.096959114074707031e-03 3.403874039649963379e-01
1.319143176078796387e-01 -1.520765423774719238e-01
-3.969918489456176758e-01 2.642590999603271484e-01
-4.989690184593200684e-01 1.681649684906005859e-02
6.526601314544677734e-02 8.015704154968261719e-02
-2.590965628623962402e-01 -4.200965166091918945e-01
3.565242290496826172e-01 -1.780949831008911133e-01
-3.089835047721862793e-01 -4.844040274620056152e-01
7.201451063156127930e-02 3.383181691169738770e-01
2.961775660514831543e-01 1.411331295967102051e-01
4.219114184379577637e-01 -2.166432142257690430e-01
2.205539941787719727e-01 2.365566492080688477e-01
-1.574253439903259277e-01 -2.162092328071594238e-01
-3.057831525802612305e-02 3.834440708160400391e-01
1.979765892028808594e-01 2.364510297775268555e-02
-4.524232745170593262e-01 -9.246158599853515625e-02
3.693477511405944824e-01 4.237716197967529297e-01
-1.551577448844909668e-01 4.565372467041015625e-01
3.384701013565063477e-01 1.812859773635864258e-01
-2.399107217788696289e-01 1.093163490295410156e-01
3.561664819717407227e-01 -4.729676246643066406e-02
3.657357096672058105e-01 3.483316302299499512e-01
3.479886651039123535e-01 -4.071460962295532227e-01
-2.210095524787902832e-01 -2.605810761451721191e-01
3.535592555999755859e-01 -4.792043566703796387e-01
-5.711686611175537109e-02 4.365122318267822266e-01
3.532875776290893555e-01 -1.549696326255798340e-01
-8.144807815551757812e-02 -4.618963003158569336e-01
1.070153713226318359e-01 -1.795768737792968750e-02
-1.921332478523254395e-01 -4.033263921737670898e-01
-2.283309698104858398e-01 8.244502544403076172e-02
-2.773436307907104492e-01 2.695577740669250488e-01
-4.594349861145019531e-02 -3.068841695785522461e-01
-3.335052132606506348e-01 -4.689267873764038086e-01
1.846950650215148926e-01 3.898379802703857422e-01
1.899823546409606934e-01 1.625776886940002441e-01
-4.902210235595703125e-01 3.292908668518066406e-01
3.686259388923645020e-01 3.929550647735595703e-01
-4.413869976997375488e-01 -2.450093030929565430e-01
3.016752004623413086e-01 -3.671288490295410156e-01
-3.638905286788940430e-02 2.793883085250854492e-01
-3.556871414184570312e-01 -2.606272697448730469e-03
4.448368549346923828e-01 2.283383607864379883e-01
-4.527258872985839844e-01 4.769277572631835938e-02
3.453794717788696289e-01 2.483019232749938965e-01
2.227755188941955566e-01 2.660277485847473145e-01
4.742084145545959473e-01 -2.839375138282775879e-01
3.031749725341796875e-01 3.824533224105834961e-01
2.313391566276550293e-01 1.257490515708923340e-01
1.168558001518249512e-01 4.534077644348144531e-02
-1.423234343528747559e-01 1.289089918136596680e-01
-3.663519620895385742e-01 -4.815196394920349121e-01
1.812675595283508301e-01 -1.589658856391906738e-01
-2.168191075325012207e-01 -2.949398159980773926e-01
5.270093679428100586e-02 5.168896913528442383e-02
-4.459874629974365234e-01 -4.164811372756958008e-01
-2.062737941741943359e-01 4.854995012283325195e-02
3.708531856536865234e-01 1.828009486198425293e-01
-3.391098976135253906e-01 -3.011068701744079590e-01
3.869772553443908691e-01 1.029551625251770020e-01
4.113379716873168945e-01 -8.946096897125244141e-02
-2.930361628532409668e-01 4.635306000709533691e-01
2.322733402252197266e-03 9.001493453979492188e-04
-3.553791046142578125e-01 -4.957983493804931641e-01
4.857790470123291016e-02 1.364235877990722656e-01
3.882201910018920898e-01 1.558300852775573730e-01
3.309348225593566895e-01 5.629956722259521484e-03
3.579894900321960449e-01 -2.124159932136535645e-01
-4.131866693496704102e-01 -4.562564492225646973e-01
-4.102330207824707031e-01 3.738227486610412598e-01
-4.941371679306030273e-01 4.436233639717102051e-01
2.161040306091308594e-01 3.404119014739990234e-01
-4.090996384620666504e-01 -1.924044489860534668e-01
-1.176310181617736816e-01 -2.485476732254028320e-01
-2.116285562515258789e-01 -9.602695703506469727e-02
3.895039558410644531e-01 -1.951031088829040527e-01
2.445095777511596680e-01 -8.211129903793334961e-02
3.127155303955078125e-01 -2.842568159103393555e-01
1.508218646049499512e-01 5.451184511184692383e-02
4.500553011894226074e-01 5.389088392257690430e-02
-2.854966521263122559e-01 -4.810120463371276855e-01
2.548241019248962402e-01 2.458721399307250977e-01
-2.817318439483642578e-01 2.005575895309448242e-01
-2.291315793991088867e-02 -4.218652248382568359e-01
4.319436550140380859e-01 1.554652452468872070e-01
8.658671379089355469e-02 -2.944206595420837402e-01
-4.762515425682067871e-01 6.040179729461669922e-02
2.270013093948364258e-01 -4.588615894317626953e-02
-3.652865290641784668e-01 -2.757630944252014160e-01
-3.683311343193054199e-01 -2.465241551399230957e-01
-4.851268529891967773e-01 -4.661704897880554199e-01
4.664983153343200684e-01 1.227438449859619141e-01
4.753988981246948242e-02 -4.609176516532897949e-01
4.601565599441528320e-01 4.727316498756408691e-01
-2.775995135307312012e-01 -1.139057278633117676e-01
-9.263294935226440430e-02 -1.348742246627807617e-01
3.825730681419372559e-01 -5.755186080932617188e-02
-3.863220214843750000e-01 6.758970022201538086e-02
-3.116176128387451172e-01 -4.075546860694885254e-01
-3.470903635025024414e-02 -2.152217626571655273e-01
4.054124951362609863e-01 3.801795840263366699e-01
4.946574568748474121e-01 4.194344282150268555e-01
1.564348340034484863e-01 8.678871393203735352e-02
4.700720906257629395e-01 1.586371064186096191e-01
3.568176031112670898e-01 3.923100233078002930e-01
1.451945304870605469e-02 4.727482795715332031e-02
2.439111471176147461e-01 -3.026087880134582520e-01
-4.523425698280334473e-01 4.611742496490478516e-01
-1.769027709960937500e-01 3.706318140029907227e-02
2.661484479904174805e-01 -2.057077884674072266e-01
2.178449630737304688e-01 1.107440590858459473e-01
1.687511801719665527e-01 -2.498853802680969238e-01
-4.356516599655151367e-01 2.591612935066223145e-01
2.723347544670104980e-01 5.006539821624755859e-02
-4.705346822738647461e-01 -2.208069562911987305e-01
-3.999899625778198242e-01 -2.358018755912780762e-01
-3.596544265747070312e-02 3.227846622467041016e-01
4.238272309303283691e-01 8.498525619506835938e-02
8.460485935211181641e-02 -4.486784338951110840e-01
1.729059815406799316e-01 2.596282958984375000e-02
-7.329106330871582031e-02 3.674233555793762207e-01
3.337568044662475586e-01 4.403003454208374023e-01
-2.671998143196105957e-01 1.704429984092712402e-01
4.892510175704956055e-02 1.653743982315063477e-01
-3.210219740867614746e-01 7.089680433273315430e-02
4.335622787475585938e-01 -4.148044586181640625e-01
-4.408662319183349609e-01 3.779818415641784668e-01
-2.034438848495483398e-01 1.929056644439697266e-01
-1.298674941062927246e-01 1.081550717353820801e-01
4.966468811035156250e-01 1.100974678993225098e-01
-4.315555691719055176e-01 -3.463472127914428711e-01
3.430232405662536621e-01 2.587735652923583984e-03
-4.814428091049194336e-01 3.101147413253784180e-01
-2.244360446929931641e-01 4.868517518043518066e-01
-8.858102560043334961e-02 -6.672567129135131836e-02
-2.147265076637268066e-01 -6.303834915161132812e-02
-3.511676192283630371e-01 1.650844216346740723e-01
4.364560246467590332e-01 3.403502106666564941e-01
3.942744135856628418e-01 1.025497913360595703e-02
1.723845005035400391e-01 -2.582850456237792969e-01
3.288685679435729980e-01 -2.819141149520874023e-01
3.924942016601562500e-01 3.460732698440551758e-01
4.291059970855712891e-01 6.182253360748291016e-02
3.669728636741638184e-01 -3.399890661239624023e-02
-3.850909471511840820e-01 1.171693205833435059e-01
-9.044265747070312500e-02 1.054207086563110352e-01
4.225201606750488281e-01 1.950045824050903320e-01
-2.922484278678894043e-01 -1.107469201087951660e-01
2.127494812011718750e-01 -2.699051499366760254e-01
-3.912965059280395508e-01 2.182090282440185547e-02
4.786790609359741211e-01 2.065902352333068848e-01
-1.088414192199707031e-01 -1.268421411514282227e-01
-4.710197448730468750e-03 -4.003878235816955566e-01
-1.997320652008056641e-01 2.526831626892089844e-01
2.001219987869262695e-01 -2.583379745483398438e-01
-3.143619298934936523e-01 2.597639560699462891e-01
-1.499176025390625000e-03 1.449172496795654297e-01
4.584050178527832031e-02 4.743384122848510742e-01
2.704047560691833496e-01 4.885312914848327637e-01
-3.249397873878479004e-01 -1.468108296394348145e-01
-1.028456687927246094e-01 1.518034934997558594e-02
7.877385616302490234e-02 3.973598480224609375e-01
-4.078423976898193359e-02 -4.446055293083190918e-01
2.491623163223266602e-01 -1.760160923004150391e-02
1.627231836318969727e-01 -2.121133804321289062e-01
9.042263031005859375e-03 4.839283227920532227e-01
-1.128650307655334473e-01 -1.987592577934265137e-01
3.272097706794738770e-01 2.163441777229309082e-01
3.828328847885131836e-01 -5.728489160537719727e-02
2.748188376426696777e-01 -3.650179505348205566e-01
-2.625063657760620117e-01 -3.178131580352783203e-02
-3.122985363006591797e-01 -3.062411546707153320e-01
-1.048371791839599609e-01 8.729165792465209961e-02
-2.694632411003112793e-01 3.567240834236145020e-01
-4.425730705261230469e-01 -3.712443709373474121e-01
4.299768209457397461e-01 -4.548704624176025391e-01
-2.531090974807739258e-01 -1.083351373672485352e-01
8.880066871643066406e-02 -3.590061068534851074e-01
-1.414312720298767090e-01 -1.149010062217712402e-01
8.108502626419067383e-02 -1.911143660545349121e-01
4.447055459022521973e-01 -2.986809611320495605e-01
1.225143671035766602e-01 -8.402079343795776367e-02
-1.182056665420532227e-01 3.023604154586791992e-01
-3.624975681304931641e-02 4.940743446350097656e-01
-3.306912183761596680e-01 -7.504940032958984375e-02
3.594149351119995117e-01 2.571927309036254883e-01
-1.888945698738098145e-01 -4.905556440353393555e-01
3.921007513999938965e-01 -4.762209653854370117e-01
-1.869659423828125000e-01 2.004595398902893066e-01
3.582836985588073730e-01 8.211010694503784180e-02
2.340214252471923828e-01 -8.703094720840454102e-02
3.888123631477355957e-01 -7.672709226608276367e-02
2.055453658103942871e-01 -2.722934484481811523e-01
-3.565183877944946289e-01 -1.324525475502014160e-01
2.012940049171447754e-01 -3.782708048820495605e-01
-2.587130665779113770e-01 1.511417031288146973e-01
2.619078159332275391e-01 -4.428476691246032715e-01
-4.791359901428222656e-01 -2.570448517799377441e-01
-3.844938874244689941e-01 -8.517789840698242188e-02
-2.215775847434997559e-01 1.029675602912902832e-01
-5.222111940383911133e-02 2.249076962471008301e-01
3.568557500839233398e-01 4.202556610107421875e-01
-1.630058884620666504e-01 1.515012979507446289e-02
-4.988828897476196289e-01 3.894517421722412109e-01
4.681492447853088379e-01 -9.807527065277099609e-03
2.120816111564636230e-01 -3.967152237892150879e-01
3.295783400535583496e-01 2.812056541442871094e-01
-3.599976897239685059e-01 4.942669272422790527e-01
3.995823860168457031e-02 1.440294384956359863e-01
-3.783612847328186035e-01 2.745419144630432129e-01
3.814915418624877930e-01 2.326059341430664062e-01
7.402300834655761719e-02 -1.416660547256469727e-01
-9.739166498184204102e-02 1.628782153129577637e-01
-1.870702505111694336e-01 -4.406601190567016602e-01
-3.533825874328613281e-01 -4.129481315612792969e-02
-3.503589630126953125e-01 -3.108503818511962891e-01
-4.876903295516967773e-01 -3.622808456420898438e-01
-1.089912652969360352e-02 -6.512248516082763672e-02
1.700325012207031250e-01 4.592039585113525391e-01
-4.234913587570190430e-01 -7.949680089950561523e-02
2.172250151634216309e-01 2.950065732002258301e-01
1.533251404762268066e-01 3.596359491348266602e-01
-3.078725934028625488e-01 -3.284278512001037598e-01
-1.517665982246398926e-01 -4.594819545745849609e-01
3.320170044898986816e-01 -1.183226108551025391e-01
-1.215885877609252930e-01 -1.622998714447021484e-02
3.773065805435180664e-01 -3.655872344970703125e-01
-2.038961052894592285e-01 3.940169811248779297e-01
-4.211087226867675781e-01 4.209903478622436523e-01
1.202276945114135742e-01 3.108096718788146973e-01
2.958452105522155762e-01 9.466350078582763672e-02
3.145798444747924805e-01 1.592061519622802734e-01
-1.758015751838684082e-01 -3.453680872917175293e-01
1.567554473876953125e-01 3.923366665840148926e-01
-4.353005290031433105e-01 -1.564896106719970703e-01
-4.064757823944091797e-01 -2.308394312858581543e-01
-2.627829313278198242e-01 1.468207836151123047e-01
-3.196257948875427246e-01 3.494650125503540039e-02
-2.209693193435668945e-01 -7.382464408874511719e-02
1.383191347122192383e-02 3.805308938026428223e-01
-1.365622878074645996e-01 4.315320253372192383e-01
-1.117511391639709473e-01 -4.539131522178649902e-01
-2.914386391639709473e-01 3.259857296943664551e-01
-1.390861272811889648e-01 -8.447653055191040039e-02
1.719651818275451660e-01 -3.504707217216491699e-01
-1.207002401351928711e-01 -3.639050722122192383e-01
-4.263727068901062012e-01 2.755498290061950684e-01
-3.717893362045288086e-02 2.471495270729064941e-01
9.679645299911499023e-02 5.514305830001831055e-02
-1.412709355354309082e-01 -1.287171840667724609e-01
4.272221922874450684e-01 -2.714486122131347656e-01
3.859385848045349121e-01 -4.578292965888977051e-01
3.889405727386474609e-01 -3.564777970314025879e-01
1.495516896247863770e-01 2.758581638336181641e-01
4.006013274192810059e-01 -3.903331756591796875e-01
-1.621874570846557617e-01 -3.401350378990173340e-01
-5.144655704498291016e-03 3.194083571434020996e-01
1.104645729064941406e-01 -2.046368122100830078e-01
2.820622920989990234e-01 4.176080822944641113e-01
-3.040160536766052246e-01 2.861059904098510742e-01
8.862787485122680664e-02 -5.844295024871826172e-03
1.668465137481689453e-02 1.998859643936157227e-01
-5.273520946502685547e-02 -4.414715170860290527e-01
1.703886985778808594e-01 2.076768875122070312e-01
2.989645004272460938e-01 4.422204494476318359e-01
-2.618193626403808594e-01 4.612445831298828125e-01
-3.085142970085144043e-01 -3.710967302322387695e-02
-3.503946661949157715e-01 2.246910929679870605e-01
4.820267558097839355e-01 1.232787966728210449e-01
-8.342772722244262695e-02 -1.956210136413574219e-01
3.127592206001281738e-01 3.485810160636901855e-01
3.392156958580017090e-01 1.273977756500244141e-01
4.159076809883117676e-01 -1.961628198623657227e-01
-2.046036720275878906e-01 2.446841597557067871e-01
2.166427969932556152e-01 1.057007312774658203e-01
-3.189699053764343262e-01 -1.985060572624206543e-01
3.603630065917968750e-01 -3.352996706962585449e-01
-1.482769846916198730e-01 -4.330695271492004395e-01
6.909787654876708984e-03 1.584283113479614258e-01
1.557257771492004395e-01 6.274813413619995117e-02
2.113416790962219238e-01 3.542866706848144531e-01
1.341843605041503906e-02 3.507660031318664551e-01
-2.605985403060913086e-01 -1.797361969947814941e-01
4.070466160774230957e-01 -2.494431734085083008e-01
4.576229453086853027e-01 -1.592758893966674805e-01
-1.176946759223937988e-01 -2.152788639068603516e-01
1.458370089530944824e-01 -2.414122819900512695e-01
-4.406546950340270996e-01 -3.336514234542846680e-01
1.488940715789794922e-01 3.886700272560119629e-01
-1.289898157119750977e-01 -4.743484854698181152e-01
2.257820963859558105e-01 3.691758513450622559e-01
-8.690333366394042969e-02 2.455893754959106445e-01
3.944056034088134766e-01 -2.664129137992858887e-01
1.045408248901367188e-01 3.814901709556579590e-01
4.425460100173950195e-02 2.290707826614379883e-02
1.204289793968200684e-01 2.895048856735229492e-01
-3.716796040534973145e-01 -2.191010117530822754e-01
2.799887657165527344e-01 -1.697176694869995117e-01
-3.296502828598022461e-01 -4.526247978210449219e-01
-2.156877517700195312e-01 -3.687489032745361328e-02
-4.491829276084899902e-01 4.422269463539123535e-01
4.310605525970458984e-01 -1.210533976554870605e-01
4.450339674949645996e-01 -3.769966959953308105e-01
5.705785751342773438e-02 -1.591198444366455078e-01
-6.321656703948974609e-02 8.716583251953125000e-02
2.662772536277770996e-01 2.549961209297180176e-01
-2.454298734664916992e-01 4.284555912017822266e-01
1.477936506271362305e-01 -7.218825817108154297e-02
-3.877598047256469727e-02 -3.745461702346801758e-01
-4.096920490264892578e-01 -1.481209397315979004e-01
2.594999074935913086e-01 -4.746044278144836426e-01
-4.790253639221191406e-01 -4.080553054809570312e-01
4.360884428024291992e-01 -6.048059463500976562e-02
7.838237285614013672e-02 2.410432696342468262e-01
1.016434431076049805e-01 -1.298696994781494141e-01
4.769889116287231445e-01 1.922994852066040039e-02
-4.469412565231323242e-01 3.439081311225891113e-01
-3.133129477500915527e-01 3.160936236381530762e-01
-3.403372168540954590e-01 2.590381503105163574e-01
-2.245942950248718262e-01 1.650184392929077148e-02
-4.326577186584472656e-01 -2.302255034446716309e-01
-3.159872293472290039e-01 1.613080501556396484e-02
1.294071674346923828e-01 2.933015227317810059e-01
-1.064490675926208496e-01 -3.857736587524414062e-01
3.798598647117614746e-01 5.580168962478637695e-02
1.276701092720031738e-01 4.752891659736633301e-01
5.190628767013549805e-02 -2.875668406486511230e-01
-3.162640929222106934e-01 -7.327818870544433594e-02
7.932603359222412109e-03 -3.307296037673950195e-01
-3.144836425781250000e-02 -6.220829486846923828e-02
1.152211427688598633e-02 -4.345074295997619629e-01
8.368062973022460938e-02 -3.048765659332275391e-02
1.506320238113403320e-01 1.997272372245788574e-01
-4.637677669525146484e-01 9.596705436706542969e-02
-2.613134384155273438e-01 -2.388784885406494141e-01
-3.692972660064697266e-01 -4.353421330451965332e-01
7.687991857528686523e-02 3.424310684204101562e-01
-4.131093025207519531e-01 -3.609295487403869629e-01
5.791991949081420898e-02 3.284493684768676758e-01
3.653582930564880371e-01 -3.380793929100036621e-01
-4.812985658645629883e-02 2.397871017456054688e-02
-2.803126573562622070e-01 -3.988010883331298828e-01
-3.868252038955688477e-02 1.000356674194335938e-01
3.020378351211547852e-01 4.912441968917846680e-02
3.280418515205383301e-01 4.335538744926452637e-01
-8.939653635025024414e-02 3.384736180305480957e-01
2.412508130073547363e-01 2.523649334907531738e-01
1.731066107749938965e-01 5.206346511840820312e-03
-3.802909255027770996e-01 4.118402004241943359e-01
2.982589006423950195e-01 3.294312953948974609e-02
-5.307912826538085938e-02 -4.705401062965393066e-01
3.239667415618896484e-01 -1.788825392723083496e-01
-4.107398390769958496e-01 -4.487482905387878418e-01
1.561169624328613281e-01 3.827121257781982422e-01
2.461892366409301758e-01 -3.188505172729492188e-01
-3.045740723609924316e-01 -1.810540556907653809e-01
-1.373076438903808594e-01 8.476108312606811523e-02
-9.570938348770141602e-02 1.465858817100524902e-01
-2.379425764083862305e-01 7.851022481918334961e-02
5.894428491592407227e-02 -1.038706302642822266e-02
-3.555554151535034180e-01 -5.980265140533447266e-02
1.865414977073669434e-01 -6.822103261947631836e-02
-2.480727434158325195e-02 8.328503370285034180e-02
-3.917789459228515625e-02 3.621077537536621094e-02
-3.230150938034057617e-01 2.785992622375488281e-02
-3.901032209396362305e-01 -4.661927819252014160e-01
-2.782676815986633301e-01 1.608379483222961426e-01
2.157033681869506836e-01 -3.156751394271850586e-02
-1.753118634223937988e-01 3.731897473335266113e-01
-2.707963585853576660e-01 4.233602881431579590e-01
1.581391096115112305e-01 3.438782691955566406e-01
1.403257846832275391e-01 3.207747340202331543e-01
-3.803224563598632812e-01 6.820678710937500000e-02
-7.226848602294921875e-02 4.409359693527221680e-01
3.966701030731201172e-01 -2.377558946609497070e-01
2.107599973678588867e-01 3.641659021377563477e-02
3.496420979499816895e-01 -1.915847063064575195e-01
3.579130768775939941e-01 -4.559904932975769043e-01
1.943901181221008301e-01 -1.459254622459411621e-01
7.155239582061767578e-02 6.556147336959838867e-02
-4.929500818252563477e-01 3.116813898086547852e-01
4.087514281272888184e-01 -2.341701388359069824e-01
1.842110157012939453e-01 3.790394663810729980e-01
-3.854612708091735840e-01 -7.744491100311279297e-02
2.707028985023498535e-01 -3.421161770820617676e-01
-1.143102645874023438e-01 -1.131067276000976562e-01
4.620834589004516602e-01 -3.265919089317321777e-01
-6.268078088760375977e-02 3.024018406867980957e-01
-6.840974092483520508e-02 -7.387930154800415039e-02
1.914446353912353516e-01 6.088376045227050781e-03
-1.809352040290832520e-01 -3.700476884841918945e-01
1.997942924499511719e-01 1.938153505325317383e-01
-1.108356714248657227e-01 4.822384119033813477e-01
3.776428699493408203e-01 -4.961937665939331055e-02
3.576732873916625977e-01 2.860671281814575195e-02
2.760029435157775879e-01 4.498342871665954590e-01
-1.446170210838317871e-01 2.049497961997985840e-01
-4.286519289016723633e-01 -4.881606698036193848e-01
3.484376072883605957e-01 9.262484312057495117e-02
-4.748411774635314941e-01 -4.449616074562072754e-01
2.749637365341186523e-01 6.473141908645629883e-02
-2.442455887794494629e-01 2.084294557571411133e-01
4.029059410095214844e-01 -2.250025272369384766e-01
2.380995154380798340e-01 1.080716252326965332e-01
7.030719518661499023e-02 3.042064905166625977e-01
9.901005029678344727e-02 -3.624293804168701172e-01
-4.084128141403198242e-01 -1.863675117492675781e-01
-8.237296342849731445e-02 1.745911836624145508e-01
3.839005231857299805e-01 -3.211049437522888184e-01
6.636619567871093750e-03 2.500240802764892578e-01
-4.807555675506591797e-02 -4.839120507240295410e-01
3.920483589172363281e-02 -4.491848349571228027e-01
4.591550230979919434e-01 2.536789774894714355e-01
1.085340380668640137e-01 -1.294105052947998047e-01
2.194597721099853516e-01 2.623884081840515137e-01
-4.234566688537597656e-01 -2.375198006629943848e-01
-4.956427216529846191e-01 1.488583087921142578e-01
3.877796530723571777e-01 -1.832073926925659180e-02
9.960770606994628906e-02 3.189030289649963379e-01
3.653379082679748535e-01 -1.662468910217285156e-01
-2.560903429985046387e-01 -4.252255558967590332e-01
3.048964142799377441e-01 4.357709288597106934e-01
-3.610455393791198730e-01 -1.677939295768737793e-01
4.336862564086914062e-01 1.956790685653686523e-01
3.752253055572509766e-01 -4.902649521827697754e-01
-3.751282095909118652e-01 4.905983805656433105e-01
2.029613852500915527e-01 -4.151141643524169922e-02
-3.942868709564208984e-01 -4.820678234100341797e-01
-5.936497449874877930e-02 -3.386378288269042969e-01
-2.191249132156372070e-01 -1.478052139282226562e-02
-4.197676777839660645e-01 1.586264371871948242e-01
4.107076525688171387e-01 -4.185962677001953125e-01
4.908388853073120117e-02 -3.959907293319702148e-01
-8.170932531356811523e-02 5.124038457870483398e-02
-1.582925915718078613e-01 -3.895284533500671387e-01
2.235510349273681641e-01 -2.656692266464233398e-02
1.631539463996887207e-01 1.226668953895568848e-01
1.416838169097900391e-01 1.984416842460632324e-01
-4.141229987144470215e-01 -8.670997619628906250e-02
1.967656016349792480e-01 -1.709610819816589355e-01
8.188915252685546875e-02 1.829620599746704102e-01
-5.837851762771606445e-02 3.413368463516235352e-01
2.604778409004211426e-01 9.482651948928833008e-02
3.064900636672973633e-01 1.733967065811157227e-01
