4.090515375137329102e-01 6.870788931846618652e-01
7.319793701171875000e-01 6.648731827735900879e-01
5.603620409965515137e-01 4.064119458198547363e-01
4.663551747798919678e-01 5.681802630424499512e-01
7.661373019218444824e-01 5.736435651779174805e-01
6.960862874984741211e-01 4.603357911109924316e-01
5.574983954429626465e-01 7.644668817520141602e-01
6.467463970184326172e-01 6.596313118934631348e-01
4.140699803829193115e-01 7.340235710144042969e-01
4.764403700828552246e-01 7.553738355636596680e-01
5.821568369865417480e-01 5.100687742233276367e-01
6.329263448715209961e-01 4.283779561519622803e-01
4.558666944503784180e-01 7.690844535827636719e-01
4.384911954402923584e-01 5.511710047721862793e-01
6.712824702262878418e-01 6.021062731742858887e-01
5.989541411399841309e-01 5.703842043876647949e-01
6.526737213134765625e-01 6.230640411376953125e-01
5.550648570060729980e-01 5.863777995109558105e-01
5.762114524841308594e-01 7.893366813659667969e-01
6.086474061012268066e-01 4.050574004650115967e-01
6.367954015731811523e-01 8.218110799789428711e-01
7.527561187744140625e-01 5.654354095458984375e-01
5.363540053367614746e-01 4.850293099880218506e-01
6.369863152503967285e-01 5.120292305946350098e-01
5.490770936012268066e-01 5.765579342842102051e-01
6.739926934242248535e-01 4.292273521423339844e-01
6.779763102531433105e-01 4.119921326637268066e-01
5.460718274116516113e-01 4.575878381729125977e-01
5.098053216934204102e-01 4.842415452003479004e-01
5.935418605804443359e-01 7.721291780471801758e-01
6.142857074737548828e-01 7.222837805747985840e-01
7.171747088432312012e-01 6.138213872909545898e-01
5.597699880599975586e-01 7.646737694740295410e-01
7.678197622299194336e-01 5.779254436492919922e-01
6.588483452796936035e-01 7.683370113372802734e-01
5.469629764556884766e-01 7.154999971389770508e-01
5.614847540855407715e-01 3.925206661224365234e-01
5.294793248176574707e-01 4.323701262474060059e-01
4.708745777606964111e-01 3.918572068214416504e-01
7.547249197959899902e-01 6.409526467323303223e-01
5.376470088958740234e-01 4.407212734222412109e-01
4.891721904277801514e-01 7.707492709159851074e-01
7.497216463088989258e-01 6.556779146194458008e-01
4.827568829059600830e-01 6.131725907325744629e-01
7.482614517211914062e-01 4.617853164672851562e-01
6.579077839851379395e-01 6.968551874160766602e-01
5.735933780670166016e-01 6.920570731163024902e-01
6.904499530792236328e-01 4.525736570358276367e-01
5.862458944320678711e-01 5.241625308990478516e-01
3.952197432518005371e-01 5.031666755676269531e-01
7.993161082267761230e-01 6.194983720779418945e-01
4.695858061313629150e-01 5.508402585983276367e-01
6.975534558296203613e-01 5.661050677299499512e-01
5.079065561294555664e-01 4.402056336402893066e-01
7.117662429809570312e-01 6.430383920669555664e-01
6.777173876762390137e-01 7.583704590797424316e-01
5.614244341850280762e-01 5.239818692207336426e-01
6.241480112075805664e-01 6.657327413558959961e-01
5.276126861572265625e-01 6.985708475112915039e-01
6.068407893180847168e-01 3.663769960403442383e-01
7.164537906646728516e-01 5.199719071388244629e-01
7.566010355949401855e-01 4.922020137310028076e-01
7.116346955299377441e-01 4.136893153190612793e-01
3.660120368003845215e-01 5.705513358116149902e-01
7.251154184341430664e-01 4.316193163394927979e-01
7.167618274688720703e-01 4.801265597343444824e-01
4.805723130702972412e-01 5.322338342666625977e-01
5.875989198684692383e-01 5.930964350700378418e-01
5.716930031776428223e-01 7.472180128097534180e-01
6.463043689727783203e-01 8.210129737854003906e-01
5.275636911392211914e-01 3.807816207408905029e-01
4.535812735557556152e-01 5.168846249580383301e-01
6.947922706604003906e-01 4.628293514251708984e-01
5.757162570953369141e-01 6.285989284515380859e-01
3.989844918251037598e-01 5.978938937187194824e-01
3.933711349964141846e-01 6.445498466491699219e-01
6.765893101692199707e-01 4.634160101413726807e-01
4.538608193397521973e-01 5.916911959648132324e-01
4.302572011947631836e-01 5.757136344909667969e-01
6.092960834503173828e-01 6.560839414596557617e-01
5.892289876937866211e-01 5.404642820358276367e-01
5.583887696266174316e-01 4.661382734775543213e-01
5.220105648040771484e-01 5.279876589775085449e-01
5.069772601127624512e-01 5.657273530960083008e-01
8.044911623001098633e-01 6.615650653839111328e-01
8.117890954017639160e-01 6.128398180007934570e-01
8.044359683990478516e-01 5.475012063980102539e-01
4.100513160228729248e-01 5.312234759330749512e-01
5.509245395660400391e-01 5.306283831596374512e-01
5.190535187721252441e-01 5.126844048500061035e-01
6.064007282257080078e-01 4.580022990703582764e-01
4.022783637046813965e-01 5.299748778343200684e-01
5.256409049034118652e-01 6.585511565208435059e-01
7.942414879798889160e-01 6.442036628723144531e-01
4.413366317749023438e-01 7.227939963340759277e-01
7.930570244789123535e-01 5.942692160606384277e-01
6.896387934684753418e-01 6.583005189895629883e-01
6.922622919082641602e-01 6.472008228302001953e-01
4.634892940521240234e-01 3.529156744480133057e-01
4.363583028316497803e-01 6.815845370292663574e-01
6.558960676193237305e-01 8.045903444290161133e-01
5.605709552764892578e-01 6.513459682464599609e-01
6.074535250663757324e-01 6.187628507614135742e-01
6.131449341773986816e-01 6.942322850227355957e-01
6.343795657157897949e-01 5.452047586441040039e-01
6.529470682144165039e-01 7.544888854026794434e-01
4.002790451049804688e-01 6.698140501976013184e-01
4.220241606235504150e-01 6.509393453598022461e-01
5.000537633895874023e-01 4.614335298538208008e-01
7.502337098121643066e-01 5.412920117378234863e-01
7.183439731597900391e-01 5.329666733741760254e-01
5.545651316642761230e-01 6.409707665443420410e-01
6.518605947494506836e-01 7.395337224006652832e-01
7.338159680366516113e-01 4.581229686737060547e-01
5.544742941856384277e-01 5.449962019920349121e-01
5.705633759498596191e-01 5.594702363014221191e-01
6.810336709022521973e-01 4.470238089561462402e-01
6.182279586791992188e-01 6.211804151535034180e-01
6.937877535820007324e-01 5.132264494895935059e-01
6.057123541831970215e-01 5.176206827163696289e-01
4.997496604919433594e-01 6.215791702270507812e-01
7.698733210563659668e-01 6.720314025878906250e-01
6.231707930564880371e-01 7.023021578788757324e-01
5.234847664833068848e-01 7.195135354995727539e-01
6.426134705543518066e-01 6.657265424728393555e-01
4.563812911510467529e-01 7.237181663513183594e-01
4.429718852043151855e-01 5.950523614883422852e-01
6.247813701629638672e-01 4.260855019092559814e-01
4.734216630458831787e-01 5.367591381072998047e-01
4.665474295616149902e-01 4.334410130977630615e-01
7.882948517799377441e-01 5.672153234481811523e-01
6.157250404357910156e-01 4.784289002418518066e-01
4.408524930477142334e-01 4.827072918415069580e-01
6.447999477386474609e-01 4.050923585891723633e-01
7.557423710823059082e-01 6.500882506370544434e-01
4.743348062038421631e-01 5.270014405250549316e-01
5.377435684204101562e-01 6.063715815544128418e-01
7.418372035026550293e-01 4.642866849899291992e-01
6.192969083786010742e-01 7.438813447952270508e-01
4.997639954090118408e-01 5.838671922683715820e-01
7.151271104812622070e-01 4.451711177825927734e-01
6.870693564414978027e-01 5.768157839775085449e-01
6.049064397811889648e-01 4.057578444480895996e-01
6.561030745506286621e-01 7.335525751113891602e-01
7.460840940475463867e-01 6.487811803817749023e-01
6.200036406517028809e-01 4.496928155422210693e-01
5.678102970123291016e-01 4.023256897926330566e-01
5.320085287094116211e-01 4.358675777912139893e-01
4.093343913555145264e-01 6.183477044105529785e-01
5.451840162277221680e-01 3.827749490737915039e-01
5.045599937438964844e-01 4.384321570396423340e-01
5.243875980377197266e-01 7.485376596450805664e-01
6.048879027366638184e-01 3.878755867481231689e-01
5.550326108932495117e-01 5.040860772132873535e-01
6.039292216300964355e-01 6.957758665084838867e-01
5.669785737991333008e-01 4.615861177444458008e-01
6.494901776313781738e-01 6.485321521759033203e-01
7.146288752555847168e-01 6.487638354301452637e-01
5.672302246093750000e-01 4.211728572845458984e-01
7.597016096115112305e-01 6.119514703750610352e-01
5.226901769638061523e-01 4.272671341896057129e-01
7.902789711952209473e-01 6.283062100410461426e-01
7.001038193702697754e-01 6.636359095573425293e-01
5.897374153137207031e-01 5.245966911315917969e-01
6.313459277153015137e-01 5.812174677848815918e-01
7.659869194030761719e-01 4.970533847808837891e-01
4.218196868896484375e-01 6.660901308059692383e-01
4.470918774604797363e-01 5.062177181243896484e-01
4.247520565986633301e-01 6.897364854812622070e-01
6.682049632072448730e-01 5.683958530426025391e-01
4.345129728317260742e-01 5.534434914588928223e-01
4.212348163127899170e-01 6.519253849983215332e-01
5.954388380050659180e-01 7.272644042968750000e-01
4.635483622550964355e-01 7.435954213142395020e-01
6.768681406974792480e-01 4.710046947002410889e-01
6.823164224624633789e-01 4.718621671199798584e-01
7.312067151069641113e-01 5.836584568023681641e-01
6.923425197601318359e-01 5.445775389671325684e-01
4.567374587059020996e-01 6.393688321113586426e-01
7.589214444160461426e-01 6.487560272216796875e-01
7.508934140205383301e-01 6.268858909606933594e-01
7.075743675231933594e-01 4.855160415172576904e-01
6.879512667655944824e-01 4.542837142944335938e-01
6.627468466758728027e-01 6.118063926696777344e-01
5.381481051445007324e-01 7.317433357238769531e-01
6.787233948707580566e-01 4.486454129219055176e-01
8.159531354904174805e-01 5.486741662025451660e-01
7.699443697929382324e-01 5.890793800354003906e-01
5.964453220367431641e-01 7.036944627761840820e-01
6.510767936706542969e-01 7.092004418373107910e-01
6.642376780509948730e-01 4.806139767169952393e-01
5.135492682456970215e-01 3.859917521476745605e-01
4.444490373134613037e-01 6.389855742454528809e-01
4.821085929870605469e-01 6.057648062705993652e-01
7.056576013565063477e-01 5.424314141273498535e-01
6.290331482887268066e-01 8.087545633316040039e-01
6.323223710060119629e-01 5.603780150413513184e-01
7.287706732749938965e-01 5.951275229454040527e-01
7.775655984878540039e-01 5.223121643066406250e-01
6.953349113464355469e-01 7.790092229843139648e-01
7.365461587905883789e-01 4.402851760387420654e-01
5.937872529029846191e-01 7.449449896812438965e-01
7.220506668090820312e-01 6.127707362174987793e-01
6.578289270401000977e-01 5.752397775650024414e-01
8.157014846801757812e-01 5.431504845619201660e-01
5.262240171432495117e-01 6.782407164573669434e-01
4.372230172157287598e-01 5.974357128143310547e-01
5.695881843566894531e-01 7.635957598686218262e-01
8.066095113754272461e-01 4.914005696773529053e-01
4.144302904605865479e-01 5.280821919441223145e-01
4.210352897644042969e-01 5.854597091674804688e-01
7.309492826461791992e-01 4.885588884353637695e-01
6.456376314163208008e-01 5.641081929206848145e-01
5.537200570106506348e-01 4.422642886638641357e-01
5.892695188522338867e-01 5.984060168266296387e-01
7.055568695068359375e-01 7.141644954681396484e-01
7.903612256050109863e-01 4.823396205902099609e-01
5.082594156265258789e-01 6.436468362808227539e-01
7.519441246986389160e-01 6.837184429168701172e-01
8.257474899291992188e-01 5.150367617607116699e-01
5.102574229240417480e-01 3.820370733737945557e-01
5.826626420021057129e-01 3.887501060962677002e-01
6.764486432075500488e-01 6.124391555786132812e-01
4.066803455352783203e-01 6.486964821815490723e-01
5.217230916023254395e-01 4.660483598709106445e-01
7.863988280296325684e-01 5.713569521903991699e-01
6.448226571083068848e-01 4.913984835147857666e-01
6.538281440734863281e-01 6.757211089134216309e-01
5.207434892654418945e-01 6.778188347816467285e-01
3.587682843208312988e-01 6.257992386817932129e-01
3.990748226642608643e-01 5.831392407417297363e-01
6.399867534637451172e-01 4.833074808120727539e-01
6.375762224197387695e-01 7.423305511474609375e-01
6.352511644363403320e-01 7.425049543380737305e-01
6.904857158660888672e-01 5.833959579467773438e-01
5.376040935516357422e-01 5.849277973175048828e-01
7.763028144836425781e-01 5.606961846351623535e-01
5.586381554603576660e-01 4.070623219013214111e-01
6.608451008796691895e-01 7.650933861732482910e-01
7.593690156936645508e-01 5.241072773933410645e-01
5.682831406593322754e-01 3.767692148685455322e-01
5.587780475616455078e-01 4.106021225452423096e-01
6.094098687171936035e-01 4.747239053249359131e-01
5.075779557228088379e-01 5.815930366516113281e-01
6.519575119018554688e-01 7.417982220649719238e-01
4.689821898937225342e-01 5.246726870536804199e-01
7.616055011749267578e-01 6.821814179420471191e-01
6.308124661445617676e-01 4.544404447078704834e-01
4.963097572326660156e-01 3.813715279102325439e-01
6.856492161750793457e-01 5.631344318389892578e-01
4.449433088302612305e-01 5.027641654014587402e-01
4.841186106204986572e-01 3.909739851951599121e-01
4.382836222648620605e-01 5.347934365272521973e-01
7.603813409805297852e-01 5.586481094360351562e-01
7.771973609924316406e-01 6.453225016593933105e-01
6.167675256729125977e-01 7.804325222969055176e-01
5.233240723609924316e-01 3.830752372741699219e-01
6.628248095512390137e-01 7.228729724884033203e-01
6.924360394477844238e-01 5.266106128692626953e-01
5.948191285133361816e-01 6.137685179710388184e-01
4.654434621334075928e-01 6.507968306541442871e-01
5.523649454116821289e-01 3.612734079360961914e-01
7.498753070831298828e-01 4.549261927604675293e-01
6.683223247528076172e-01 4.778463840484619141e-01
3.976996839046478271e-01 6.615697741508483887e-01
5.626206994056701660e-01 7.260037064552307129e-01
4.655387699604034424e-01 7.512711286544799805e-01
5.125747919082641602e-01 4.327737987041473389e-01
4.607650041580200195e-01 5.129256844520568848e-01
5.036313533782958984e-01 6.976908445358276367e-01
6.541918516159057617e-01 5.262691974639892578e-01
4.206094145774841309e-01 5.690848231315612793e-01
7.684366106986999512e-01 4.790267944335937500e-01
5.556571483612060547e-01 7.157517671585083008e-01
4.067225456237792969e-01 6.262181997299194336e-01
7.768348455429077148e-01 5.203120708465576172e-01
4.986250400543212891e-01 3.928802609443664551e-01
6.165142655372619629e-01 5.880324840545654297e-01
5.432643890380859375e-01 4.123177826404571533e-01
5.997972488403320312e-01 4.666504263877868652e-01
7.439255118370056152e-01 6.163680553436279297e-01
7.057357430458068848e-01 6.401492357254028320e-01
7.095264792442321777e-01 5.607222318649291992e-01
5.538873672485351562e-01 5.910987257957458496e-01
5.084804296493530273e-01 7.142094373703002930e-01
7.032955288887023926e-01 4.460890889167785645e-01
7.289786934852600098e-01 5.004131793975830078e-01
7.786839604377746582e-01 6.177523732185363770e-01
5.893647074699401855e-01 7.412344813346862793e-01
5.900090932846069336e-01 4.069045782089233398e-01
4.949436187744140625e-01 7.135196924209594727e-01
6.652542352676391602e-01 4.573117494583129883e-01
7.191105484962463379e-01 7.314361929893493652e-01
5.773450136184692383e-01 4.072823226451873779e-01
7.536219954490661621e-01 6.241009831428527832e-01
5.432709455490112305e-01 5.661439299583435059e-01
7.496148347854614258e-01 5.307639241218566895e-01
6.980983614921569824e-01 6.354932188987731934e-01
5.472837090492248535e-01 4.165546000003814697e-01
6.760218739509582520e-01 6.976007819175720215e-01
4.995538592338562012e-01 4.667216241359710693e-01
5.944560170173645020e-01 7.001373171806335449e-01
8.105443120002746582e-01 5.129633545875549316e-01
5.084466338157653809e-01 6.960223317146301270e-01
5.402677059173583984e-01 6.693699359893798828e-01
5.797654390335083008e-01 5.619143247604370117e-01
4.374276697635650635e-01 4.874131977558135986e-01
5.853406786918640137e-01 5.895715355873107910e-01
6.279716491699218750e-01 4.924399256706237793e-01
5.490009784698486328e-01 4.987446665763854980e-01
5.770306587219238281e-01 5.393080115318298340e-01
4.105220437049865723e-01 6.851183772087097168e-01
5.036055445671081543e-01 6.908985376358032227e-01
6.858937144279479980e-01 4.723818302154541016e-01
5.048329830169677734e-01 6.552513241767883301e-01
5.847238898277282715e-01 7.691437005996704102e-01
6.211474537849426270e-01 7.783350348472595215e-01
4.791564345359802246e-01 7.032026052474975586e-01
5.416443347930908203e-01 5.796585679054260254e-01
5.065161585807800293e-01 6.376869082450866699e-01
5.189902782440185547e-01 3.745509386062622070e-01
6.930228471755981445e-01 7.427915334701538086e-01
6.582551002502441406e-01 4.344578683376312256e-01
6.749395728111267090e-01 6.238734722137451172e-01
5.839095115661621094e-01 4.799064993858337402e-01
4.431458711624145508e-01 6.341760158538818359e-01
6.133242845535278320e-01 4.456822872161865234e-01
7.724617123603820801e-01 6.255199909210205078e-01
7.326891422271728516e-01 4.926718473434448242e-01
3.790004253387451172e-01 6.661274433135986328e-01
7.411304116249084473e-01 5.242651104927062988e-01
7.748087048530578613e-01 5.769093036651611328e-01
7.568024992942810059e-01 5.762717127799987793e-01
4.999471008777618408e-01 5.478532910346984863e-01
6.329932808876037598e-01 4.055722951889038086e-01
7.110235691070556641e-01 5.541120171546936035e-01
6.943474411964416504e-01 4.576448202133178711e-01
3.670757710933685303e-01 6.063261032104492188e-01
5.078865885734558105e-01 5.427442789077758789e-01
6.750302314758300781e-01 5.283833146095275879e-01
5.398450493812561035e-01 3.821913003921508789e-01
7.247533798217773438e-01 7.815766930580139160e-01
7.236395478248596191e-01 6.862527728080749512e-01
6.262139678001403809e-01 4.093851149082183838e-01
6.672886610031127930e-01 7.996065020561218262e-01
5.765373110771179199e-01 6.254687309265136719e-01
6.291416287422180176e-01 6.373002529144287109e-01
6.056047677993774414e-01 5.209190249443054199e-01
7.877750396728515625e-01 4.854886829853057861e-01
4.955369234085083008e-01 4.547806978225708008e-01
6.419499516487121582e-01 6.205565929412841797e-01
4.613142907619476318e-01 5.787155628204345703e-01
5.640520453453063965e-01 3.959416449069976807e-01
5.157930850982666016e-01 4.145222008228302002e-01
7.242023944854736328e-01 6.003804802894592285e-01
5.034254193305969238e-01 6.681568622589111328e-01
5.091313719749450684e-01 4.543631672859191895e-01
6.958343982696533203e-01 6.659883856773376465e-01
4.713864028453826904e-01 4.333414733409881592e-01
7.533335685729980469e-01 6.132162213325500488e-01
4.697416722774505615e-01 5.797292590141296387e-01
5.730860829353332520e-01 6.490774750709533691e-01
7.439780235290527344e-01 4.563924968242645264e-01
7.179669737815856934e-01 6.315562129020690918e-01
5.415097475051879883e-01 4.272488355636596680e-01
6.665618419647216797e-01 4.560627639293670654e-01
4.712569713592529297e-01 4.460738301277160645e-01
5.365972518920898438e-01 4.372502267360687256e-01
7.540515661239624023e-01 5.587682127952575684e-01
5.364529490470886230e-01 6.549146771430969238e-01
7.784159183502197266e-01 6.621178388595581055e-01
6.755950450897216797e-01 7.715238332748413086e-01
6.558766961097717285e-01 4.928728342056274414e-01
4.036135077476501465e-01 6.643579602241516113e-01
7.058982849121093750e-01 4.487708210945129395e-01
7.312871217727661133e-01 7.224638462066650391e-01
4.825654923915863037e-01 6.436349153518676758e-01
4.891216456890106201e-01 6.276008486747741699e-01
8.140421509742736816e-01 5.000331401824951172e-01
4.090638756752014160e-01 5.801210403442382812e-01
4.955947101116180420e-01 4.797478914260864258e-01
7.842562794685363770e-01 5.024313926696777344e-01
7.688201069831848145e-01 5.597595572471618652e-01
5.871462225914001465e-01 7.203775048255920410e-01
4.834193289279937744e-01 6.414040923118591309e-01
6.395629048347473145e-01 5.295006036758422852e-01
4.147002696990966797e-01 6.120060086250305176e-01
6.560616493225097656e-01 7.743340134620666504e-01
5.254857540130615234e-01 6.380409002304077148e-01
3.731069564819335938e-01 6.663486361503601074e-01
6.368144154548645020e-01 6.810043454170227051e-01
7.666151523590087891e-01 6.931012272834777832e-01
8.348271846771240234e-01 5.707510113716125488e-01
6.447952985763549805e-01 4.924841821193695068e-01
7.651163339614868164e-01 5.607587099075317383e-01
4.050323963165283203e-01 6.193774342536926270e-01
5.789793729782104492e-01 7.727962136268615723e-01
7.300548553466796875e-01 4.872034192085266113e-01
6.330456733703613281e-01 7.635737657546997070e-01
6.925089359283447266e-01 4.266882240772247314e-01
4.916709661483764648e-01 4.126329123973846436e-01
6.189333796501159668e-01 6.568565964698791504e-01
5.886914134025573730e-01 8.012524247169494629e-01
6.020089387893676758e-01 6.840586662292480469e-01
7.730331420898437500e-01 6.538680791854858398e-01
4.126689136028289795e-01 5.252328515052795410e-01
4.153111577033996582e-01 5.269868373870849609e-01
5.983117222785949707e-01 4.454616904258728027e-01
6.543866395950317383e-01 7.758259773254394531e-01
5.102359652519226074e-01 4.543905258178710938e-01
5.808244347572326660e-01 5.706744194030761719e-01
6.691182851791381836e-01 4.182831943035125732e-01
6.538298130035400391e-01 7.480456829071044922e-01
5.528941750526428223e-01 4.656447470188140869e-01
6.814165115356445312e-01 5.042266249656677246e-01
4.900479912757873535e-01 5.731245875358581543e-01
6.339939236640930176e-01 7.292712330818176270e-01
5.652900934219360352e-01 6.796694397926330566e-01
4.668980836868286133e-01 5.770323872566223145e-01
6.509625315666198730e-01 4.379950463771820068e-01
5.345440506935119629e-01 6.982223391532897949e-01
5.072565078735351562e-01 7.381649613380432129e-01
5.665895938873291016e-01 7.568417787551879883e-01
5.045806169509887695e-01 5.360019207000732422e-01
4.880991280078887939e-01 4.107523262500762939e-01
5.079535841941833496e-01 5.460853576660156250e-01
6.388449668884277344e-01 6.646119952201843262e-01
5.651054978370666504e-01 5.981861352920532227e-01
5.400819182395935059e-01 7.340684533119201660e-01
6.960532069206237793e-01 7.538234591484069824e-01
4.933438897132873535e-01 5.013189911842346191e-01
7.546881437301635742e-01 7.384498715400695801e-01
7.713986039161682129e-01 6.692103147506713867e-01
5.322940945625305176e-01 4.941787719726562500e-01
7.758475542068481445e-01 5.685874819755554199e-01
7.039238810539245605e-01 4.666635394096374512e-01
6.612338423728942871e-01 6.349661946296691895e-01
4.222722649574279785e-01 6.633291244506835938e-01
6.215320229530334473e-01 6.675818562507629395e-01
7.547718286514282227e-01 5.767222642898559570e-01
6.781808733940124512e-01 6.881756782531738281e-01
6.892530322074890137e-01 5.755601525306701660e-01
5.185539722442626953e-01 7.008935213088989258e-01
7.543574571609497070e-01 6.157465577125549316e-01
5.925635099411010742e-01 4.499508738517761230e-01
6.705887913703918457e-01 5.791177153587341309e-01
5.482732057571411133e-01 4.157444834709167480e-01
6.353459358215332031e-01 4.344283938407897949e-01
7.934568524360656738e-01 6.230368018150329590e-01
4.308509826660156250e-01 6.231658458709716797e-01
6.358392834663391113e-01 7.634900212287902832e-01
6.439861059188842773e-01 6.598510742187500000e-01
5.642148852348327637e-01 4.538104534149169922e-01
6.480268836021423340e-01 5.861234664916992188e-01
5.568293929100036621e-01 7.724997997283935547e-01
4.121453464031219482e-01 5.009706020355224609e-01
7.877039909362792969e-01 5.473476052284240723e-01
5.569794178009033203e-01 5.013345479965209961e-01
7.021215558052062988e-01 5.698570609092712402e-01
7.552142143249511719e-01 6.772451996803283691e-01
6.976225376129150391e-01 5.814930796623229980e-01
7.621471285820007324e-01 5.652852654457092285e-01
7.771880030632019043e-01 6.555379629135131836e-01
6.959875226020812988e-01 4.959962666034698486e-01
7.603978514671325684e-01 5.433262586593627930e-01
5.968569517135620117e-01 4.146701395511627197e-01
7.925407290458679199e-01 5.775536894798278809e-01
4.326824247837066650e-01 5.967251062393188477e-01
7.734865546226501465e-01 5.931631922721862793e-01
5.938959121704101562e-01 4.634509980678558350e-01
5.299285054206848145e-01 3.637391924858093262e-01
4.928794801235198975e-01 5.670288801193237305e-01
7.273777723312377930e-01 4.704465568065643311e-01
8.021201491355895996e-01 6.008488535881042480e-01
5.454173684120178223e-01 4.118702411651611328e-01
5.943124294281005859e-01 3.914834856986999512e-01
4.928019344806671143e-01 7.422650456428527832e-01
7.490496039390563965e-01 6.790980100631713867e-01
5.331843495368957520e-01 7.409187555313110352e-01
5.481590628623962402e-01 5.396547317504882812e-01
5.089792609214782715e-01 4.336775839328765869e-01
7.458897829055786133e-01 7.130660414695739746e-01
5.319582223892211914e-01 6.496989130973815918e-01
6.174691319465637207e-01 6.224682927131652832e-01
5.479941964149475098e-01 5.420156121253967285e-01
5.241025686264038086e-01 5.610309243202209473e-01
7.429299950599670410e-01 5.516845583915710449e-01
7.158668637275695801e-01 7.356018424034118652e-01
7.663944959640502930e-01 4.877345860004425049e-01
4.951188564300537109e-01 4.915647804737091064e-01
7.503784894943237305e-01 4.855732917785644531e-01
6.040537953376770020e-01 7.401612997055053711e-01
6.877096891403198242e-01 5.517501831054687500e-01
5.908362269401550293e-01 6.706057786941528320e-01
3.887365460395812988e-01 6.668119430541992188e-01
4.751658141613006592e-01 4.866000115871429443e-01
6.505331397056579590e-01 5.867132544517517090e-01
6.645166277885437012e-01 4.148232638835906982e-01
4.638429284095764160e-01 6.194041967391967773e-01
5.649535059928894043e-01 6.902309060096740723e-01
8.034872412681579590e-01 5.348669290542602539e-01
8.032016754150390625e-01 6.292566657066345215e-01
6.013733148574829102e-01 8.210208415985107422e-01
4.843878746032714844e-01 5.960892438888549805e-01
5.523610711097717285e-01 6.790236830711364746e-01
4.137226939201354980e-01 5.874657034873962402e-01
6.667729020118713379e-01 7.311334013938903809e-01
7.240333557128906250e-01 4.348518252372741699e-01
7.194444537162780762e-01 5.282039642333984375e-01
4.587814807891845703e-01 7.251197695732116699e-01
7.339938879013061523e-01 6.600683927536010742e-01
4.256121516227722168e-01 5.971778035163879395e-01
7.342941761016845703e-01 4.919715523719787598e-01
6.069208383560180664e-01 4.398371875286102295e-01
4.935857653617858887e-01 5.265240073204040527e-01
5.007691383361816406e-01 4.379390180110931396e-01
4.668008983135223389e-01 6.158868670463562012e-01
7.711274027824401855e-01 6.487318277359008789e-01
5.836241841316223145e-01 7.795093655586242676e-01
6.428354978561401367e-01 5.743041038513183594e-01
5.376970767974853516e-01 4.483536779880523682e-01
7.847717404365539551e-01 4.854004681110382080e-01
5.985093712806701660e-01 5.780869722366333008e-01
6.702855825424194336e-01 4.399510025978088379e-01
6.914875507354736328e-01 4.470035135746002197e-01
5.495596528053283691e-01 4.963155984878540039e-01
5.455710887908935547e-01 5.692632198333740234e-01
4.723598062992095947e-01 4.759511947631835938e-01
7.162148952484130859e-01 5.972597599029541016e-01
8.089482188224792480e-01 5.752106904983520508e-01
7.862191200256347656e-01 6.373521685600280762e-01
7.943885922431945801e-01 6.150413155555725098e-01
7.596010565757751465e-01 7.231290340423583984e-01
7.546538114547729492e-01 4.982401132583618164e-01
6.770367026329040527e-01 7.583938241004943848e-01
7.434946298599243164e-01 6.405801177024841309e-01
6.865922212600708008e-01 7.751938700675964355e-01
4.124570190906524658e-01 7.114716172218322754e-01
6.010009050369262695e-01 7.344763278961181641e-01
6.080582141876220703e-01 5.488374233245849609e-01
6.054685115814208984e-01 6.569964289665222168e-01
6.187522411346435547e-01 3.954792022705078125e-01
6.509599685668945312e-01 7.129338979721069336e-01
5.964708924293518066e-01 5.796016454696655273e-01
5.104817748069763184e-01 7.698779106140136719e-01
5.530552864074707031e-01 7.360587716102600098e-01
5.035529136657714844e-01 7.450374364852905273e-01
7.708474397659301758e-01 5.027709007263183594e-01
6.752791404724121094e-01 6.528847217559814453e-01
5.987939834594726562e-01 5.326474905014038086e-01
4.065619111061096191e-01 6.391785144805908203e-01
6.915609836578369141e-01 5.821814537048339844e-01
6.869827508926391602e-01 4.977945685386657715e-01
4.856822490692138672e-01 6.430957317352294922e-01
6.723807454109191895e-01 7.981888055801391602e-01
6.501248478889465332e-01 6.653540730476379395e-01
7.628383040428161621e-01 6.157807707786560059e-01
4.387582838535308838e-01 6.501657366752624512e-01
4.852369427680969238e-01 6.798369884490966797e-01
4.797633886337280273e-01 4.845617115497589111e-01
5.317247509956359863e-01 4.293832778930664062e-01
4.871192276477813721e-01 5.434376001358032227e-01
7.380192875862121582e-01 6.991246938705444336e-01
5.775843858718872070e-01 6.745089292526245117e-01
5.376031994819641113e-01 5.635913014411926270e-01
6.806846857070922852e-01 6.715916395187377930e-01
4.570418596267700195e-01 5.382682681083679199e-01
6.676685214042663574e-01 5.418514013290405273e-01
4.497228264808654785e-01 6.629543304443359375e-01
4.202065765857696533e-01 6.775680184364318848e-01
5.842873454093933105e-01 6.756426692008972168e-01
6.335283517837524414e-01 7.962988018989562988e-01
6.354104280471801758e-01 3.972532451152801514e-01
5.091110467910766602e-01 6.128237247467041016e-01
7.432181835174560547e-01 6.185898184776306152e-01
6.897462606430053711e-01 5.167959928512573242e-01
4.073442816734313965e-01 6.430709958076477051e-01
5.562640428543090820e-01 4.995701909065246582e-01
4.672408998012542725e-01 7.186135053634643555e-01
6.933515667915344238e-01 5.353873968124389648e-01
7.772904634475708008e-01 6.642845273017883301e-01
5.210821032524108887e-01 5.054091215133666992e-01
4.687266647815704346e-01 7.493897080421447754e-01
5.583398938179016113e-01 6.652188301086425781e-01
4.161198139190673828e-01 4.931529462337493896e-01
5.296173691749572754e-01 4.550279378890991211e-01
5.163445472717285156e-01 7.235220670700073242e-01
4.786862432956695557e-01 5.499188899993896484e-01
6.594128608703613281e-01 6.333916783332824707e-01
4.132178425788879395e-01 5.522330403327941895e-01
6.034017801284790039e-01 5.881085991859436035e-01
5.122409462928771973e-01 3.819062709808349609e-01
5.422963500022888184e-01 5.484445095062255859e-01
8.008005619049072266e-01 5.083343982696533203e-01
4.436128437519073486e-01 7.039097547531127930e-01
4.354115724563598633e-01 6.227477192878723145e-01
5.608861446380615234e-01 6.507288813591003418e-01
5.024577379226684570e-01 3.591101467609405518e-01
7.386629581451416016e-01 5.160280466079711914e-01
6.147979497909545898e-01 6.338780522346496582e-01
4.352744817733764648e-01 5.925831794738769531e-01
6.022902131080627441e-01 7.233438491821289062e-01
7.278742790222167969e-01 5.508943796157836914e-01
8.261398673057556152e-01 5.099870562553405762e-01
5.546706914901733398e-01 5.735180974006652832e-01
6.542446017265319824e-01 6.883642673492431641e-01
7.264508605003356934e-01 6.907027363777160645e-01
5.164969563484191895e-01 5.223091840744018555e-01
5.301815271377563477e-01 3.643210828304290771e-01
5.879669785499572754e-01 7.138372063636779785e-01
6.582198739051818848e-01 7.292194366455078125e-01
4.729378819465637207e-01 6.539945602416992188e-01
4.377594888210296631e-01 7.234371900558471680e-01
6.445583701133728027e-01 8.036865592002868652e-01
5.491022467613220215e-01 5.285121202468872070e-01
6.335215568542480469e-01 7.115344405174255371e-01
4.769312739372253418e-01 7.358275651931762695e-01
3.564674854278564453e-01 6.499204039573669434e-01
6.216818094253540039e-01 6.779043674468994141e-01
4.947094619274139404e-01 4.091101586818695068e-01
6.466918587684631348e-01 6.237574219703674316e-01
5.128061771392822266e-01 6.648759841918945312e-01
4.518876671791076660e-01 4.693198502063751221e-01
5.165724158287048340e-01 4.601536095142364502e-01
6.927179694175720215e-01 7.862601876258850098e-01
7.430223226547241211e-01 4.591169655323028564e-01
7.893409132957458496e-01 5.382264256477355957e-01
6.570723056793212891e-01 7.694813013076782227e-01
6.981749534606933594e-01 6.568513512611389160e-01
3.677396476268768311e-01 6.618272662162780762e-01
4.157152473926544189e-01 6.183677315711975098e-01
6.368557810783386230e-01 5.219865441322326660e-01
4.181556999683380127e-01 5.526566505432128906e-01
5.485315918922424316e-01 4.032735824584960938e-01
3.756675124168395996e-01 6.685936450958251953e-01
8.141499161720275879e-01 6.389090418815612793e-01
7.712656855583190918e-01 5.609654188156127930e-01
6.263297796249389648e-01 6.188682317733764648e-01
4.651055335998535156e-01 4.410306215286254883e-01
5.195513963699340820e-01 7.716475725173950195e-01
5.690897107124328613e-01 7.644148468971252441e-01
8.208943009376525879e-01 5.765182375907897949e-01
7.803132534027099609e-01 6.433077454566955566e-01
6.840319037437438965e-01 5.165203809738159180e-01
4.871391057968139648e-01 5.633113980293273926e-01
3.781194984912872314e-01 6.539962887763977051e-01
6.395704150199890137e-01 6.457188725471496582e-01
7.098774313926696777e-01 7.491081357002258301e-01
5.579742193222045898e-01 7.451153397560119629e-01
6.609197258949279785e-01 4.291066527366638184e-01
4.984498620033264160e-01 3.716979026794433594e-01
3.785796165466308594e-01 6.687059402465820312e-01
6.474114656448364258e-01 6.992468833923339844e-01
5.777934789657592773e-01 5.090203285217285156e-01
6.610532999038696289e-01 4.166944921016693115e-01
6.742026209831237793e-01 6.780231595039367676e-01
5.800621509552001953e-01 5.622780919075012207e-01
7.838674783706665039e-01 5.675848722457885742e-01
5.773833990097045898e-01 6.898780465126037598e-01
6.626214385032653809e-01 7.063170671463012695e-01
7.257211208343505859e-01 5.448593497276306152e-01
5.590870976448059082e-01 4.273793697357177734e-01
6.590471863746643066e-01 5.220014452934265137e-01
6.673303246498107910e-01 7.965986132621765137e-01
7.280280590057373047e-01 7.233180403709411621e-01
6.602224111557006836e-01 4.197745919227600098e-01
5.822983980178833008e-01 7.224127054214477539e-01
6.619375944137573242e-01 8.157555460929870605e-01
4.329243898391723633e-01 5.106390118598937988e-01
6.944227814674377441e-01 7.091932892799377441e-01
7.376083135604858398e-01 6.695864200592041016e-01
4.911723136901855469e-01 4.254814684391021729e-01
5.850135087966918945e-01 7.085493206977844238e-01
4.187523722648620605e-01 6.383617520332336426e-01
6.096796393394470215e-01 4.095823466777801514e-01
7.389809489250183105e-01 6.995570063591003418e-01
4.857681095600128174e-01 5.588229298591613770e-01
5.944033861160278320e-01 6.699007749557495117e-01
5.921390652656555176e-01 5.668908357620239258e-01
4.716006517410278320e-01 4.591817259788513184e-01
4.687215983867645264e-01 6.955261826515197754e-01
4.757674336433410645e-01 5.246882438659667969e-01
7.640520334243774414e-01 5.534769892692565918e-01
7.879843115806579590e-01 6.031630635261535645e-01
6.361572742462158203e-01 5.690733194351196289e-01
5.041598677635192871e-01 5.231277346611022949e-01
5.348592996597290039e-01 7.197912335395812988e-01
4.805420935153961182e-01 4.553592503070831299e-01
6.583127975463867188e-01 4.530953466892242432e-01
4.520558118820190430e-01 6.674284338951110840e-01
7.959922552108764648e-01 6.308783888816833496e-01
6.874505877494812012e-01 4.571746885776519775e-01
5.502019524574279785e-01 3.662120401859283447e-01
5.200549364089965820e-01 4.871679246425628662e-01
5.128976106643676758e-01 4.115363955497741699e-01
7.034780383110046387e-01 5.860860347747802734e-01
6.324147582054138184e-01 7.284849286079406738e-01
5.733299851417541504e-01 4.710434079170227051e-01
5.294667482376098633e-01 5.339461565017700195e-01
5.096477270126342773e-01 6.790394783020019531e-01
3.794219791889190674e-01 6.331490874290466309e-01
4.813370406627655029e-01 6.868466734886169434e-01
6.951230168342590332e-01 5.494458079338073730e-01
4.763288795948028564e-01 4.498377144336700439e-01
7.219538092613220215e-01 6.386403441429138184e-01
6.086123585700988770e-01 7.534388899803161621e-01
6.031256914138793945e-01 5.442673563957214355e-01
7.969156503677368164e-01 5.183078646659851074e-01
5.892172455787658691e-01 6.272045969963073730e-01
4.883537590503692627e-01 5.343708992004394531e-01
6.970067620277404785e-01 4.351890981197357178e-01
5.888661742210388184e-01 6.148763895034790039e-01
7.980198860168457031e-01 6.760833859443664551e-01
6.304175853729248047e-01 4.182936549186706543e-01
6.842963099479675293e-01 7.575880885124206543e-01
6.909719705581665039e-01 6.152620911598205566e-01
6.022529006004333496e-01 7.719682455062866211e-01
5.146420598030090332e-01 7.408961653709411621e-01
6.255362033843994141e-01 8.039480447769165039e-01
7.135052680969238281e-01 5.210995674133300781e-01
7.789715528488159180e-01 7.182556390762329102e-01
5.212713479995727539e-01 3.987878561019897461e-01
7.045488953590393066e-01 7.690240740776062012e-01
7.912544012069702148e-01 4.787756502628326416e-01
7.355356216430664062e-01 5.898743867874145508e-01
6.404612064361572266e-01 7.919836044311523438e-01
7.556354999542236328e-01 5.983245372772216797e-01
3.702650666236877441e-01 6.555594205856323242e-01
3.974251151084899902e-01 6.864323616027832031e-01
4.940558373928070068e-01 7.060498595237731934e-01
5.547663569450378418e-01 6.134090423583984375e-01
6.748283505439758301e-01 7.159805297851562500e-01
4.729896485805511475e-01 4.507547914981842041e-01
7.360785007476806641e-01 6.942741274833679199e-01
5.351439118385314941e-01 5.570987462997436523e-01
5.628469586372375488e-01 6.666477918624877930e-01
3.727731108665466309e-01 6.223026514053344727e-01
6.330931782722473145e-01 6.107992529869079590e-01
5.137743353843688965e-01 6.261088252067565918e-01
4.901170134544372559e-01 4.898653328418731689e-01
5.416284799575805664e-01 6.247649788856506348e-01
6.553712487220764160e-01 4.463206827640533447e-01
7.650128006935119629e-01 4.977686107158660889e-01
6.584113240242004395e-01 5.846073031425476074e-01
7.217213511466979980e-01 7.021211981773376465e-01
5.611745715141296387e-01 6.849769353866577148e-01
5.349745154380798340e-01 4.347078800201416016e-01
6.202297210693359375e-01 6.939918994903564453e-01
7.463102936744689941e-01 4.676518738269805908e-01
6.088926196098327637e-01 7.436491250991821289e-01
7.679906487464904785e-01 4.627139568328857422e-01
4.977159798145294189e-01 5.747987627983093262e-01
4.946133196353912354e-01 4.565057456493377686e-01
5.421116352081298828e-01 7.820978164672851562e-01
7.878633737564086914e-01 5.183121562004089355e-01
5.488373041152954102e-01 4.196560680866241455e-01
7.781222462654113770e-01 5.205492377281188965e-01
6.496232748031616211e-01 7.845911383628845215e-01
3.783388435840606689e-01 6.213652491569519043e-01
5.443503856658935547e-01 3.874022960662841797e-01
5.173988342285156250e-01 5.154824256896972656e-01
7.548910975456237793e-01 5.430111885070800781e-01
6.356744170188903809e-01 6.646745204925537109e-01
3.889179527759552002e-01 6.612845063209533691e-01
5.161117315292358398e-01 6.268937587738037109e-01
6.152074337005615234e-01 6.158494353294372559e-01
5.041664838790893555e-01 5.003327727317810059e-01
7.374628782272338867e-01 6.767125725746154785e-01
5.338305830955505371e-01 6.137878298759460449e-01
6.718704104423522949e-01 5.870332121849060059e-01
6.109190583229064941e-01 5.791005492210388184e-01
7.340701222419738770e-01 6.810632348060607910e-01
5.346567034721374512e-01 6.281205415725708008e-01
5.801464915275573730e-01 5.023009181022644043e-01
5.976503491401672363e-01 6.846948266029357910e-01
7.727579474449157715e-01 5.334370136260986328e-01
6.061179041862487793e-01 6.412737965583801270e-01
5.480651855468750000e-01 6.017825603485107422e-01
6.141970753669738770e-01 5.322743654251098633e-01
7.451537847518920898e-01 4.672102332115173340e-01
5.155776143074035645e-01 5.764262676239013672e-01
7.786527872085571289e-01 5.299419760704040527e-01
6.113855242729187012e-01 5.283337235450744629e-01
4.365175962448120117e-01 6.695088744163513184e-01
6.623902916908264160e-01 4.570076763629913330e-01
6.883876323699951172e-01 4.408508837223052979e-01
6.399195194244384766e-01 4.005400240421295166e-01
5.118490457534790039e-01 5.720983147621154785e-01
7.099829316139221191e-01 7.824469208717346191e-01
4.343151152133941650e-01 5.800480246543884277e-01
7.614119052886962891e-01 6.641793847084045410e-01
6.921122670173645020e-01 4.631618857383728027e-01
7.521134018898010254e-01 6.408181786537170410e-01
6.758120656013488770e-01 4.769409000873565674e-01
3.907037675380706787e-01 5.812869071960449219e-01
6.788992285728454590e-01 5.519399642944335938e-01
5.249256491661071777e-01 6.855942010879516602e-01
8.088761568069458008e-01 6.022068262100219727e-01
7.868235707283020020e-01 6.142907738685607910e-01
4.752767384052276611e-01 4.860362112522125244e-01
6.139594316482543945e-01 6.664547920227050781e-01
6.692107915878295898e-01 6.906390190124511719e-01
5.644000768661499023e-01 5.136013031005859375e-01
7.289295196533203125e-01 5.654365420341491699e-01
6.289271712303161621e-01 4.768007397651672363e-01
6.329051852226257324e-01 7.880626916885375977e-01
8.295440077781677246e-01 6.358734369277954102e-01
6.697839498519897461e-01 6.434447169303894043e-01
7.413024306297302246e-01 6.686393618583679199e-01
5.070753097534179688e-01 5.570647120475769043e-01
4.829012453556060791e-01 6.088101863861083984e-01
4.654325246810913086e-01 6.291230320930480957e-01
6.760876774787902832e-01 4.842374920845031738e-01
6.776250004768371582e-01 7.967624664306640625e-01
5.674740672111511230e-01 5.020144581794738770e-01
5.443366765975952148e-01 5.382061004638671875e-01
7.182580828666687012e-01 6.829110383987426758e-01
5.978950262069702148e-01 4.155763387680053711e-01
7.109972238540649414e-01 4.333370923995971680e-01
4.536492526531219482e-01 5.619533061981201172e-01
5.086631774902343750e-01 4.084802865982055664e-01
4.544430375099182129e-01 5.831581950187683105e-01
6.268714666366577148e-01 4.355847835540771484e-01
5.849332213401794434e-01 6.896148920059204102e-01
4.959969520568847656e-01 6.625159382820129395e-01
5.687269568443298340e-01 4.771915376186370850e-01
5.464966297149658203e-01 7.598792910575866699e-01
4.212782084941864014e-01 6.026368737220764160e-01
7.559130191802978516e-01 4.608409702777862549e-01
5.044152736663818359e-01 5.287141799926757812e-01
5.576143860816955566e-01 4.293642640113830566e-01
8.005229830741882324e-01 6.135722994804382324e-01
7.147426009178161621e-01 5.065706968307495117e-01
7.874457240104675293e-01 7.239843010902404785e-01
7.230048775672912598e-01 6.306029558181762695e-01
5.608621239662170410e-01 4.049292802810668945e-01
7.414757609367370605e-01 4.429792463779449463e-01
8.189236521720886230e-01 5.445723533630371094e-01
5.741637349128723145e-01 6.664441227912902832e-01
7.009949684143066406e-01 4.574326574802398682e-01
6.339598298072814941e-01 7.794975638389587402e-01
6.576619744300842285e-01 7.890775203704833984e-01
5.593409538269042969e-01 6.738363504409790039e-01
4.040729403495788574e-01 5.209791064262390137e-01
7.339875698089599609e-01 4.260823130607604980e-01
6.564657688140869141e-01 4.147459268569946289e-01
6.817039251327514648e-01 7.045276165008544922e-01
4.639154076576232910e-01 6.652380228042602539e-01
6.815657615661621094e-01 7.265824079513549805e-01
3.781475722789764404e-01 6.114590167999267578e-01
7.805485725402832031e-01 5.786260366439819336e-01
6.031619310379028320e-01 5.770100951194763184e-01
7.734433412551879883e-01 5.818532705307006836e-01
6.859171390533447266e-01 5.703193545341491699e-01
7.535577416419982910e-01 4.798921942710876465e-01
5.953810214996337891e-01 7.778185009956359863e-01
5.430839657783508301e-01 6.547415256500244141e-01
7.307546734809875488e-01 7.004649639129638672e-01
6.481744647026062012e-01 7.076761722564697266e-01
5.518621206283569336e-01 4.770448207855224609e-01
7.524949312210083008e-01 5.761598348617553711e-01
7.832359671592712402e-01 5.762726664543151855e-01
5.438256263732910156e-01 5.015915036201477051e-01
6.336306333541870117e-01 5.741401910781860352e-01
7.024264335632324219e-01 6.844124794006347656e-01
5.348765254020690918e-01 7.656457424163818359e-01
7.979581952095031738e-01 6.853194832801818848e-01
7.897121906280517578e-01 6.659443974494934082e-01
6.426224112510681152e-01 7.384122014045715332e-01
7.865962386131286621e-01 6.065180897712707520e-01
7.448222637176513672e-01 4.882448017597198486e-01
7.926470637321472168e-01 6.207640171051025391e-01
4.372883737087249756e-01 6.039472818374633789e-01
5.465494990348815918e-01 4.423324167728424072e-01
5.784240365028381348e-01 4.583536684513092041e-01
5.900978446006774902e-01 6.060542464256286621e-01
7.746149897575378418e-01 6.138864159584045410e-01
7.087802886962890625e-01 7.455959916114807129e-01
5.343317389488220215e-01 3.867892622947692871e-01
5.195693373680114746e-01 7.428293824195861816e-01
6.843788623809814453e-01 6.805973052978515625e-01
7.407689690589904785e-01 6.037346720695495605e-01
7.341966032981872559e-01 4.465764760971069336e-01
4.319890439510345459e-01 5.934551358222961426e-01
4.260271191596984863e-01 5.437524318695068359e-01
7.468132376670837402e-01 6.910901665687561035e-01
4.904014468193054199e-01 5.751642584800720215e-01
5.615476965904235840e-01 5.637446641921997070e-01
6.228109598159790039e-01 7.295826673507690430e-01
6.451035141944885254e-01 8.186283111572265625e-01
5.828157067298889160e-01 4.213096499443054199e-01
3.684800267219543457e-01 6.217691302299499512e-01
4.929974973201751709e-01 6.740543842315673828e-01
4.748215973377227783e-01 5.591183900833129883e-01
8.212091326713562012e-01 5.132403373718261719e-01
6.157529950141906738e-01 6.593542695045471191e-01
6.857695579528808594e-01 7.296316027641296387e-01
7.659960985183715820e-01 5.558330416679382324e-01
5.242325663566589355e-01 4.406369924545288086e-01
5.080307722091674805e-01 6.420079469680786133e-01
7.670200467109680176e-01 7.462337017059326172e-01
5.565157532691955566e-01 6.025590300559997559e-01
5.752847194671630859e-01 7.107099890708923340e-01
4.374795854091644287e-01 6.007307767868041992e-01
6.996389627456665039e-01 7.155064940452575684e-01
7.132654786109924316e-01 7.049422264099121094e-01
6.984760761260986328e-01 7.380524277687072754e-01
5.368975996971130371e-01 7.577371597290039062e-01
5.107759833335876465e-01 4.226171076297760010e-01
6.916489005088806152e-01 5.164579153060913086e-01
6.908251047134399414e-01 5.415225625038146973e-01
6.992941498756408691e-01 7.227846980094909668e-01
4.479248523712158203e-01 5.893030166625976562e-01
5.638741254806518555e-01 6.315615773200988770e-01
7.723860740661621094e-01 6.103338599205017090e-01
6.323251724243164062e-01 6.964808106422424316e-01
6.950384974479675293e-01 6.960801482200622559e-01
4.976805150508880615e-01 5.235102176666259766e-01
5.755630135536193848e-01 5.988798141479492188e-01
4.770429432392120361e-01 4.730826020240783691e-01
7.430734038352966309e-01 4.587422311305999756e-01
5.751076340675354004e-01 7.368868589401245117e-01
6.222435235977172852e-01 5.378674268722534180e-01
5.215349793434143066e-01 4.711780548095703125e-01
5.220092535018920898e-01 3.872828483581542969e-01
4.765571653842926025e-01 7.435165643692016602e-01
5.174281597137451172e-01 7.573331594467163086e-01
6.039471626281738281e-01 4.403009116649627686e-01
7.207424044609069824e-01 6.163772940635681152e-01
6.613168716430664062e-01 6.100419759750366211e-01
4.798069596290588379e-01 6.375054717063903809e-01
4.490887820720672607e-01 6.274508237838745117e-01
7.100433111190795898e-01 6.005598306655883789e-01
5.254242420196533203e-01 5.005313158035278320e-01
7.271421551704406738e-01 4.837307929992675781e-01
7.567780017852783203e-01 5.054854154586791992e-01
7.386727333068847656e-01 6.830933094024658203e-01
5.997210144996643066e-01 4.630994498729705811e-01
5.502602458000183105e-01 6.595110893249511719e-01
6.095786690711975098e-01 4.973365962505340576e-01
5.923464298248291016e-01 7.892434597015380859e-01
3.974384069442749023e-01 6.925849914550781250e-01
4.215353131294250488e-01 6.243638396263122559e-01
6.505959033966064453e-01 4.368797242641448975e-01
6.985716819763183594e-01 7.458361983299255371e-01
6.135166287422180176e-01 3.940808475017547607e-01
4.908203780651092529e-01 6.506893038749694824e-01
5.650324821472167969e-01 6.336734890937805176e-01
5.456836223602294922e-01 5.299446582794189453e-01
5.229082703590393066e-01 6.026669144630432129e-01
6.303912401199340820e-01 6.482628583908081055e-01
6.303264498710632324e-01 5.187547206878662109e-01
5.615930557250976562e-01 6.495626568794250488e-01
6.530935764312744141e-01 4.629084467887878418e-01
7.779023647308349609e-01 6.167774200439453125e-01
6.090082526206970215e-01 4.034132361412048340e-01
4.552327394485473633e-01 4.976094365119934082e-01
5.037934780120849609e-01 4.470750391483306885e-01
6.729364991188049316e-01 5.115358829498291016e-01
5.825799703598022461e-01 4.788882434368133545e-01
7.029517889022827148e-01 6.220845580101013184e-01
3.903659582138061523e-01 5.321710705757141113e-01
5.247850418090820312e-01 4.495854973793029785e-01
4.933381080627441406e-01 6.091007590293884277e-01
6.747557520866394043e-01 4.278926253318786621e-01
7.443055510520935059e-01 4.585905671119689941e-01
7.231026887893676758e-01 5.044928789138793945e-01
5.978541970252990723e-01 6.628718376159667969e-01
5.433608889579772949e-01 7.154750823974609375e-01
6.120609641075134277e-01 5.872463583946228027e-01
7.417179346084594727e-01 5.433729887008666992e-01
5.048970580101013184e-01 4.797369241714477539e-01
6.742178797721862793e-01 4.943636059761047363e-01
4.086433947086334229e-01 6.181327700614929199e-01
4.084231555461883545e-01 5.968338251113891602e-01
7.067519426345825195e-01 6.761580109596252441e-01
7.178608775138854980e-01 4.292600750923156738e-01
5.821256637573242188e-01 5.255933403968811035e-01
5.593209862709045410e-01 7.245247960090637207e-01
5.778044462203979492e-01 4.068439602851867676e-01
4.397759437561035156e-01 6.902173161506652832e-01
6.894589066505432129e-01 5.862480401992797852e-01
7.433737516403198242e-01 5.267472863197326660e-01
6.556147933006286621e-01 7.881373763084411621e-01
7.624160647392272949e-01 6.392773389816284180e-01
6.783227324485778809e-01 7.403706312179565430e-01
6.321811079978942871e-01 7.375013828277587891e-01
5.481065511703491211e-01 4.557504057884216309e-01
5.567784309387207031e-01 5.319179892539978027e-01
5.407311916351318359e-01 7.787214517593383789e-01
8.077737689018249512e-01 5.985348820686340332e-01
5.093870162963867188e-01 4.292505979537963867e-01
