4.991838932037353516e-01 6.547341346740722656e-01
5.968630909919738770e-01 6.599562168121337891e-01
4.136246144771575928e-01 5.687296986579895020e-01
6.219234466552734375e-01 6.886173486709594727e-01
5.389778017997741699e-01 7.066794633865356445e-01
4.979355037212371826e-01 5.836923122406005859e-01
5.267366766929626465e-01 7.304908037185668945e-01
6.775256991386413574e-01 4.663770198822021484e-01
4.787540733814239502e-01 5.242639183998107910e-01
4.754349887371063232e-01 7.555215358734130859e-01
4.938887953758239746e-01 6.395744681358337402e-01
5.368208885192871094e-01 7.622234225273132324e-01
6.545262932777404785e-01 7.408024668693542480e-01
7.041392922401428223e-01 7.089465856552124023e-01
5.746612548828125000e-01 5.979139208793640137e-01
7.052869200706481934e-01 6.607729792594909668e-01
4.558095932006835938e-01 6.121708750724792480e-01
5.430760979652404785e-01 7.258365750312805176e-01
4.677569866180419922e-01 4.933921396732330322e-01
4.956925809383392334e-01 5.865044593811035156e-01
7.688637971878051758e-01 6.558768153190612793e-01
6.453531980514526367e-01 5.857193470001220703e-01
6.138269901275634766e-01 7.311832308769226074e-01
7.431941032409667969e-01 4.537898302078247070e-01
5.827370882034301758e-01 7.224988937377929688e-01
7.550513744354248047e-01 4.974455535411834717e-01
5.555315613746643066e-01 6.896938681602478027e-01
4.767293035984039307e-01 5.586073398590087891e-01
5.130258202552795410e-01 6.250644326210021973e-01
7.197097539901733398e-01 5.251248478889465332e-01
7.214348316192626953e-01 4.488200843334197998e-01
4.866995513439178467e-01 7.521457076072692871e-01
6.813213825225830078e-01 5.591678619384765625e-01
6.288810372352600098e-01 4.410309791564941406e-01
6.689510941505432129e-01 8.162301182746887207e-01
5.832741856575012207e-01 5.790716409683227539e-01
5.222060680389404297e-01 7.301158905029296875e-01
6.140831112861633301e-01 6.414068341255187988e-01
7.101914882659912109e-01 6.064788699150085449e-01
7.991118431091308594e-01 6.099935770034790039e-01
6.521522402763366699e-01 6.161468029022216797e-01
5.623809099197387695e-01 5.851256251335144043e-01
7.053152918815612793e-01 7.882261872291564941e-01
5.435378551483154297e-01 4.978041052818298340e-01
4.727053046226501465e-01 4.500572383403778076e-01
6.808042526245117188e-01 4.835018813610076904e-01
4.433318972587585449e-01 6.042237281799316406e-01
4.492212831974029541e-01 7.575557231903076172e-01
7.434699535369873047e-01 7.136771082878112793e-01
4.228150248527526855e-01 7.786353826522827148e-01
7.734568715095520020e-01 5.448036789894104004e-01
6.195674538612365723e-01 5.278451442718505859e-01
5.900129079818725586e-01 4.629024863243103027e-01
5.507317185401916504e-01 7.749803066253662109e-01
6.287733316421508789e-01 7.707210183143615723e-01
6.247037649154663086e-01 4.781579971313476562e-01
6.944599747657775879e-01 5.064550638198852539e-01
5.477918386459350586e-01 5.664697885513305664e-01
6.801735162734985352e-01 7.233662605285644531e-01
5.743421316146850586e-01 7.937805652618408203e-01
6.207414865493774414e-01 8.206348419189453125e-01
4.762417972087860107e-01 4.927863776683807373e-01
8.102728128433227539e-01 6.378539204597473145e-01
5.882192254066467285e-01 7.228321433067321777e-01
6.666045188903808594e-01 5.442236661911010742e-01
6.868019104003906250e-01 8.219143748283386230e-01
4.154095947742462158e-01 5.917639136314392090e-01
6.155678629875183105e-01 4.189735949039459229e-01
7.080478668212890625e-01 6.643120646476745605e-01
8.010244965553283691e-01 6.540831327438354492e-01
6.897331476211547852e-01 7.399997711181640625e-01
7.418974637985229492e-01 7.796867489814758301e-01
4.343238472938537598e-01 6.017468571662902832e-01
6.556364297866821289e-01 3.909726738929748535e-01
5.751849412918090820e-01 7.192196249961853027e-01
6.753184795379638672e-01 6.733900308609008789e-01
4.998097419738769531e-01 4.928125441074371338e-01
6.366109251976013184e-01 7.928259968757629395e-01
5.451167821884155273e-01 6.052349805831909180e-01
7.116040587425231934e-01 7.628419995307922363e-01
6.553039550781250000e-01 6.980640888214111328e-01
6.730158329010009766e-01 5.364788174629211426e-01
4.768451154232025146e-01 6.957749724388122559e-01
4.940952062606811523e-01 4.477273821830749512e-01
7.602887153625488281e-01 4.820105135440826416e-01
5.320749282836914062e-01 5.004041790962219238e-01
5.422239303588867188e-01 7.694726586341857910e-01
6.394492983818054199e-01 4.894901514053344727e-01
8.024083971977233887e-01 5.682349801063537598e-01
5.447498559951782227e-01 5.657356381416320801e-01
6.229586601257324219e-01 7.477921247482299805e-01
7.271160483360290527e-01 5.488277673721313477e-01
5.863553881645202637e-01 7.346283197402954102e-01
7.032954692840576172e-01 4.793932437896728516e-01
7.821977138519287109e-01 4.749275147914886475e-01
5.438498854637145996e-01 4.910149574279785156e-01
5.667603015899658203e-01 5.783257484436035156e-01
4.321143627166748047e-01 4.514202475547790527e-01
4.998148381710052490e-01 6.154251098632812500e-01
7.387427687644958496e-01 7.976840734481811523e-01
6.493126153945922852e-01 7.153139710426330566e-01
4.362586140632629395e-01 5.663812756538391113e-01
7.678934335708618164e-01 5.895393490791320801e-01
6.821345090866088867e-01 5.135007500648498535e-01
6.313390135765075684e-01 8.061238527297973633e-01
5.569274425506591797e-01 6.761347651481628418e-01
5.302872657775878906e-01 5.814125537872314453e-01
6.579779386520385742e-01 7.306241393089294434e-01
7.946317195892333984e-01 5.519864559173583984e-01
7.668522000312805176e-01 4.666164219379425049e-01
4.542039930820465088e-01 7.901149988174438477e-01
4.300661981105804443e-01 5.435112118721008301e-01
4.263032376766204834e-01 7.562807202339172363e-01
6.808177232742309570e-01 7.926525473594665527e-01
4.261161983013153076e-01 5.273475646972656250e-01
7.610549330711364746e-01 6.295258998870849609e-01
6.775061488151550293e-01 5.177278518676757812e-01
5.362572669982910156e-01 4.904396533966064453e-01
4.926326572895050049e-01 5.532907843589782715e-01
5.073103308677673340e-01 7.918465733528137207e-01
5.457011461257934570e-01 6.344442367553710938e-01
5.479293465614318848e-01 4.514376819133758545e-01
5.938339829444885254e-01 4.295949637889862061e-01
6.844174265861511230e-01 6.664710640907287598e-01
7.404450178146362305e-01 6.657764315605163574e-01
5.924077033996582031e-01 7.037616968154907227e-01
6.346356868743896484e-01 6.814689636230468750e-01
6.373727321624755859e-01 5.737022757530212402e-01
6.243216991424560547e-01 7.437536120414733887e-01
4.594714641571044922e-01 7.271103262901306152e-01
7.250945568084716797e-01 6.777915954589843750e-01
6.737194657325744629e-01 6.960164904594421387e-01
5.055474042892456055e-01 5.723694562911987305e-01
7.831693887710571289e-01 5.471960306167602539e-01
6.071742773056030273e-01 6.243108510971069336e-01
6.966114640235900879e-01 7.134616971015930176e-01
4.396677613258361816e-01 7.043029665946960449e-01
6.941640973091125488e-01 7.091210484504699707e-01
6.941284537315368652e-01 7.478696703910827637e-01
7.793061137199401855e-01 6.106731891632080078e-01
6.072641015052795410e-01 4.891204237937927246e-01
5.922510623931884766e-01 4.478640854358673096e-01
7.592992782592773438e-01 7.671298980712890625e-01
5.580797791481018066e-01 4.192204773426055908e-01
4.122390151023864746e-01 6.692872047424316406e-01
5.641577839851379395e-01 7.987952232360839844e-01
7.185884714126586914e-01 5.449302792549133301e-01
5.151137113571166992e-01 5.460895299911499023e-01
6.741613745689392090e-01 7.806080579757690430e-01
6.281957030296325684e-01 7.455227375030517578e-01
7.031714320182800293e-01 7.833927869796752930e-01
4.637846350669860840e-01 7.181593775749206543e-01
7.715369462966918945e-01 6.871573328971862793e-01
6.667113304138183594e-01 6.218683123588562012e-01
7.054620981216430664e-01 6.158193945884704590e-01
7.123807668685913086e-01 4.945060312747955322e-01
4.331537187099456787e-01 6.930526494979858398e-01
6.014432311058044434e-01 6.025004386901855469e-01
5.091182589530944824e-01 6.090015172958374023e-01
5.189063549041748047e-01 4.735628366470336914e-01
6.714675426483154297e-01 5.224987864494323730e-01
5.781670212745666504e-01 6.005011200904846191e-01
7.268046140670776367e-01 5.826798081398010254e-01
5.851508975028991699e-01 7.569871544837951660e-01
5.924223065376281738e-01 7.086874842643737793e-01
7.837465405464172363e-01 4.932631552219390869e-01
6.097764372825622559e-01 7.140523195266723633e-01
5.862466692924499512e-01 4.397889375686645508e-01
7.634804844856262207e-01 6.750780344009399414e-01
5.575703978538513184e-01 8.066939115524291992e-01
7.076160311698913574e-01 6.020865440368652344e-01
6.846349239349365234e-01 4.338616132736206055e-01
6.899025440216064453e-01 5.545524358749389648e-01
4.978712797164916992e-01 4.488225579261779785e-01
5.137098431587219238e-01 3.436695039272308350e-01
5.188298225402832031e-01 7.433872222900390625e-01
5.769259333610534668e-01 5.971539616584777832e-01
6.912251114845275879e-01 7.109368443489074707e-01
5.596356391906738281e-01 5.195664167404174805e-01
6.675053238868713379e-01 6.972000002861022949e-01
6.793393492698669434e-01 4.255260825157165527e-01
7.773759961128234863e-01 5.118039846420288086e-01
4.573327302932739258e-01 7.869330048561096191e-01
7.250038385391235352e-01 4.930467307567596436e-01
7.275142073631286621e-01 6.381784081459045410e-01
5.513345599174499512e-01 7.516899704933166504e-01
4.170832335948944092e-01 6.522932648658752441e-01
5.307222604751586914e-01 7.030979990959167480e-01
7.198605537414550781e-01 7.611469030380249023e-01
5.456717610359191895e-01 7.521345615386962891e-01
6.988189220428466797e-01 7.892696261405944824e-01
5.833321809768676758e-01 5.533947348594665527e-01
7.567381262779235840e-01 5.565773844718933105e-01
5.842725038528442383e-01 4.666941165924072266e-01
4.525270164012908936e-01 7.745260596275329590e-01
6.553790569305419922e-01 4.519785046577453613e-01
5.055457353591918945e-01 7.031663656234741211e-01
7.545945644378662109e-01 6.775175333023071289e-01
6.647251844406127930e-01 7.774339914321899414e-01
6.733196973800659180e-01 6.596109867095947266e-01
7.496612071990966797e-01 5.832630991935729980e-01
7.017707824707031250e-01 6.251015663146972656e-01
5.833925008773803711e-01 5.832949876785278320e-01
6.204541921615600586e-01 7.615221738815307617e-01
5.962923169136047363e-01 4.478417634963989258e-01
7.063888311386108398e-01 7.219820618629455566e-01
4.982283711433410645e-01 4.989832639694213867e-01
7.306804656982421875e-01 6.203541159629821777e-01
5.579040050506591797e-01 7.264987826347351074e-01
5.878379344940185547e-01 8.006048798561096191e-01
6.115932464599609375e-01 7.849153280258178711e-01
4.449637830257415771e-01 5.139781832695007324e-01
7.505831122398376465e-01 4.907381534576416016e-01
5.748344659805297852e-01 8.298000097274780273e-01
6.468058228492736816e-01 6.296147704124450684e-01
4.733804464340209961e-01 5.696920156478881836e-01
5.706204771995544434e-01 8.462952375411987305e-01
6.177893280982971191e-01 4.893260002136230469e-01
5.697823762893676758e-01 4.472697079181671143e-01
8.031389117240905762e-01 5.997124314308166504e-01
8.026358485221862793e-01 4.960226416587829590e-01
6.839713454246520996e-01 5.320568084716796875e-01
6.935865283012390137e-01 6.711429953575134277e-01
5.742685794830322266e-01 5.151741504669189453e-01
6.674241423606872559e-01 4.080833196640014648e-01
6.640416979789733887e-01 5.514512658119201660e-01
4.481323361396789551e-01 5.942510962486267090e-01
6.198782920837402344e-01 7.400518655776977539e-01
6.850464344024658203e-01 6.541028022766113281e-01
6.440302729606628418e-01 7.026761174201965332e-01
7.712424397468566895e-01 4.901082515716552734e-01
5.935558676719665527e-01 4.815747141838073730e-01
7.297422289848327637e-01 6.279411911964416504e-01
6.523582935333251953e-01 4.051219820976257324e-01
7.016671895980834961e-01 7.449632883071899414e-01
4.963429868221282959e-01 4.546370804309844971e-01
7.726416587829589844e-01 6.125398874282836914e-01
6.746904850006103516e-01 7.318051457405090332e-01
6.106957793235778809e-01 6.585474014282226562e-01
7.213523387908935547e-01 7.215929031372070312e-01
7.286989688873291016e-01 4.568328559398651123e-01
5.008738636970520020e-01 3.703731298446655273e-01
4.982305169105529785e-01 4.482616484165191650e-01
4.887430965900421143e-01 5.786445736885070801e-01
5.061165094375610352e-01 6.975215673446655273e-01
7.438891530036926270e-01 5.520274639129638672e-01
7.093525528907775879e-01 6.358690857887268066e-01
6.576516628265380859e-01 4.574681520462036133e-01
6.215449571609497070e-01 7.645136117935180664e-01
7.203085422515869141e-01 6.558544635772705078e-01
4.863543212413787842e-01 6.214637160301208496e-01
4.737389087677001953e-01 5.318286418914794922e-01
6.983246207237243652e-01 6.988267898559570312e-01
6.880335807800292969e-01 6.837368607521057129e-01
4.935177266597747803e-01 5.263003706932067871e-01
4.319916367530822754e-01 7.688843011856079102e-01
6.491414308547973633e-01 4.847057163715362549e-01
7.812188267707824707e-01 6.259843707084655762e-01
5.122616291046142578e-01 4.461141526699066162e-01
8.156945705413818359e-01 5.824746489524841309e-01
7.418134808540344238e-01 5.344925522804260254e-01
5.299481153488159180e-01 8.007608056068420410e-01
6.515297293663024902e-01 7.203412652015686035e-01
6.487479805946350098e-01 5.779575109481811523e-01
4.831161201000213623e-01 4.830994009971618652e-01
6.461265087127685547e-01 5.583427548408508301e-01
7.777281999588012695e-01 6.720883846282958984e-01
6.587190628051757812e-01 6.451848745346069336e-01
7.095444202423095703e-01 5.494711995124816895e-01
7.118721008300781250e-01 4.890893697738647461e-01
7.673402428627014160e-01 4.872654974460601807e-01
6.674339175224304199e-01 7.700743675231933594e-01
6.703104972839355469e-01 8.049941658973693848e-01
6.905034184455871582e-01 4.338787794113159180e-01
7.689546346664428711e-01 5.189180970191955566e-01
5.340345501899719238e-01 4.187627434730529785e-01
5.120819807052612305e-01 5.679314732551574707e-01
5.576068758964538574e-01 7.516825199127197266e-01
5.648141503334045410e-01 6.344980597496032715e-01
5.541068911552429199e-01 6.446297764778137207e-01
7.341607809066772461e-01 4.825364947319030762e-01
6.585827469825744629e-01 4.644816815853118896e-01
7.546356916427612305e-01 6.456649899482727051e-01
5.263425707817077637e-01 5.926295518875122070e-01
5.218116044998168945e-01 5.461283326148986816e-01
6.630221009254455566e-01 7.359352111816406250e-01
5.195733308792114258e-01 6.252736449241638184e-01
6.621454358100891113e-01 6.238587498664855957e-01
6.078171730041503906e-01 3.751087784767150879e-01
4.231477081775665283e-01 6.296079158782958984e-01
4.251746833324432373e-01 6.344981193542480469e-01
6.726242303848266602e-01 4.712964594364166260e-01
6.871677637100219727e-01 4.535150229930877686e-01
7.127752900123596191e-01 8.054270148277282715e-01
4.581366777420043945e-01 6.479258537292480469e-01
5.094819664955139160e-01 6.948264837265014648e-01
5.030425786972045898e-01 5.680977702140808105e-01
8.071096539497375488e-01 5.072682499885559082e-01
6.626523733139038086e-01 5.242654681205749512e-01
7.210062742233276367e-01 4.929367303848266602e-01
5.032957792282104492e-01 6.907025575637817383e-01
6.177759766578674316e-01 6.679007411003112793e-01
6.786499619483947754e-01 4.651993215084075928e-01
5.895471572875976562e-01 6.814149022102355957e-01
5.055256485939025879e-01 5.083833932876586914e-01
7.233521938323974609e-01 6.490926146507263184e-01
5.976985692977905273e-01 4.828707873821258545e-01
5.496264100074768066e-01 7.917830348014831543e-01
7.369661927223205566e-01 4.994402527809143066e-01
6.553850173950195312e-01 7.843984365463256836e-01
6.673265695571899414e-01 5.886284112930297852e-01
7.477715015411376953e-01 5.724605321884155273e-01
5.472591519355773926e-01 4.672134816646575928e-01
5.657399892807006836e-01 7.118060588836669922e-01
7.157056331634521484e-01 4.303723573684692383e-01
7.078988552093505859e-01 5.456289052963256836e-01
5.976285338401794434e-01 5.035821795463562012e-01
5.407574176788330078e-01 6.919668912887573242e-01
7.056533694267272949e-01 4.439059495925903320e-01
8.021912574768066406e-01 6.720467805862426758e-01
5.400269627571105957e-01 6.971750855445861816e-01
7.027701139450073242e-01 5.170620679855346680e-01
6.657270193099975586e-01 4.626861810684204102e-01
6.869717240333557129e-01 5.628185868263244629e-01
6.686998009681701660e-01 8.084477782249450684e-01
4.585652649402618408e-01 5.705158710479736328e-01
5.343613028526306152e-01 5.934729576110839844e-01
6.622560024261474609e-01 7.961509227752685547e-01
4.099458158016204834e-01 7.243203520774841309e-01
6.062578558921813965e-01 5.391697883605957031e-01
7.016519904136657715e-01 7.946224808692932129e-01
5.698756575584411621e-01 4.350235462188720703e-01
4.838297069072723389e-01 6.932964324951171875e-01
7.082242965698242188e-01 6.937695145606994629e-01
4.696106910705566406e-01 5.455180406570434570e-01
5.068596005439758301e-01 4.115250110626220703e-01
6.854409575462341309e-01 5.185719132423400879e-01
6.161845326423645020e-01 7.112234234809875488e-01
7.147241830825805664e-01 4.660269618034362793e-01
8.122125864028930664e-01 4.425806999206542969e-01
6.371341347694396973e-01 7.572749257087707520e-01
7.091735601425170898e-01 5.334748625755310059e-01
4.782503843307495117e-01 7.632179856300354004e-01
5.928270816802978516e-01 7.436223626136779785e-01
5.096516609191894531e-01 6.225963234901428223e-01
6.268871426582336426e-01 6.561613678932189941e-01
6.311585903167724609e-01 7.806795239448547363e-01
7.374559640884399414e-01 4.266412854194641113e-01
8.163777589797973633e-01 5.949343442916870117e-01
6.398890614509582520e-01 4.089653193950653076e-01
7.497340440750122070e-01 6.453761458396911621e-01
7.561420202255249023e-01 5.517334938049316406e-01
5.281886458396911621e-01 6.781995892524719238e-01
5.836758613586425781e-01 6.702509522438049316e-01
4.181220233440399170e-01 6.790016293525695801e-01
7.503159642219543457e-01 5.981269478797912598e-01
5.749837756156921387e-01 4.977094233036041260e-01
6.179153323173522949e-01 5.813523530960083008e-01
6.506803035736083984e-01 7.670343518257141113e-01
7.610117197036743164e-01 4.931502938270568848e-01
5.329893827438354492e-01 6.854660511016845703e-01
3.995626270771026611e-01 7.001777291297912598e-01
6.808463931083679199e-01 4.479774236679077148e-01
4.543013274669647217e-01 7.629553675651550293e-01
6.423549652099609375e-01 7.894526124000549316e-01
5.995613336563110352e-01 5.638023614883422852e-01
6.362395882606506348e-01 5.672914385795593262e-01
7.687724232673645020e-01 4.565609395503997803e-01
7.918502688407897949e-01 6.179384589195251465e-01
7.026024460792541504e-01 4.620619714260101318e-01
6.249194741249084473e-01 7.546614408493041992e-01
6.880950927734375000e-01 4.769727587699890137e-01
8.048701882362365723e-01 6.483644247055053711e-01
4.484785497188568115e-01 6.790292263031005859e-01
5.688412189483642578e-01 7.419039607048034668e-01
4.856279492378234863e-01 4.752655923366546631e-01
7.845497727394104004e-01 5.370864868164062500e-01
4.282490611076354980e-01 5.242126584053039551e-01
6.859665513038635254e-01 3.988364636898040771e-01
7.070945501327514648e-01 5.631433129310607910e-01
6.624609231948852539e-01 6.329421401023864746e-01
4.703745543956756592e-01 5.731345415115356445e-01
7.845744490623474121e-01 6.270621418952941895e-01
7.488705515861511230e-01 7.799704670906066895e-01
6.389526724815368652e-01 7.476843595504760742e-01
6.136646866798400879e-01 5.427482724189758301e-01
6.230101585388183594e-01 6.744467020034790039e-01
6.691099405288696289e-01 6.862999796867370605e-01
6.024464368820190430e-01 6.023131608963012695e-01
4.221496880054473877e-01 7.592244148254394531e-01
6.512830853462219238e-01 4.973058998584747314e-01
7.999798059463500977e-01 6.737319827079772949e-01
7.555547356605529785e-01 5.526980161666870117e-01
6.350235342979431152e-01 6.822813153266906738e-01
6.122343540191650391e-01 5.386282801628112793e-01
7.924229502677917480e-01 5.602304935455322266e-01
5.889655351638793945e-01 8.033932447433471680e-01
7.164426445960998535e-01 5.500030517578125000e-01
6.585798859596252441e-01 7.358248829841613770e-01
7.746575474739074707e-01 7.306849956512451172e-01
4.696598052978515625e-01 5.125439167022705078e-01
7.401491403579711914e-01 7.514743804931640625e-01
4.724137783050537109e-01 4.721433222293853760e-01
4.424103796482086182e-01 6.858163475990295410e-01
4.453690946102142334e-01 4.939872026443481445e-01
5.012728571891784668e-01 5.158389210700988770e-01
4.283113479614257812e-01 5.905941724777221680e-01
7.009792923927307129e-01 6.461943387985229492e-01
5.231212973594665527e-01 7.667988538742065430e-01
7.358635663986206055e-01 7.860786318778991699e-01
6.804980039596557617e-01 6.202116608619689941e-01
4.742694497108459473e-01 4.267595410346984863e-01
6.851704120635986328e-01 4.414190053939819336e-01
6.988121867179870605e-01 5.682010054588317871e-01
4.651094079017639160e-01 7.235822677612304688e-01
5.401155352592468262e-01 5.742316842079162598e-01
5.761822462081909180e-01 5.142503976821899414e-01
6.878323554992675781e-01 4.545590281486511230e-01
5.001167058944702148e-01 7.524588704109191895e-01
7.426542043685913086e-01 5.544031858444213867e-01
6.273155808448791504e-01 6.495391130447387695e-01
5.263987183570861816e-01 7.211737632751464844e-01
6.286798715591430664e-01 6.475123763084411621e-01
7.610459923744201660e-01 4.712246954441070557e-01
5.183668732643127441e-01 3.819155097007751465e-01
5.364918708801269531e-01 6.813118457794189453e-01
7.362834811210632324e-01 4.769778549671173096e-01
4.958687424659729004e-01 5.170838832855224609e-01
7.574932575225830078e-01 4.958064854145050049e-01
6.632084250450134277e-01 6.874656677246093750e-01
7.499989867210388184e-01 7.001162171363830566e-01
7.127621769905090332e-01 5.065838098526000977e-01
4.633958637714385986e-01 4.938527941703796387e-01
6.111921072006225586e-01 4.568456411361694336e-01
7.418631315231323242e-01 5.869289040565490723e-01
4.927646517753601074e-01 4.152098298072814941e-01
7.495316267013549805e-01 6.378987431526184082e-01
7.502850294113159180e-01 5.474320054054260254e-01
4.076362252235412598e-01 6.343871355056762695e-01
6.747996211051940918e-01 6.239959597587585449e-01
6.485521793365478516e-01 4.258522689342498779e-01
5.202563405036926270e-01 6.815966367721557617e-01
6.329786181449890137e-01 6.630629897117614746e-01
4.790163636207580566e-01 4.512088894844055176e-01
5.816705822944641113e-01 5.272644162178039551e-01
4.448588490486145020e-01 7.130759358406066895e-01
7.626557946205139160e-01 5.187587141990661621e-01
7.698716521263122559e-01 4.324814975261688232e-01
5.763918757438659668e-01 4.459340572357177734e-01
6.143548488616943359e-01 6.292813420295715332e-01
6.019759178161621094e-01 4.190834462642669678e-01
4.893230199813842773e-01 4.434923231601715088e-01
4.962936341762542725e-01 5.582826137542724609e-01
4.832681119441986084e-01 3.674547076225280762e-01
6.241697072982788086e-01 4.913108646869659424e-01
7.729402184486389160e-01 4.385947585105895996e-01
4.890258610248565674e-01 6.258139610290527344e-01
6.325840353965759277e-01 7.193736433982849121e-01
6.565570235252380371e-01 6.183230280876159668e-01
5.700480937957763672e-01 7.420051693916320801e-01
7.086278796195983887e-01 6.286273002624511719e-01
6.359632015228271484e-01 7.423682808876037598e-01
4.134696424007415771e-01 5.085081458091735840e-01
7.538788914680480957e-01 5.033913850784301758e-01
6.530186533927917480e-01 8.213574290275573730e-01
7.858855128288269043e-01 6.518104076385498047e-01
5.488623380661010742e-01 4.397535324096679688e-01
6.104494333267211914e-01 4.585737586021423340e-01
5.039920806884765625e-01 7.147759795188903809e-01
7.465234994888305664e-01 7.404402494430541992e-01
5.759050250053405762e-01 8.296645879745483398e-01
7.093770503997802734e-01 4.061437249183654785e-01
4.929436147212982178e-01 5.986016392707824707e-01
6.097159981727600098e-01 5.443208813667297363e-01
6.420754790306091309e-01 5.367441773414611816e-01
7.419944405555725098e-01 7.646785378456115723e-01
4.676841497421264648e-01 7.042163610458374023e-01
6.367398500442504883e-01 6.525523662567138672e-01
6.797646880149841309e-01 6.051157116889953613e-01
6.111022830009460449e-01 6.538327336311340332e-01
7.737322449684143066e-01 7.168926000595092773e-01
4.569294452667236328e-01 4.150570631027221680e-01
5.444920063018798828e-01 6.578318476676940918e-01
7.352787256240844727e-01 7.160451412200927734e-01
5.217051506042480469e-01 6.662575602531433105e-01
7.424211502075195312e-01 5.004053115844726562e-01
4.959290623664855957e-01 6.152932643890380859e-01
4.919443726539611816e-01 5.079532861709594727e-01
7.993096113204956055e-01 5.681166052818298340e-01
4.903210103511810303e-01 4.204955995082855225e-01
6.053870916366577148e-01 6.563255786895751953e-01
4.467847049236297607e-01 6.325352787971496582e-01
6.467009186744689941e-01 6.722569465637207031e-01
7.790737152099609375e-01 5.689948797225952148e-01
7.421917915344238281e-01 7.531822323799133301e-01
6.117004752159118652e-01 7.526448965072631836e-01
7.950080633163452148e-01 6.376927495002746582e-01
6.363559365272521973e-01 5.783261656761169434e-01
5.923659801483154297e-01 8.017434477806091309e-01
4.618588089942932129e-01 4.137447774410247803e-01
5.821666717529296875e-01 5.646386146545410156e-01
4.505002200603485107e-01 6.226488351821899414e-01
4.058683812618255615e-01 5.058446526527404785e-01
5.183644294738769531e-01 7.457574605941772461e-01
7.320731282234191895e-01 7.693308591842651367e-01
6.052311658859252930e-01 7.574280500411987305e-01
5.271890163421630859e-01 5.996133089065551758e-01
6.982941627502441406e-01 7.581490278244018555e-01
4.185072481632232666e-01 5.111396312713623047e-01
4.919961690902709961e-01 6.043142676353454590e-01
4.998427629470825195e-01 6.434352993965148926e-01
5.906206369400024414e-01 6.889882087707519531e-01
4.978543817996978760e-01 4.051278233528137207e-01
6.254033446311950684e-01 6.029504537582397461e-01
7.570641040802001953e-01 6.033106446266174316e-01
4.695950746536254883e-01 6.509269475936889648e-01
5.526172518730163574e-01 4.595716297626495361e-01
4.388994276523590088e-01 3.739804029464721680e-01
4.709206521511077881e-01 7.419273853302001953e-01
7.248933911323547363e-01 6.158707737922668457e-01
6.961431503295898438e-01 7.173718810081481934e-01
4.095690548419952393e-01 7.268021702766418457e-01
5.251989960670471191e-01 5.375856161117553711e-01
7.580125927925109863e-01 6.341989040374755859e-01
5.508985519409179688e-01 6.855323314666748047e-01
4.983944892883300781e-01 6.058212518692016602e-01
7.786297202110290527e-01 6.891003847122192383e-01
5.570028424263000488e-01 6.609371304512023926e-01
5.979986190795898438e-01 4.382776319980621338e-01
6.139962673187255859e-01 5.247569680213928223e-01
6.938670873641967773e-01 4.292387962341308594e-01
5.981371998786926270e-01 7.796589136123657227e-01
7.144516110420227051e-01 5.613421201705932617e-01
6.171463131904602051e-01 5.052528977394104004e-01
4.914163947105407715e-01 5.575144290924072266e-01
4.795681238174438477e-01 4.569955468177795410e-01
4.891436398029327393e-01 7.871223688125610352e-01
6.828939318656921387e-01 6.858027577400207520e-01
6.805384159088134766e-01 7.299386262893676758e-01
4.464152753353118896e-01 7.478995323181152344e-01
4.856990575790405273e-01 4.146909713745117188e-01
7.322719693183898926e-01 5.377894639968872070e-01
7.246521115303039551e-01 4.862895607948303223e-01
5.819174051284790039e-01 3.894901573657989502e-01
8.131226301193237305e-01 6.355892419815063477e-01
6.150326728820800781e-01 4.930118620395660400e-01
7.501772642135620117e-01 6.793674230575561523e-01
7.077537178993225098e-01 5.667719841003417969e-01
4.673159718513488770e-01 4.385178089141845703e-01
7.345617413520812988e-01 5.034552812576293945e-01
4.311011433601379395e-01 4.167661368846893311e-01
5.548921227455139160e-01 5.718024373054504395e-01
5.388001799583435059e-01 5.514557957649230957e-01
6.952640414237976074e-01 6.128925681114196777e-01
8.125575780868530273e-01 4.967124164104461670e-01
5.490400791168212891e-01 6.301386356353759766e-01
7.378191351890563965e-01 5.967444181442260742e-01
7.390869259834289551e-01 5.143032073974609375e-01
4.455242753028869629e-01 7.005398869514465332e-01
5.126365423202514648e-01 7.468365430831909180e-01
5.626636147499084473e-01 7.632699608802795410e-01
7.459094524383544922e-01 5.268445611000061035e-01
4.801162779331207275e-01 5.263437628746032715e-01
4.524772763252258301e-01 4.748103618621826172e-01
6.669629812240600586e-01 5.150681734085083008e-01
5.902492403984069824e-01 5.635337233543395996e-01
6.939029097557067871e-01 8.232362270355224609e-01
5.755658745765686035e-01 7.330721616744995117e-01
4.661792814731597900e-01 6.937994360923767090e-01
6.378825306892395020e-01 7.486477494239807129e-01
5.614861845970153809e-01 7.291648983955383301e-01
5.768633484840393066e-01 7.109884619712829590e-01
4.724827110767364502e-01 6.519488096237182617e-01
6.721520423889160156e-01 5.181814432144165039e-01
5.714234113693237305e-01 6.105543375015258789e-01
5.161741375923156738e-01 6.217011213302612305e-01
5.458651185035705566e-01 6.434541940689086914e-01
4.519858062267303467e-01 7.153848409652709961e-01
6.168040633201599121e-01 7.714167833328247070e-01
6.051526665687561035e-01 7.676243782043457031e-01
6.842600703239440918e-01 5.396150350570678711e-01
7.790694236755371094e-01 5.836845040321350098e-01
4.427630603313446045e-01 7.261534929275512695e-01
7.326810359954833984e-01 6.897246241569519043e-01
7.525250911712646484e-01 4.977566897869110107e-01
4.904218614101409912e-01 4.199017882347106934e-01
7.803152799606323242e-01 6.303962469100952148e-01
6.799625158309936523e-01 5.590701699256896973e-01
4.799222946166992188e-01 7.421349883079528809e-01
6.316558122634887695e-01 6.884448528289794922e-01
6.420425772666931152e-01 6.230831146240234375e-01
5.646550059318542480e-01 4.210917651653289795e-01
7.199078798294067383e-01 4.171507656574249268e-01
4.720196723937988281e-01 6.698832511901855469e-01
4.985960423946380615e-01 6.902037858963012695e-01
4.747338593006134033e-01 4.921338856220245361e-01
7.452443242073059082e-01 6.659550666809082031e-01
7.650918960571289062e-01 7.165477871894836426e-01
7.221859693527221680e-01 4.768573641777038574e-01
4.389850497245788574e-01 5.409781932830810547e-01
7.329939603805541992e-01 8.077175021171569824e-01
7.364138960838317871e-01 7.968562841415405273e-01
6.118793487548828125e-01 3.971451520919799805e-01
6.145706176757812500e-01 8.055260777473449707e-01
4.166027307510375977e-01 6.086334586143493652e-01
7.230956554412841797e-01 6.046013236045837402e-01
4.157829880714416504e-01 6.552582979202270508e-01
7.008391618728637695e-01 6.894804239273071289e-01
4.997828304767608643e-01 6.020346879959106445e-01
6.036219000816345215e-01 5.654966235160827637e-01
7.705844044685363770e-01 6.588543057441711426e-01
7.410029172897338867e-01 5.929345488548278809e-01
7.170911431312561035e-01 6.299107074737548828e-01
8.054836392402648926e-01 5.411759614944458008e-01
8.187307715415954590e-01 6.475033164024353027e-01
6.113423109054565430e-01 5.146208405494689941e-01
5.191188454627990723e-01 4.819724261760711670e-01
5.433238744735717773e-01 5.025388598442077637e-01
7.738614678382873535e-01 6.323961615562438965e-01
4.616722762584686279e-01 5.854143500328063965e-01
5.195150375366210938e-01 5.820404887199401855e-01
4.473832249641418457e-01 5.279064178466796875e-01
7.578546404838562012e-01 7.208699584007263184e-01
5.391645431518554688e-01 4.727329909801483154e-01
7.378827929496765137e-01 4.880488812923431396e-01
5.003538727760314941e-01 4.023724198341369629e-01
6.938207149505615234e-01 7.034250497817993164e-01
4.806565940380096436e-01 5.653811693191528320e-01
6.774272918701171875e-01 6.396773457527160645e-01
5.365741848945617676e-01 5.813840031623840332e-01
4.719021618366241455e-01 7.753798961639404297e-01
6.998153924942016602e-01 6.627746224403381348e-01
5.089814662933349609e-01 8.211356401443481445e-01
7.618874311447143555e-01 7.201030850410461426e-01
7.682824730873107910e-01 5.863804221153259277e-01
6.185747385025024414e-01 7.454858422279357910e-01
6.911852359771728516e-01 7.594963312149047852e-01
6.465716958045959473e-01 5.256100296974182129e-01
4.626354277133941650e-01 6.095070242881774902e-01
7.821325063705444336e-01 6.092113852500915527e-01
5.469003915786743164e-01 6.012405753135681152e-01
7.623173594474792480e-01 4.633157849311828613e-01
5.479120612144470215e-01 4.608352780342102051e-01
6.934726238250732422e-01 4.984412789344787598e-01
7.591862082481384277e-01 6.936036944389343262e-01
6.581343412399291992e-01 6.501985788345336914e-01
5.663384795188903809e-01 3.825168609619140625e-01
6.718679666519165039e-01 7.709127068519592285e-01
5.572108626365661621e-01 5.464790463447570801e-01
7.782135009765625000e-01 5.920963287353515625e-01
7.164543271064758301e-01 7.636802792549133301e-01
5.351505875587463379e-01 6.090815067291259766e-01
6.443822979927062988e-01 3.936995565891265869e-01
4.237105548381805420e-01 5.583353042602539062e-01
5.993556976318359375e-01 8.110854029655456543e-01
5.940695405006408691e-01 4.719871878623962402e-01
6.899796724319458008e-01 6.303119063377380371e-01
7.008473873138427734e-01 5.694811344146728516e-01
5.425252914428710938e-01 7.318770885467529297e-01
6.181331276893615723e-01 7.605489492416381836e-01
6.640088558197021484e-01 6.870484948158264160e-01
5.962578654289245605e-01 8.104649186134338379e-01
7.774469852447509766e-01 5.635685920715332031e-01
7.061277627944946289e-01 7.821511626243591309e-01
7.711586356163024902e-01 7.322943806648254395e-01
6.896766424179077148e-01 6.613925695419311523e-01
5.077860951423645020e-01 4.988663196563720703e-01
6.179068088531494141e-01 4.937463998794555664e-01
7.114735245704650879e-01 4.551514387130737305e-01
4.567534625530242920e-01 4.402206540107727051e-01
6.317059397697448730e-01 6.074321269989013672e-01
6.115214824676513672e-01 7.230037450790405273e-01
5.174775719642639160e-01 5.757836103439331055e-01
7.589915990829467773e-01 6.124953627586364746e-01
5.792906284332275391e-01 7.830688953399658203e-01
6.690090894699096680e-01 7.087081670761108398e-01
4.885082244873046875e-01 6.241963505744934082e-01
7.243523597717285156e-01 8.031721115112304688e-01
5.401710867881774902e-01 4.492807388305664062e-01
4.702396690845489502e-01 4.337043464183807373e-01
6.687616705894470215e-01 4.398448467254638672e-01
5.162971019744873047e-01 5.553935766220092773e-01
4.392859935760498047e-01 5.699404478073120117e-01
4.588722288608551025e-01 6.155514121055603027e-01
7.667870521545410156e-01 6.818027496337890625e-01
6.477584242820739746e-01 8.203762769699096680e-01
4.857662022113800049e-01 4.771455228328704834e-01
6.887001395225524902e-01 6.616991758346557617e-01
5.841306447982788086e-01 6.973814368247985840e-01
5.295531153678894043e-01 5.362249612808227539e-01
6.706566214561462402e-01 7.313665151596069336e-01
6.807473897933959961e-01 7.629799842834472656e-01
5.592769384384155273e-01 4.945799410343170166e-01
7.246142029762268066e-01 5.204700827598571777e-01
6.938020586967468262e-01 4.043701291084289551e-01
7.884998917579650879e-01 4.982936680316925049e-01
5.223714113235473633e-01 5.612676143646240234e-01
7.805933952331542969e-01 4.532011747360229492e-01
4.360428750514984131e-01 7.229617238044738770e-01
6.548584699630737305e-01 7.820779085159301758e-01
6.699511408805847168e-01 6.629617810249328613e-01
4.609985351562500000e-01 6.237906813621520996e-01
5.350230336189270020e-01 6.632676720619201660e-01
7.083677649497985840e-01 6.042225956916809082e-01
5.626221299171447754e-01 6.875885128974914551e-01
5.265507698059082031e-01 6.731035709381103516e-01
6.057413220405578613e-01 4.456228613853454590e-01
4.830976724624633789e-01 6.690208911895751953e-01
6.204562187194824219e-01 6.949688792228698730e-01
5.464903712272644043e-01 5.448154807090759277e-01
5.612621307373046875e-01 8.339123725891113281e-01
5.043281316757202148e-01 4.200603067874908447e-01
7.048931121826171875e-01 7.157076597213745117e-01
4.874993264675140381e-01 4.104660749435424805e-01
7.400718927383422852e-01 4.817265570163726807e-01
5.749065279960632324e-01 6.844516396522521973e-01
5.795672535896301270e-01 6.934784650802612305e-01
6.325346231460571289e-01 5.508992671966552734e-01
7.642692923545837402e-01 5.240389108657836914e-01
7.920252680778503418e-01 6.165722012519836426e-01
7.509912252426147461e-01 7.237077951431274414e-01
6.351938247680664062e-01 7.666308879852294922e-01
7.571836113929748535e-01 6.178416609764099121e-01
7.022472620010375977e-01 7.379705905914306641e-01
6.925795078277587891e-01 6.814692020416259766e-01
6.445823907852172852e-01 6.102182865142822266e-01
5.115031599998474121e-01 7.071625590324401855e-01
4.823520779609680176e-01 7.978688478469848633e-01
5.017637014389038086e-01 6.072235703468322754e-01
5.467659235000610352e-01 4.966526329517364502e-01
6.844345927238464355e-01 5.638298988342285156e-01
7.228314280509948730e-01 4.727667868137359619e-01
6.758974790573120117e-01 5.028762221336364746e-01
6.516957879066467285e-01 6.550728082656860352e-01
4.141817986965179443e-01 5.287367105484008789e-01
7.147192358970642090e-01 5.434741377830505371e-01
7.210710048675537109e-01 4.844289422035217285e-01
6.147355437278747559e-01 5.540888905525207520e-01
7.053270339965820312e-01 7.054021358489990234e-01
7.214593887329101562e-01 4.856177568435668945e-01
7.512369155883789062e-01 5.638873577117919922e-01
4.424183666706085205e-01 7.348518371582031250e-01
4.437316954135894775e-01 5.867072939872741699e-01
7.266701459884643555e-01 4.878194034099578857e-01
5.537987947463989258e-01 6.310297250747680664e-01
4.135814309120178223e-01 4.823951423168182373e-01
5.615445375442504883e-01 4.862709939479827881e-01
6.177207231521606445e-01 5.470942258834838867e-01
7.027819156646728516e-01 7.388049364089965820e-01
4.449967741966247559e-01 6.872819662094116211e-01
4.795448780059814453e-01 6.617894172668457031e-01
5.591344833374023438e-01 5.896651744842529297e-01
5.053995251655578613e-01 6.902348995208740234e-01
4.742422699928283691e-01 5.693698525428771973e-01
6.825002431869506836e-01 4.533595144748687744e-01
8.000198602676391602e-01 6.327451467514038086e-01
7.226137518882751465e-01 5.014463663101196289e-01
6.175556182861328125e-01 6.105546355247497559e-01
6.755803227424621582e-01 4.170379936695098877e-01
5.111330151557922363e-01 7.538459300994873047e-01
5.768697857856750488e-01 7.654460072517395020e-01
4.533599913120269775e-01 4.704356789588928223e-01
5.383758544921875000e-01 5.652083158493041992e-01
7.520397901535034180e-01 5.411113500595092773e-01
5.279343724250793457e-01 7.472527027130126953e-01
7.453398704528808594e-01 6.095062494277954102e-01
5.819030404090881348e-01 7.082794904708862305e-01
5.915141701698303223e-01 8.265035152435302734e-01
6.298816204071044922e-01 6.189006567001342773e-01
7.503587007522583008e-01 4.599125087261199951e-01
7.308176755905151367e-01 5.245570540428161621e-01
7.563449144363403320e-01 7.197334766387939453e-01
6.675187349319458008e-01 5.111897587776184082e-01
6.364641189575195312e-01 5.213640332221984863e-01
5.924006104469299316e-01 7.538848519325256348e-01
6.195510625839233398e-01 4.448014199733734131e-01
6.501376032829284668e-01 7.747872471809387207e-01
6.070840358734130859e-01 7.468167543411254883e-01
4.990266859531402588e-01 6.491616964340209961e-01
7.083264589309692383e-01 7.698018550872802734e-01
4.613374471664428711e-01 6.033346056938171387e-01
5.670377016067504883e-01 6.515906453132629395e-01
6.753125786781311035e-01 4.049891531467437744e-01
4.223362207412719727e-01 5.668107271194458008e-01
5.309560298919677734e-01 6.680325865745544434e-01
6.203047037124633789e-01 5.712774395942687988e-01
4.369215071201324463e-01 6.770145297050476074e-01
5.182944536209106445e-01 6.192417740821838379e-01
7.000368237495422363e-01 5.641370415687561035e-01
7.043004631996154785e-01 7.357642054557800293e-01
7.015634775161743164e-01 7.124280929565429688e-01
5.305461883544921875e-01 4.958903789520263672e-01
5.478732585906982422e-01 6.837401986122131348e-01
3.987743556499481201e-01 6.355504393577575684e-01
6.738987565040588379e-01 4.733130335807800293e-01
4.866506457328796387e-01 5.243034362792968750e-01
4.238891303539276123e-01 4.245508611202239990e-01
5.223634839057922363e-01 6.445951461791992188e-01
5.417268872261047363e-01 7.316119670867919922e-01
5.687700510025024414e-01 4.561516940593719482e-01
7.078176736831665039e-01 7.487375140190124512e-01
6.759805083274841309e-01 4.808185398578643799e-01
7.206496000289916992e-01 6.485036015510559082e-01
7.154576182365417480e-01 6.532027721405029297e-01
6.877071261405944824e-01 7.666757106781005859e-01
7.228569984436035156e-01 5.734890103340148926e-01
5.949740409851074219e-01 5.098206400871276855e-01
5.573605298995971680e-01 4.005288779735565186e-01
6.920161247253417969e-01 5.790117383003234863e-01
4.326682984828948975e-01 6.847993731498718262e-01
6.345485448837280273e-01 7.204413414001464844e-01
7.188570499420166016e-01 5.173185467720031738e-01
7.054924368858337402e-01 5.049694776535034180e-01
7.308857440948486328e-01 6.150796413421630859e-01
6.612692475318908691e-01 7.608523964881896973e-01
6.635352373123168945e-01 4.317845404148101807e-01
4.227812588214874268e-01 6.219106316566467285e-01
5.457211136817932129e-01 5.625125765800476074e-01
5.057829022407531738e-01 6.609533429145812988e-01
5.239506363868713379e-01 6.395736336708068848e-01
4.775430262088775635e-01 6.224943399429321289e-01
7.703215479850769043e-01 6.230818033218383789e-01
5.241792798042297363e-01 7.407558560371398926e-01
7.316804528236389160e-01 7.664638161659240723e-01
5.706753730773925781e-01 8.137674331665039062e-01
4.885394573211669922e-01 7.683033347129821777e-01
6.027717590332031250e-01 4.491914808750152588e-01
7.297313213348388672e-01 5.893900990486145020e-01
6.945688724517822266e-01 3.883963227272033691e-01
5.357014536857604980e-01 5.814279317855834961e-01
7.863318920135498047e-01 6.059636473655700684e-01
4.021628499031066895e-01 4.884101450443267822e-01
5.765866637229919434e-01 7.396636605262756348e-01
4.461815953254699707e-01 7.668486237525939941e-01
4.643915295600891113e-01 4.958226978778839111e-01
7.285791635513305664e-01 6.514525413513183594e-01
5.577673316001892090e-01 5.951515436172485352e-01
6.579316854476928711e-01 7.077694535255432129e-01
7.309529781341552734e-01 6.141083836555480957e-01
5.578268170356750488e-01 6.836493611335754395e-01
3.910691440105438232e-01 4.667676687240600586e-01
5.972374081611633301e-01 5.504547357559204102e-01
5.612434148788452148e-01 4.353584945201873779e-01
4.946160018444061279e-01 5.198242068290710449e-01
4.981735348701477051e-01 7.099850773811340332e-01
4.294007420539855957e-01 5.120474100112915039e-01
5.293380022048950195e-01 6.323232054710388184e-01
5.625092983245849609e-01 6.948304176330566406e-01
6.921391487121582031e-01 6.576322913169860840e-01
4.825736582279205322e-01 6.716194748878479004e-01
7.801725268363952637e-01 6.415016651153564453e-01
4.989439249038696289e-01 7.547610402107238770e-01
6.957364082336425781e-01 4.230881631374359131e-01
6.648901700973510742e-01 7.865517139434814453e-01
4.241415560245513916e-01 5.458560585975646973e-01
4.411503672599792480e-01 6.896895170211791992e-01
6.799851655960083008e-01 7.808576822280883789e-01
6.682623028755187988e-01 6.604894995689392090e-01
4.461420774459838867e-01 5.853047966957092285e-01
6.900300383567810059e-01 5.506163835525512695e-01
4.304922521114349365e-01 4.470793306827545166e-01
8.046934008598327637e-01 5.347556471824645996e-01
7.047299742698669434e-01 7.429791688919067383e-01
7.359068989753723145e-01 6.336188316345214844e-01
7.112742066383361816e-01 5.526145100593566895e-01
5.631356835365295410e-01 8.220003247261047363e-01
5.260820984840393066e-01 7.961081862449645996e-01
4.006940126419067383e-01 6.229675412178039551e-01
4.371811151504516602e-01 7.285780906677246094e-01
6.019515991210937500e-01 4.215093255043029785e-01
7.324072718620300293e-01 7.297078371047973633e-01
8.011276125907897949e-01 5.915304422378540039e-01
5.101473927497863770e-01 4.120704531669616699e-01
4.382146596908569336e-01 3.959933519363403320e-01
7.029336690902709961e-01 6.038006544113159180e-01
6.259218454360961914e-01 4.930433332920074463e-01
5.503701567649841309e-01 4.674932658672332764e-01
5.936466455459594727e-01 8.349799513816833496e-01
4.910243749618530273e-01 6.634550690650939941e-01
4.638049602508544922e-01 5.777004957199096680e-01
6.411748528480529785e-01 5.087921619415283203e-01
7.712324857711791992e-01 7.469487190246582031e-01
5.108958482742309570e-01 6.437818408012390137e-01
4.592066407203674316e-01 6.177809834480285645e-01
7.558774948120117188e-01 5.152103900909423828e-01
6.129416227340698242e-01 5.692173838615417480e-01
4.957336485385894775e-01 7.103370428085327148e-01
4.820686280727386475e-01 6.700395345687866211e-01
5.740058422088623047e-01 7.138302922248840332e-01
6.003505587577819824e-01 4.083709716796875000e-01
6.829593777656555176e-01 4.379377067089080811e-01
6.074087619781494141e-01 4.374749362468719482e-01
5.879249572753906250e-01 8.358186483383178711e-01
4.577372372150421143e-01 6.352436542510986328e-01
5.108483433723449707e-01 4.159309566020965576e-01
6.523538231849670410e-01 5.860490798950195312e-01
5.729140043258666992e-01 5.087152123451232910e-01
6.535034775733947754e-01 4.037028849124908447e-01
7.091480493545532227e-01 7.314235568046569824e-01
4.141285419464111328e-01 7.150583863258361816e-01
4.960056841373443604e-01 6.170659661293029785e-01
5.641263723373413086e-01 7.721064090728759766e-01
4.555675983428955078e-01 3.717778027057647705e-01
8.011546730995178223e-01 6.100348830223083496e-01
5.997722148895263672e-01 4.376035034656524658e-01
7.239424586296081543e-01 6.164417266845703125e-01
5.750122666358947754e-01 5.927284359931945801e-01
6.656842827796936035e-01 7.727989554405212402e-01
6.500191688537597656e-01 8.089728355407714844e-01
4.777460098266601562e-01 4.425406157970428467e-01
6.699695587158203125e-01 5.350782871246337891e-01
4.002678394317626953e-01 5.691355466842651367e-01
5.426855683326721191e-01 5.118206739425659180e-01
7.365704774856567383e-01 5.718246102333068848e-01
4.517758190631866455e-01 5.270470380783081055e-01
7.293921113014221191e-01 7.775704264640808105e-01
5.609832406044006348e-01 7.256996631622314453e-01
4.491591155529022217e-01 5.677248239517211914e-01
5.359228253364562988e-01 4.860859215259552002e-01
7.572219371795654297e-01 6.129149794578552246e-01
7.134233713150024414e-01 6.599459052085876465e-01
7.406398653984069824e-01 6.831471323966979980e-01
6.695942878723144531e-01 4.292724728584289551e-01
5.096757411956787109e-01 5.879384875297546387e-01
4.219831526279449463e-01 7.433888912200927734e-01
4.870897531509399414e-01 4.402244091033935547e-01
6.400273442268371582e-01 3.824991285800933838e-01
6.112836599349975586e-01 4.347322285175323486e-01
4.517903923988342285e-01 6.500371098518371582e-01
6.690676808357238770e-01 6.046285629272460938e-01
4.139964282512664795e-01 5.976394414901733398e-01
7.742157578468322754e-01 5.009191036224365234e-01
6.340235471725463867e-01 7.189099788665771484e-01
7.149713635444641113e-01 5.244481563568115234e-01
4.973693788051605225e-01 7.171748876571655273e-01
6.499062180519104004e-01 7.216281890869140625e-01
5.413350462913513184e-01 5.756603479385375977e-01
5.010231733322143555e-01 6.282208561897277832e-01
4.846467077732086182e-01 7.203042507171630859e-01
7.926136255264282227e-01 5.753464102745056152e-01
5.271999835968017578e-01 3.903549909591674805e-01
5.962096452713012695e-01 7.825142145156860352e-01
6.857027411460876465e-01 6.035925149917602539e-01
4.382121264934539795e-01 6.454941034317016602e-01
7.413690686225891113e-01 6.241368055343627930e-01
4.663379192352294922e-01 4.396694898605346680e-01
7.373452782630920410e-01 6.089766025543212891e-01
6.816694140434265137e-01 7.213750481605529785e-01
4.718072414398193359e-01 4.346593320369720459e-01
7.395097613334655762e-01 4.993527829647064209e-01
4.089730978012084961e-01 6.540709733963012695e-01
7.995668649673461914e-01 6.343494057655334473e-01
7.434141635894775391e-01 6.160381436347961426e-01
7.539843916893005371e-01 7.073752284049987793e-01
4.652103781700134277e-01 5.842172503471374512e-01
8.152458071708679199e-01 4.263215959072113037e-01
7.204305529594421387e-01 4.603132605552673340e-01
4.259712398052215576e-01 4.640640914440155029e-01
6.540229320526123047e-01 5.698892474174499512e-01
6.704120039939880371e-01 6.448208689689636230e-01
6.198355555534362793e-01 4.365115165710449219e-01
4.355668127536773682e-01 7.585930824279785156e-01
6.719174385070800781e-01 7.563199996948242188e-01
5.502431392669677734e-01 7.775353193283081055e-01
7.571094036102294922e-01 5.768832564353942871e-01
4.605160057544708252e-01 5.334604978561401367e-01
7.260763645172119141e-01 5.151746869087219238e-01
7.376407980918884277e-01 5.745097398757934570e-01
4.465198218822479248e-01 6.442121863365173340e-01
7.598795294761657715e-01 4.808444380760192871e-01
7.221447825431823730e-01 6.493049860000610352e-01
5.485193133354187012e-01 4.810243844985961914e-01
4.659348130226135254e-01 5.972768068313598633e-01
7.109285593032836914e-01 6.612910628318786621e-01
6.526175141334533691e-01 7.041807174682617188e-01
6.182205080986022949e-01 5.069182515144348145e-01
6.677823066711425781e-01 4.689245522022247314e-01
7.518986463546752930e-01 4.916844666004180908e-01
7.882232666015625000e-01 5.494321584701538086e-01
6.218896508216857910e-01 7.567975521087646484e-01
7.091268301010131836e-01 5.555010437965393066e-01
7.230069041252136230e-01 5.177455544471740723e-01
4.444379806518554688e-01 6.040900349617004395e-01
6.654482483863830566e-01 7.460791468620300293e-01
3.864856958389282227e-01 6.371453404426574707e-01
6.992198228836059570e-01 4.906310141086578369e-01
4.296771287918090820e-01 7.158750295639038086e-01
6.673337817192077637e-01 4.715484976768493652e-01
6.936616897583007812e-01 7.114066481590270996e-01
6.124094724655151367e-01 4.126267731189727783e-01
4.517593085765838623e-01 5.423846244812011719e-01
7.627651691436767578e-01 6.938689947128295898e-01
