4.978976547718048096e-01 5.689609646797180176e-01
7.339844107627868652e-01 5.689921975135803223e-01
7.737494707107543945e-01 5.557352900505065918e-01
7.346585988998413086e-01 6.206521987915039062e-01
7.451822161674499512e-01 5.284579992294311523e-01
6.482685804367065430e-01 6.797839403152465820e-01
7.508974075317382812e-01 6.498257517814636230e-01
5.809072852134704590e-01 7.531977891921997070e-01
5.701507329940795898e-01 4.418069720268249512e-01
6.143203973770141602e-01 6.051395535469055176e-01
5.324994325637817383e-01 6.007906794548034668e-01
5.072897076606750488e-01 5.500171780586242676e-01
5.954244136810302734e-01 4.640729427337646484e-01
4.437260031700134277e-01 6.767172813415527344e-01
4.326016604900360107e-01 4.554090499877929688e-01
6.244828104972839355e-01 5.342808365821838379e-01
7.829739451408386230e-01 6.472862362861633301e-01
4.588225483894348145e-01 6.230516433715820312e-01
5.760284066200256348e-01 5.172515511512756348e-01
4.946867823600769043e-01 7.106404900550842285e-01
6.562405228614807129e-01 5.477755069732666016e-01
6.924765110015869141e-01 4.391395151615142822e-01
7.263650894165039062e-01 6.703944802284240723e-01
6.980938911437988281e-01 4.815815389156341553e-01
5.359507799148559570e-01 4.323067069053649902e-01
7.694645524024963379e-01 4.887661635875701904e-01
7.141438722610473633e-01 5.376378893852233887e-01
4.859998524188995361e-01 4.982788860797882080e-01
6.664541363716125488e-01 5.019407272338867188e-01
4.732353389263153076e-01 5.003821253776550293e-01
4.555571377277374268e-01 6.186264157295227051e-01
5.004736185073852539e-01 3.924074769020080566e-01
7.182427048683166504e-01 4.572179019451141357e-01
4.420674145221710205e-01 5.777984857559204102e-01
5.753752589225769043e-01 6.173518896102905273e-01
6.546931266784667969e-01 7.544736266136169434e-01
7.561115622520446777e-01 6.078872084617614746e-01
7.282197475433349609e-01 5.135006308555603027e-01
5.622952580451965332e-01 4.835009574890136719e-01
8.169142007827758789e-01 6.322615146636962891e-01
7.781166434288024902e-01 5.886315107345581055e-01
7.198376059532165527e-01 7.210290431976318359e-01
6.388002038002014160e-01 6.616463065147399902e-01
6.484754681587219238e-01 8.010361194610595703e-01
5.121144652366638184e-01 7.368336319923400879e-01
4.198053479194641113e-01 5.219023823738098145e-01
7.514395117759704590e-01 4.903475642204284668e-01
5.827722549438476562e-01 6.654964685440063477e-01
4.580505788326263428e-01 4.704169034957885742e-01
5.404903292655944824e-01 6.562257409095764160e-01
7.578942775726318359e-01 5.981520414352416992e-01
7.471965551376342773e-01 5.186604261398315430e-01
6.584608554840087891e-01 7.605708241462707520e-01
7.471352219581604004e-01 5.273385643959045410e-01
3.997130393981933594e-01 6.282957792282104492e-01
4.097614288330078125e-01 5.868859291076660156e-01
5.744440555572509766e-01 6.333425045013427734e-01
4.764962792396545410e-01 5.534611344337463379e-01
7.365924715995788574e-01 5.437609553337097168e-01
5.999588370323181152e-01 6.936370134353637695e-01
4.491249024868011475e-01 7.653650641441345215e-01
7.141414880752563477e-01 7.009710669517517090e-01
7.116023898124694824e-01 4.727262854576110840e-01
7.851079702377319336e-01 4.686119556427001953e-01
7.508198022842407227e-01 4.955665767192840576e-01
6.073703169822692871e-01 6.515723466873168945e-01
5.023414492607116699e-01 4.331546127796173096e-01
5.860415101051330566e-01 5.289875864982604980e-01
4.114238023757934570e-01 6.022417545318603516e-01
7.040068507194519043e-01 7.050002813339233398e-01
4.660001397132873535e-01 4.984899759292602539e-01
5.676876902580261230e-01 4.958474934101104736e-01
5.621595382690429688e-01 7.404221296310424805e-01
5.717216134071350098e-01 4.975857138633728027e-01
6.349046826362609863e-01 4.795775115489959717e-01
4.161649942398071289e-01 6.536722779273986816e-01
5.259863138198852539e-01 5.846402049064636230e-01
6.067501902580261230e-01 6.150218844413757324e-01
6.138197183609008789e-01 7.411084771156311035e-01
6.841709613800048828e-01 5.479915738105773926e-01
7.977329492568969727e-01 5.677457451820373535e-01
5.054422616958618164e-01 4.456755518913269043e-01
5.212354660034179688e-01 5.889171957969665527e-01
5.148048996925354004e-01 6.018201112747192383e-01
5.150794982910156250e-01 6.955593824386596680e-01
4.771175682544708252e-01 4.711873531341552734e-01
4.633155167102813721e-01 6.595899462699890137e-01
4.354363381862640381e-01 4.929076433181762695e-01
3.792736530303955078e-01 5.696004629135131836e-01
6.621723175048828125e-01 5.649300217628479004e-01
7.199739813804626465e-01 5.510780215263366699e-01
7.473157644271850586e-01 7.586869597434997559e-01
7.736036181449890137e-01 5.348497629165649414e-01
4.857156872749328613e-01 3.830371797084808350e-01
6.745080947875976562e-01 6.684666872024536133e-01
4.065550863742828369e-01 5.501977205276489258e-01
5.104656219482421875e-01 5.642063617706298828e-01
7.377735972404479980e-01 7.411532998085021973e-01
7.200757861137390137e-01 5.528943538665771484e-01
5.369302630424499512e-01 6.227641701698303223e-01
7.163260579109191895e-01 5.247430801391601562e-01
7.508324980735778809e-01 7.462189793586730957e-01
5.229312181472778320e-01 4.265213906764984131e-01
7.482118606567382812e-01 4.797020256519317627e-01
6.389164328575134277e-01 3.947215080261230469e-01
7.908117175102233887e-01 5.983241796493530273e-01
5.830881595611572266e-01 5.400251150131225586e-01
7.327609062194824219e-01 7.226918339729309082e-01
4.209353029727935791e-01 5.295799374580383301e-01
5.242503285408020020e-01 5.098761916160583496e-01
4.742548465728759766e-01 5.574966669082641602e-01
5.468560457229614258e-01 5.594618320465087891e-01
7.582936286926269531e-01 5.005691051483154297e-01
4.734045267105102539e-01 6.909053325653076172e-01
6.558694839477539062e-01 5.327352881431579590e-01
5.554006695747375488e-01 4.145464897155761719e-01
3.670503497123718262e-01 6.709383130073547363e-01
6.910266876220703125e-01 7.892674803733825684e-01
7.025634646415710449e-01 6.689854264259338379e-01
5.452948212623596191e-01 5.089061260223388672e-01
5.402658581733703613e-01 6.698436141014099121e-01
4.168239831924438477e-01 5.010437965393066406e-01
4.145472943782806396e-01 4.404590725898742676e-01
7.342182993888854980e-01 5.506634116172790527e-01
4.325244426727294922e-01 5.896434187889099121e-01
5.912163257598876953e-01 7.356984615325927734e-01
6.450904011726379395e-01 7.780041098594665527e-01
4.764868617057800293e-01 6.088107824325561523e-01
5.648469328880310059e-01 5.117456912994384766e-01
6.421557664871215820e-01 4.559895694255828857e-01
4.356275796890258789e-01 4.477490484714508057e-01
5.613481402397155762e-01 3.944422602653503418e-01
6.522200107574462891e-01 6.959989070892333984e-01
6.825699210166931152e-01 6.096925139427185059e-01
5.138836503028869629e-01 7.089596390724182129e-01
6.336813569068908691e-01 6.235576272010803223e-01
6.049209237098693848e-01 5.951662063598632812e-01
7.384284138679504395e-01 7.413997650146484375e-01
6.711264848709106445e-01 5.382668972015380859e-01
3.664310276508331299e-01 6.335843205451965332e-01
7.066016793251037598e-01 6.096565723419189453e-01
5.857477784156799316e-01 7.290164828300476074e-01
6.331571340560913086e-01 4.477292001247406006e-01
7.540583014488220215e-01 6.253545880317687988e-01
4.373649358749389648e-01 6.615120172500610352e-01
4.278559386730194092e-01 5.724415183067321777e-01
6.201701760292053223e-01 6.139653921127319336e-01
5.290778875350952148e-01 5.835109949111938477e-01
7.728136777877807617e-01 6.287291049957275391e-01
4.214043021202087402e-01 6.654828786849975586e-01
4.592572450637817383e-01 4.864179193973541260e-01
5.035116672515869141e-01 4.302201271057128906e-01
5.417200922966003418e-01 7.445278763771057129e-01
7.216464877128601074e-01 6.831864714622497559e-01
6.920664906501770020e-01 6.064471006393432617e-01
6.569836735725402832e-01 6.706911325454711914e-01
4.334079921245574951e-01 5.126935839653015137e-01
5.438531041145324707e-01 5.054473876953125000e-01
6.896273493766784668e-01 7.665930390357971191e-01
4.840645492076873779e-01 4.939172863960266113e-01
5.317544341087341309e-01 6.593219041824340820e-01
6.205875277519226074e-01 5.784556865692138672e-01
5.418530702590942383e-01 7.237595915794372559e-01
5.127569437026977539e-01 7.600905299186706543e-01
4.741292893886566162e-01 7.624744772911071777e-01
5.070560574531555176e-01 7.762748599052429199e-01
8.027495741844177246e-01 5.145928859710693359e-01
5.393384695053100586e-01 7.361088991165161133e-01
5.261787176132202148e-01 3.968213498592376709e-01
5.973989963531494141e-01 5.604993104934692383e-01
7.412030100822448730e-01 6.345492601394653320e-01
7.361137270927429199e-01 6.655580997467041016e-01
6.624966859817504883e-01 6.513472199440002441e-01
4.527280926704406738e-01 5.978026986122131348e-01
6.101366877555847168e-01 4.557343125343322754e-01
3.927862644195556641e-01 4.794902801513671875e-01
6.407532095909118652e-01 6.129218339920043945e-01
7.669808864593505859e-01 5.086911320686340332e-01
5.535046458244323730e-01 5.043598413467407227e-01
4.864634573459625244e-01 5.883195400238037109e-01
4.492690861225128174e-01 4.607136845588684082e-01
4.599144458770751953e-01 6.976338624954223633e-01
4.430482983589172363e-01 6.164423227310180664e-01
5.739310383796691895e-01 7.759575843811035156e-01
6.187121868133544922e-01 4.940932393074035645e-01
4.621908366680145264e-01 5.834304690361022949e-01
3.828635811805725098e-01 5.921151638031005859e-01
7.380886077880859375e-01 5.327914357185363770e-01
5.217450857162475586e-01 5.428374409675598145e-01
4.251673519611358643e-01 4.735262393951416016e-01
5.128224492073059082e-01 4.881510436534881592e-01
4.535817205905914307e-01 4.858837127685546875e-01
5.123983025550842285e-01 7.186551094055175781e-01
4.574436545372009277e-01 4.539648294448852539e-01
5.092591643333435059e-01 7.994093894958496094e-01
5.602652430534362793e-01 4.275191426277160645e-01
4.815955162048339844e-01 5.055721998214721680e-01
5.086292028427124023e-01 7.135371565818786621e-01
7.494093179702758789e-01 4.855426847934722900e-01
6.316120624542236328e-01 7.043301463127136230e-01
7.375075221061706543e-01 4.661703705787658691e-01
5.042092204093933105e-01 4.512745141983032227e-01
7.209585309028625488e-01 5.358723402023315430e-01
7.216284275054931641e-01 6.498150825500488281e-01
7.924845814704895020e-01 5.069305896759033203e-01
6.326063871383666992e-01 4.970413148403167725e-01
6.333886384963989258e-01 5.880158543586730957e-01
6.185491681098937988e-01 6.614782810211181641e-01
5.887644886970520020e-01 7.134132981300354004e-01
5.217005610466003418e-01 4.809870123863220215e-01
5.360339283943176270e-01 7.570748925209045410e-01
4.797629117965698242e-01 3.975496888160705566e-01
3.402902483940124512e-01 6.553031802177429199e-01
4.693103432655334473e-01 6.815697550773620605e-01
5.238575339317321777e-01 4.366421699523925781e-01
6.085884571075439453e-01 4.333108067512512207e-01
6.079220771789550781e-01 7.579872608184814453e-01
4.463904500007629395e-01 4.739307463169097900e-01
4.805569350719451904e-01 7.424832582473754883e-01
3.804016411304473877e-01 5.280036330223083496e-01
6.875907182693481445e-01 5.163589715957641602e-01
7.080749869346618652e-01 7.587656974792480469e-01
4.201720356941223145e-01 7.127541899681091309e-01
5.617710947990417480e-01 7.510727047920227051e-01
6.138733625411987305e-01 7.699534296989440918e-01
6.073820590972900391e-01 4.644503891468048096e-01
5.496089458465576172e-01 7.536930441856384277e-01
5.411432981491088867e-01 6.241309046745300293e-01
5.109171867370605469e-01 5.946492552757263184e-01
6.330274939537048340e-01 5.731172561645507812e-01
6.614552736282348633e-01 7.259019613265991211e-01
6.560314297676086426e-01 5.605064034461975098e-01
4.186801910400390625e-01 7.201548218727111816e-01
4.751325249671936035e-01 7.201528549194335938e-01
7.885967493057250977e-01 5.701670050621032715e-01
5.410884022712707520e-01 4.946133792400360107e-01
7.665184736251831055e-01 6.858826875686645508e-01
4.345742166042327881e-01 6.848493218421936035e-01
4.482451081275939941e-01 6.451959609985351562e-01
6.436099410057067871e-01 4.613093733787536621e-01
4.136388897895812988e-01 5.887637734413146973e-01
6.174120306968688965e-01 4.527294933795928955e-01
5.335264205932617188e-01 4.415869414806365967e-01
6.085693240165710449e-01 8.021477460861206055e-01
3.964252173900604248e-01 6.761480569839477539e-01
4.851678311824798584e-01 5.005583763122558594e-01
5.939766168594360352e-01 7.912089228630065918e-01
7.492557168006896973e-01 7.426211237907409668e-01
6.196195483207702637e-01 7.842313647270202637e-01
7.156168818473815918e-01 5.177110433578491211e-01
7.147940397262573242e-01 7.952808737754821777e-01
4.871154427528381348e-01 7.202935814857482910e-01
5.810821056365966797e-01 7.979035377502441406e-01
5.638879537582397461e-01 6.903280019760131836e-01
6.648712158203125000e-01 6.560752391815185547e-01
3.596979081630706787e-01 6.705632209777832031e-01
7.237094640731811523e-01 4.496004581451416016e-01
6.296849846839904785e-01 7.602092623710632324e-01
7.326046824455261230e-01 6.989689469337463379e-01
4.717210233211517334e-01 4.503241479396820068e-01
4.362271428108215332e-01 6.099162697792053223e-01
7.902222871780395508e-01 5.328018665313720703e-01
6.815451383590698242e-01 7.608191370964050293e-01
6.699030995368957520e-01 4.577960073947906494e-01
3.878011405467987061e-01 5.416818857192993164e-01
6.024764776229858398e-01 5.699072480201721191e-01
4.863953888416290283e-01 4.466832280158996582e-01
5.957307219505310059e-01 5.316664576530456543e-01
6.846992373466491699e-01 6.538338065147399902e-01
6.700657606124877930e-01 7.965519428253173828e-01
5.193445086479187012e-01 7.988135218620300293e-01
5.128843784332275391e-01 6.521497964859008789e-01
4.309386312961578369e-01 5.498709678649902344e-01
6.674662828445434570e-01 4.916892647743225098e-01
4.512843489646911621e-01 4.371054768562316895e-01
5.945190191268920898e-01 5.767955183982849121e-01
5.692179799079895020e-01 6.631532907485961914e-01
5.253279209136962891e-01 5.254389047622680664e-01
6.779907345771789551e-01 5.081027150154113770e-01
6.454426646232604980e-01 6.969733238220214844e-01
7.659873366355895996e-01 6.371806263923645020e-01
7.221751213073730469e-01 6.420822739601135254e-01
6.880756020545959473e-01 4.610409140586853027e-01
6.467685103416442871e-01 5.711500644683837891e-01
5.891486406326293945e-01 6.529873013496398926e-01
3.979121446609497070e-01 7.099376916885375977e-01
7.498297691345214844e-01 6.845297217369079590e-01
7.710591554641723633e-01 5.989897847175598145e-01
6.878238916397094727e-01 4.514271914958953857e-01
5.028287768363952637e-01 6.380916833877563477e-01
4.875490665435791016e-01 6.754112839698791504e-01
5.555623173713684082e-01 7.267205119132995605e-01
4.841765165328979492e-01 4.592097997665405273e-01
5.054490566253662109e-01 5.349617004394531250e-01
4.237231612205505371e-01 7.469350695610046387e-01
5.708000063896179199e-01 6.117191314697265625e-01
4.167134761810302734e-01 7.318531870841979980e-01
4.541886448860168457e-01 5.348466634750366211e-01
6.425560116767883301e-01 7.417992353439331055e-01
5.836724638938903809e-01 4.100679457187652588e-01
7.143411040306091309e-01 4.688800871372222900e-01
5.478482842445373535e-01 7.166176438331604004e-01
5.587417483329772949e-01 5.244618654251098633e-01
6.961020231246948242e-01 4.459586143493652344e-01
3.677196502685546875e-01 5.226285457611083984e-01
3.972500860691070557e-01 6.051189899444580078e-01
8.003120422363281250e-01 4.807526171207427979e-01
5.948734879493713379e-01 6.923051476478576660e-01
4.602997004985809326e-01 4.318512976169586182e-01
6.624491214752197266e-01 5.632804036140441895e-01
5.914936065673828125e-01 7.773487567901611328e-01
7.225719094276428223e-01 4.651607871055603027e-01
7.362972497940063477e-01 5.267094969749450684e-01
6.173545718193054199e-01 4.845272600650787354e-01
4.721045792102813721e-01 7.617656588554382324e-01
6.578229665756225586e-01 4.740017652511596680e-01
6.454625129699707031e-01 7.816627025604248047e-01
7.242981791496276855e-01 6.925398111343383789e-01
6.821303963661193848e-01 6.701485514640808105e-01
5.744138956069946289e-01 7.852513194084167480e-01
6.773553490638732910e-01 4.653441607952117920e-01
6.206217408180236816e-01 6.639449596405029297e-01
7.338150143623352051e-01 5.731413960456848145e-01
5.613968372344970703e-01 5.995419025421142578e-01
5.120708942413330078e-01 3.876615464687347412e-01
7.025662064552307129e-01 6.111245155334472656e-01
4.472673833370208740e-01 7.235903739929199219e-01
5.094677805900573730e-01 3.955964148044586182e-01
6.138277649879455566e-01 6.052328944206237793e-01
6.087575554847717285e-01 6.258887052536010742e-01
5.865298509597778320e-01 5.537397265434265137e-01
7.501211166381835938e-01 5.891735553741455078e-01
7.178392410278320312e-01 5.420453548431396484e-01
5.679171681404113770e-01 6.759525537490844727e-01
7.350825667381286621e-01 6.335165500640869141e-01
3.586981296539306641e-01 5.101602673530578613e-01
3.481678962707519531e-01 6.389030218124389648e-01
6.369050145149230957e-01 8.075240850448608398e-01
5.370239615440368652e-01 4.812644720077514648e-01
5.425438284873962402e-01 4.081405997276306152e-01
5.535835623741149902e-01 6.318339109420776367e-01
5.284963250160217285e-01 4.198372364044189453e-01
7.563117146492004395e-01 6.224896311759948730e-01
5.794826149940490723e-01 7.800803184509277344e-01
4.105467200279235840e-01 6.895568370819091797e-01
6.244276762008666992e-01 5.512000918388366699e-01
7.860595583915710449e-01 6.571192741394042969e-01
5.610017180442810059e-01 7.317067384719848633e-01
4.276656508445739746e-01 6.858442425727844238e-01
4.709918498992919922e-01 4.408168494701385498e-01
7.134932279586791992e-01 7.460554838180541992e-01
5.961910486221313477e-01 4.108603894710540771e-01
6.953446865081787109e-01 5.224186778068542480e-01
3.928009867668151855e-01 5.763729214668273926e-01
5.769840478897094727e-01 5.193440914154052734e-01
6.460366249084472656e-01 4.622129201889038086e-01
6.662459373474121094e-01 6.252057552337646484e-01
5.568333864212036133e-01 5.759577751159667969e-01
6.850926876068115234e-01 4.575789868831634521e-01
4.158788919448852539e-01 5.602491497993469238e-01
3.609693348407745361e-01 5.460465550422668457e-01
4.553255438804626465e-01 6.356664896011352539e-01
4.020275473594665527e-01 6.905424594879150391e-01
7.602838873863220215e-01 6.620408296585083008e-01
7.052717208862304688e-01 5.368993282318115234e-01
4.223873913288116455e-01 4.793396592140197754e-01
5.608094334602355957e-01 4.654071331024169922e-01
5.658687949180603027e-01 6.957897543907165527e-01
7.186725139617919922e-01 4.839096963405609131e-01
7.633276581764221191e-01 5.423902273178100586e-01
5.956194996833801270e-01 4.069097638130187988e-01
5.848861932754516602e-01 4.241903126239776611e-01
6.942438483238220215e-01 7.756823301315307617e-01
7.157095670700073242e-01 6.245586872100830078e-01
6.748808026313781738e-01 4.800873696804046631e-01
7.305576801300048828e-01 5.649573802947998047e-01
4.054119586944580078e-01 4.559237658977508545e-01
7.951627969741821289e-01 5.002748966217041016e-01
6.663705706596374512e-01 6.452763676643371582e-01
6.959534883499145508e-01 6.516953706741333008e-01
6.272279620170593262e-01 6.691300868988037109e-01
3.833756744861602783e-01 5.097407698631286621e-01
5.199657082557678223e-01 5.352961421012878418e-01
5.614868998527526855e-01 6.249765753746032715e-01
7.025257349014282227e-01 5.010806918144226074e-01
5.700252056121826172e-01 3.900409042835235596e-01
5.697900056838989258e-01 4.828121364116668701e-01
4.530218243598937988e-01 5.642715096473693848e-01
6.340869665145874023e-01 4.308742582798004150e-01
6.683253049850463867e-01 6.014301776885986328e-01
5.125241875648498535e-01 7.314653992652893066e-01
3.644966483116149902e-01 5.032067894935607910e-01
6.130697131156921387e-01 6.005498170852661133e-01
4.476173818111419678e-01 4.544647634029388428e-01
5.538437962532043457e-01 4.923902451992034912e-01
7.653239965438842773e-01 6.749920248985290527e-01
7.822214961051940918e-01 4.580016136169433594e-01
4.495798051357269287e-01 7.490944862365722656e-01
5.070585012435913086e-01 5.525507926940917969e-01
5.313342213630676270e-01 5.303341150283813477e-01
3.679224252700805664e-01 6.749098300933837891e-01
7.309824228286743164e-01 6.082325577735900879e-01
5.544210672378540039e-01 6.320965886116027832e-01
7.753458023071289062e-01 5.544733405113220215e-01
5.507605671882629395e-01 5.172751545906066895e-01
3.629955649375915527e-01 5.818851590156555176e-01
6.591517329216003418e-01 7.020144462585449219e-01
6.691274046897888184e-01 6.603249311447143555e-01
5.598724484443664551e-01 6.969395279884338379e-01
6.095801591873168945e-01 4.987132549285888672e-01
5.446923971176147461e-01 6.561007499694824219e-01
7.279796600341796875e-01 5.750564336776733398e-01
7.873873114585876465e-01 5.843658447265625000e-01
7.078480124473571777e-01 7.694228291511535645e-01
4.232574999332427979e-01 5.956600308418273926e-01
3.617565929889678955e-01 5.741823315620422363e-01
4.337728321552276611e-01 6.893717050552368164e-01
4.573376476764678955e-01 7.069579958915710449e-01
3.670268058776855469e-01 5.988757610321044922e-01
3.911965787410736084e-01 6.766075491905212402e-01
3.793469667434692383e-01 6.667565107345581055e-01
4.332131743431091309e-01 5.656491518020629883e-01
3.976837396621704102e-01 7.069140672683715820e-01
5.929856300354003906e-01 4.076263308525085449e-01
4.764755368232727051e-01 7.487770915031433105e-01
4.604496359825134277e-01 6.015035510063171387e-01
7.004799842834472656e-01 7.716549634933471680e-01
4.555961191654205322e-01 6.414307355880737305e-01
6.770320534706115723e-01 6.285356283187866211e-01
4.922948777675628662e-01 7.116585969924926758e-01
5.384392142295837402e-01 3.921924829483032227e-01
7.413627505302429199e-01 4.877989590167999268e-01
4.524074494838714600e-01 5.877245664596557617e-01
4.760591983795166016e-01 5.570096373558044434e-01
4.857434928417205811e-01 4.710842370986938477e-01
6.977378726005554199e-01 4.347188174724578857e-01
4.387083947658538818e-01 5.114945769309997559e-01
6.827138662338256836e-01 6.304275989532470703e-01
5.307123661041259766e-01 7.796866893768310547e-01
4.011062383651733398e-01 4.869406521320343018e-01
5.698946714401245117e-01 4.923914968967437744e-01
5.051926970481872559e-01 3.755530118942260742e-01
5.987256765365600586e-01 5.758922100067138672e-01
5.997190475463867188e-01 7.530851960182189941e-01
7.434901595115661621e-01 6.482355594635009766e-01
7.143443226814270020e-01 6.540521979331970215e-01
7.519398331642150879e-01 4.502967894077301025e-01
4.567614495754241943e-01 4.815396964550018311e-01
6.426326036453247070e-01 6.172295212745666504e-01
4.689488112926483154e-01 6.820776462554931641e-01
6.932051181793212891e-01 4.439088106155395508e-01
5.629182457923889160e-01 6.714804172515869141e-01
5.846661329269409180e-01 7.143176794052124023e-01
6.455845236778259277e-01 7.866437435150146484e-01
5.384022593498229980e-01 6.789156198501586914e-01
5.110692977905273438e-01 5.219694375991821289e-01
6.126883029937744141e-01 5.036258101463317871e-01
5.888234376907348633e-01 4.496599137783050537e-01
3.743989765644073486e-01 6.715778708457946777e-01
3.595649302005767822e-01 6.524085998535156250e-01
4.948715567588806152e-01 6.446645259857177734e-01
5.989661812782287598e-01 5.652760863304138184e-01
6.422372460365295410e-01 6.616880893707275391e-01
6.697767972946166992e-01 7.907791733741760254e-01
6.621996760368347168e-01 6.145606040954589844e-01
7.098358273506164551e-01 6.742648482322692871e-01
4.784523248672485352e-01 7.337959408760070801e-01
5.359307527542114258e-01 7.114604115486145020e-01
6.901773810386657715e-01 7.673898935317993164e-01
7.374511957168579102e-01 5.313438177108764648e-01
3.809342980384826660e-01 5.144423246383666992e-01
6.162794828414916992e-01 6.074243187904357910e-01
5.721828937530517578e-01 6.226103901863098145e-01
7.516613602638244629e-01 6.089848279953002930e-01
4.263775944709777832e-01 4.634576439857482910e-01
5.318164229393005371e-01 7.508139610290527344e-01
4.174132347106933594e-01 6.635961532592773438e-01
5.020251274108886719e-01 6.627059578895568848e-01
3.553780913352966309e-01 6.889536380767822266e-01
4.089604914188385010e-01 5.581979751586914062e-01
4.958672523498535156e-01 4.389206469058990479e-01
6.168104410171508789e-01 4.852113425731658936e-01
3.799466192722320557e-01 5.730198621749877930e-01
5.337482690811157227e-01 4.099425673484802246e-01
5.975994467735290527e-01 7.174187302589416504e-01
6.861265301704406738e-01 6.813414096832275391e-01
3.780333697795867920e-01 6.629847884178161621e-01
5.203475356101989746e-01 4.172821938991546631e-01
5.237141847610473633e-01 4.755111932754516602e-01
5.707132220268249512e-01 5.093132257461547852e-01
6.349012851715087891e-01 6.188571453094482422e-01
4.765023589134216309e-01 6.794599294662475586e-01
6.222101449966430664e-01 6.470384597778320312e-01
6.505795717239379883e-01 4.265756607055664062e-01
6.446561813354492188e-01 8.017897605895996094e-01
4.220035374164581299e-01 5.107534527778625488e-01
4.929811358451843262e-01 4.277650117874145508e-01
6.807618141174316406e-01 4.655038416385650635e-01
4.933291971683502197e-01 6.483556032180786133e-01
6.704497933387756348e-01 5.346873998641967773e-01
7.709903717041015625e-01 5.308888554573059082e-01
5.964437723159790039e-01 6.172087192535400391e-01
5.646159648895263672e-01 4.975320398807525635e-01
6.902332901954650879e-01 4.731961488723754883e-01
6.933653950691223145e-01 5.194393992424011230e-01
3.821692168712615967e-01 5.173963308334350586e-01
4.277857542037963867e-01 5.634188055992126465e-01
3.859378397464752197e-01 4.970458149909973145e-01
6.612394452095031738e-01 6.412065625190734863e-01
5.018218159675598145e-01 5.519403815269470215e-01
3.907779157161712646e-01 5.753535032272338867e-01
6.571278572082519531e-01 5.070790052413940430e-01
5.145540833473205566e-01 6.106377243995666504e-01
6.278325319290161133e-01 7.048138976097106934e-01
7.677040100097656250e-01 6.070286631584167480e-01
5.229047536849975586e-01 4.733460545539855957e-01
4.824589192867279053e-01 4.633757770061492920e-01
6.018051505088806152e-01 7.580764293670654297e-01
6.055751442909240723e-01 7.891525030136108398e-01
6.011387109756469727e-01 6.060235500335693359e-01
6.062376499176025391e-01 4.168479144573211670e-01
7.062368392944335938e-01 7.294884920120239258e-01
5.158830881118774414e-01 4.863274991512298584e-01
5.830900073051452637e-01 4.825758635997772217e-01
4.947082400321960449e-01 7.095679044723510742e-01
7.568049430847167969e-01 5.068925619125366211e-01
5.801217555999755859e-01 4.850830137729644775e-01
4.582941830158233643e-01 5.698729753494262695e-01
7.672871351242065430e-01 5.254165530204772949e-01
6.528046131134033203e-01 5.323513150215148926e-01
6.896434426307678223e-01 5.605206489562988281e-01
6.941287517547607422e-01 6.983094811439514160e-01
6.677217483520507812e-01 6.019958853721618652e-01
6.885217428207397461e-01 4.375092983245849609e-01
5.580747127532958984e-01 5.253217816352844238e-01
6.513545513153076172e-01 6.882361769676208496e-01
5.911227464675903320e-01 6.492730975151062012e-01
4.178808629512786865e-01 4.851620793342590332e-01
5.090390443801879883e-01 6.453981399536132812e-01
7.083274722099304199e-01 6.220537424087524414e-01
7.537824511528015137e-01 6.669685244560241699e-01
7.327999472618103027e-01 6.509751677513122559e-01
5.958153009414672852e-01 6.818379759788513184e-01
6.048149466514587402e-01 5.689477920532226562e-01
7.603033185005187988e-01 6.154986023902893066e-01
6.625884175300598145e-01 7.396525144577026367e-01
6.237089037895202637e-01 7.031674981117248535e-01
6.275171637535095215e-01 5.251206755638122559e-01
7.229562401771545410e-01 4.668494462966918945e-01
6.691534519195556641e-01 5.044590830802917480e-01
7.093240022659301758e-01 7.769472599029541016e-01
6.982135772705078125e-01 7.430798411369323730e-01
7.350394129753112793e-01 4.782328903675079346e-01
4.472185075283050537e-01 5.581313967704772949e-01
4.051047563552856445e-01 7.264058589935302734e-01
4.855464398860931396e-01 7.425016760826110840e-01
5.908394455909729004e-01 7.185885310173034668e-01
7.235234379768371582e-01 6.808561682701110840e-01
7.583137750625610352e-01 5.490193963050842285e-01
4.841364622116088867e-01 6.308541297912597656e-01
6.701145768165588379e-01 6.530744433403015137e-01
7.566422820091247559e-01 5.204988121986389160e-01
3.466669023036956787e-01 6.270626783370971680e-01
5.609297752380371094e-01 4.114440977573394775e-01
7.780691385269165039e-01 5.427249073982238770e-01
5.593201518058776855e-01 7.194976806640625000e-01
4.249759614467620850e-01 7.461085915565490723e-01
6.561133265495300293e-01 5.059371590614318848e-01
5.044007897377014160e-01 4.255493283271789551e-01
6.605163812637329102e-01 5.606935620307922363e-01
7.348728775978088379e-01 7.431412339210510254e-01
6.997091174125671387e-01 4.431830048561096191e-01
6.367560029029846191e-01 5.446115136146545410e-01
6.254715323448181152e-01 4.567739069461822510e-01
5.812823772430419922e-01 4.756522178649902344e-01
5.621647238731384277e-01 5.268892645835876465e-01
4.280842840671539307e-01 6.395534873008728027e-01
6.216723918914794922e-01 7.574988603591918945e-01
4.028756320476531982e-01 6.531720161437988281e-01
3.995865881443023682e-01 6.180927157402038574e-01
6.559777259826660156e-01 5.579879283905029297e-01
5.281836390495300293e-01 5.869694352149963379e-01
5.630878210067749023e-01 5.713789463043212891e-01
6.879897117614746094e-01 8.054744005203247070e-01
5.464414954185485840e-01 7.730304598808288574e-01
6.051406860351562500e-01 4.267025291919708252e-01
7.698568701744079590e-01 5.328966379165649414e-01
7.727997303009033203e-01 6.086018681526184082e-01
6.751665472984313965e-01 6.589467525482177734e-01
7.153192162513732910e-01 6.076369285583496094e-01
7.151017189025878906e-01 6.241155862808227539e-01
7.491297125816345215e-01 4.803068637847900391e-01
4.993190467357635498e-01 7.509545683860778809e-01
7.744170427322387695e-01 6.712136864662170410e-01
5.865442752838134766e-01 7.013484835624694824e-01
5.877063870429992676e-01 7.630625367164611816e-01
3.679070770740509033e-01 5.353742837905883789e-01
7.725383639335632324e-01 6.709204912185668945e-01
6.289803385734558105e-01 5.586275458335876465e-01
5.959973335266113281e-01 7.613628506660461426e-01
3.459299802780151367e-01 5.999869704246520996e-01
7.220220565795898438e-01 7.660444974899291992e-01
5.548317432403564453e-01 6.532812714576721191e-01
7.350267171859741211e-01 4.904308617115020752e-01
5.504097342491149902e-01 4.464740157127380371e-01
7.563975453376770020e-01 7.609037756919860840e-01
6.087301373481750488e-01 7.378236055374145508e-01
6.763224601745605469e-01 6.595817804336547852e-01
4.861519634723663330e-01 6.798970699310302734e-01
7.548000812530517578e-01 5.699284076690673828e-01
5.655801892280578613e-01 7.384907007217407227e-01
6.697864532470703125e-01 5.261796712875366211e-01
5.310088992118835449e-01 5.580210089683532715e-01
7.819328308105468750e-01 6.093760728836059570e-01
4.498186409473419189e-01 4.705344438552856445e-01
5.129672884941101074e-01 3.763831555843353271e-01
6.440071463584899902e-01 4.630406200885772705e-01
5.772088766098022461e-01 5.888631939888000488e-01
7.383248805999755859e-01 4.904920458793640137e-01
6.823589801788330078e-01 7.010945081710815430e-01
4.228749871253967285e-01 6.221747398376464844e-01
5.189850926399230957e-01 3.925520181655883789e-01
5.313509702682495117e-01 5.290634632110595703e-01
7.303201556205749512e-01 4.744638204574584961e-01
5.576253533363342285e-01 6.851395368576049805e-01
5.536850094795227051e-01 4.210733175277709961e-01
7.508081197738647461e-01 4.901007115840911865e-01
7.157991528511047363e-01 4.530369639396667480e-01
5.598849058151245117e-01 7.715726494789123535e-01
7.151560783386230469e-01 7.611803412437438965e-01
5.620313286781311035e-01 4.211798906326293945e-01
7.335026264190673828e-01 5.460923910140991211e-01
7.367752790451049805e-01 5.418260693550109863e-01
5.235260128974914551e-01 4.017304778099060059e-01
5.004907846450805664e-01 5.217315554618835449e-01
7.658463120460510254e-01 7.675412297248840332e-01
6.851791739463806152e-01 6.759242415428161621e-01
7.920526862144470215e-01 5.820119380950927734e-01
4.015076458454132080e-01 6.337646842002868652e-01
6.395042538642883301e-01 7.320719957351684570e-01
4.520986676216125488e-01 5.602504611015319824e-01
7.518378496170043945e-01 6.562668681144714355e-01
4.603631496429443359e-01 6.346326470375061035e-01
6.829584836959838867e-01 7.183638811111450195e-01
3.911867737770080566e-01 5.931429266929626465e-01
4.467394948005676270e-01 6.277542114257812500e-01
5.738596916198730469e-01 5.797797441482543945e-01
5.733472108840942383e-01 5.322023034095764160e-01
7.711973786354064941e-01 5.640636682510375977e-01
3.709261715412139893e-01 5.581673979759216309e-01
4.150764346122741699e-01 5.590066909790039062e-01
6.928405761718750000e-01 6.808254122734069824e-01
4.345090389251708984e-01 6.459404230117797852e-01
6.443561911582946777e-01 6.183178424835205078e-01
6.342821121215820312e-01 4.659286141395568848e-01
5.369282960891723633e-01 7.363986968994140625e-01
5.734070539474487305e-01 4.683554768562316895e-01
7.170974612236022949e-01 6.682778000831604004e-01
4.189145267009735107e-01 5.154807567596435547e-01
6.640860438346862793e-01 7.550794482231140137e-01
3.692706525325775146e-01 6.723244190216064453e-01
6.446040868759155273e-01 4.969438016414642334e-01
7.391513586044311523e-01 5.747497081756591797e-01
7.091246247291564941e-01 6.556488275527954102e-01
5.268003344535827637e-01 7.105914354324340820e-01
4.553461670875549316e-01 6.698444485664367676e-01
5.893290638923645020e-01 7.630236744880676270e-01
5.307386517524719238e-01 5.807816982269287109e-01
6.110560297966003418e-01 7.911969423294067383e-01
7.693473696708679199e-01 4.975517690181732178e-01
5.110819339752197266e-01 7.270091176033020020e-01
5.604705214500427246e-01 7.291352152824401855e-01
6.187040805816650391e-01 4.507886469364166260e-01
6.602318286895751953e-01 6.728872656822204590e-01
7.064480781555175781e-01 5.490539073944091797e-01
6.184937357902526855e-01 8.193235397338867188e-01
5.177525281906127930e-01 4.161128401756286621e-01
5.978868007659912109e-01 4.060287177562713623e-01
6.734731197357177734e-01 6.054416894912719727e-01
7.911392450332641602e-01 4.945062696933746338e-01
5.544724464416503906e-01 4.182593226432800293e-01
3.982773423194885254e-01 7.142873406410217285e-01
4.638532698154449463e-01 5.046233534812927246e-01
4.406354129314422607e-01 7.204302549362182617e-01
6.365460753440856934e-01 6.211895346641540527e-01
7.712723016738891602e-01 4.945889115333557129e-01
5.845503807067871094e-01 6.307424902915954590e-01
6.145347356796264648e-01 7.617437243461608887e-01
7.983919978141784668e-01 6.166671514511108398e-01
7.012444138526916504e-01 6.358432173728942871e-01
6.849253773689270020e-01 6.986308693885803223e-01
4.096940457820892334e-01 6.371598839759826660e-01
7.570119500160217285e-01 4.906119704246520996e-01
4.242645800113677979e-01 5.714539289474487305e-01
6.099944710731506348e-01 6.018589735031127930e-01
7.311148643493652344e-01 4.809602797031402588e-01
4.198095500469207764e-01 6.820480227470397949e-01
6.301606893539428711e-01 5.459544062614440918e-01
5.532084107398986816e-01 4.969147443771362305e-01
6.633081436157226562e-01 7.658022642135620117e-01
5.916330218315124512e-01 4.979417026042938232e-01
7.604789733886718750e-01 7.248674631118774414e-01
7.270295023918151855e-01 6.546756625175476074e-01
6.768496036529541016e-01 5.238062143325805664e-01
6.169434189796447754e-01 7.506969571113586426e-01
3.889001905918121338e-01 5.755507946014404297e-01
7.136347889900207520e-01 5.068780183792114258e-01
4.618293046951293945e-01 7.506214380264282227e-01
4.299404323101043701e-01 5.666765570640563965e-01
5.151581168174743652e-01 7.656921148300170898e-01
4.243276119232177734e-01 4.880383610725402832e-01
7.702177166938781738e-01 5.738705396652221680e-01
4.457580149173736572e-01 6.301448941230773926e-01
4.594403505325317383e-01 4.952494800090789795e-01
4.880721867084503174e-01 6.941617131233215332e-01
6.904459595680236816e-01 7.664856314659118652e-01
4.666441977024078369e-01 4.432120323181152344e-01
6.092959046363830566e-01 6.647901535034179688e-01
5.997233390808105469e-01 7.704616189002990723e-01
6.353845596313476562e-01 7.250553965568542480e-01
6.656531691551208496e-01 7.256105542182922363e-01
7.670184373855590820e-01 6.996278166770935059e-01
7.124323844909667969e-01 5.064961314201354980e-01
6.705681681632995605e-01 4.233898520469665527e-01
6.315164566040039062e-01 5.274666547775268555e-01
6.074961423873901367e-01 6.896990537643432617e-01
4.851771891117095947e-01 5.448571443557739258e-01
3.996332287788391113e-01 5.923090577125549316e-01
4.195457398891448975e-01 4.557055830955505371e-01
7.260514497756958008e-01 5.476444363594055176e-01
5.175266265869140625e-01 5.675740838050842285e-01
4.511868357658386230e-01 5.845055580139160156e-01
6.392925381660461426e-01 6.679792404174804688e-01
5.681666135787963867e-01 4.989694058895111084e-01
6.087216734886169434e-01 4.060948491096496582e-01
4.853765368461608887e-01 6.981224417686462402e-01
5.649706125259399414e-01 7.858135104179382324e-01
7.631531357765197754e-01 6.348333954811096191e-01
7.757835388183593750e-01 4.804235100746154785e-01
4.147984683513641357e-01 4.850157797336578369e-01
6.939831376075744629e-01 7.383691072463989258e-01
7.181426286697387695e-01 6.190721988677978516e-01
5.985186100006103516e-01 5.107536911964416504e-01
7.129818201065063477e-01 7.617940902709960938e-01
6.421083807945251465e-01 4.198212921619415283e-01
4.435873627662658691e-01 5.450794696807861328e-01
4.701682627201080322e-01 7.121229171752929688e-01
6.302333474159240723e-01 5.933500528335571289e-01
4.590022563934326172e-01 6.471166014671325684e-01
6.450542211532592773e-01 7.300599217414855957e-01
4.371725320816040039e-01 5.173388123512268066e-01
3.950067460536956787e-01 6.302995681762695312e-01
4.406166672706604004e-01 6.019318699836730957e-01
7.472577095031738281e-01 6.232300996780395508e-01
5.587699413299560547e-01 4.204900860786437988e-01
7.153193354606628418e-01 6.592336297035217285e-01
3.552784025669097900e-01 6.748375296592712402e-01
6.228969097137451172e-01 6.416234374046325684e-01
5.749554634094238281e-01 7.634036540985107422e-01
5.732725858688354492e-01 7.917653322219848633e-01
7.472387552261352539e-01 6.510508656501770020e-01
6.197441220283508301e-01 6.544677615165710449e-01
6.447704434394836426e-01 7.936900258064270020e-01
5.013601183891296387e-01 4.998870491981506348e-01
3.841063380241394043e-01 5.814078450202941895e-01
5.160708427429199219e-01 4.273034036159515381e-01
6.619041562080383301e-01 6.070489883422851562e-01
7.294671535491943359e-01 4.809141159057617188e-01
5.124903917312622070e-01 4.158212244510650635e-01
5.635808706283569336e-01 4.191693961620330811e-01
6.478673815727233887e-01 6.753337979316711426e-01
6.587690114974975586e-01 4.180670380592346191e-01
6.628535985946655273e-01 5.880620479583740234e-01
5.930547118186950684e-01 7.202310562133789062e-01
6.983368396759033203e-01 6.311287283897399902e-01
4.884015023708343506e-01 4.455271065235137939e-01
5.873401761054992676e-01 6.313961148262023926e-01
7.274538874626159668e-01 5.134755373001098633e-01
6.157740354537963867e-01 5.008282065391540527e-01
5.257568955421447754e-01 7.719007134437561035e-01
5.759697556495666504e-01 4.525144100189208984e-01
6.655851006507873535e-01 4.913484454154968262e-01
6.189168691635131836e-01 7.350254654884338379e-01
5.642689466476440430e-01 4.888948798179626465e-01
6.404111981391906738e-01 5.213485956192016602e-01
7.641326189041137695e-01 5.920232534408569336e-01
4.723645448684692383e-01 6.772254109382629395e-01
4.204415977001190186e-01 6.327638626098632812e-01
7.361109852790832520e-01 7.287813425064086914e-01
6.570026278495788574e-01 6.802500486373901367e-01
3.760157525539398193e-01 5.516242980957031250e-01
4.555018246173858643e-01 6.859886050224304199e-01
6.300845742225646973e-01 5.397528409957885742e-01
7.624294757843017578e-01 5.743258595466613770e-01
6.949483156204223633e-01 7.043722867965698242e-01
5.759420394897460938e-01 7.545045614242553711e-01
6.270672678947448730e-01 6.665764451026916504e-01
4.239198565483093262e-01 5.342070460319519043e-01
7.701800465583801270e-01 7.073931694030761719e-01
5.785328149795532227e-01 7.459299564361572266e-01
4.749650359153747559e-01 7.006287574768066406e-01
6.339056491851806641e-01 7.926418185234069824e-01
5.258288383483886719e-01 5.450496077537536621e-01
6.689026355743408203e-01 5.549447536468505859e-01
7.015234231948852539e-01 4.541468024253845215e-01
6.398597955703735352e-01 8.296102881431579590e-01
6.673552989959716797e-01 4.208169877529144287e-01
7.635302543640136719e-01 5.760591626167297363e-01
6.980985403060913086e-01 8.149073123931884766e-01
6.582919955253601074e-01 4.930629134178161621e-01
7.098917365074157715e-01 8.075852394104003906e-01
4.917131662368774414e-01 5.607320666313171387e-01
5.737691521644592285e-01 5.587327480316162109e-01
5.438916683197021484e-01 7.473706603050231934e-01
4.442279338836669922e-01 5.821369290351867676e-01
7.398084402084350586e-01 6.856722235679626465e-01
6.327245235443115234e-01 5.419974327087402344e-01
7.202733159065246582e-01 4.970177710056304932e-01
4.813878238201141357e-01 4.255695641040802002e-01
7.046507596969604492e-01 5.453062653541564941e-01
5.694765448570251465e-01 4.238621890544891357e-01
4.944552779197692871e-01 5.195002555847167969e-01
5.564602017402648926e-01 7.844459414482116699e-01
5.322549343109130859e-01 4.218184053897857666e-01
6.911535859107971191e-01 5.319496989250183105e-01
4.468067884445190430e-01 7.004849314689636230e-01
6.214133501052856445e-01 5.583279132843017578e-01
5.874722003936767578e-01 5.569358468055725098e-01
4.267016947269439697e-01 6.730263829231262207e-01
6.744332313537597656e-01 5.939732789993286133e-01
4.712222218513488770e-01 7.084651589393615723e-01
3.955150246620178223e-01 5.876272320747375488e-01
7.897902727127075195e-01 5.758668780326843262e-01
4.326470494270324707e-01 5.697472095489501953e-01
4.362365305423736572e-01 7.517257928848266602e-01
7.057119011878967285e-01 6.196160912513732910e-01
4.258550107479095459e-01 5.621029734611511230e-01
6.371689438819885254e-01 5.768852233886718750e-01
5.059319734573364258e-01 5.177115201950073242e-01
6.466380953788757324e-01 7.149512171745300293e-01
6.832374334335327148e-01 4.520586431026458740e-01
4.476475715637207031e-01 5.838615894317626953e-01
4.947023093700408936e-01 4.734588861465454102e-01
5.650556087493896484e-01 7.024567127227783203e-01
4.320485591888427734e-01 5.698950886726379395e-01
7.443768978118896484e-01 7.151029109954833984e-01
4.937564432621002197e-01 5.146864652633666992e-01
5.336543917655944824e-01 4.551635384559631348e-01
6.708012223243713379e-01 8.255444765090942383e-01
7.412163615226745605e-01 6.131072044372558594e-01
4.685685634613037109e-01 6.570280790328979492e-01
7.646474838256835938e-01 6.760933995246887207e-01
7.212368249893188477e-01 5.713753104209899902e-01
7.262731194496154785e-01 5.710640549659729004e-01
4.636765122413635254e-01 7.577530741691589355e-01
7.250868082046508789e-01 6.798804402351379395e-01
7.535910606384277344e-01 6.209077239036560059e-01
4.446018338203430176e-01 6.875594854354858398e-01
6.668577194213867188e-01 7.383394241333007812e-01
6.278028488159179688e-01 8.310323357582092285e-01
4.675109088420867920e-01 6.033164262771606445e-01
6.141073107719421387e-01 6.397840976715087891e-01
4.732106626033782959e-01 4.296329915523529053e-01
6.601079106330871582e-01 6.225479841232299805e-01
5.793858766555786133e-01 7.304921150207519531e-01
3.907843530178070068e-01 6.887118816375732422e-01
3.833043873310089111e-01 5.478989481925964355e-01
3.908561468124389648e-01 6.440300345420837402e-01
7.642353773117065430e-01 6.352276206016540527e-01
7.798745632171630859e-01 6.393495798110961914e-01
6.451086997985839844e-01 7.011492252349853516e-01
4.985089898109436035e-01 4.976676106452941895e-01
4.531462788581848145e-01 4.520980715751647949e-01
4.001930058002471924e-01 5.905971527099609375e-01
7.583138346672058105e-01 6.067051291465759277e-01
4.187263846397399902e-01 7.490884065628051758e-01
4.572377800941467285e-01 6.227665543556213379e-01
6.843588948249816895e-01 5.325376987457275391e-01
7.241272926330566406e-01 4.926703274250030518e-01
5.211854577064514160e-01 6.177440881729125977e-01
6.955832242965698242e-01 6.956521868705749512e-01
7.189098596572875977e-01 5.619010925292968750e-01
7.094640135765075684e-01 5.812906026840209961e-01
6.513826847076416016e-01 5.449785590171813965e-01
5.160945057868957520e-01 4.384109675884246826e-01
5.897706747055053711e-01 8.002382516860961914e-01
4.127047359943389893e-01 6.763341426849365234e-01
5.480542778968811035e-01 7.572736144065856934e-01
3.630776703357696533e-01 6.828668713569641113e-01
5.942981839179992676e-01 5.950136780738830566e-01
6.139342784881591797e-01 4.315772950649261475e-01
6.916939020156860352e-01 6.442092061042785645e-01
4.609785079956054688e-01 6.661429405212402344e-01
6.527270674705505371e-01 5.877207517623901367e-01
6.995033025741577148e-01 4.351099431514739990e-01
4.388680458068847656e-01 5.170547366142272949e-01
3.648711442947387695e-01 6.047738790512084961e-01
6.729931831359863281e-01 5.177748799324035645e-01
5.802811384201049805e-01 7.708303928375244141e-01
4.521352648735046387e-01 4.195680916309356689e-01
4.993567168712615967e-01 6.691658496856689453e-01
6.593986153602600098e-01 5.038505792617797852e-01
6.751090884208679199e-01 4.383879005908966064e-01
6.666297912597656250e-01 7.686402797698974609e-01
5.663120746612548828e-01 7.902851700782775879e-01
6.375362873077392578e-01 4.470455944538116455e-01
7.067593932151794434e-01 4.827511310577392578e-01
6.002401113510131836e-01 7.499491572380065918e-01
5.320357084274291992e-01 3.934911787509918213e-01
6.286703348159790039e-01 7.137465476989746094e-01
4.774857163429260254e-01 5.874003767967224121e-01
4.120019972324371338e-01 6.911034584045410156e-01
6.797447800636291504e-01 7.574662566184997559e-01
7.001008391380310059e-01 5.338343381881713867e-01
7.354655861854553223e-01 5.571787357330322266e-01
6.952933073043823242e-01 4.399662613868713379e-01
7.517232298851013184e-01 4.957363009452819824e-01
6.229749917984008789e-01 5.441312789916992188e-01
6.685529947280883789e-01 4.553214907646179199e-01
5.299908518791198730e-01 4.631955027580261230e-01
7.729151844978332520e-01 7.408328652381896973e-01
4.985679984092712402e-01 7.278574705123901367e-01
6.996005177497863770e-01 4.756870865821838379e-01
6.747456192970275879e-01 8.140124082565307617e-01
7.097615599632263184e-01 6.577389240264892578e-01
6.670904159545898438e-01 6.315796971321105957e-01
7.640538811683654785e-01 5.817360281944274902e-01
5.600994825363159180e-01 6.338816881179809570e-01
7.363228797912597656e-01 7.222269773483276367e-01
5.910074710845947266e-01 7.409988045692443848e-01
6.640852093696594238e-01 4.844586551189422607e-01
5.524393916130065918e-01 4.343949556350708008e-01
6.161364316940307617e-01 4.326450228691101074e-01
6.423009634017944336e-01 6.751706600189208984e-01
4.557054936885833740e-01 5.186836123466491699e-01
6.473218202590942383e-01 7.344830036163330078e-01
6.022241711616516113e-01 5.019272565841674805e-01
7.259663939476013184e-01 5.440909266471862793e-01
4.347772300243377686e-01 5.638735890388488770e-01
6.482836604118347168e-01 5.777860283851623535e-01
7.346869707107543945e-01 5.755984783172607422e-01
4.191024005413055420e-01 6.881124973297119141e-01
4.986057281494140625e-01 6.075771450996398926e-01
5.142904520034790039e-01 3.985244333744049072e-01
5.778002142906188965e-01 6.687427163124084473e-01
6.608257293701171875e-01 6.205606460571289062e-01
4.982663094997406006e-01 6.478589177131652832e-01
5.841562151908874512e-01 6.080759763717651367e-01
6.146894097328186035e-01 5.146698355674743652e-01
6.143744587898254395e-01 6.916497945785522461e-01
5.101085305213928223e-01 6.456381082534790039e-01
5.107997059822082520e-01 6.902106404304504395e-01
5.398336648941040039e-01 5.018413066864013672e-01
5.509309768676757812e-01 4.594676792621612549e-01
7.277150750160217285e-01 4.704268276691436768e-01
4.410096108913421631e-01 6.008195281028747559e-01
4.818835854530334473e-01 6.993766427040100098e-01
7.149828076362609863e-01 6.962822079658508301e-01
4.656921625137329102e-01 6.696587204933166504e-01
7.320151329040527344e-01 6.012179255485534668e-01
7.815126776695251465e-01 4.810057282447814941e-01
6.452210545539855957e-01 8.183276057243347168e-01
5.929762125015258789e-01 4.866555929183959961e-01
6.196539402008056641e-01 7.795203924179077148e-01
6.522361040115356445e-01 6.303774714469909668e-01
7.471033334732055664e-01 6.803982257843017578e-01
6.737921833992004395e-01 6.401032805442810059e-01
5.581732988357543945e-01 6.443015933036804199e-01
5.798484683036804199e-01 7.368621230125427246e-01
5.742651224136352539e-01 7.653208374977111816e-01
6.142838597297668457e-01 5.100333690643310547e-01
5.950360894203186035e-01 7.565008997917175293e-01
5.297878980636596680e-01 5.282087326049804688e-01
4.424882829189300537e-01 7.128925919532775879e-01
5.285579562187194824e-01 4.989131987094879150e-01
4.924368262290954590e-01 6.227821111679077148e-01
4.707928299903869629e-01 5.003611445426940918e-01
7.471812963485717773e-01 6.368216872215270996e-01
6.681985855102539062e-01 6.884811520576477051e-01
6.802065968513488770e-01 6.893469095230102539e-01
5.737183690071105957e-01 7.398991584777832031e-01
6.983766555786132812e-01 5.768312215805053711e-01
3.737029135227203369e-01 6.958094835281372070e-01
4.802318513393402100e-01 7.171018719673156738e-01
5.873260498046875000e-01 6.146901249885559082e-01
3.674172759056091309e-01 6.620090007781982422e-01
6.974768042564392090e-01 8.027068972587585449e-01
5.988343358039855957e-01 7.977731227874755859e-01
5.387487411499023438e-01 4.387874603271484375e-01
7.054916620254516602e-01 6.118294596672058105e-01
6.077843904495239258e-01 7.505140304565429688e-01
7.421823740005493164e-01 5.686931610107421875e-01
