9.675866365432739258e-02 -4.939875602722167969e-01
-2.110865116119384766e-01 3.874725103378295898e-01
-2.485566735267639160e-01 8.743792772293090820e-02
4.553344249725341797e-01 3.426291346549987793e-01
1.873934268951416016e-01 1.123771071434020996e-01
-6.835752725601196289e-02 -1.845138072967529297e-01
-2.704945206642150879e-01 -3.031246066093444824e-01
1.638245582580566406e-01 4.908775687217712402e-01
-5.258166790008544922e-02 3.199988603591918945e-01
-2.724158167839050293e-01 -1.987051367759704590e-01
3.249493837356567383e-01 -4.734922051429748535e-01
-4.260955452919006348e-01 6.405234336853027344e-02
6.984722614288330078e-02 -2.427547574043273926e-01
-1.176816225051879883e-02 6.877231597900390625e-02
4.102824926376342773e-01 -1.896065473556518555e-02
1.664152741432189941e-01 4.011431336402893066e-01
4.629382491111755371e-01 3.301407694816589355e-01
4.085379242897033691e-01 -4.921839237213134766e-01
2.716609239578247070e-01 -1.271932721138000488e-01
-4.320809245109558105e-01 -4.569674134254455566e-01
-2.658196687698364258e-01 3.559017181396484375e-01
-3.904902935028076172e-02 -4.826717376708984375e-01
3.681645989418029785e-01 -2.148343920707702637e-01
9.215277433395385742e-02 3.993891477584838867e-01
-1.728642582893371582e-01 3.842692971229553223e-01
3.004643321037292480e-01 4.953262209892272949e-01
8.246237039566040039e-02 4.422850608825683594e-01
-2.930776476860046387e-01 6.780344247817993164e-02
1.597254872322082520e-01 4.907029867172241211e-01
-4.676243066787719727e-01 -2.304673194885253906e-03
-1.996105909347534180e-02 3.500229120254516602e-01
7.765460014343261719e-02 2.639307975769042969e-01
1.959286332130432129e-01 -2.704812884330749512e-01
4.891612529754638672e-01 9.005868434906005859e-02
2.506743073463439941e-01 -4.306423068046569824e-01
1.493429541587829590e-01 -2.108514904975891113e-01
3.573438525199890137e-01 -3.865777254104614258e-01
-2.228696942329406738e-01 -3.360175490379333496e-01
-1.864973306655883789e-01 3.436905145645141602e-02
-3.403735756874084473e-01 -3.299822807312011719e-01
-2.946267127990722656e-01 3.983952403068542480e-01
1.105398535728454590e-01 -3.061402440071105957e-01
2.648803591728210449e-01 -4.605274796485900879e-01
2.383964061737060547e-01 -8.354020118713378906e-02
1.009063720703125000e-01 -4.700248837471008301e-01
2.523782253265380859e-01 3.307010531425476074e-01
2.789571881294250488e-01 3.482860326766967773e-01
9.641844034194946289e-02 -2.959640622138977051e-01
-4.911921620368957520e-01 -4.474200606346130371e-01
1.497698426246643066e-01 -4.293711781501770020e-01
2.745473384857177734e-02 3.658629655838012695e-01
-9.089183807373046875e-02 2.457001209259033203e-01
-1.072648167610168457e-01 -2.457987070083618164e-01
-4.365633726119995117e-01 -1.873475313186645508e-01
4.592366814613342285e-01 -1.393395066261291504e-01
2.957541942596435547e-01 -4.289346337318420410e-01
-1.701797842979431152e-01 -4.859014153480529785e-01
8.758902549743652344e-03 2.595999836921691895e-01
1.722592115402221680e-02 -4.424439668655395508e-01
-2.244046330451965332e-01 3.451889157295227051e-01
1.058553457260131836e-01 3.296170234680175781e-01
4.511243104934692383e-02 -3.190232515335083008e-01
4.613816738128662109e-01 -4.929978847503662109e-01
2.361024618148803711e-01 3.916718363761901855e-01
2.080026268959045410e-01 -1.939323544502258301e-01
-1.828861832618713379e-01 3.608147501945495605e-01
4.595263600349426270e-01 1.120579242706298828e-01
4.888935089111328125e-01 1.390252113342285156e-01
-3.527650237083435059e-01 -4.472874999046325684e-01
1.902457475662231445e-01 -3.128738403320312500e-01
-1.360214948654174805e-01 -3.041961789131164551e-01
2.256648540496826172e-01 6.868684291839599609e-02
-4.956480860710144043e-01 3.266460895538330078e-01
6.172096729278564453e-02 1.016395092010498047e-01
3.953817486763000488e-01 3.396274447441101074e-01
-6.678712368011474609e-02 -7.801640033721923828e-02
-5.591505765914916992e-02 -2.353811264038085938e-02
-4.598635435104370117e-01 -2.755194306373596191e-01
3.431838154792785645e-01 3.170575499534606934e-01
1.149142980575561523e-01 -4.871904850006103516e-01
1.657962799072265625e-01 -4.145833253860473633e-01
-4.274271130561828613e-01 1.951084733009338379e-01
7.367587089538574219e-02 2.584209442138671875e-01
4.399186372756958008e-02 -1.553785800933837891e-01
1.745377779006958008e-01 1.020509004592895508e-02
1.757844090461730957e-01 3.919720649719238281e-03
1.987900137901306152e-01 -1.796714663505554199e-01
2.487645745277404785e-01 -4.919506311416625977e-01
1.946985125541687012e-01 2.652893662452697754e-01
-4.871803522109985352e-02 4.260731935501098633e-01
2.555413842201232910e-01 2.706142067909240723e-01
-8.233380317687988281e-02 -5.808329582214355469e-02
-1.122204065322875977e-01 8.031195402145385742e-02
-4.167316555976867676e-01 1.880204677581787109e-02
-2.461302876472473145e-01 3.564724922180175781e-01
1.203069090843200684e-01 -1.882364749908447266e-01
-4.581072926521301270e-01 9.218746423721313477e-02
4.726250767707824707e-01 -2.724744677543640137e-01
1.394409537315368652e-01 2.177417278289794922e-01
-4.521917104721069336e-01 -2.233780622482299805e-01
1.403753757476806641e-01 3.606058359146118164e-01
2.367326021194458008e-01 2.091513276100158691e-01
4.653346538543701172e-01 1.867655515670776367e-01
3.438502550125122070e-01 -1.017557978630065918e-01
-9.250611066818237305e-02 -3.798503875732421875e-01
2.090196609497070312e-01 4.658865928649902344e-02
-9.912425279617309570e-02 2.461592555046081543e-01
-4.624283909797668457e-01 3.594171404838562012e-01
2.161723375320434570e-02 7.877689599990844727e-02
-1.553984284400939941e-01 7.963413000106811523e-02
2.511348724365234375e-01 2.859454751014709473e-01
7.277548313140869141e-03 3.202964067459106445e-01
2.291619181632995605e-01 -2.564665675163269043e-01
2.389931082725524902e-01 2.142325043678283691e-01
-4.151384234428405762e-01 1.206256747245788574e-01
-4.047634601593017578e-01 2.125427126884460449e-01
-1.669061183929443359e-01 -4.910922050476074219e-02
3.378202915191650391e-01 3.866347670555114746e-01
2.962473034858703613e-01 -4.778373241424560547e-01
1.590787172317504883e-01 -6.821572780609130859e-03
4.872862696647644043e-01 4.405015707015991211e-01
-1.501807570457458496e-01 3.230851888656616211e-01
-4.663336277008056641e-02 4.496598243713378906e-02
3.373288512229919434e-01 -7.440131902694702148e-02
-4.613277912139892578e-01 2.118905782699584961e-01
3.320327997207641602e-01 2.935380339622497559e-01
-4.522327184677124023e-01 -1.853388547897338867e-02
-1.980307698249816895e-01 2.542021274566650391e-01
3.004884719848632812e-02 -2.415884733200073242e-01
-4.063798785209655762e-01 -1.056060791015625000e-01
1.917798519134521484e-01 -4.191921949386596680e-01
-1.094514131546020508e-02 -6.969380378723144531e-02
2.100470066070556641e-01 -1.410378813743591309e-01
1.317116618156433105e-01 -2.423185110092163086e-02
4.666988849639892578e-01 1.096201539039611816e-01
4.564990401268005371e-01 4.661771655082702637e-01
2.585972547531127930e-01 -3.701258897781372070e-01
3.558450937271118164e-01 -1.478963494300842285e-01
4.591116905212402344e-01 2.711152434349060059e-01
-3.739504218101501465e-01 -4.839937686920166016e-01
-2.925683856010437012e-01 4.445534944534301758e-02
3.864259123802185059e-01 1.001200079917907715e-01
4.661387801170349121e-01 -1.749271750450134277e-01
-3.862027525901794434e-01 -1.105940341949462891e-02
3.389004468917846680e-01 2.798197269439697266e-01
3.615911602973937988e-01 4.340491294860839844e-01
-2.011978030204772949e-01 -3.517916202545166016e-01
1.048754453659057617e-01 3.887854218482971191e-01
-3.604276776313781738e-01 -1.928686499595642090e-01
-1.892221570014953613e-01 -2.411908507347106934e-01
1.687471866607666016e-01 3.032435178756713867e-01
-3.919170498847961426e-01 -2.168027758598327637e-01
3.139100074768066406e-01 3.432167172431945801e-01
-9.528672695159912109e-02 -3.083701133728027344e-01
-1.743370294570922852e-02 4.166014194488525391e-01
-4.478440284729003906e-01 1.296007633209228516e-02
-3.357883691787719727e-01 -1.134622097015380859e-01
-4.089819192886352539e-01 -1.987785100936889648e-02
3.875404596328735352e-01 4.372051358222961426e-01
-4.379673004150390625e-01 2.863537073135375977e-01
1.569119691848754883e-01 4.175972938537597656e-02
3.908160924911499023e-01 1.344366669654846191e-01
3.405339717864990234e-01 3.774478435516357422e-01
4.110810756683349609e-01 -2.946894168853759766e-01
-4.104918241500854492e-02 -8.215653896331787109e-02
-2.846984267234802246e-01 -1.638636589050292969e-01
1.173707842826843262e-01 1.945556402206420898e-01
2.041810154914855957e-01 -1.359100341796875000e-01
-1.991551518440246582e-01 -1.648985147476196289e-01
1.154617071151733398e-01 -5.225801467895507812e-02
-1.457262039184570312e-02 1.187753677368164062e-02
1.269146203994750977e-01 -3.273211717605590820e-01
3.155549764633178711e-01 -4.678032398223876953e-01
4.154018759727478027e-01 -3.270537853240966797e-01
1.956714987754821777e-01 3.089575767517089844e-01
3.683322072029113770e-01 4.633394479751586914e-01
-8.259040117263793945e-02 2.786972522735595703e-01
1.141417026519775391e-02 1.954957842826843262e-01
5.492013692855834961e-02 2.860546112060546875e-02
-1.758926510810852051e-01 4.634147286415100098e-01
-1.181161999702453613e-01 -1.447073817253112793e-01
2.534145712852478027e-01 -3.598082661628723145e-01
-2.093893289566040039e-02 3.375863432884216309e-01
4.833000898361206055e-01 2.437984943389892578e-01
-1.186800003051757812e-02 2.054269909858703613e-01
-2.702300548553466797e-01 -4.908071160316467285e-01
4.471017122268676758e-01 4.143136739730834961e-01
8.207690715789794922e-02 2.768015861511230469e-01
1.688153147697448730e-01 4.417923688888549805e-01
-3.614503145217895508e-02 2.391655445098876953e-01
5.443257093429565430e-02 9.293538331985473633e-02
-3.805334568023681641e-01 -3.667329549789428711e-01
-3.081068992614746094e-01 -1.768488883972167969e-01
4.581903815269470215e-01 3.869817852973937988e-01
-2.787145376205444336e-01 5.549490451812744141e-03
-3.206443786621093750e-01 1.609444022178649902e-01
3.579227924346923828e-01 4.407119750976562500e-02
-3.922224044799804688e-02 1.491596698760986328e-01
2.062653303146362305e-01 -3.001739978790283203e-01
1.302257776260375977e-01 2.929365038871765137e-01
-3.240479230880737305e-01 -3.017270565032958984e-02
-1.438786983489990234e-01 4.107872843742370605e-01
-1.736487150192260742e-01 -2.910758256912231445e-01
4.724020361900329590e-01 2.640709280967712402e-01
-7.388675212860107422e-02 2.065497636795043945e-02
2.000901699066162109e-01 4.845105409622192383e-01
-1.504206657409667969e-01 5.759799480438232422e-02
2.666226625442504883e-01 -4.526993036270141602e-01
2.590011954307556152e-01 3.271349072456359863e-01
4.059012532234191895e-01 3.805291056632995605e-01
-4.692720174789428711e-01 -2.692660689353942871e-01
-3.211699128150939941e-01 -3.209735751152038574e-01
-3.956970572471618652e-01 -4.005331993103027344e-01
1.167911291122436523e-02 -1.098020076751708984e-01
-3.517301678657531738e-01 -2.678931355476379395e-01
5.599522590637207031e-02 -4.019864201545715332e-01
4.144530296325683594e-01 -4.367455840110778809e-01
6.685799360275268555e-02 -3.119904994964599609e-01
3.096572756767272949e-01 7.944858074188232422e-02
-3.578960895538330078e-02 4.620653390884399414e-02
-2.211641073226928711e-01 4.533249139785766602e-01
6.758934259414672852e-02 -2.176765799522399902e-01
1.070829033851623535e-01 2.982243895530700684e-01
2.240520715713500977e-02 -3.084122538566589355e-01
-1.066585183143615723e-01 1.780003309249877930e-02
1.661479473114013672e-01 1.043949127197265625e-01
-2.715106606483459473e-01 2.468572258949279785e-01
3.289183974266052246e-01 4.697254896163940430e-01
-3.549687862396240234e-01 3.907505869865417480e-01
-4.210569858551025391e-01 -2.251634597778320312e-01
-2.964822053909301758e-01 -4.004300236701965332e-01
4.014865756034851074e-01 3.950399756431579590e-01
-1.058362126350402832e-01 -6.989181041717529297e-03
-2.030324339866638184e-01 -2.864096760749816895e-01
-4.035263061523437500e-01 4.586335420608520508e-01
-4.616162776947021484e-01 -1.075562834739685059e-01
3.293977379798889160e-01 1.607037782669067383e-01
-4.834598898887634277e-01 -1.193308830261230469e-01
-2.010785341262817383e-01 1.855311393737792969e-01
2.010971307754516602e-02 2.044241428375244141e-01
-4.465930461883544922e-01 -1.415355205535888672e-01
-6.014311313629150391e-02 -2.779543399810791016e-02
9.493726491928100586e-02 3.095623254776000977e-01
-2.191740274429321289e-02 5.605781078338623047e-02
1.208855509757995605e-01 -2.162379622459411621e-01
-1.338754296302795410e-01 -4.929888248443603516e-01
1.021907925605773926e-01 -9.396308660507202148e-02
-2.344751358032226562e-01 -6.965029239654541016e-02
1.708731055259704590e-01 -8.828532695770263672e-02
-1.829556822776794434e-01 -2.377182245254516602e-01
2.700310945510864258e-02 -2.234444022178649902e-01
-4.522770047187805176e-01 -5.261647701263427734e-02
-1.145839095115661621e-01 -2.510810494422912598e-01
7.748073339462280273e-02 1.877963542938232422e-02
4.198374152183532715e-01 4.272969961166381836e-01
4.674696326255798340e-01 -3.235715627670288086e-02
-5.039721727371215820e-02 2.254698276519775391e-01
4.148727655410766602e-01 1.269112229347229004e-01
4.366015195846557617e-01 4.391739964485168457e-01
-8.598625659942626953e-02 2.854812145233154297e-01
3.741998672485351562e-01 2.549892663955688477e-02
4.369813203811645508e-02 -2.783694863319396973e-01
-4.105444550514221191e-01 -1.394936442375183105e-01
4.211269021034240723e-01 -1.071513891220092773e-01
-4.385786056518554688e-01 -3.751990795135498047e-01
3.329414129257202148e-01 4.581544399261474609e-01
-3.086692094802856445e-01 1.274703145027160645e-01
-4.559335112571716309e-01 2.975301742553710938e-01
4.897996783256530762e-01 9.887659549713134766e-02
4.239060878753662109e-01 5.911421775817871094e-02
3.138351440429687500e-02 -2.726330161094665527e-01
3.500559329986572266e-01 4.619194269180297852e-01
2.067259550094604492e-01 1.497607231140136719e-01
4.975026845932006836e-02 -9.524124860763549805e-02
-1.084684729576110840e-01 -3.220905661582946777e-01
-4.438877701759338379e-01 -7.408469915390014648e-02
-1.311578750610351562e-01 3.299027085304260254e-01
-1.644175052642822266e-01 -1.705337166786193848e-01
1.595631837844848633e-01 3.599646687507629395e-01
-8.850324153900146484e-02 4.633582234382629395e-01
4.311842322349548340e-01 2.661377191543579102e-02
-3.714394569396972656e-01 -1.251489520072937012e-01
-4.618248343467712402e-01 2.284344434738159180e-01
1.055253148078918457e-01 -2.809889912605285645e-01
3.956329822540283203e-02 -2.475414872169494629e-01
-3.086019754409790039e-01 2.364646792411804199e-01
-3.006078600883483887e-01 -1.753163337707519531e-01
-4.266127943992614746e-01 -3.211675882339477539e-01
-3.041650056838989258e-01 4.692648649215698242e-01
2.180808186531066895e-01 -1.156011819839477539e-01
-4.877270460128784180e-01 -3.432273864746093750e-03
3.481603860855102539e-01 2.438637614250183105e-01
-8.446061611175537109e-02 -6.587624549865722656e-03
4.237239956855773926e-01 -1.995171904563903809e-01
4.616229534149169922e-01 3.947204351425170898e-01
-3.471112847328186035e-01 3.392959833145141602e-01
-9.602952003479003906e-02 -1.977779269218444824e-01
-3.553825616836547852e-01 6.901150941848754883e-02
5.607151985168457031e-02 -3.257442712783813477e-01
-1.243642568588256836e-01 4.923533797264099121e-01
4.345136880874633789e-01 -3.566446900367736816e-01
-4.188632965087890625e-01 -2.128324508666992188e-01
3.415245413780212402e-01 -7.219117879867553711e-02
-3.288701176643371582e-01 -3.512468338012695312e-01
-2.970072031021118164e-01 1.470122933387756348e-01
-4.215778708457946777e-01 -3.046572208404541016e-03
-2.166390419006347656e-03 8.727633953094482422e-02
-4.396619200706481934e-01 3.053383827209472656e-01
-3.762603998184204102e-01 3.517730236053466797e-01
2.827084064483642578e-02 9.062510728836059570e-02
-3.322506546974182129e-01 -1.283153891563415527e-01
-3.448768854141235352e-01 4.498310685157775879e-01
3.207257390022277832e-01 2.177031040191650391e-01
-4.757336974143981934e-01 -2.005000710487365723e-01
-1.516868472099304199e-01 -6.386888027191162109e-02
-1.425211429595947266e-01 -3.377791047096252441e-01
-3.052237629890441895e-01 -4.816731810569763184e-01
3.302029371261596680e-01 -3.462255597114562988e-01
-1.976675987243652344e-01 -4.551364183425903320e-01
5.199939012527465820e-02 4.340789914131164551e-01
2.139837145805358887e-01 2.041176557540893555e-01
1.608872413635253906e-01 -3.095429539680480957e-01
1.492742896080017090e-01 -2.668731212615966797e-01
3.937451243400573730e-01 -1.606417298316955566e-01
-4.016598463058471680e-01 3.218287229537963867e-01
4.543104767799377441e-01 -2.469105124473571777e-01
4.800637364387512207e-01 1.649811863899230957e-01
-4.592065215110778809e-01 -1.627988219261169434e-01
4.296496510505676270e-01 2.310651540756225586e-01
3.833468556404113770e-01 -2.428689002990722656e-01
-1.691532135009765625e-02 2.962396144866943359e-01
-2.837304472923278809e-01 9.947025775909423828e-02
1.416586041450500488e-01 -4.050337076187133789e-01
3.012233972549438477e-02 2.349420189857482910e-01
2.550926208496093750e-01 6.483918428421020508e-02
2.099900245666503906e-01 2.783486247062683105e-01
-4.717648625373840332e-01 6.807368993759155273e-02
-3.247037529945373535e-01 3.825210332870483398e-01
5.488842725753784180e-02 -1.502563953399658203e-01
-2.328956127166748047e-02 4.973646402359008789e-01
3.175126314163208008e-01 -3.328481316566467285e-01
-9.399658441543579102e-02 -2.159049510955810547e-01
-4.331272840499877930e-02 2.429857850074768066e-01
-1.927122473716735840e-01 2.520683407783508301e-01
-2.060812711715698242e-02 -8.065456151962280273e-02
3.980314135551452637e-01 -5.904626846313476562e-02
4.489851593971252441e-01 3.173851966857910156e-01
2.292494773864746094e-01 4.458618760108947754e-01
-4.783435463905334473e-01 -3.457066416740417480e-01
1.550328731536865234e-01 2.794252634048461914e-01
-2.641646265983581543e-01 -4.037485122680664062e-01
-3.346824645996093750e-01 -6.770884990692138672e-02
-4.900974631309509277e-01 -1.642768383026123047e-01
3.800505399703979492e-01 3.038405776023864746e-01
-3.787918090820312500e-01 -4.052919149398803711e-01
2.898123860359191895e-01 -4.241247177124023438e-01
-1.018273830413818359e-02 4.984705448150634766e-01
2.578820586204528809e-01 4.989277720451354980e-01
4.091421365737915039e-01 4.913216829299926758e-02
2.427600026130676270e-01 -4.798682928085327148e-01
-3.826804161071777344e-01 2.348178029060363770e-01
6.007653474807739258e-02 4.065530300140380859e-01
-2.187424302101135254e-01 1.519906520843505859e-02
-4.621922969818115234e-03 4.959961771965026855e-01
4.667336344718933105e-01 -1.306961774826049805e-01
3.972559571266174316e-01 2.573383450508117676e-01
-3.432732820510864258e-01 1.533569693565368652e-01
-3.605227470397949219e-01 -2.662283778190612793e-01
-2.435069084167480469e-01 1.428379416465759277e-01
-2.143484354019165039e-01 -2.641127109527587891e-01
4.580067396163940430e-01 -3.539693951606750488e-01
-1.273401975631713867e-01 1.677413582801818848e-01
-3.443039059638977051e-01 -3.306940197944641113e-01
5.435246229171752930e-02 -3.505080938339233398e-01
3.499021530151367188e-01 4.155149459838867188e-01
6.236666440963745117e-02 3.322002887725830078e-01
3.800193667411804199e-01 2.899501919746398926e-01
2.287253737449645996e-01 -3.320673704147338867e-01
-2.473770380020141602e-01 -2.641942501068115234e-01
4.473437070846557617e-01 1.975810527801513672e-01
-3.757904171943664551e-01 -5.954235792160034180e-02
4.239312410354614258e-01 2.251934409141540527e-01
1.312264800071716309e-01 -1.781933307647705078e-01
2.452975511550903320e-01 -2.022858262062072754e-01
-2.410017251968383789e-01 -4.531270265579223633e-02
3.223497867584228516e-01 1.333614587783813477e-01
-4.202259182929992676e-01 -6.302851438522338867e-02
-1.044480800628662109e-01 -1.621822714805603027e-01
-9.302103519439697266e-02 -9.526985883712768555e-02
3.643691539764404297e-03 4.494538903236389160e-01
-3.121428489685058594e-01 3.434383869171142578e-01
2.579230070114135742e-01 -1.940770745277404785e-01
-8.359920978546142578e-02 -2.892528772354125977e-01
1.559674739837646484e-02 -1.798093914985656738e-01
-1.277453899383544922e-01 -2.634688019752502441e-01
2.335849404335021973e-01 -4.299340844154357910e-01
-3.444790840148925781e-02 4.275146722793579102e-01
-3.639485239982604980e-01 -4.741206169128417969e-01
1.181316375732421875e-01 6.339013576507568359e-02
1.307016611099243164e-01 2.301726937294006348e-01
4.725257754325866699e-01 -4.633265733718872070e-02
-2.564138770103454590e-01 -1.991955637931823730e-01
-9.179884195327758789e-02 3.267207145690917969e-01
4.219264388084411621e-01 3.792905807495117188e-01
-2.747286558151245117e-01 6.183880567550659180e-02
3.472487926483154297e-01 1.166872382164001465e-01
1.206914186477661133e-01 1.960504651069641113e-01
2.019912600517272949e-01 2.709271907806396484e-01
-1.741045117378234863e-01 7.176762819290161133e-02
2.629057765007019043e-01 1.222032308578491211e-02
-2.489123940467834473e-01 3.954600095748901367e-01
-2.319210767745971680e-01 3.084506392478942871e-01
1.299118995666503906e-01 7.120770215988159180e-02
-1.530748605728149414e-01 7.422906160354614258e-02
-9.119921922683715820e-02 -1.241789460182189941e-01
-3.101695179939270020e-01 -1.297801136970520020e-01
-3.202985525131225586e-01 -4.471604228019714355e-01
1.819717288017272949e-01 1.746831536293029785e-01
7.290416955947875977e-02 -4.554826617240905762e-01
3.631725311279296875e-01 2.951435446739196777e-01
-6.328117847442626953e-02 -1.947833299636840820e-01
-2.104339599609375000e-01 6.223881244659423828e-02
-4.924048781394958496e-01 -3.793737292289733887e-01
-3.132897615432739258e-01 2.316325306892395020e-01
-4.899631142616271973e-01 -3.571612238883972168e-01
-2.353732585906982422e-01 2.352482080459594727e-02
4.100257158279418945e-02 -4.070070981979370117e-01
2.065877914428710938e-01 5.765265226364135742e-02
1.887407302856445312e-01 4.508329629898071289e-01
1.973003149032592773e-02 3.069663047790527344e-02
-3.421145081520080566e-01 -4.479476809501647949e-01
7.866883277893066406e-02 -2.284107208251953125e-01
5.743867158889770508e-02 4.890226125717163086e-01
5.343532562255859375e-02 -7.330298423767089844e-02
-6.518375873565673828e-02 2.300718426704406738e-01
-1.708936691284179688e-01 -2.430210709571838379e-01
4.111169576644897461e-01 -4.543483257293701172e-01
-3.585875630378723145e-01 -1.847603917121887207e-01
2.331407666206359863e-01 1.767655014991760254e-01
4.772424101829528809e-01 2.971388697624206543e-01
-1.546275019645690918e-01 5.596756935119628906e-02
2.075472474098205566e-01 2.253830432891845703e-03
-1.945590972900390625e-02 2.624834179878234863e-01
-1.288026571273803711e-02 -2.683943510055541992e-02
4.851245880126953125e-01 -3.641089200973510742e-01
2.844201922416687012e-01 1.184883713722229004e-01
-2.911686897277832031e-02 7.752913236618041992e-02
-1.277865767478942871e-01 -2.426209449768066406e-01
3.946847319602966309e-01 2.829386591911315918e-01
3.355069160461425781e-01 -4.517788290977478027e-01
-6.238192319869995117e-02 -7.272422313690185547e-02
-3.317524194717407227e-01 2.786089181900024414e-01
3.300737738609313965e-01 1.622407436370849609e-01
1.542037725448608398e-01 -9.452056884765625000e-02
4.035332798957824707e-01 3.728395104408264160e-01
1.354535222053527832e-01 3.205325603485107422e-01
1.485397219657897949e-01 -4.603022933006286621e-01
1.832210421562194824e-01 -1.110240817070007324e-01
8.447867631912231445e-02 -3.068371415138244629e-01
1.109392642974853516e-01 2.003291249275207520e-01
2.209579944610595703e-02 -3.763045072555541992e-01
3.652070760726928711e-01 -2.347247600555419922e-01
3.674448132514953613e-01 -2.655974626541137695e-01
-2.511680126190185547e-02 2.384480834007263184e-01
-4.520708322525024414e-02 4.732169508934020996e-01
1.556015610694885254e-01 -1.535112261772155762e-01
1.102824211120605469e-01 1.291860342025756836e-01
-2.905380725860595703e-02 1.663288474082946777e-01
2.130627632141113281e-01 -2.580633759498596191e-01
-3.343853354454040527e-01 -6.608647108078002930e-02
3.552463650703430176e-01 -4.986332654953002930e-01
-1.018372774124145508e-01 4.552937150001525879e-01
-4.673887491226196289e-01 1.560031175613403320e-01
2.564684152603149414e-01 3.343970179557800293e-01
3.867131471633911133e-01 -4.321182966232299805e-01
4.357524514198303223e-01 2.742823958396911621e-01
-2.376450896263122559e-01 2.074819803237915039e-01
2.620238661766052246e-01 -7.796019315719604492e-02
-5.094093084335327148e-02 -3.401731848716735840e-01
7.344412803649902344e-02 -1.196809411048889160e-01
1.755545735359191895e-01 3.201159238815307617e-01
-2.414321303367614746e-01 3.095754981040954590e-01
1.398138999938964844e-01 4.239279031753540039e-01
-4.553108215332031250e-01 -4.118865728378295898e-01
-3.570729494094848633e-02 -1.996108293533325195e-01
2.295950055122375488e-01 -3.856992721557617188e-02
3.479343652725219727e-01 4.582567811012268066e-01
-4.722340703010559082e-01 1.028766632080078125e-01
1.534181237220764160e-01 1.042248606681823730e-01
-5.599051713943481445e-02 -4.068023562431335449e-01
-2.306172847747802734e-01 -2.141247391700744629e-01
-4.830008745193481445e-01 -2.083988189697265625e-01
4.770237207412719727e-02 2.777189612388610840e-01
-4.127160906791687012e-01 -4.711276888847351074e-01
-2.671031951904296875e-01 -8.444243669509887695e-02
3.778946399688720703e-01 -1.249719858169555664e-01
-2.249345779418945312e-01 4.477357864379882812e-01
-4.132354259490966797e-02 -1.183000206947326660e-01
2.720252871513366699e-01 -3.227683305740356445e-01
4.278732538223266602e-01 -2.045500278472900391e-01
-4.625672101974487305e-01 -1.455635428428649902e-01
4.111475348472595215e-01 -5.343878269195556641e-02
-4.860178828239440918e-01 1.425749063491821289e-01
-4.517960548400878906e-01 -8.236265182495117188e-02
-1.141499280929565430e-01 1.594885587692260742e-01
3.743107318878173828e-01 3.667762875556945801e-01
9.137618541717529297e-02 -4.885485768318176270e-01
4.806438684463500977e-01 -3.431725502014160156e-01
4.743051528930664062e-02 3.423200845718383789e-01
-1.336838603019714355e-01 -4.548829793930053711e-02
-2.924860119819641113e-01 -2.933123111724853516e-01
-3.417212963104248047e-01 -9.955167770385742188e-03
-7.941204309463500977e-02 2.171123027801513672e-02
3.240427970886230469e-01 4.473075270652770996e-01
-3.351836800575256348e-01 -3.289268016815185547e-01
2.874430418014526367e-01 -5.489850044250488281e-02
8.347117900848388672e-02 8.284997940063476562e-02
8.883732557296752930e-02 -2.694389820098876953e-01
3.374226689338684082e-01 6.577426195144653320e-02
-2.614480257034301758e-02 4.476289153099060059e-01
4.101004004478454590e-01 2.429615259170532227e-01
1.233787536621093750e-01 2.400571107864379883e-01
3.326863050460815430e-02 -4.337413907051086426e-01
-4.589145779609680176e-01 9.727263450622558594e-02
-2.094162106513977051e-01 -4.512226581573486328e-01
-3.232640027999877930e-02 -3.222748041152954102e-01
-2.208911776542663574e-01 4.204171895980834961e-01
-4.637066721916198730e-01 -1.323332786560058594e-01
-3.976451754570007324e-01 -4.456605315208435059e-01
4.698135256767272949e-01 -2.753888368606567383e-01
3.192131519317626953e-01 1.565478444099426270e-01
-1.936376094818115234e-02 2.521378397941589355e-01
-2.320435047149658203e-01 -2.925281524658203125e-01
1.668097972869873047e-01 -4.388638138771057129e-01
-3.753076195716857910e-01 -8.204752206802368164e-02
3.724018931388854980e-01 -6.994038820266723633e-02
-2.112461924552917480e-01 4.391326308250427246e-01
1.904095411300659180e-01 -2.925902605056762695e-01
-4.100054502487182617e-01 -1.474786996841430664e-01
3.331574201583862305e-01 2.538699507713317871e-01
-2.435865402221679688e-01 -2.331748604774475098e-01
-3.775297403335571289e-01 -2.912490367889404297e-01
2.034170031547546387e-01 2.713880538940429688e-01
6.067508459091186523e-02 -3.210356831550598145e-01
3.123843669891357422e-01 1.862366795539855957e-01
4.450055360794067383e-01 -2.023966312408447266e-01
-3.204331994056701660e-01 1.065203547477722168e-01
-3.210652470588684082e-01 -3.671431541442871094e-02
1.814750432968139648e-01 -2.845097184181213379e-01
-6.199508905410766602e-02 -6.031578779220581055e-02
-2.580358386039733887e-01 -3.641387224197387695e-01
-1.462982296943664551e-01 1.511331200599670410e-01
-6.851613521575927734e-03 6.678009033203125000e-02
2.825015783309936523e-01 -4.113425612449645996e-01
2.375732660293579102e-01 6.234246492385864258e-02
3.486215472221374512e-01 -4.120206832885742188e-01
-3.430340886116027832e-01 1.096738576889038086e-01
-1.384341120719909668e-01 4.411103725433349609e-01
-1.362813711166381836e-01 8.968973159790039062e-02
-4.307742118835449219e-01 -3.097243309020996094e-01
5.068325996398925781e-02 -2.150672674179077148e-01
2.920579910278320312e-01 8.819305896759033203e-02
-8.334046602249145508e-02 2.844977378845214844e-01
-4.425285458564758301e-01 -4.499070644378662109e-01
-1.706534028053283691e-01 -1.616417169570922852e-01
6.411546468734741211e-02 3.120862245559692383e-01
3.963039517402648926e-01 1.480627655982971191e-01
-4.463626146316528320e-01 -3.859455585479736328e-01
-1.161806583404541016e-01 -3.656226396560668945e-02
2.864744663238525391e-01 -4.901927113533020020e-01
-4.907488822937011719e-02 3.580988645553588867e-01
-8.392578363418579102e-02 -1.086646318435668945e-02
1.665871739387512207e-01 -4.927358627319335938e-01
1.082679033279418945e-01 5.266094207763671875e-02
8.418715000152587891e-02 -4.101526737213134766e-01
2.326133847236633301e-01 -3.920114636421203613e-01
1.589493751525878906e-01 -4.817568063735961914e-01
3.179441690444946289e-01 -1.014620065689086914e-02
4.160566329956054688e-01 4.085291624069213867e-01
-2.962056398391723633e-01 -3.591960668563842773e-02
-2.567297220230102539e-01 -5.647325515747070312e-02
2.604663372039794922e-02 4.603763222694396973e-01
4.217733740806579590e-01 -6.026554107666015625e-02
2.384943366050720215e-01 2.218027114868164062e-01
-1.908196210861206055e-01 2.647998332977294922e-01
-2.728673219680786133e-01 -1.813510656356811523e-01
-4.749742150306701660e-01 -4.845297336578369141e-02
-4.883297681808471680e-01 1.109492182731628418e-01
3.788342475891113281e-01 -1.403276324272155762e-01
3.852732777595520020e-01 -2.925668954849243164e-01
-2.251356840133666992e-02 2.862570285797119141e-01
3.435820937156677246e-01 -3.692129254341125488e-01
1.615549921989440918e-01 4.595076441764831543e-01
1.915794610977172852e-02 1.990430355072021484e-01
4.287547469139099121e-01 3.955259323120117188e-01
-4.796611666679382324e-01 -1.498811841011047363e-01
-4.657514691352844238e-01 3.167740702629089355e-01
-3.372749090194702148e-01 -2.065164446830749512e-01
-1.224595904350280762e-01 -3.911251425743103027e-01
-3.996014595031738281e-03 2.615876197814941406e-01
4.675729870796203613e-01 -2.770352363586425781e-02
-1.696183681488037109e-01 4.433451294898986816e-01
-2.078135013580322266e-01 -4.738271236419677734e-01
-3.318732976913452148e-01 3.317125439643859863e-01
3.792059421539306641e-01 -3.491185307502746582e-01
2.705249190330505371e-01 1.672124266624450684e-01
3.798582553863525391e-01 4.343078732490539551e-01
-2.595193982124328613e-01 -4.423558712005615234e-01
2.554926276206970215e-01 3.592329621315002441e-01
-4.003189802169799805e-01 6.340223550796508789e-02
4.706876873970031738e-01 5.334138870239257812e-02
1.572356820106506348e-01 4.906036257743835449e-01
-3.177511096000671387e-01 -4.076306223869323730e-01
1.048225164413452148e-01 -1.614177823066711426e-01
4.739061594009399414e-01 1.479931473731994629e-01
4.899725914001464844e-01 -8.548766374588012695e-02
-4.988723397254943848e-01 -4.316556453704833984e-02
-3.539187908172607422e-01 3.916121721267700195e-01
3.483349084854125977e-01 1.339879035949707031e-01
7.936358451843261719e-03 3.251910209655761719e-03
4.410344958305358887e-01 -2.344645857810974121e-01
4.485031366348266602e-01 -2.164356112480163574e-01
-4.001557826995849609e-03 9.277337789535522461e-02
4.793863892555236816e-01 -1.496999859809875488e-01
-4.062830805778503418e-01 1.265692710876464844e-01
2.718383073806762695e-02 4.897040128707885742e-02
-1.005987524986267090e-01 2.603405714035034180e-01
-7.083350419998168945e-02 -3.058067560195922852e-01
6.044018268585205078e-02 2.289223670959472656e-02
4.595100879669189453e-01 1.429440379142761230e-01
3.368030786514282227e-01 4.878445863723754883e-01
-2.356331944465637207e-01 3.309124708175659180e-01
-4.245221614837646484e-02 -4.826968312263488770e-01
3.645956516265869141e-02 7.461589574813842773e-02
-3.829646110534667969e-01 -1.264136433601379395e-01
-1.469345092773437500e-01 -3.801854848861694336e-01
-2.022654414176940918e-01 2.591173648834228516e-01
4.831792712211608887e-01 -2.389445304870605469e-01
-6.191408634185791016e-02 4.884759187698364258e-01
1.693288087844848633e-01 -1.936897635459899902e-01
-4.882423877716064453e-01 -1.781034469604492188e-02
4.360127449035644531e-02 3.689145445823669434e-01
3.588060736656188965e-01 3.629506230354309082e-01
2.427700757980346680e-01 4.256481528282165527e-01
1.643439531326293945e-01 -1.025248169898986816e-01
1.403511166572570801e-01 -2.625465989112854004e-01
1.829456090927124023e-01 -4.330049157142639160e-01
2.258429527282714844e-01 9.500151872634887695e-02
1.371300220489501953e-01 2.676171064376831055e-01
4.945670366287231445e-01 1.448156833648681641e-01
2.827880978584289551e-01 3.328323364257812500e-01
-2.777827382087707520e-01 -3.007234334945678711e-01
4.565959572792053223e-01 3.198376297950744629e-01
4.785540699958801270e-01 2.591171860694885254e-01
-1.166416406631469727e-01 3.824096322059631348e-01
4.842749834060668945e-01 2.310141921043395996e-01
4.333485960960388184e-01 9.896194934844970703e-02
-7.003664970397949219e-02 -3.176362514495849609e-01
4.830766916275024414e-01 3.905435204505920410e-01
1.908605098724365234e-01 -7.519084215164184570e-02
-2.385852336883544922e-01 -3.573490381240844727e-01
-3.812705874443054199e-01 2.930859923362731934e-01
-5.798053741455078125e-02 1.292926073074340820e-01
4.380570650100708008e-01 -2.536752820014953613e-01
-9.465903043746948242e-02 1.270196437835693359e-01
6.247973442077636719e-02 -1.024432182312011719e-01
3.893930912017822266e-01 3.273522853851318359e-01
3.145159482955932617e-01 -4.408487081527709961e-01
-5.193448066711425781e-02 2.606701850891113281e-02
5.820977687835693359e-02 1.568677425384521484e-01
4.549254775047302246e-01 -4.209842085838317871e-01
1.137255430221557617e-01 3.168015480041503906e-01
2.429130077362060547e-01 1.453517079353332520e-01
-1.838873028755187988e-01 -1.175071001052856445e-01
-3.015023469924926758e-01 -3.633535504341125488e-01
2.476736903190612793e-01 3.961290121078491211e-01
-3.442942500114440918e-01 1.648547649383544922e-01
-5.921328067779541016e-02 -1.313270926475524902e-01
2.904118895530700684e-01 2.157281637191772461e-01
7.175529003143310547e-02 -3.207314610481262207e-01
2.447571754455566406e-01 -1.851534843444824219e-01
4.356378316879272461e-01 3.834021091461181641e-01
2.965344786643981934e-01 2.610577940940856934e-01
-5.312085151672363281e-02 4.675711989402770996e-01
7.709550857543945312e-02 3.910067081451416016e-01
-4.909319877624511719e-01 -4.742689132690429688e-01
-4.139676690101623535e-01 -4.499457478523254395e-01
-1.173333525657653809e-01 4.189953804016113281e-01
-3.846935629844665527e-01 5.143278837203979492e-02
4.895367026329040527e-01 -4.696715474128723145e-01
4.070283770561218262e-01 1.942777633666992188e-01
2.462246417999267578e-01 -1.348360776901245117e-01
2.695995569229125977e-01 3.129375576972961426e-01
-4.869081974029541016e-01 4.062247872352600098e-01
-2.064579725265502930e-01 2.212138772010803223e-01
-1.205213069915771484e-01 2.547691464424133301e-01
-2.755190730094909668e-01 -3.742283582687377930e-01
-3.130294680595397949e-01 -2.592114210128784180e-01
-5.023831129074096680e-02 3.262805938720703125e-02
1.070330739021301270e-01 3.547197580337524414e-02
-1.934955716133117676e-01 -4.365304708480834961e-01
1.008269190788269043e-01 -4.536433219909667969e-01
4.586136341094970703e-01 4.911916255950927734e-01
-3.470359444618225098e-01 -2.745991945266723633e-01
-3.603301048278808594e-01 -4.948980808258056641e-01
4.386588335037231445e-01 8.642303943634033203e-02
4.633666276931762695e-01 1.667249202728271484e-01
4.329909682273864746e-01 -1.327949762344360352e-02
2.446596026420593262e-01 -5.811363458633422852e-02
9.671711921691894531e-02 -1.783431768417358398e-01
-3.229860067367553711e-01 1.664434075355529785e-01
4.198369979858398438e-01 2.706679105758666992e-01
-2.143599390983581543e-01 7.319158315658569336e-02
-2.325897216796875000e-01 -3.086847066879272461e-02
-3.149485588073730469e-01 3.616432547569274902e-01
1.081618070602416992e-01 -1.422324180603027344e-01
2.481087446212768555e-01 1.959791183471679688e-01
3.413486480712890625e-02 4.844560623168945312e-01
-1.929944753646850586e-01 2.290377020835876465e-01
-3.154935836791992188e-01 4.812204837799072266e-01
4.006623029708862305e-01 -1.115102171897888184e-01
-2.689194679260253906e-01 3.154544830322265625e-01
-4.436547160148620605e-01 1.458109617233276367e-01
-6.221157312393188477e-02 1.641023755073547363e-01
3.585085868835449219e-01 6.680130958557128906e-02
7.126271724700927734e-02 -1.097643375396728516e-01
-1.931688785552978516e-01 -1.144171357154846191e-01
2.747482061386108398e-02 -3.849545717239379883e-01
2.253222465515136719e-02 -4.137758016586303711e-01
-2.088707685470581055e-02 -9.732347726821899414e-02
-3.213800787925720215e-01 9.386342763900756836e-02
-2.088829874992370605e-01 -1.974971890449523926e-01
3.644814491271972656e-01 4.457908272743225098e-01
-3.600428104400634766e-01 -3.415172696113586426e-01
2.016286253929138184e-01 -1.101284027099609375e-01
-2.510514259338378906e-01 4.844489097595214844e-01
-2.508859634399414062e-01 -3.441375494003295898e-02
-3.762550950050354004e-01 3.090075850486755371e-01
-2.107278704643249512e-01 1.557931900024414062e-01
-4.367090463638305664e-01 -3.831982612609863281e-01
4.381954669952392578e-02 -2.816666364669799805e-01
-3.474223613739013672e-01 7.535392045974731445e-02
1.126463413238525391e-01 -4.345581531524658203e-01
-3.560765981674194336e-01 1.753191351890563965e-01
-4.421307444572448730e-01 7.416731119155883789e-02
5.670386552810668945e-02 1.903402209281921387e-01
-2.469998598098754883e-01 -4.816356897354125977e-01
-3.205707669258117676e-01 2.855417132377624512e-01
3.123536705970764160e-01 3.620110750198364258e-01
4.114443063735961914e-02 4.696177244186401367e-01
2.339781522750854492e-01 -3.649517893791198730e-01
1.009653806686401367e-01 -2.634146809577941895e-01
4.216089248657226562e-01 -4.039104580879211426e-01
-9.870624542236328125e-02 2.691404819488525391e-01
-4.403054714202880859e-02 -2.963913679122924805e-01
-2.627457380294799805e-01 1.381891965866088867e-01
1.128077507019042969e-02 2.926621437072753906e-01
3.767549395561218262e-01 3.870551586151123047e-01
-2.162277698516845703e-01 -5.882376432418823242e-02
1.784619092941284180e-01 4.241112470626831055e-01
-3.807494640350341797e-01 2.739424705505371094e-01
2.072123885154724121e-01 4.739749431610107422e-01
2.758337855339050293e-01 -3.933880329132080078e-01
-3.534718751907348633e-01 -3.636333942413330078e-01
3.234513401985168457e-01 3.045517206192016602e-01
-2.129213809967041016e-01 -2.700595855712890625e-01
-5.045038461685180664e-02 -6.012934446334838867e-02
-1.216175556182861328e-01 -3.712921142578125000e-01
-4.056240916252136230e-01 -3.765584230422973633e-01
2.498344182968139648e-01 -2.313324213027954102e-01
3.653756380081176758e-01 -1.117861866950988770e-01
-2.221902012825012207e-01 4.501616954803466797e-01
-4.784618616104125977e-01 1.934456229209899902e-01
1.343070864677429199e-01 1.752688884735107422e-01
-7.581609487533569336e-02 6.483930349349975586e-02
1.113272905349731445e-01 -1.914247274398803711e-01
1.130354404449462891e-02 -1.935917139053344727e-01
3.233243823051452637e-01 -7.657647132873535156e-03
4.479190707206726074e-01 -1.604667305946350098e-01
3.237192034721374512e-01 1.638812422752380371e-01
2.193379402160644531e-02 -1.518282890319824219e-01
3.424471616744995117e-02 -3.096370100975036621e-01
5.996239185333251953e-02 -4.988806247711181641e-01
6.399434804916381836e-02 -4.501234889030456543e-01
1.039679646492004395e-01 -1.022794842720031738e-01
2.630004286766052246e-01 -2.198946475982666016e-01
3.674180507659912109e-01 -5.819416046142578125e-02
4.248347282409667969e-01 -4.526555538177490234e-01
-4.235993623733520508e-01 -6.282651424407958984e-02
-6.876677274703979492e-02 -4.742982983589172363e-01
-4.675451517105102539e-01 2.156889438629150391e-02
3.272387981414794922e-01 -4.575586318969726562e-02
-2.013224959373474121e-01 1.386674046516418457e-01
4.580760598182678223e-01 1.764744520187377930e-02
3.576712608337402344e-01 3.469548225402832031e-01
-5.358713865280151367e-02 3.092960119247436523e-01
-2.914336323738098145e-01 -4.778751134872436523e-01
2.088305354118347168e-01 -3.222357630729675293e-01
-4.366160631179809570e-01 1.743716597557067871e-01
-1.726582050323486328e-01 -4.116177558898925781e-01
3.074388504028320312e-01 -4.699915647506713867e-02
-1.232618689537048340e-01 1.155558228492736816e-01
-2.905436158180236816e-01 -3.826207518577575684e-01
-4.274883866310119629e-01 -1.025198698043823242e-01
3.721359968185424805e-01 1.635832190513610840e-01
-2.361677289009094238e-01 9.570562839508056641e-02
-4.674860239028930664e-01 -3.705371022224426270e-01
2.094581723213195801e-01 -2.309535741806030273e-01
3.794273734092712402e-01 -3.966624140739440918e-01
1.354573369026184082e-01 -1.136017441749572754e-01
-4.848927259445190430e-02 -3.407675027847290039e-02
1.199424266815185547e-01 -2.468056082725524902e-01
3.288257122039794922e-01 -3.623105883598327637e-01
3.977287411689758301e-01 -3.968127965927124023e-01
9.931391477584838867e-02 1.137668490409851074e-01
2.916538715362548828e-02 -4.171859025955200195e-01
-1.943299770355224609e-01 2.590193748474121094e-01
2.355334162712097168e-01 1.801987290382385254e-01
4.051613807678222656e-02 -1.239037513732910156e-01
3.160565495491027832e-01 -2.939786314964294434e-01
-3.101457357406616211e-01 3.341189622879028320e-01
4.707312583923339844e-01 -2.326536178588867188e-02
4.634414315223693848e-01 -4.617679119110107422e-02
1.953444480895996094e-01 2.971075773239135742e-01
1.777739524841308594e-01 1.698350310325622559e-01
2.232539653778076172e-02 2.525599002838134766e-01
-3.439255356788635254e-01 -5.159580707550048828e-02
-1.684134602546691895e-01 1.699913144111633301e-01
-4.935892224311828613e-01 4.159307479858398438e-02
2.434862256050109863e-01 4.774623513221740723e-01
-7.647067308425903320e-02 3.870663046836853027e-01
-2.259081602096557617e-02 2.706411480903625488e-01
-1.806873083114624023e-02 -1.833917498588562012e-01
4.569372534751892090e-01 -2.051217555999755859e-01
3.744505643844604492e-01 1.664550304412841797e-01
-3.327423930168151855e-01 -3.703906536102294922e-01
4.636111855506896973e-01 -4.191647768020629883e-01
-3.541232347488403320e-01 4.314273595809936523e-02
-1.857746839523315430e-01 -2.934396266937255859e-02
-3.520866632461547852e-01 -7.641106843948364258e-02
2.573539018630981445e-01 1.347525119781494141e-01
3.690924644470214844e-01 -1.204882264137268066e-01
3.757171034812927246e-01 -4.299888610839843750e-01
-3.547618985176086426e-01 1.567411422729492188e-02
3.987402915954589844e-01 -2.551194429397583008e-01
-3.889947533607482910e-01 -1.436786055564880371e-01
5.428981781005859375e-02 -3.251736760139465332e-01
-3.410277962684631348e-01 -1.615173816680908203e-01
-7.951760292053222656e-02 -2.750300168991088867e-01
-4.892303943634033203e-01 8.966922760009765625e-04
-3.948334455490112305e-01 -3.424769043922424316e-01
3.576751947402954102e-01 -3.639788627624511719e-01
-3.813223242759704590e-01 2.107626199722290039e-02
3.061036467552185059e-01 1.688554286956787109e-01
-2.738081812858581543e-01 -2.359546422958374023e-01
4.423288106918334961e-01 8.509314060211181641e-02
-4.741036891937255859e-01 -1.696941852569580078e-01
3.511536121368408203e-01 1.837249994277954102e-01
-1.687738299369812012e-01 -1.811855435371398926e-01
-1.294225454330444336e-02 -4.049287438392639160e-01
-1.938114762306213379e-01 1.500151157379150391e-01
-2.645122408866882324e-01 -3.728497028350830078e-02
3.009666800498962402e-01 -2.560325860977172852e-01
2.904284596443176270e-01 -2.061240673065185547e-01
2.138193845748901367e-01 -5.460149049758911133e-02
-4.423714876174926758e-01 -6.593430042266845703e-02
3.354694843292236328e-01 1.027612686157226562e-01
2.756654024124145508e-01 -1.741177439689636230e-01
1.204965710639953613e-01 1.873884201049804688e-01
1.917608976364135742e-01 1.022543907165527344e-01
1.644023060798645020e-01 1.614087820053100586e-02
-3.816511631011962891e-01 2.587360739707946777e-01
1.876682043075561523e-02 -2.454798221588134766e-01
-2.822870612144470215e-01 -3.866738080978393555e-02
-2.421236634254455566e-01 -2.020905613899230957e-01
2.568877935409545898e-01 3.082371950149536133e-01
4.635292291641235352e-01 2.018395066261291504e-01
-6.711995601654052734e-02 2.603215575218200684e-01
-3.225445747375488281e-02 3.277292251586914062e-01
-1.908904314041137695e-02 4.962375760078430176e-01
-1.271766424179077148e-01 -4.147918820381164551e-01
-5.887275934219360352e-02 7.317233085632324219e-02
3.533651232719421387e-01 4.676223397254943848e-01
-8.813953399658203125e-02 1.937609910964965820e-02
-1.183897256851196289e-01 -4.849933385848999023e-01
1.118540763854980469e-03 9.567636251449584961e-02
-3.211124539375305176e-01 3.471203446388244629e-01
4.105293154716491699e-01 -4.127871394157409668e-01
1.902866959571838379e-01 3.654981255531311035e-01
5.732351541519165039e-02 -7.749938964843750000e-02
2.276901006698608398e-01 -3.868557810783386230e-01
5.431830883026123047e-02 -2.194398045539855957e-01
-2.217678427696228027e-01 -6.871825456619262695e-02
-3.745400905609130859e-01 1.210526227951049805e-01
-4.826332926750183105e-01 4.986280202865600586e-01
-4.425461888313293457e-01 -3.177523612976074219e-03
-4.199411273002624512e-01 -3.751136064529418945e-01
1.846715211868286133e-01 -4.798293113708496094e-03
1.746690869331359863e-01 1.201146245002746582e-01
-3.978080153465270996e-01 -3.433033227920532227e-01
-4.871254563331604004e-01 2.921299338340759277e-01
-4.874135851860046387e-01 -3.683346509933471680e-02
-4.670223593711853027e-01 5.762577056884765625e-02
1.932187080383300781e-01 3.420422077178955078e-01
-4.637548923492431641e-01 -4.623496532440185547e-02
4.904692769050598145e-01 4.369748830795288086e-01
3.477646708488464355e-01 -3.245441913604736328e-01
-3.605235815048217773e-01 -4.842841625213623047e-02
-4.808965325355529785e-01 -3.532187938690185547e-01
1.561472415924072266e-01 3.836285471916198730e-01
-1.066058874130249023e-01 -1.147817373275756836e-01
3.907008171081542969e-01 -4.727572202682495117e-01
5.241608619689941406e-02 4.533178806304931641e-01
1.363399028778076172e-01 4.723287224769592285e-01
4.957560896873474121e-01 -1.231764554977416992e-01
-3.761882185935974121e-01 -4.965263605117797852e-02
-4.617996215820312500e-01 -3.230296373367309570e-01
-4.221941232681274414e-01 -2.069801688194274902e-01
7.229685783386230469e-02 3.920729756355285645e-01
-3.608107566833496094e-02 2.245917916297912598e-01
-4.091505408287048340e-01 -2.025427222251892090e-01
-1.422261595726013184e-01 -1.851189136505126953e-01
3.508198857307434082e-01 2.148578763008117676e-01
-4.754475951194763184e-01 -4.237994551658630371e-01
-1.268351674079895020e-01 -3.516060709953308105e-01
-4.407417774200439453e-02 -7.001644372940063477e-02
-3.936340212821960449e-01 -3.678991794586181641e-01
2.464678287506103516e-01 -2.129551768302917480e-01
-3.534715175628662109e-01 -2.328272461891174316e-01
3.916069865226745605e-01 -2.936160564422607422e-02
4.217734932899475098e-01 3.143780231475830078e-01
2.201609611511230469e-01 2.364084720611572266e-01
4.111337661743164062e-01 1.558160781860351562e-01
-7.127559185028076172e-02 -3.610916733741760254e-01
-4.360601305961608887e-01 7.315963506698608398e-02
-3.316889405250549316e-01 4.166445136070251465e-01
-3.580723404884338379e-01 1.396993398666381836e-01
-3.370703458786010742e-01 2.128213047981262207e-01
-2.204328775405883789e-02 -4.271329045295715332e-01
4.245030879974365234e-02 7.158058881759643555e-02
-1.919745802879333496e-01 -4.565507769584655762e-01
-8.640444278717041016e-02 -4.668446779251098633e-01
1.572932004928588867e-01 -3.844183683395385742e-01
-3.361806869506835938e-01 1.698912978172302246e-01
1.459940075874328613e-01 7.169473171234130859e-02
-1.507357358932495117e-01 4.890852570533752441e-01
-2.647626996040344238e-01 4.584307670593261719e-01
4.334980249404907227e-02 -3.371307849884033203e-01
2.419533133506774902e-01 -2.994609475135803223e-01
4.826533794403076172e-01 -3.605952262878417969e-01
-3.032678365707397461e-01 -3.408712148666381836e-02
-6.545919179916381836e-02 -2.223029732704162598e-01
-1.772806644439697266e-01 5.720376968383789062e-02
1.381677985191345215e-01 -6.537085771560668945e-02
-2.943609952926635742e-01 -4.971116781234741211e-02
3.421692848205566406e-01 -1.909667849540710449e-01
-4.087122678756713867e-01 1.353478431701660156e-02
1.786431074142456055e-01 -2.400076389312744141e-01
3.806291222572326660e-01 2.415754795074462891e-01
-3.312729001045227051e-01 -1.718204021453857422e-01
-3.404459357261657715e-01 3.827606439590454102e-01
-3.223884701728820801e-01 8.033919334411621094e-02
2.678012251853942871e-01 -4.207274317741394043e-01
3.709347844123840332e-01 -2.214349508285522461e-01
-1.155800223350524902e-01 -1.599817276000976562e-01
-3.503449559211730957e-01 4.343706965446472168e-01
-3.486249446868896484e-01 3.347924351692199707e-01
-3.322795033454895020e-01 2.290506958961486816e-01
-1.007337570190429688e-01 -6.242340803146362305e-02
7.245838642120361328e-02 -3.634287714958190918e-01
-4.275562167167663574e-01 -1.130158305168151855e-01
-1.470524072647094727e-02 3.271824121475219727e-02
-4.664264321327209473e-01 -2.617143392562866211e-01
-1.231440901756286621e-01 -3.328456282615661621e-01
-1.054919362068176270e-01 -2.954127788543701172e-01
-3.147697448730468750e-01 3.652864098548889160e-01
1.910364627838134766e-02 1.083183884620666504e-01
-1.681566238403320312e-03 1.861469149589538574e-01
8.712077140808105469e-02 -2.926133275032043457e-01
2.811243534088134766e-01 3.242579102516174316e-01
-1.364445686340332031e-02 1.110712885856628418e-01
-4.593107104301452637e-01 -3.094810247421264648e-02
-1.102709174156188965e-01 -4.849461913108825684e-01
3.263976573944091797e-01 -3.327636718750000000e-01
-3.300750255584716797e-02 -2.643064260482788086e-01
-4.689675569534301758e-01 2.060084939002990723e-01
8.973389863967895508e-02 2.296913266181945801e-01
-3.385742902755737305e-01 -3.192285299301147461e-01
-5.291545391082763672e-02 -4.751253128051757812e-01
1.468473672866821289e-01 -1.680135726928710938e-02
-2.434942126274108887e-01 9.016311168670654297e-02
5.581825971603393555e-02 1.597325801849365234e-01
