3.373287916183471680e-01 1.461853384971618652e-01
2.758936882019042969e-01 -3.716126084327697754e-01
-4.861201643943786621e-01 3.539681434631347656e-01
4.955129027366638184e-01 -1.749724745750427246e-01
4.285430908203125000e-02 5.173653364181518555e-02
-2.016122341156005859e-01 -1.939985752105712891e-01
-1.452565193176269531e-02 -5.557847023010253906e-02
-9.790837764739990234e-03 1.327458024024963379e-01
-1.477521061897277832e-01 7.061445713043212891e-02
-3.498469591140747070e-01 4.486746788024902344e-01
1.733066439628601074e-01 2.572618722915649414e-01
1.814404129981994629e-01 -1.905394196510314941e-01
-3.164529204368591309e-01 -3.442659378051757812e-01
-2.964227795600891113e-01 1.535784006118774414e-01
1.118069291114807129e-01 1.798445582389831543e-01
1.603193283081054688e-01 2.572064995765686035e-01
-1.750165820121765137e-01 -6.055796146392822266e-02
2.696633338928222656e-01 5.797493457794189453e-02
1.837004423141479492e-01 1.824161410331726074e-01
1.433939933776855469e-01 1.992832422256469727e-01
3.878600001335144043e-01 -3.233359456062316895e-01
4.378557205200195312e-01 -3.759627938270568848e-01
1.397167444229125977e-01 4.027668237686157227e-01
-6.593942642211914062e-03 -1.076068282127380371e-01
1.202332973480224609e-01 8.830219507217407227e-02
-4.836467504501342773e-01 4.842572808265686035e-01
1.514853835105895996e-01 -9.495246410369873047e-02
-4.288640618324279785e-01 4.857361316680908203e-03
2.901251912117004395e-01 2.924413084983825684e-01
-5.124396085739135742e-02 3.604942560195922852e-01
-4.453628659248352051e-01 9.244632720947265625e-02
-4.746338129043579102e-01 2.635334730148315430e-01
-6.008684635162353516e-02 -3.106870055198669434e-01
-4.775086045265197754e-01 -1.576547622680664062e-01
-3.525287508964538574e-01 4.255049824714660645e-01
-2.009236812591552734e-01 -1.110301613807678223e-01
4.789082407951354980e-01 -2.266047000885009766e-01
2.755079865455627441e-01 1.455962657928466797e-01
-2.157854437828063965e-01 -3.154762983322143555e-01
-4.207651615142822266e-01 1.065160036087036133e-01
4.275733828544616699e-01 3.190174698829650879e-01
3.751085996627807617e-01 -3.924136757850646973e-01
-3.660266399383544922e-01 -1.181691884994506836e-02
-6.093382835388183594e-02 -1.491210460662841797e-01
-1.192063689231872559e-01 1.416636705398559570e-01
3.323232531547546387e-01 1.684346795082092285e-01
3.730051517486572266e-01 2.150791287422180176e-01
-3.102717399597167969e-01 -1.832562088966369629e-01
4.358174800872802734e-01 1.363885402679443359e-01
-2.550193667411804199e-01 1.663784980773925781e-01
4.212862253189086914e-01 -4.423252344131469727e-01
-2.770976424217224121e-01 4.718126654624938965e-01
-3.154918551445007324e-01 -3.727915287017822266e-01
-4.229658842086791992e-01 -3.175228238105773926e-01
-4.728353619575500488e-01 -3.152398467063903809e-01
-5.467337369918823242e-02 8.112871646881103516e-02
2.441718578338623047e-01 3.320230841636657715e-01
-1.920126080513000488e-01 -4.589342474937438965e-01
3.326770067214965820e-01 -4.429650902748107910e-01
-2.861118316650390625e-01 3.056799173355102539e-01
-3.326832056045532227e-01 -4.754149317741394043e-01
-3.269135951995849609e-02 -4.074265360832214355e-01
6.692922115325927734e-02 2.892286777496337891e-01
2.929180860519409180e-02 3.978840708732604980e-01
-3.823151588439941406e-01 3.514766097068786621e-01
-1.002014875411987305e-01 -1.320272684097290039e-02
1.853077411651611328e-01 -4.904045462608337402e-01
-2.880334258079528809e-01 1.150907874107360840e-01
-2.036319971084594727e-01 2.505993843078613281e-01
-1.176952719688415527e-01 4.899819493293762207e-01
-3.254271745681762695e-01 2.712607383728027344e-02
-2.454344034194946289e-01 -1.789576411247253418e-01
-2.275431156158447266e-01 2.166885137557983398e-01
2.017909288406372070e-02 1.299552321434020996e-01
-3.695957064628601074e-01 -2.849155664443969727e-01
2.372981905937194824e-01 -2.110046148300170898e-01
4.566707611083984375e-01 -3.893430233001708984e-01
-1.173533797264099121e-01 -4.568567276000976562e-01
-1.936297416687011719e-01 3.590651750564575195e-01
-4.407453536987304688e-02 -1.861425638198852539e-01
-1.415551900863647461e-01 2.056338191032409668e-01
-4.824000000953674316e-01 -1.923971772193908691e-01
-4.762107133865356445e-01 2.230292558670043945e-02
4.602604508399963379e-01 3.049400448799133301e-01
-9.663093090057373047e-02 -1.565682888031005859e-01
-3.160721659660339355e-01 -4.084867238998413086e-01
3.738641738891601562e-02 -1.629242897033691406e-01
-3.110510706901550293e-01 3.499580621719360352e-01
-2.125993371009826660e-01 1.292096376419067383e-01
-3.226125240325927734e-01 1.229704618453979492e-01
1.176697015762329102e-02 1.904720067977905273e-02
-4.151951074600219727e-01 3.264064788818359375e-01
-4.392187595367431641e-01 -3.006507754325866699e-01
4.897108078002929688e-01 -2.322869300842285156e-01
-4.424785375595092773e-01 2.513914108276367188e-01
-2.141200304031372070e-01 3.686186075210571289e-01
-3.070749640464782715e-01 -3.610150218009948730e-01
3.199815750122070312e-03 4.928094148635864258e-01
2.286748290061950684e-01 -1.657058000564575195e-01
2.624248266220092773e-01 3.751020431518554688e-01
-1.198837757110595703e-01 2.029498815536499023e-01
-3.101159930229187012e-01 -1.349198818206787109e-01
-3.790432214736938477e-02 3.328180313110351562e-01
1.788949966430664062e-01 1.792901158332824707e-01
-1.805817484855651855e-01 -3.364354372024536133e-02
1.705390214920043945e-01 -1.535087823867797852e-02
3.282421231269836426e-01 -2.785230875015258789e-01
-1.357989907264709473e-01 -1.694412827491760254e-01
-4.353539943695068359e-01 -3.604729771614074707e-01
-4.299665093421936035e-01 -8.460915088653564453e-02
1.773214340209960938e-01 3.288661241531372070e-01
3.827488422393798828e-01 -4.113394021987915039e-02
1.530637741088867188e-01 -4.625145196914672852e-01
4.943360090255737305e-01 -2.612790465354919434e-01
1.477234363555908203e-01 -4.535917043685913086e-01
-3.030813336372375488e-01 4.658982753753662109e-01
2.465590834617614746e-01 -1.649900674819946289e-01
2.576506733894348145e-01 8.192539215087890625e-03
-5.208295583724975586e-02 -1.857902407646179199e-01
1.561828851699829102e-01 -2.579815387725830078e-01
-1.933273673057556152e-01 -3.312395811080932617e-01
-3.086000084877014160e-01 1.201793551445007324e-01
2.533162832260131836e-01 4.295307397842407227e-01
1.232733130455017090e-01 -3.355007767677307129e-01
1.162235736846923828e-01 4.512634873390197754e-01
3.657531738281250000e-02 -4.298538565635681152e-01
4.017068147659301758e-01 4.094584584236145020e-01
-8.108586072921752930e-02 4.549288153648376465e-01
-4.730541706085205078e-01 -6.859189271926879883e-02
8.239114284515380859e-02 3.269718885421752930e-01
-3.357725739479064941e-01 9.865260124206542969e-02
-4.261412620544433594e-01 -2.972201704978942871e-01
-9.952759742736816406e-02 -4.197411537170410156e-01
-3.392766714096069336e-01 -2.744423151016235352e-01
1.443507671356201172e-01 4.127016663551330566e-01
5.927091836929321289e-02 4.298405051231384277e-01
4.593867659568786621e-01 4.129469394683837891e-02
-3.706958889961242676e-01 1.281974315643310547e-01
-1.143947243690490723e-01 -2.568747997283935547e-01
2.634456157684326172e-01 6.473958492279052734e-03
4.396970868110656738e-01 1.593091487884521484e-01
-6.663453578948974609e-02 -3.967303633689880371e-01
-1.932871341705322266e-01 -3.507510423660278320e-01
-1.947974562644958496e-01 -4.961537718772888184e-01
-5.367290973663330078e-02 8.965682983398437500e-02
-2.919637560844421387e-01 2.850027084350585938e-01
-4.469780325889587402e-01 -2.585480213165283203e-01
1.741510629653930664e-02 4.911626577377319336e-01
-1.909511685371398926e-01 -1.216596961021423340e-01
1.027418375015258789e-01 1.706991195678710938e-01
3.513587713241577148e-01 -4.266400337219238281e-01
-2.707061171531677246e-01 -2.677225470542907715e-01
3.797633647918701172e-01 -4.815107583999633789e-01
-7.897448539733886719e-02 -3.493481874465942383e-02
-4.487349390983581543e-01 3.173902630805969238e-01
-9.017306566238403320e-02 -3.103378415107727051e-01
1.731678247451782227e-01 4.036325812339782715e-01
-4.532289505004882812e-01 -2.255209088325500488e-01
-1.121640801429748535e-01 -2.073295116424560547e-01
-4.612872004508972168e-01 4.839073419570922852e-01
4.643441438674926758e-01 3.086517453193664551e-01
-4.950544834136962891e-01 -2.508987188339233398e-01
3.123223781585693359e-01 1.531923413276672363e-01
-5.210834741592407227e-02 9.882754087448120117e-02
-1.816236376762390137e-01 2.196002006530761719e-01
-4.131405353546142578e-01 3.568923473358154297e-02
4.713590145111083984e-01 3.360146284103393555e-01
-5.166459083557128906e-02 -3.438504934310913086e-01
3.167465925216674805e-01 -9.641647338867187500e-04
1.625226140022277832e-01 -1.761789917945861816e-01
2.527759671211242676e-01 3.321884274482727051e-01
4.563475251197814941e-01 3.752248287200927734e-01
2.423692941665649414e-01 -3.574914932250976562e-01
1.744508743286132812e-02 4.137498140335083008e-01
3.645401000976562500e-01 1.967694163322448730e-01
-2.730866074562072754e-01 -2.210155725479125977e-01
-5.209982395172119141e-02 2.070056796073913574e-01
3.559097647666931152e-01 2.131065130233764648e-01
2.988473176956176758e-01 2.598772048950195312e-01
3.098710775375366211e-01 -1.512598991394042969e-01
-1.916950345039367676e-01 -4.779132008552551270e-01
-4.238689541816711426e-01 2.639867663383483887e-01
1.148042678833007812e-01 -3.401045799255371094e-01
-3.063387870788574219e-01 -2.120519876480102539e-01
2.825140953063964844e-01 -3.220140933990478516e-01
-4.198626875877380371e-01 -4.449665546417236328e-02
4.834219813346862793e-01 -3.002218008041381836e-01
-6.438845396041870117e-02 3.620587587356567383e-01
-2.396329641342163086e-01 1.533734798431396484e-01
2.216778993606567383e-01 -4.613984823226928711e-01
-1.738073229789733887e-01 3.741522431373596191e-01
-4.732058644294738770e-01 2.604632377624511719e-01
1.825519800186157227e-01 -4.401122927665710449e-01
-3.824322223663330078e-01 2.464148998260498047e-01
1.717407107353210449e-01 4.676737189292907715e-01
-3.472009301185607910e-01 -4.242125153541564941e-01
-4.453495144844055176e-01 1.252717375755310059e-01
-4.114588499069213867e-01 3.030975461006164551e-01
2.608586549758911133e-01 -2.299525737762451172e-01
3.112913370132446289e-01 3.624381422996520996e-01
4.792961478233337402e-01 4.409036040306091309e-01
-1.342046260833740234e-01 -4.385971426963806152e-01
1.817697286605834961e-02 1.372181177139282227e-01
-1.646097898483276367e-01 4.582434892654418945e-01
2.745483517646789551e-01 -4.927870035171508789e-01
-2.223318815231323242e-01 2.121143341064453125e-01
-1.835381984710693359e-02 4.566726684570312500e-01
-3.311389684677124023e-01 3.134920597076416016e-01
-2.348624467849731445e-01 -2.381597161293029785e-01
4.219304919242858887e-01 -3.238069415092468262e-01
-3.440349698066711426e-01 -3.440200090408325195e-01
-1.689550876617431641e-01 -3.415341973304748535e-01
4.783670902252197266e-01 5.944210290908813477e-02
4.589896202087402344e-01 4.133901596069335938e-01
-1.642745733261108398e-02 3.233565688133239746e-01
2.932797074317932129e-01 -3.729015588760375977e-01
2.563911676406860352e-02 4.972179532051086426e-01
1.181460022926330566e-01 -1.010937094688415527e-01
1.777033209800720215e-01 -3.193393349647521973e-01
-1.320243477821350098e-01 3.202652335166931152e-01
3.087605834007263184e-01 -1.144269704818725586e-01
-2.853474020957946777e-01 2.677037715911865234e-01
-1.546709537506103516e-01 -3.375230431556701660e-01
2.357333302497863770e-01 -1.774738430976867676e-01
-4.694741964340209961e-02 1.864024996757507324e-01
-3.329975605010986328e-01 -3.427690267562866211e-01
-3.988323211669921875e-01 1.272361874580383301e-01
-4.635840654373168945e-02 4.720951914787292480e-01
4.003868699073791504e-01 -3.717207312583923340e-01
4.917141199111938477e-01 3.168969154357910156e-01
-4.556569457054138184e-01 2.403310537338256836e-01
3.995205760002136230e-01 -3.731666803359985352e-01
-4.976222515106201172e-01 -2.843061685562133789e-01
1.711447238922119141e-01 2.501451969146728516e-01
-4.369391798973083496e-01 -3.195838928222656250e-01
-4.953066706657409668e-01 3.433215022087097168e-01
-5.223232507705688477e-02 1.251188516616821289e-01
-2.024745941162109375e-01 -9.899479150772094727e-02
-3.985846638679504395e-01 -4.870561957359313965e-01
-2.525768876075744629e-01 -1.508033275604248047e-02
-7.736778259277343750e-02 -1.617394089698791504e-01
1.091914772987365723e-01 -4.511374235153198242e-02
-1.812301278114318848e-01 5.817788839340209961e-02
-2.781345844268798828e-01 1.120792627334594727e-01
4.416309595108032227e-01 -3.605738878250122070e-01
2.941124439239501953e-01 4.704716205596923828e-01
1.717048883438110352e-02 5.522143840789794922e-02
2.020341157913208008e-01 1.369012594223022461e-01
6.536734104156494141e-02 -1.779814958572387695e-01
-2.319357991218566895e-01 1.416188478469848633e-01
1.188104152679443359e-01 -2.676675915718078613e-01
3.401293158531188965e-01 3.286994099617004395e-01
1.773265004158020020e-01 -2.985203266143798828e-02
-1.940798163414001465e-01 -1.696713566780090332e-01
-2.812796831130981445e-01 -1.438732147216796875e-01
4.132971167564392090e-01 -2.781921625137329102e-02
8.068543672561645508e-02 -1.269880533218383789e-01
-2.048540115356445312e-01 -3.145403265953063965e-01
-7.858783006668090820e-02 -2.458063364028930664e-01
-1.375768780708312988e-01 -2.015387415885925293e-01
3.632247447967529297e-01 1.095901727676391602e-01
1.850906610488891602e-01 2.646725177764892578e-01
-2.745074033737182617e-01 -2.772225141525268555e-01
-1.391543149948120117e-01 -2.333431839942932129e-01
4.377226829528808594e-01 1.731311678886413574e-01
-4.677360057830810547e-01 3.981882333755493164e-01
-5.192691087722778320e-02 2.950772047042846680e-01
-4.091727733612060547e-01 1.573247313499450684e-01
1.908575296401977539e-01 -4.677710533142089844e-01
8.535009622573852539e-02 -1.141725182533264160e-01
-1.338156461715698242e-01 1.284407377243041992e-01
-3.316549062728881836e-01 2.905377745628356934e-01
-2.162725329399108887e-01 -2.810598611831665039e-01
2.380737662315368652e-01 4.461365342140197754e-01
-4.761747717857360840e-01 1.049665808677673340e-01
-1.551054716110229492e-01 3.665103316307067871e-01
1.706688404083251953e-01 -1.981428265571594238e-01
2.795657515525817871e-01 6.549656391143798828e-03
9.399056434631347656e-04 2.557005882263183594e-01
-9.973800182342529297e-02 -2.366833090782165527e-01
3.101941347122192383e-01 8.733475208282470703e-02
-1.640086770057678223e-01 4.532601833343505859e-01
-4.513520002365112305e-02 -3.474805951118469238e-01
-2.942763566970825195e-01 -1.910752058029174805e-02
2.726005911827087402e-01 -2.218574285507202148e-02
2.393006086349487305e-01 4.364466667175292969e-02
3.590720295906066895e-01 4.350962042808532715e-01
-4.282566905021667480e-01 2.524345517158508301e-01
-1.598603725433349609e-01 -8.397519588470458984e-03
-4.081292748451232910e-01 3.424527049064636230e-01
-9.523802995681762695e-02 3.803125023841857910e-01
-4.747448563575744629e-01 3.099274039268493652e-01
3.290343284606933594e-01 -1.370646357536315918e-01
-1.779721379280090332e-01 -2.004227638244628906e-01
4.298957586288452148e-01 5.288165807723999023e-02
-2.742376923561096191e-01 2.911867499351501465e-01
-2.483112215995788574e-01 -1.754885911941528320e-02
-4.966247081756591797e-02 4.879342317581176758e-01
-2.342937588691711426e-01 -3.201661705970764160e-01
-3.871900439262390137e-01 -2.870767712593078613e-01
-8.546471595764160156e-02 -4.931053519248962402e-01
-2.500256896018981934e-01 -2.775593400001525879e-01
-4.043280482292175293e-01 9.441888332366943359e-02
-2.120311856269836426e-01 1.195633411407470703e-01
1.061135530471801758e-01 2.017687559127807617e-01
4.310257434844970703e-01 1.998156309127807617e-02
3.407117128372192383e-01 3.447253704071044922e-01
-6.003504991531372070e-02 -1.285943388938903809e-01
-4.206508398056030273e-02 6.922870874404907227e-02
-1.097373962402343750e-01 -1.752758026123046875e-01
5.451625585556030273e-02 -3.148257732391357422e-02
2.658464908599853516e-01 1.881381273269653320e-01
-2.491253614425659180e-01 -3.694047927856445312e-01
3.092229366302490234e-03 -3.557725548744201660e-01
1.151084899902343750e-01 1.736338138580322266e-01
2.163572311401367188e-01 2.946776151657104492e-01
-1.413732171058654785e-01 3.322160840034484863e-01
-1.910284161567687988e-01 3.174623847007751465e-01
-6.355679035186767578e-02 -4.710015058517456055e-01
-4.943239688873291016e-02 -2.457332611083984375e-01
4.469996094703674316e-01 6.661796569824218750e-02
1.325147151947021484e-01 3.350817561149597168e-01
-3.309911489486694336e-02 -4.684099555015563965e-01
-2.313566803932189941e-01 2.819659113883972168e-01
-2.958904504776000977e-01 -8.530402183532714844e-02
1.085955500602722168e-01 3.956350684165954590e-01
3.243566155433654785e-01 1.823918819427490234e-01
1.740512251853942871e-01 1.419632434844970703e-01
4.677387475967407227e-01 -1.121546030044555664e-01
2.141286134719848633e-01 -3.094756603240966797e-01
1.730937361717224121e-01 2.321543097496032715e-01
2.290546298027038574e-01 1.882490515708923340e-01
2.450141906738281250e-01 1.811617612838745117e-01
-3.974114656448364258e-01 -7.468342781066894531e-02
-4.776455163955688477e-01 -2.475227713584899902e-01
-8.440577983856201172e-02 3.326479196548461914e-01
-2.557687759399414062e-01 -2.610332369804382324e-01
2.236603498458862305e-01 5.207866430282592773e-02
1.635372638702392578e-02 1.297521591186523438e-02
-9.903025627136230469e-02 -2.903658747673034668e-01
-4.080647230148315430e-02 -2.853940129280090332e-01
4.757815599441528320e-02 -7.561510801315307617e-02
-7.241439819335937500e-02 -3.952595591545104980e-01
-1.790961027145385742e-01 3.587872982025146484e-01
1.760661602020263672e-01 1.955221891403198242e-01
8.601951599121093750e-02 -2.533175945281982422e-01
-1.693118810653686523e-01 4.126504659652709961e-01
3.744647502899169922e-01 4.256052970886230469e-01
2.082239389419555664e-01 1.014518141746520996e-01
1.305110454559326172e-01 -3.707548975944519043e-01
1.374148130416870117e-01 1.040351390838623047e-01
-6.341630220413208008e-02 -3.685122728347778320e-02
3.469529747962951660e-01 -3.762580752372741699e-01
-4.262340068817138672e-01 2.057150602340698242e-01
-4.012656807899475098e-01 -3.187213540077209473e-01
-2.675755023956298828e-01 -2.053503990173339844e-01
1.339285373687744141e-01 1.772845983505249023e-01
1.577683091163635254e-01 3.406757116317749023e-02
-2.646850347518920898e-01 4.110486507415771484e-01
-1.972463130950927734e-01 -3.105607032775878906e-01
-1.515769958496093750e-01 -6.979620456695556641e-02
4.902637004852294922e-01 -1.904374361038208008e-01
3.761780261993408203e-02 -2.851099371910095215e-01
-3.452998995780944824e-01 1.867564320564270020e-01
4.254883527755737305e-01 3.736206889152526855e-01
5.895060300827026367e-02 4.039990305900573730e-01
-1.578128337860107422e-01 -3.418681025505065918e-01
3.471841812133789062e-01 -4.952294826507568359e-01
3.665250539779663086e-02 2.316437959671020508e-01
-1.396396756172180176e-01 -2.454255819320678711e-01
1.687754988670349121e-01 2.354719042778015137e-01
-1.178420186042785645e-01 -1.466698646545410156e-01
3.545999526977539062e-03 2.925515174865722656e-02
-3.053910136222839355e-01 -3.363743424415588379e-01
3.266717791557312012e-01 -2.244696021080017090e-01
1.082301139831542969e-01 1.108382940292358398e-01
-2.862878441810607910e-01 -2.461363673210144043e-01
4.534359574317932129e-01 -4.099598526954650879e-01
-1.252816319465637207e-01 -9.797108173370361328e-02
4.912903308868408203e-01 -1.491367816925048828e-02
-1.675257086753845215e-01 -3.096501827239990234e-01
-4.563170671463012695e-01 2.678811550140380859e-03
1.467319726943969727e-01 3.874772191047668457e-01
-1.815251111984252930e-01 -2.791359424591064453e-01
-3.192688822746276855e-01 1.054153442382812500e-01
2.392367720603942871e-01 4.796652197837829590e-01
-4.000971913337707520e-01 7.555490732192993164e-02
-4.523407220840454102e-01 -3.966562151908874512e-01
1.877065896987915039e-01 4.624197483062744141e-01
4.773905277252197266e-01 1.782273054122924805e-01
-1.535657048225402832e-01 -2.809632420539855957e-01
-4.631459712982177734e-01 1.044513583183288574e-01
4.542339444160461426e-01 1.784527301788330078e-01
3.924335241317749023e-01 9.706461429595947266e-02
2.831462025642395020e-01 3.361950516700744629e-01
-3.133657574653625488e-01 1.996096968650817871e-01
1.210947632789611816e-01 -9.099286794662475586e-02
-3.532248735427856445e-01 -1.171649694442749023e-01
1.415296196937561035e-01 1.827155947685241699e-01
-4.778469204902648926e-01 -4.144617915153503418e-01
1.420170664787292480e-01 4.724021553993225098e-01
1.744866967201232910e-01 2.929078340530395508e-01
-2.434804439544677734e-01 8.479410409927368164e-02
-3.233017325401306152e-01 -2.746977210044860840e-01
4.897665977478027344e-01 -4.549103975296020508e-02
4.269971251487731934e-01 -4.790771007537841797e-01
-1.710559129714965820e-01 4.885791540145874023e-01
-4.318872094154357910e-01 1.567980051040649414e-01
-8.626073598861694336e-02 4.749981760978698730e-01
-4.688411951065063477e-01 1.835578680038452148e-01
1.973708271980285645e-01 -5.482381582260131836e-02
-1.193585395812988281e-01 5.667811632156372070e-02
-4.068360924720764160e-01 1.458513736724853516e-02
-3.841185569763183594e-01 -2.317515015602111816e-01
1.782966256141662598e-01 1.190612912178039551e-01
4.109550714492797852e-01 1.579750180244445801e-01
8.759129047393798828e-02 4.661895036697387695e-01
3.312240242958068848e-01 4.298383593559265137e-01
3.834171295166015625e-01 -2.021421790122985840e-01
-3.398447632789611816e-01 1.262366175651550293e-01
2.762812376022338867e-02 1.590006351470947266e-01
-1.096988320350646973e-01 2.023415565490722656e-01
2.142035365104675293e-01 2.198567986488342285e-01
-4.293787479400634766e-01 -1.400982737541198730e-01
-1.821552515029907227e-01 3.856676816940307617e-01
2.667981386184692383e-01 4.281733036041259766e-01
3.292627930641174316e-01 -2.437197566032409668e-01
2.009877562522888184e-01 -2.211964130401611328e-01
1.784824728965759277e-01 6.800997257232666016e-02
1.873955130577087402e-01 2.698430418968200684e-01
7.371962070465087891e-02 5.139428377151489258e-02
-2.349275350570678711e-01 2.214086055755615234e-01
3.721549510955810547e-01 -3.522745966911315918e-01
-1.981941461563110352e-01 1.046121120452880859e-02
1.091510653495788574e-01 -1.063776016235351562e-02
-3.893952965736389160e-01 -4.431446790695190430e-01
4.818592667579650879e-01 -2.111488580703735352e-01
-9.894490242004394531e-02 4.265158176422119141e-01
3.611481189727783203e-02 3.371510505676269531e-01
-7.773560285568237305e-02 3.440310955047607422e-01
-3.004789352416992188e-01 -1.972563266754150391e-01
-3.536654114723205566e-01 1.384649872779846191e-01
-2.081758975982666016e-01 4.229298233985900879e-01
-1.244573593139648438e-01 -1.979342103004455566e-01
-2.408576607704162598e-01 2.653751969337463379e-01
-4.517764449119567871e-01 2.397693395614624023e-01
-2.047386169433593750e-01 4.341441392898559570e-02
1.368629932403564453e-01 1.696094870567321777e-01
-4.792497754096984863e-01 -3.982335329055786133e-02
2.029979228973388672e-01 3.633970022201538086e-01
2.186501026153564453e-02 2.327064275741577148e-01
-2.581638693809509277e-01 1.730033755302429199e-01
1.662526726722717285e-01 3.390895128250122070e-01
-2.838925719261169434e-01 -3.753881454467773438e-01
3.351457118988037109e-01 -3.437570929527282715e-01
2.419817447662353516e-01 -2.327813506126403809e-01
3.352929949760437012e-01 2.968359589576721191e-01
5.796837806701660156e-02 2.302563190460205078e-01
-5.873799324035644531e-02 -2.572155594825744629e-01
-3.482204675674438477e-02 -1.277522444725036621e-01
-1.112130284309387207e-01 -6.448191404342651367e-02
4.295154809951782227e-01 3.265941143035888672e-02
8.775413036346435547e-03 1.281586885452270508e-01
3.268186450004577637e-01 -1.963014006614685059e-01
-9.929496049880981445e-02 2.544131278991699219e-01
-4.665281772613525391e-01 4.102488160133361816e-01
4.286712408065795898e-02 3.734979629516601562e-01
-2.919374108314514160e-01 -2.919313311576843262e-01
2.961924672126770020e-01 -2.473263144493103027e-01
3.935396075248718262e-01 -2.275025248527526855e-01
-1.479879021644592285e-01 -4.897130727767944336e-01
-3.758800029754638672e-02 -1.681868433952331543e-01
-3.649650812149047852e-01 -4.827497005462646484e-01
-1.346706748008728027e-01 2.187287211418151855e-01
-4.040400981903076172e-01 4.285348057746887207e-01
-2.660688757896423340e-01 1.740372776985168457e-01
4.175845384597778320e-01 -1.828777790069580078e-01
3.608333468437194824e-01 -9.747993946075439453e-02
-2.613711357116699219e-01 -1.223921775817871094e-03
-3.833522200584411621e-01 4.048287272453308105e-01
-1.257448196411132812e-01 2.601550817489624023e-01
1.738269329071044922e-01 4.137895703315734863e-01
-2.784116864204406738e-01 -3.537637591361999512e-01
-4.652124643325805664e-01 -4.995682239532470703e-01
6.276655197143554688e-02 -5.205786228179931641e-02
-4.568657875061035156e-01 -3.543021678924560547e-01
-1.409370899200439453e-01 2.503001093864440918e-01
2.040940523147583008e-01 -3.386002779006958008e-02
-4.379642605781555176e-01 4.838619232177734375e-01
4.343416094779968262e-01 8.266693353652954102e-02
3.882660865783691406e-01 2.908033132553100586e-01
-4.349808096885681152e-01 -2.762690782546997070e-01
3.014959692955017090e-01 -4.891129732131958008e-01
-3.966447114944458008e-01 -4.673013687133789062e-01
-3.400748968124389648e-02 -1.263430118560791016e-01
1.219607591629028320e-01 -4.092066884040832520e-01
-2.353115677833557129e-01 -5.016279220581054688e-02
1.714834570884704590e-01 1.293166875839233398e-01
4.841644167900085449e-01 3.847935795783996582e-01
3.381621837615966797e-02 1.653541922569274902e-01
4.206274747848510742e-01 -4.618298411369323730e-01
2.226604223251342773e-01 -1.528117060661315918e-01
-1.765659451484680176e-01 -3.756014704704284668e-01
4.337419867515563965e-01 -3.717042803764343262e-01
-2.414299845695495605e-01 -3.868834972381591797e-01
-4.447847604751586914e-01 4.667985439300537109e-01
-3.375810384750366211e-02 3.619553446769714355e-01
-3.561668395996093750e-01 -3.244746327400207520e-01
-2.923216819763183594e-01 -2.958154678344726562e-01
-3.429077267646789551e-01 -3.768740296363830566e-01
5.496948957443237305e-02 -3.003962039947509766e-01
-1.271021366119384766e-02 -4.241564869880676270e-01
-2.125036120414733887e-01 3.805251717567443848e-01
-2.318835258483886719e-02 -3.737279772758483887e-01
-8.843755722045898438e-02 1.798176169395446777e-01
-3.791043758392333984e-01 3.022807240486145020e-01
-1.936681866645812988e-01 -4.262632727622985840e-01
-3.167121410369873047e-01 -4.709113240242004395e-01
2.832955121994018555e-01 2.949896454811096191e-01
4.935204982757568359e-03 1.428320407867431641e-01
9.095501899719238281e-02 2.096650600433349609e-01
-8.508628606796264648e-02 -4.158356189727783203e-01
4.426875710487365723e-01 1.142622828483581543e-01
1.987319588661193848e-01 3.310985565185546875e-01
3.787766695022583008e-01 3.917956352233886719e-02
3.875521421432495117e-01 -2.104784250259399414e-01
5.595809221267700195e-02 -2.151910662651062012e-01
1.987763047218322754e-01 -4.171277880668640137e-01
1.648851633071899414e-01 -2.882079482078552246e-01
-3.925534486770629883e-01 -2.275265455245971680e-01
1.255146265029907227e-01 -5.610173940658569336e-02
-3.692332506179809570e-01 -4.922097921371459961e-02
-1.886852383613586426e-01 4.536610841751098633e-01
3.957802057266235352e-01 -2.015937566757202148e-01
-1.030904650688171387e-01 -1.855811476707458496e-01
-4.510220885276794434e-01 -2.097378373146057129e-01
3.030625581741333008e-01 -1.882519125938415527e-01
8.958417177200317383e-02 -3.322609066963195801e-01
1.286506652832031250e-02 -1.909949779510498047e-01
-2.454006671905517578e-02 4.763177633285522461e-01
-2.878867387771606445e-01 -1.574415564537048340e-01
3.679955601692199707e-01 2.403045296669006348e-01
1.259511113166809082e-01 -3.416527509689331055e-01
2.642363309860229492e-01 -2.047070860862731934e-01
-4.519226551055908203e-01 -4.619139432907104492e-02
-3.580873012542724609e-01 1.633048057556152344e-02
-2.562392950057983398e-01 -2.425921559333801270e-01
4.710320830345153809e-01 4.774373769760131836e-02
-1.957590579986572266e-01 -4.909415841102600098e-01
-1.189916133880615234e-01 4.206746816635131836e-01
3.924183845520019531e-01 -1.737447977066040039e-01
3.905075192451477051e-01 -2.420862913131713867e-01
-1.994581222534179688e-01 -4.665550589561462402e-01
5.111640691757202148e-02 4.027235507965087891e-01
2.939980030059814453e-01 1.681271195411682129e-01
-7.737404108047485352e-02 -1.904502511024475098e-01
1.670718193054199219e-01 -2.076495289802551270e-01
4.271139502525329590e-01 4.436387419700622559e-01
-4.802443981170654297e-01 2.627462744712829590e-01
-3.426867127418518066e-01 -1.155081391334533691e-01
-1.597211360931396484e-01 4.065211415290832520e-01
1.669293642044067383e-02 -8.966720104217529297e-02
-2.548497915267944336e-01 1.606267094612121582e-01
-2.047782540321350098e-01 -1.401907205581665039e-01
-6.682455539703369141e-03 5.116075277328491211e-02
-3.206732273101806641e-01 -3.387306928634643555e-01
2.049320936203002930e-02 -2.095991373062133789e-01
2.296398282051086426e-01 -9.090948104858398438e-02
1.302058100700378418e-01 -4.195399880409240723e-01
-6.527316570281982422e-02 -2.466031312942504883e-01
-3.825746178627014160e-01 -3.670939803123474121e-01
-1.959391236305236816e-01 2.050638198852539062e-03
1.853372454643249512e-01 -1.133337616920471191e-01
4.460597038269042969e-01 4.793549776077270508e-01
-4.315912127494812012e-01 1.948098540306091309e-01
-1.468719244003295898e-01 3.241592645645141602e-02
1.504893898963928223e-01 3.050166368484497070e-02
-4.370059967041015625e-01 -5.454385280609130859e-02
1.187114715576171875e-01 -1.036980748176574707e-01
3.950213193893432617e-01 -1.063942909240722656e-03
-2.005431652069091797e-01 2.299404740333557129e-01
-3.247756958007812500e-01 -4.304949045181274414e-01
1.956591010093688965e-01 -4.629254341125488281e-02
-6.644833087921142578e-02 -3.740329742431640625e-01
-3.407061100006103516e-03 -1.433380246162414551e-01
-3.056919574737548828e-01 4.143929481506347656e-02
3.692172765731811523e-01 -4.644394516944885254e-01
-4.863194823265075684e-01 -1.106071472167968750e-02
5.976331233978271484e-02 -4.639758467674255371e-01
1.582175493240356445e-01 3.337576985359191895e-01
3.282189369201660156e-03 1.708030700683593750e-02
-3.378739953041076660e-01 4.050037264823913574e-01
7.881587743759155273e-02 -4.547422528266906738e-01
2.094189524650573730e-01 -1.842477321624755859e-01
3.337696790695190430e-01 2.338954806327819824e-01
-3.167849183082580566e-01 3.218221068382263184e-01
2.269948124885559082e-01 9.930437803268432617e-02
-3.156713843345642090e-01 -1.616618037223815918e-01
3.102789521217346191e-01 1.063036918640136719e-01
1.855117082595825195e-01 3.361641764640808105e-01
8.372068405151367188e-04 -7.504779100418090820e-02
-4.470538496971130371e-01 -2.208075523376464844e-01
-3.762769699096679688e-02 2.017232775688171387e-01
1.476463079452514648e-01 4.370465278625488281e-01
-1.276605129241943359e-01 4.077708125114440918e-01
-2.650218009948730469e-01 3.362990021705627441e-01
7.104003429412841797e-02 3.132714033126831055e-01
-1.234435439109802246e-01 -2.808345556259155273e-01
4.706421494483947754e-01 4.852616190910339355e-01
-6.729233264923095703e-02 1.141852736473083496e-01
2.090921998023986816e-01 -1.446360349655151367e-02
-4.686179161071777344e-01 -1.750285625457763672e-01
-3.675521612167358398e-01 3.337054252624511719e-01
1.422494053840637207e-01 -3.193529248237609863e-01
-3.258073925971984863e-01 3.442323207855224609e-01
-4.436173439025878906e-01 -2.508543133735656738e-01
3.943476676940917969e-01 -3.117125034332275391e-01
-4.686715602874755859e-01 1.457557678222656250e-01
-3.888198733329772949e-01 -2.097588181495666504e-01
-1.104500293731689453e-01 2.567316293716430664e-01
1.557961106300354004e-01 2.534314393997192383e-01
3.528166413307189941e-01 7.545340061187744141e-02
-4.162623882293701172e-01 1.436933279037475586e-01
-8.138632774353027344e-02 6.974136829376220703e-02
2.331868410110473633e-01 8.299362659454345703e-02
1.405603885650634766e-01 -3.503495454788208008e-02
-3.489721417427062988e-01 1.914452314376831055e-01
-3.977846503257751465e-01 -2.565222382545471191e-01
3.262329101562500000e-01 -4.107271432876586914e-01
6.867527961730957031e-03 -4.311858415603637695e-01
1.435773968696594238e-01 1.909480690956115723e-01
-1.569488048553466797e-01 -1.066759228706359863e-01
-1.080567240715026855e-01 3.505035638809204102e-01
1.038904786109924316e-01 -4.865964055061340332e-01
9.930461645126342773e-02 -2.964496612548828125e-02
3.401323556900024414e-01 -1.749736666679382324e-01
-3.177216053009033203e-01 -3.051009178161621094e-01
6.398558616638183594e-02 -2.995565533638000488e-01
-4.983385801315307617e-01 2.731441259384155273e-01
-4.067465662956237793e-01 -3.027327656745910645e-01
-1.531660556793212891e-02 3.287911415100097656e-01
3.218705654144287109e-01 -1.756882667541503906e-01
-1.309097409248352051e-01 -2.335856556892395020e-01
3.500074148178100586e-02 -8.821845054626464844e-02
-8.471238613128662109e-02 -1.121687293052673340e-01
2.836188673973083496e-01 -5.739122629165649414e-02
2.264336943626403809e-01 4.036504626274108887e-01
-2.144196629524230957e-01 -3.610806465148925781e-01
9.108859300613403320e-02 4.149509668350219727e-01
1.139267086982727051e-01 -2.619845867156982422e-01
-1.641380190849304199e-01 -1.623100042343139648e-01
-4.277946352958679199e-01 3.894148468971252441e-01
-9.611886739730834961e-02 4.449316263198852539e-01
4.253784418106079102e-01 -4.944975376129150391e-01
-8.174335956573486328e-02 6.329280138015747070e-02
5.049550533294677734e-02 -4.485232830047607422e-01
6.927305459976196289e-02 1.852614879608154297e-01
-4.083184003829956055e-01 9.663611650466918945e-02
4.408771991729736328e-01 -1.673431396484375000e-01
4.693729877471923828e-01 -4.997968673706054688e-02
-4.451355338096618652e-01 3.631914854049682617e-01
6.547331809997558594e-03 -3.047674894332885742e-01
-1.669093370437622070e-01 -3.331363201141357422e-03
4.259957671165466309e-01 4.173191189765930176e-01
-2.940849065780639648e-01 -3.398400545120239258e-01
4.663595557212829590e-01 3.879111409187316895e-01
-1.383544206619262695e-01 -4.392160177230834961e-01
-2.280282974243164062e-02 -1.810586452484130859e-01
2.276099324226379395e-01 -3.241709470748901367e-01
-6.860035657882690430e-02 -2.066640853881835938e-01
4.609414935111999512e-01 4.383423924446105957e-01
3.993872404098510742e-01 1.961346268653869629e-01
1.966196298599243164e-01 4.800617694854736328e-01
3.044036030769348145e-01 1.028940677642822266e-01
-1.284958124160766602e-01 1.885466575622558594e-01
-2.367031574249267578e-01 -7.021731138229370117e-02
-4.006624817848205566e-01 1.112262606620788574e-01
-3.863447308540344238e-01 -4.939504861831665039e-01
-2.500165700912475586e-01 2.355986833572387695e-01
1.850234270095825195e-01 3.050498366355895996e-01
3.195416927337646484e-01 4.966719150543212891e-01
-3.426948189735412598e-01 4.666785597801208496e-01
3.230785131454467773e-01 7.057428359985351562e-02
-3.117541074752807617e-01 -2.651251554489135742e-01
2.043219804763793945e-01 -3.625600934028625488e-01
3.666365742683410645e-01 2.290046811103820801e-01
4.720356464385986328e-01 -1.060511469841003418e-01
3.471713662147521973e-01 -1.391403675079345703e-01
6.672281026840209961e-02 3.221225738525390625e-02
-3.659338951110839844e-01 1.139614582061767578e-01
3.015631437301635742e-01 3.503158688545227051e-01
-2.225883603096008301e-01 -1.219369769096374512e-01
-6.460285186767578125e-02 8.385515213012695312e-02
-1.053303480148315430e-02 8.582484722137451172e-02
3.631298542022705078e-01 -4.992312788963317871e-01
-3.901357650756835938e-01 -8.517134189605712891e-02
7.426947355270385742e-02 1.922483444213867188e-01
6.694179773330688477e-02 1.580414175987243652e-01
4.702697396278381348e-01 3.260726928710937500e-01
3.800708055496215820e-02 -9.290814399719238281e-02
4.589244723320007324e-01 -2.052388787269592285e-01
-3.491819500923156738e-01 7.198512554168701172e-02
-3.823437094688415527e-01 9.779506921768188477e-02
2.226243019104003906e-01 1.477644443511962891e-01
-7.154387235641479492e-02 -1.198390722274780273e-01
7.571953535079956055e-02 -3.979288339614868164e-01
-5.774933099746704102e-02 -9.505927562713623047e-02
-2.334890961647033691e-01 1.599691510200500488e-01
8.139300346374511719e-02 -3.047723174095153809e-01
4.582234621047973633e-01 1.793825626373291016e-01
-3.721167445182800293e-01 2.449166178703308105e-01
-4.229135513305664062e-01 -3.800401687622070312e-01
9.830892086029052734e-03 3.715659976005554199e-01
-2.275083065032958984e-01 -3.325804471969604492e-01
-1.229636073112487793e-01 -4.562610387802124023e-01
-2.774606347084045410e-01 -1.032871007919311523e-02
-2.739781737327575684e-01 -3.302003145217895508e-01
3.645805120468139648e-01 3.130207061767578125e-01
2.373367547988891602e-02 5.647188425064086914e-02
4.816383123397827148e-01 -2.962030768394470215e-01
-8.558499813079833984e-02 -2.113232612609863281e-01
4.168114066123962402e-01 7.975810766220092773e-02
1.200664639472961426e-01 6.381833553314208984e-02
-4.077362418174743652e-01 -1.036042571067810059e-01
-4.879538416862487793e-01 -3.715466856956481934e-01
3.095309734344482422e-01 2.566754817962646484e-03
9.209030866622924805e-02 -4.360201358795166016e-01
4.424027204513549805e-01 -4.629118442535400391e-01
2.656890749931335449e-01 6.513768434524536133e-02
-1.876197457313537598e-01 1.748997569084167480e-01
-3.771801590919494629e-01 -3.398231863975524902e-01
-4.443854093551635742e-01 -5.559229850769042969e-02
-6.505674123764038086e-02 3.578169345855712891e-01
-2.271268367767333984e-01 4.246731996536254883e-01
-3.357223868370056152e-01 -2.760533094406127930e-01
4.360755085945129395e-01 3.690879940986633301e-01
-4.720102548599243164e-01 2.871524691581726074e-01
2.348793745040893555e-01 -1.314083933830261230e-01
-3.131908178329467773e-01 4.680976271629333496e-01
-2.768265008926391602e-01 3.294941782951354980e-01
2.879249453544616699e-01 -7.895946502685546875e-02
7.354682683944702148e-02 3.221101760864257812e-01
-1.450862884521484375e-01 -4.072731733322143555e-02
5.077892541885375977e-02 9.510719776153564453e-02
-1.401520967483520508e-01 4.255649447441101074e-01
-3.574922084808349609e-01 -1.416772603988647461e-01
9.351181983947753906e-02 -2.315179705619812012e-01
8.306741714477539062e-02 -3.234105706214904785e-01
-3.391093015670776367e-01 -2.857808470726013184e-01
-3.091279268264770508e-01 -3.075861930847167969e-01
1.788192987442016602e-02 -2.270521521568298340e-01
-1.588767170906066895e-01 3.386194705963134766e-01
2.026011347770690918e-01 3.052570223808288574e-01
4.272410273551940918e-01 1.851320266723632812e-01
7.361054420471191406e-02 1.263916492462158203e-02
-1.925826072692871094e-01 -4.820505976676940918e-01
-2.710614204406738281e-01 4.485847949981689453e-01
-4.974247217178344727e-01 4.451731443405151367e-01
-4.952675104141235352e-01 1.770620942115783691e-01
-3.884973526000976562e-01 -3.111395239830017090e-01
-2.185301780700683594e-01 3.555331826210021973e-01
-2.439796924591064453e-02 -2.576678991317749023e-01
4.735959768295288086e-01 4.880904555320739746e-01
-4.830540418624877930e-01 -3.995150327682495117e-01
4.334542751312255859e-01 -3.474959135055541992e-01
-1.064612269401550293e-01 -2.016199231147766113e-01
-4.792253375053405762e-01 -5.162721872329711914e-02
1.509661078453063965e-01 -2.097273468971252441e-01
-1.232989430427551270e-01 3.733754158020019531e-01
3.430145978927612305e-02 4.995200037956237793e-01
3.339052200317382812e-03 1.721116900444030762e-01
-3.796135187149047852e-01 4.632493257522583008e-01
2.169113159179687500e-01 -1.855275630950927734e-01
-1.032480001449584961e-01 2.914608120918273926e-01
-3.048845529556274414e-01 -2.425098419189453125e-02
2.501741647720336914e-01 4.530155658721923828e-01
-3.065322041511535645e-01 3.172757029533386230e-01
2.825042009353637695e-01 3.847146034240722656e-02
2.146227359771728516e-01 3.250172734260559082e-01
2.620589733123779297e-02 4.237576723098754883e-01
-4.069445133209228516e-01 3.178616166114807129e-01
2.569762468338012695e-01 3.619143962860107422e-01
6.118440628051757812e-02 -1.930443644523620605e-01
-1.886411905288696289e-01 2.683007121086120605e-01
-4.296833872795104980e-01 4.474209547042846680e-01
4.342210888862609863e-01 1.065177321434020996e-01
-3.472015857696533203e-01 3.919777274131774902e-01
3.468763828277587891e-02 2.842487096786499023e-01
1.251068711280822754e-01 -7.109761238098144531e-03
2.818393707275390625e-02 3.849285840988159180e-02
8.264774084091186523e-02 4.857173562049865723e-01
-2.721357941627502441e-01 -3.416597843170166016e-01
-1.534820795059204102e-01 -4.652783870697021484e-01
-4.398961663246154785e-01 -4.736145734786987305e-01
6.296414136886596680e-02 4.845073223114013672e-01
4.875597953796386719e-01 9.462547302246093750e-02
-4.115283489227294922e-01 -4.166030883789062500e-02
2.528712749481201172e-01 -1.990498304367065430e-01
1.388927102088928223e-01 -4.807175993919372559e-01
-2.081484794616699219e-01 -4.544994235038757324e-01
2.742991447448730469e-01 4.710819125175476074e-01
-1.190307736396789551e-01 -4.138004183769226074e-01
3.295117616653442383e-02 4.033458828926086426e-01
-2.976254224777221680e-01 4.181004762649536133e-01
-2.499313354492187500e-01 1.838182210922241211e-01
-3.254156112670898438e-01 -2.093313336372375488e-01
-1.837620735168457031e-01 2.701588273048400879e-01
-2.361384034156799316e-01 1.597219705581665039e-01
4.256070256233215332e-01 -3.702831864356994629e-01
2.167063951492309570e-01 1.923351883888244629e-01
-7.500171661376953125e-03 1.012194752693176270e-01
4.774501323699951172e-01 -3.104120492935180664e-02
4.341500997543334961e-01 4.321699738502502441e-01
-1.193450689315795898e-01 -1.729710102081298828e-01
-1.773732900619506836e-01 2.028575539588928223e-01
3.389573097229003906e-02 -4.034413695335388184e-01
-3.344235420227050781e-01 3.824611306190490723e-01
-1.689167022705078125e-01 -3.531387448310852051e-01
-4.101909399032592773e-01 3.913563489913940430e-02
3.025147914886474609e-01 1.040861606597900391e-01
-1.712611317634582520e-01 -1.641650795936584473e-01
3.812383413314819336e-01 -1.800568699836730957e-01
-7.991611957550048828e-02 5.550205707550048828e-02
-1.932172775268554688e-01 -3.106442093849182129e-01
6.633174419403076172e-02 -2.817468643188476562e-01
4.250143766403198242e-01 -7.539099454879760742e-02
4.667705893516540527e-01 1.479083895683288574e-01
-1.393992900848388672e-01 8.221364021301269531e-02
-2.131556868553161621e-01 -2.631539106369018555e-02
-2.023662328720092773e-01 -4.738466143608093262e-01
4.088640213012695312e-03 3.565053939819335938e-01
-4.357594251632690430e-01 -3.426128625869750977e-02
4.489228129386901855e-01 3.539725542068481445e-01
-2.976644039154052734e-02 -4.586994647979736328e-01
4.879846572875976562e-01 -3.564814925193786621e-01
6.934046745300292969e-03 3.914066553115844727e-01
1.466161608695983887e-01 3.027744293212890625e-01
9.507173299789428711e-02 -2.789127826690673828e-01
-2.756935358047485352e-02 -1.009650230407714844e-01
-2.099423408508300781e-01 -2.177603244781494141e-01
-3.577427268028259277e-01 2.460951209068298340e-01
8.613878488540649414e-02 4.479491710662841797e-02
1.585716009140014648e-01 -4.039424657821655273e-01
-3.661474585533142090e-01 2.265165448188781738e-01
-4.424967169761657715e-01 2.886421084403991699e-01
3.897691965103149414e-01 -4.905794858932495117e-01
1.410265564918518066e-01 -2.565302252769470215e-01
-2.971822023391723633e-02 3.958213329315185547e-01
-2.037144899368286133e-01 2.025134563446044922e-01
-6.196087598800659180e-02 -2.620429396629333496e-01
-1.231265068054199219e-02 -4.983308315277099609e-01
-3.160452246665954590e-01 2.147315740585327148e-01
2.510867714881896973e-01 1.250559687614440918e-01
-3.928616046905517578e-01 2.623814344406127930e-02
1.637541651725769043e-01 1.089346408843994141e-02
-9.406822919845581055e-02 -2.202009558677673340e-01
-2.541920542716979980e-01 4.984527826309204102e-02
-3.094038963317871094e-01 -3.466547727584838867e-01
-1.128941774368286133e-02 4.101330041885375977e-02
3.529763221740722656e-01 -2.479230761528015137e-01
-1.722237467765808105e-01 1.893345117568969727e-01
1.856546401977539062e-01 1.977326273918151855e-01
3.002603054046630859e-01 -9.623980522155761719e-02
2.601003050804138184e-01 3.734636306762695312e-02
4.746088385581970215e-01 2.264136075973510742e-01
2.809500694274902344e-01 4.347293376922607422e-01
-1.996045112609863281e-01 3.121073842048645020e-01
4.329072833061218262e-01 -3.213717341423034668e-01
-5.143868923187255859e-02 2.819834351539611816e-01
4.471403360366821289e-02 -2.031112909317016602e-01
-3.640683293342590332e-01 -2.627489566802978516e-01
9.772223234176635742e-02 -1.307023167610168457e-01
1.018452644348144531e-01 -3.221356868743896484e-02
3.140879869461059570e-01 -2.537672519683837891e-01
-1.470042467117309570e-01 -3.549385070800781250e-01
-4.412693977355957031e-01 3.618832230567932129e-01
3.294469118118286133e-01 1.633487939834594727e-01
-3.972218036651611328e-01 -8.399021625518798828e-02
-4.328865408897399902e-01 -6.937086582183837891e-02
1.061434149742126465e-01 1.845190525054931641e-01
-4.773192405700683594e-01 -3.610673546791076660e-01
2.670320868492126465e-01 -1.174377799034118652e-01
-1.042133569717407227e-01 3.735597133636474609e-01
-3.584536314010620117e-01 -4.336057305335998535e-01
-4.713839292526245117e-01 -2.714825272560119629e-01
3.947716951370239258e-01 -2.234454751014709473e-01
-3.278751969337463379e-01 4.809213876724243164e-01
-3.475458025932312012e-01 1.432684659957885742e-01
2.102845311164855957e-01 -4.769883155822753906e-01
2.293013334274291992e-01 -2.672941088676452637e-01
4.832994937896728516e-01 3.563294410705566406e-01
3.733956813812255859e-01 -4.409006237983703613e-01
-4.369336366653442383e-01 4.356304407119750977e-01
-3.346003890037536621e-01 1.731474399566650391e-01
-4.320195913314819336e-01 4.272078871726989746e-01
2.599167227745056152e-01 1.236237883567810059e-01
-2.969398498535156250e-01 -4.206576347351074219e-01
4.968966245651245117e-01 4.244105219841003418e-01
3.235382437705993652e-01 -2.140192389488220215e-01
4.618554711341857910e-01 -3.848854899406433105e-01
-4.478804469108581543e-01 -1.769387722015380859e-02
4.125630855560302734e-02 2.497290968894958496e-01
-2.860531806945800781e-01 4.143365621566772461e-01
-4.698520898818969727e-01 -2.230018377304077148e-01
-1.882556676864624023e-01 4.447418451309204102e-02
-1.073157191276550293e-01 2.083544135093688965e-01
3.661252260208129883e-01 -1.163457036018371582e-01
4.903851151466369629e-01 4.884721040725708008e-01
-9.800887107849121094e-02 -1.678961515426635742e-01
4.585132598876953125e-01 1.615321636199951172e-01
1.999911665916442871e-01 -3.480808734893798828e-01
-3.952496051788330078e-01 -3.701611161231994629e-01
3.101268410682678223e-01 -4.661294221878051758e-01
1.573931574821472168e-01 -3.609153032302856445e-01
1.979614496231079102e-01 -5.457669496536254883e-02
-3.064334988594055176e-01 -4.847481846809387207e-01
-2.165666222572326660e-01 4.098862409591674805e-02
-3.101474046707153320e-01 1.690363883972167969e-02
1.991382837295532227e-01 8.164608478546142578e-02
-2.617486119270324707e-01 3.925043940544128418e-01
-2.983638644218444824e-01 -2.747257351875305176e-01
-3.209846019744873047e-01 -1.233673691749572754e-01
-3.285753130912780762e-01 -1.983785629272460938e-01
2.777572870254516602e-01 -2.696171402931213379e-01
-1.975475549697875977e-01 -1.894888281822204590e-01
-2.508642077445983887e-01 -4.467995762825012207e-01
-1.319191455841064453e-01 4.898815155029296875e-01
2.682543992996215820e-01 4.413075447082519531e-01
-1.375067234039306641e-02 -3.718339800834655762e-01
-5.201196670532226562e-02 3.662129640579223633e-01
-4.778667092323303223e-01 -1.658430099487304688e-01
-2.260026931762695312e-01 2.610289454460144043e-01
-2.289329767227172852e-01 4.318010210990905762e-01
-4.253913164138793945e-01 1.502180099487304688e-01
2.338867187500000000e-01 3.082290887832641602e-01
-1.515011787414550781e-01 -3.894757628440856934e-01
3.630771636962890625e-01 2.385020256042480469e-01
2.431648969650268555e-01 -2.381175756454467773e-01
4.778228998184204102e-01 -2.779951691627502441e-01
-3.306799530982971191e-01 -3.512939810752868652e-01
4.194784164428710938e-02 -3.474636673927307129e-01
-6.817340850830078125e-02 6.731855869293212891e-02
1.676456332206726074e-01 2.250697016716003418e-01
-8.543306589126586914e-02 2.002274394035339355e-01
-2.540982365608215332e-01 1.303528547286987305e-01
-9.241831302642822266e-02 -1.163451075553894043e-01
2.367166876792907715e-01 4.797856807708740234e-01
-4.637116193771362305e-02 -3.782861232757568359e-01
-3.199106454849243164e-01 -4.788643717765808105e-01
-8.487033843994140625e-02 -1.520153284072875977e-01
-2.402338385581970215e-01 1.554878354072570801e-01
4.934379458427429199e-01 2.548213601112365723e-01
-2.047360539436340332e-01 -4.667842388153076172e-02
-3.152288198471069336e-01 -2.129620313644409180e-01
-1.263307929039001465e-01 -3.395276069641113281e-01
3.871923685073852539e-02 -2.991831898689270020e-01
-3.599348068237304688e-01 3.262047767639160156e-01
8.882707357406616211e-02 2.613693475723266602e-02
2.559359669685363770e-01 -4.397670030593872070e-01
4.325051307678222656e-01 7.809066772460937500e-02
-9.503114223480224609e-02 -2.033149600028991699e-01
-3.714131116867065430e-01 1.747300028800964355e-01
-1.233524084091186523e-02 1.644646525382995605e-01
4.161391258239746094e-01 4.434772729873657227e-01
-3.259667754173278809e-01 -5.575150251388549805e-02
-5.236870050430297852e-02 -2.317521572113037109e-01
1.332804560661315918e-01 4.825234413146972656e-02
1.164487600326538086e-01 1.299762725830078125e-01
-6.854939460754394531e-02 -4.895387887954711914e-01
-1.472347974777221680e-02 2.350901365280151367e-01
3.567280769348144531e-01 -4.065763950347900391e-02
3.106172680854797363e-01 5.836510658264160156e-02
4.079751968383789062e-01 2.866220474243164062e-02
-1.030321717262268066e-01 -2.741330265998840332e-01
-1.999037861824035645e-01 -1.922516822814941406e-01
-2.916318178176879883e-02 4.165876507759094238e-01
2.273593544960021973e-01 -2.789683341979980469e-01
1.260040402412414551e-01 -2.120097875595092773e-01
-2.591240406036376953e-02 2.931189537048339844e-01
-3.467006683349609375e-01 3.962391614913940430e-01
-6.503278017044067383e-02 4.364627599716186523e-01
-3.596305847167968750e-02 -1.053599119186401367e-01
-2.878352403640747070e-01 1.504099369049072266e-01
8.233290910720825195e-02 2.042517066001892090e-01
4.245159029960632324e-01 3.185535669326782227e-01
4.034236073493957520e-01 4.527142047882080078e-01
-4.658520221710205078e-01 3.565669655799865723e-01
3.877200484275817871e-01 7.293701171875000000e-03
-2.627421617507934570e-01 3.622266054153442383e-01
1.180048584938049316e-01 4.066842794418334961e-02
2.299834489822387695e-01 -2.099083065986633301e-01
4.612298011779785156e-01 4.551728963851928711e-01
