4.974920451641082764e-01 5.033644437789916992e-01
4.547544717788696289e-01 4.135624766349792480e-01
5.486397743225097656e-01 6.551332473754882812e-01
4.670388400554656982e-01 4.422904551029205322e-01
5.246627330780029297e-01 4.973385930061340332e-01
4.854114353656768799e-01 5.053632855415344238e-01
6.141009926795959473e-01 8.146533370018005371e-01
4.413866996765136719e-01 7.758749127388000488e-01
7.048311233520507812e-01 7.295373082160949707e-01
5.867338776588439941e-01 5.797875523567199707e-01
6.118041276931762695e-01 6.579927802085876465e-01
6.203559041023254395e-01 5.717785358428955078e-01
8.602707386016845703e-01 4.697938263416290283e-01
7.201279401779174805e-01 6.195268630981445312e-01
4.218617379665374756e-01 5.169996023178100586e-01
5.259318947792053223e-01 6.978193521499633789e-01
7.170311212539672852e-01 6.586294174194335938e-01
5.745499730110168457e-01 7.123485207557678223e-01
5.228081941604614258e-01 8.209848403930664062e-01
5.651860833168029785e-01 6.722594499588012695e-01
6.062378883361816406e-01 5.219986438751220703e-01
6.963175535202026367e-01 4.716211259365081787e-01
5.141561031341552734e-01 3.572549819946289062e-01
6.023046374320983887e-01 6.477625966072082520e-01
6.678773164749145508e-01 5.963140130043029785e-01
6.057143807411193848e-01 5.992860794067382812e-01
5.893539190292358398e-01 5.408374667167663574e-01
7.435694336891174316e-01 4.796479642391204834e-01
7.318105697631835938e-01 7.253884673118591309e-01
6.823413968086242676e-01 6.322619318962097168e-01
6.826624870300292969e-01 5.319551229476928711e-01
6.137444972991943359e-01 6.184853911399841309e-01
3.739319443702697754e-01 7.622064352035522461e-01
5.492174625396728516e-01 6.965469717979431152e-01
6.173446774482727051e-01 4.985477626323699951e-01
7.559209465980529785e-01 6.768974065780639648e-01
5.006612539291381836e-01 5.479753017425537109e-01
5.988304615020751953e-01 5.172617435455322266e-01
6.405873298645019531e-01 4.974285662174224854e-01
6.559556722640991211e-01 7.328295707702636719e-01
6.982526779174804688e-01 5.396378636360168457e-01
4.662613570690155029e-01 7.096310257911682129e-01
4.781073629856109619e-01 3.935477435588836670e-01
4.542683959007263184e-01 4.486927390098571777e-01
7.230253219604492188e-01 7.288441061973571777e-01
4.819004535675048828e-01 5.058094859123229980e-01
7.989183068275451660e-01 4.882522523403167725e-01
6.633280515670776367e-01 6.608247160911560059e-01
6.773609519004821777e-01 5.511104464530944824e-01
5.539407730102539062e-01 4.178126454353332520e-01
5.247270464897155762e-01 6.948773264884948730e-01
7.279748916625976562e-01 6.940251588821411133e-01
6.882556676864624023e-01 5.506167411804199219e-01
6.735659837722778320e-01 4.424367845058441162e-01
6.925824880599975586e-01 7.611249089241027832e-01
5.946583151817321777e-01 6.326612234115600586e-01
5.297572016716003418e-01 5.270519852638244629e-01
6.766424179077148438e-01 5.846073031425476074e-01
6.703796982765197754e-01 7.159445881843566895e-01
4.811641573905944824e-01 5.626959800720214844e-01
6.638780832290649414e-01 6.476387381553649902e-01
5.801184177398681641e-01 7.097869515419006348e-01
5.877216458320617676e-01 8.345564007759094238e-01
3.828083574771881104e-01 5.931208133697509766e-01
4.409847855567932129e-01 3.570276200771331787e-01
6.592903733253479004e-01 6.611621975898742676e-01
5.454903841018676758e-01 6.988616585731506348e-01
7.975642681121826172e-01 7.126784920692443848e-01
7.306281328201293945e-01 6.606829166412353516e-01
4.756947159767150879e-01 5.088545680046081543e-01
6.235424876213073730e-01 6.252267360687255859e-01
4.879140257835388184e-01 3.613119125366210938e-01
4.876894056797027588e-01 5.320047736167907715e-01
6.148612499237060547e-01 8.388410210609436035e-01
5.000013113021850586e-01 5.894989371299743652e-01
4.222479164600372314e-01 4.820280075073242188e-01
4.182287752628326416e-01 6.697059869766235352e-01
5.144333243370056152e-01 5.347296595573425293e-01
5.047505497932434082e-01 4.815584123134613037e-01
6.006481051445007324e-01 4.571147561073303223e-01
7.477399110794067383e-01 8.035243749618530273e-01
7.024264931678771973e-01 5.429803133010864258e-01
5.695858001708984375e-01 6.432606577873229980e-01
7.425082921981811523e-01 5.270280241966247559e-01
5.878900885581970215e-01 4.283125996589660645e-01
4.571864902973175049e-01 5.760123133659362793e-01
6.516649127006530762e-01 7.283229827880859375e-01
5.898004770278930664e-01 6.279708743095397949e-01
6.729295253753662109e-01 5.871383547782897949e-01
5.457212924957275391e-01 6.700543165206909180e-01
6.569956541061401367e-01 6.895294189453125000e-01
5.802626609802246094e-01 5.550656914710998535e-01
6.216934323310852051e-01 7.063583731651306152e-01
7.194378972053527832e-01 5.796011090278625488e-01
8.258995413780212402e-01 5.404776930809020996e-01
5.596688389778137207e-01 4.729554653167724609e-01
6.643292903900146484e-01 5.021550059318542480e-01
5.431037545204162598e-01 6.843326091766357422e-01
5.317800641059875488e-01 6.586464047431945801e-01
6.472105979919433594e-01 5.493280887603759766e-01
5.659666657447814941e-01 5.210648775100708008e-01
6.678293347358703613e-01 6.691880226135253906e-01
7.022670507431030273e-01 6.364160180091857910e-01
6.311517953872680664e-01 4.862010478973388672e-01
6.776638627052307129e-01 6.889531612396240234e-01
6.597787141799926758e-01 5.654051303863525391e-01
7.496023774147033691e-01 7.335382699966430664e-01
5.262205600738525391e-01 6.272361278533935547e-01
7.143067717552185059e-01 6.243937015533447266e-01
8.065106868743896484e-01 4.988201558589935303e-01
8.061167597770690918e-01 4.786645174026489258e-01
5.380307435989379883e-01 4.957267642021179199e-01
5.926961898803710938e-01 3.968077600002288818e-01
5.086312890052795410e-01 3.918941020965576172e-01
6.246479153633117676e-01 4.470266997814178467e-01
6.297461986541748047e-01 7.028542160987854004e-01
6.724722981452941895e-01 4.603384733200073242e-01
5.611068606376647949e-01 5.993321537971496582e-01
7.218020558357238770e-01 6.601774096488952637e-01
3.904327750205993652e-01 4.395655989646911621e-01
6.022179722785949707e-01 6.259170174598693848e-01
7.061510682106018066e-01 5.170866250991821289e-01
6.031996607780456543e-01 5.367521047592163086e-01
8.560419082641601562e-01 5.302556157112121582e-01
4.799151122570037842e-01 7.668494582176208496e-01
4.464389383792877197e-01 3.555435538291931152e-01
5.189667940139770508e-01 5.129303932189941406e-01
4.825808405876159668e-01 5.567804574966430664e-01
5.280501246452331543e-01 7.243017554283142090e-01
4.341245293617248535e-01 3.623289465904235840e-01
7.988011837005615234e-01 6.213293671607971191e-01
4.345916807651519775e-01 6.493349075317382812e-01
6.281920671463012695e-01 7.065564393997192383e-01
5.517040491104125977e-01 4.658534526824951172e-01
8.807072639465332031e-01 4.952922463417053223e-01
6.983652114868164062e-01 7.372470498085021973e-01
4.483474791049957275e-01 5.468211174011230469e-01
4.969103038311004639e-01 6.634653210639953613e-01
5.032936334609985352e-01 4.915663897991180420e-01
6.749531030654907227e-01 5.242116451263427734e-01
5.770816206932067871e-01 5.227293968200683594e-01
4.600956737995147705e-01 6.934853792190551758e-01
7.611136436462402344e-01 6.367501020431518555e-01
7.487228512763977051e-01 5.865282416343688965e-01
4.347011744976043701e-01 6.695643663406372070e-01
5.470021367073059082e-01 5.860922932624816895e-01
4.335652887821197510e-01 6.870552897453308105e-01
6.560842990875244141e-01 7.249882221221923828e-01
5.565485358238220215e-01 4.984648823738098145e-01
6.729031205177307129e-01 7.239706516265869141e-01
7.026990056037902832e-01 6.838439702987670898e-01
4.120188653469085693e-01 5.354225635528564453e-01
5.745919942855834961e-01 4.646428823471069336e-01
7.540029287338256836e-01 6.113610267639160156e-01
8.464616537094116211e-01 5.760148167610168457e-01
5.203088521957397461e-01 8.321831822395324707e-01
4.988454878330230713e-01 4.354116022586822510e-01
7.349739670753479004e-01 5.832783579826354980e-01
5.613427162170410156e-01 9.046924710273742676e-01
5.943458080291748047e-01 5.669219493865966797e-01
6.810108423233032227e-01 5.670935511589050293e-01
6.300558447837829590e-01 7.451007366180419922e-01
7.480248212814331055e-01 5.662388801574707031e-01
5.538841485977172852e-01 5.643828511238098145e-01
6.660948991775512695e-01 4.420538246631622314e-01
4.874432384967803955e-01 5.089902281761169434e-01
7.250612378120422363e-01 4.605089724063873291e-01
6.510386466979980469e-01 5.995243787765502930e-01
7.612831592559814453e-01 6.078788042068481445e-01
5.232940912246704102e-01 8.469300270080566406e-01
6.352827548980712891e-01 6.287298798561096191e-01
5.504242181777954102e-01 6.487382054328918457e-01
4.174171090126037598e-01 4.460921585559844971e-01
7.713758349418640137e-01 5.718930363655090332e-01
4.612766504287719727e-01 6.300938129425048828e-01
7.242168188095092773e-01 6.543606519699096680e-01
6.712782979011535645e-01 5.646721720695495605e-01
5.030707716941833496e-01 6.509588360786437988e-01
6.830259561538696289e-01 5.913618206977844238e-01
7.023875117301940918e-01 4.186427593231201172e-01
4.529491066932678223e-01 5.586099624633789062e-01
5.883877277374267578e-01 5.295842289924621582e-01
6.441950798034667969e-01 5.869867205619812012e-01
3.680844902992248535e-01 4.229437410831451416e-01
6.089621782302856445e-01 5.985617041587829590e-01
4.534644186496734619e-01 5.883222222328186035e-01
8.012943267822265625e-01 6.862480044364929199e-01
4.274777472019195557e-01 5.871647000312805176e-01
6.937701702117919922e-01 6.374577879905700684e-01
6.320536732673645020e-01 5.456401109695434570e-01
5.383593440055847168e-01 4.260853826999664307e-01
5.184982419013977051e-01 7.426579594612121582e-01
6.362569332122802734e-01 5.784879922866821289e-01
5.222249031066894531e-01 4.284867048263549805e-01
4.324038922786712646e-01 4.988014698028564453e-01
4.603655040264129639e-01 7.366780638694763184e-01
4.997777640819549561e-01 5.137336850166320801e-01
5.893723368644714355e-01 6.934667825698852539e-01
5.418019890785217285e-01 3.912314474582672119e-01
5.182644128799438477e-01 5.964819192886352539e-01
5.786600112915039062e-01 4.471652805805206299e-01
5.586994290351867676e-01 3.769677877426147461e-01
5.633940696716308594e-01 5.143997669219970703e-01
8.466055989265441895e-01 4.502140879631042480e-01
5.814687013626098633e-01 5.732117891311645508e-01
7.050765156745910645e-01 5.606923699378967285e-01
6.726100444793701172e-01 5.034648180007934570e-01
5.040322542190551758e-01 7.602952718734741211e-01
6.102822422981262207e-01 6.661436557769775391e-01
6.208742856979370117e-01 6.223908662796020508e-01
7.575305700302124023e-01 5.206060409545898438e-01
4.324666261672973633e-01 5.599668622016906738e-01
3.915330171585083008e-01 5.371850132942199707e-01
5.830747485160827637e-01 8.074939250946044922e-01
4.266642928123474121e-01 4.869545698165893555e-01
4.467544257640838623e-01 3.553015589714050293e-01
7.846083045005798340e-01 5.473625659942626953e-01
7.174714803695678711e-01 6.392446160316467285e-01
5.909928083419799805e-01 5.509809255599975586e-01
4.828499257564544678e-01 5.692124962806701660e-01
4.953572750091552734e-01 5.207069516181945801e-01
3.969896733760833740e-01 6.878589391708374023e-01
7.243594527244567871e-01 6.040241122245788574e-01
7.215484976768493652e-01 4.222145378589630127e-01
5.644117593765258789e-01 3.841802775859832764e-01
5.984995365142822266e-01 5.617849230766296387e-01
6.980118751525878906e-01 5.568755865097045898e-01
4.645268917083740234e-01 6.751446723937988281e-01
5.772196054458618164e-01 8.074163794517517090e-01
5.932859778404235840e-01 5.852497816085815430e-01
4.695863425731658936e-01 5.492716431617736816e-01
4.383586049079895020e-01 7.404427528381347656e-01
4.293404817581176758e-01 3.449965715408325195e-01
7.680190801620483398e-01 6.081397533416748047e-01
4.027382135391235352e-01 4.820804595947265625e-01
5.264694094657897949e-01 5.943358540534973145e-01
5.602039098739624023e-01 5.363875627517700195e-01
4.790321290493011475e-01 4.544288814067840576e-01
5.073865652084350586e-01 6.253986358642578125e-01
4.989240169525146484e-01 6.639915704727172852e-01
6.260686516761779785e-01 5.769644975662231445e-01
7.235829234123229980e-01 7.264332175254821777e-01
6.268113851547241211e-01 7.236271500587463379e-01
5.843836665153503418e-01 5.015427470207214355e-01
4.148124158382415771e-01 5.697109103202819824e-01
4.270461797714233398e-01 4.249443709850311279e-01
5.566233396530151367e-01 5.219742655754089355e-01
6.059499382972717285e-01 5.377045273780822754e-01
7.585701942443847656e-01 5.165867805480957031e-01
4.474275410175323486e-01 6.224130988121032715e-01
5.211629867553710938e-01 6.731708645820617676e-01
7.006897926330566406e-01 5.662788152694702148e-01
6.873150467872619629e-01 6.907098293304443359e-01
5.633830428123474121e-01 5.468760132789611816e-01
7.529711723327636719e-01 5.939032435417175293e-01
6.723874807357788086e-01 6.512780785560607910e-01
5.766391158103942871e-01 4.927620589733123779e-01
6.204878091812133789e-01 7.622956037521362305e-01
6.102754473686218262e-01 7.425464987754821777e-01
6.895018815994262695e-01 5.262139439582824707e-01
3.463484346866607666e-01 5.609043240547180176e-01
5.302755832672119141e-01 4.390564858913421631e-01
4.577745497226715088e-01 6.089955568313598633e-01
6.580293774604797363e-01 6.833061575889587402e-01
6.145133972167968750e-01 7.716702222824096680e-01
3.970417678356170654e-01 6.424465179443359375e-01
7.843544483184814453e-01 6.722837686538696289e-01
5.355845689773559570e-01 5.391111373901367188e-01
8.121668100357055664e-01 4.486303329467773438e-01
5.499240159988403320e-01 6.440665125846862793e-01
7.656102776527404785e-01 6.986807584762573242e-01
5.865195989608764648e-01 5.619597434997558594e-01
6.743158698081970215e-01 6.687396168708801270e-01
5.750436782836914062e-01 3.904935717582702637e-01
4.895828664302825928e-01 5.223411917686462402e-01
6.459917426109313965e-01 5.694015026092529297e-01
4.556264281272888184e-01 6.011434793472290039e-01
5.081036090850830078e-01 4.320719540119171143e-01
7.174017429351806641e-01 6.569731831550598145e-01
3.933984637260437012e-01 7.617747187614440918e-01
7.180970907211303711e-01 5.584703087806701660e-01
5.661275386810302734e-01 6.402356028556823730e-01
6.389214992523193359e-01 8.454177379608154297e-01
4.912793636322021484e-01 5.856429338455200195e-01
6.016650199890136719e-01 7.722395658493041992e-01
4.908667206764221191e-01 3.605711162090301514e-01
4.100714623928070068e-01 6.627838611602783203e-01
4.671155810356140137e-01 7.135351896286010742e-01
6.023853421211242676e-01 7.502196431159973145e-01
6.602524518966674805e-01 7.797428369522094727e-01
4.494643509387969971e-01 5.027274489402770996e-01
3.943803906440734863e-01 5.678117275238037109e-01
6.134240031242370605e-01 4.741868972778320312e-01
5.057707428932189941e-01 7.441465258598327637e-01
6.593673229217529297e-01 6.636834740638732910e-01
7.368944287300109863e-01 5.293482542037963867e-01
4.169642925262451172e-01 4.526191949844360352e-01
4.689069688320159912e-01 5.332785248756408691e-01
5.785485506057739258e-01 4.235186874866485596e-01
5.134228467941284180e-01 6.614615917205810547e-01
6.764755249023437500e-01 5.927262306213378906e-01
4.912735521793365479e-01 4.473995864391326904e-01
6.382327675819396973e-01 4.959085285663604736e-01
7.672703862190246582e-01 6.903027296066284180e-01
4.804902970790863037e-01 5.977133512496948242e-01
4.878009855747222900e-01 5.147086977958679199e-01
3.546649217605590820e-01 4.173626601696014404e-01
7.909402251243591309e-01 5.285544395446777344e-01
4.436106681823730469e-01 5.917006134986877441e-01
4.738480150699615479e-01 3.964408934116363525e-01
6.844479441642761230e-01 4.316782355308532715e-01
7.642513513565063477e-01 5.975473523139953613e-01
6.505634784698486328e-01 5.179721713066101074e-01
6.918057799339294434e-01 6.275233626365661621e-01
3.111567199230194092e-01 7.293907999992370605e-01
7.399057745933532715e-01 5.204011201858520508e-01
5.212404727935791016e-01 5.799162387847900391e-01
4.825849235057830811e-01 6.440377235412597656e-01
5.073562860488891602e-01 8.442310094833374023e-01
5.338803529739379883e-01 5.282357335090637207e-01
4.322569668292999268e-01 6.009995341300964355e-01
6.229984164237976074e-01 5.771610140800476074e-01
6.410967707633972168e-01 4.765847623348236084e-01
5.300611853599548340e-01 5.319094657897949219e-01
7.257068157196044922e-01 5.083232522010803223e-01
4.813929796218872070e-01 6.405287384986877441e-01
3.647491931915283203e-01 5.479701757431030273e-01
5.467457175254821777e-01 4.866247475147247314e-01
8.548039197921752930e-01 4.659683108329772949e-01
5.327392816543579102e-01 5.994179844856262207e-01
6.265945434570312500e-01 5.503406524658203125e-01
8.109740614891052246e-01 5.047165751457214355e-01
7.119041085243225098e-01 5.562442541122436523e-01
7.039075493812561035e-01 5.232229828834533691e-01
6.111204028129577637e-01 4.201038181781768799e-01
3.681226372718811035e-01 3.640488386154174805e-01
7.071070671081542969e-01 6.108900904655456543e-01
4.807600677013397217e-01 5.232189297676086426e-01
3.497579693794250488e-01 5.332722663879394531e-01
4.194756746292114258e-01 5.905074477195739746e-01
7.238155007362365723e-01 5.050411224365234375e-01
4.659053981304168701e-01 5.242461562156677246e-01
7.351005673408508301e-01 5.301444530487060547e-01
4.554735422134399414e-01 4.266034662723541260e-01
5.534095764160156250e-01 6.285615563392639160e-01
7.176015377044677734e-01 6.027847528457641602e-01
5.083737373352050781e-01 4.773687720298767090e-01
6.211307644844055176e-01 6.179444193840026855e-01
5.515553355216979980e-01 6.801597476005554199e-01
6.811991930007934570e-01 6.390498876571655273e-01
5.236309170722961426e-01 4.734765291213989258e-01
7.353382706642150879e-01 6.838430762290954590e-01
7.359011769294738770e-01 6.158026456832885742e-01
6.967425942420959473e-01 4.881397783756256104e-01
4.223337471485137939e-01 5.298714041709899902e-01
6.272298097610473633e-01 6.305409073829650879e-01
4.155411124229431152e-01 3.246338069438934326e-01
4.592646956443786621e-01 4.477478861808776855e-01
7.823575139045715332e-01 4.995389282703399658e-01
4.679319560527801514e-01 5.284691452980041504e-01
5.888255834579467773e-01 6.172382831573486328e-01
6.319923996925354004e-01 5.716099739074707031e-01
6.094290018081665039e-01 6.891235709190368652e-01
5.352656245231628418e-01 4.054416418075561523e-01
5.921780467033386230e-01 7.032077312469482422e-01
5.820869803428649902e-01 6.878657937049865723e-01
5.901393294334411621e-01 5.099054574966430664e-01
6.288959980010986328e-01 6.219066977500915527e-01
5.312793850898742676e-01 3.623589873313903809e-01
4.531225264072418213e-01 3.863394856452941895e-01
5.926297307014465332e-01 6.821932792663574219e-01
6.186469197273254395e-01 4.738557040691375732e-01
6.946840286254882812e-01 5.189757347106933594e-01
6.091319918632507324e-01 4.038466513156890869e-01
5.308612585067749023e-01 6.506177186965942383e-01
5.609174370765686035e-01 4.001122117042541504e-01
4.287923574447631836e-01 3.744643330574035645e-01
7.176055312156677246e-01 7.751558423042297363e-01
5.908128023147583008e-01 4.310998618602752686e-01
6.644754409790039062e-01 5.233762264251708984e-01
8.648015856742858887e-01 5.437414646148681641e-01
7.604922056198120117e-01 5.478109121322631836e-01
6.581722497940063477e-01 5.234985351562500000e-01
4.887149930000305176e-01 6.773371100425720215e-01
4.674508571624755859e-01 6.316015124320983887e-01
5.226069092750549316e-01 5.044075250625610352e-01
4.564687013626098633e-01 7.351452112197875977e-01
4.377769529819488525e-01 7.473689913749694824e-01
5.237866044044494629e-01 4.494253396987915039e-01
8.154463171958923340e-01 4.572177827358245850e-01
5.981951951980590820e-01 5.585897564888000488e-01
5.393120646476745605e-01 5.336033701896667480e-01
6.791715621948242188e-01 5.052921175956726074e-01
7.170526981353759766e-01 6.812193393707275391e-01
7.259169816970825195e-01 4.448664188385009766e-01
6.570041775703430176e-01 7.599304318428039551e-01
5.677908062934875488e-01 5.926991105079650879e-01
3.623433709144592285e-01 6.465855240821838379e-01
6.289992332458496094e-01 5.899220108985900879e-01
5.787069797515869141e-01 6.324732899665832520e-01
4.774630367755889893e-01 4.470892548561096191e-01
6.698762774467468262e-01 7.161120176315307617e-01
6.846221089363098145e-01 4.783574938774108887e-01
5.141128897666931152e-01 3.855887651443481445e-01
5.960246324539184570e-01 6.722838878631591797e-01
4.437161982059478760e-01 7.746499776840209961e-01
5.982817411422729492e-01 4.855003952980041504e-01
4.667785465717315674e-01 5.115955471992492676e-01
5.941819548606872559e-01 5.634511113166809082e-01
6.032132506370544434e-01 4.127204418182373047e-01
4.761468768119812012e-01 6.250241398811340332e-01
6.839646100997924805e-01 7.528533935546875000e-01
4.075942635536193848e-01 7.308943867683410645e-01
4.489193856716156006e-01 4.429698586463928223e-01
4.001717567443847656e-01 5.584679245948791504e-01
5.349721312522888184e-01 6.080725193023681641e-01
6.780285835266113281e-01 5.455861687660217285e-01
4.106064140796661377e-01 5.589030385017395020e-01
5.201526284217834473e-01 4.514951407909393311e-01
7.371588349342346191e-01 4.326094388961791992e-01
6.938704252243041992e-01 7.012110352516174316e-01
6.385785937309265137e-01 5.662636160850524902e-01
7.328649163246154785e-01 6.029043197631835938e-01
4.819083809852600098e-01 5.082041025161743164e-01
6.708249449729919434e-01 5.149710178375244141e-01
4.478390514850616455e-01 6.200314164161682129e-01
6.925798654556274414e-01 5.906654596328735352e-01
5.132511854171752930e-01 5.252532958984375000e-01
5.990495681762695312e-01 4.878147542476654053e-01
5.674198865890502930e-01 8.212745785713195801e-01
5.686057806015014648e-01 8.068882226943969727e-01
6.711152791976928711e-01 6.193283200263977051e-01
6.341825127601623535e-01 7.843605875968933105e-01
4.676642417907714844e-01 7.109664082527160645e-01
4.446655213832855225e-01 5.420860648155212402e-01
3.812957108020782471e-01 4.117929637432098389e-01
6.530869007110595703e-01 5.203871726989746094e-01
4.837092757225036621e-01 5.059303641319274902e-01
5.996327996253967285e-01 5.225111842155456543e-01
6.237588524818420410e-01 6.519184112548828125e-01
5.620348453521728516e-01 6.567171216011047363e-01
5.345053672790527344e-01 6.032402515411376953e-01
7.028324604034423828e-01 4.161206781864166260e-01
7.607833147048950195e-01 5.221704244613647461e-01
6.535853743553161621e-01 6.115853786468505859e-01
4.181461632251739502e-01 3.407753407955169678e-01
5.398114323616027832e-01 5.147682428359985352e-01
5.882827639579772949e-01 5.197950005531311035e-01
4.539729654788970947e-01 7.238832116127014160e-01
3.727611601352691650e-01 3.739804327487945557e-01
3.579073548316955566e-01 3.963772356510162354e-01
5.244972109794616699e-01 5.475662946701049805e-01
4.998961091041564941e-01 5.937687754631042480e-01
4.999943077564239502e-01 3.789430856704711914e-01
3.256166279315948486e-01 4.700042009353637695e-01
5.026299357414245605e-01 6.082916259765625000e-01
6.987736821174621582e-01 6.695991754531860352e-01
7.339848279953002930e-01 5.352907776832580566e-01
4.816651642322540283e-01 3.486766815185546875e-01
4.852887094020843506e-01 5.948965549468994141e-01
3.876918852329254150e-01 3.264686167240142822e-01
5.436220765113830566e-01 7.820662856101989746e-01
6.726112961769104004e-01 3.836804926395416260e-01
7.833614945411682129e-01 3.743411302566528320e-01
6.287507414817810059e-01 5.109267830848693848e-01
5.126066207885742188e-01 4.769146740436553955e-01
5.908124446868896484e-01 6.910323500633239746e-01
4.881451725959777832e-01 6.268516182899475098e-01
6.210737824440002441e-01 7.529726028442382812e-01
3.693268895149230957e-01 5.204619765281677246e-01
4.084190428256988525e-01 4.621468484401702881e-01
5.008309483528137207e-01 5.040516853332519531e-01
3.328818976879119873e-01 3.524570763111114502e-01
7.513876557350158691e-01 4.648072421550750732e-01
4.807818830013275146e-01 6.205245256423950195e-01
6.243383884429931641e-01 6.539812684059143066e-01
7.482222318649291992e-01 5.240579843521118164e-01
7.895875573158264160e-01 4.829745292663574219e-01
8.009921312332153320e-01 4.646479785442352295e-01
6.121969223022460938e-01 4.419736564159393311e-01
7.064996957778930664e-01 5.128654837608337402e-01
4.398193955421447754e-01 3.792601823806762695e-01
8.103246092796325684e-01 4.432826936244964600e-01
8.429062962532043457e-01 4.484436213970184326e-01
3.902021050453186035e-01 4.297748804092407227e-01
4.976106286048889160e-01 4.116262197494506836e-01
5.215255618095397949e-01 6.529819369316101074e-01
5.625735521316528320e-01 6.573759317398071289e-01
3.890892565250396729e-01 6.122325062751770020e-01
6.508489251136779785e-01 4.991248548030853271e-01
6.091958880424499512e-01 4.811107516288757324e-01
6.129940152168273926e-01 6.349787116050720215e-01
6.516144871711730957e-01 3.756811916828155518e-01
5.826631188392639160e-01 5.256790518760681152e-01
4.412745237350463867e-01 3.882399797439575195e-01
6.362849473953247070e-01 6.359048485755920410e-01
6.279019117355346680e-01 5.514625906944274902e-01
6.029645800590515137e-01 5.293503999710083008e-01
4.407846331596374512e-01 3.767737150192260742e-01
6.099896430969238281e-01 7.637466788291931152e-01
5.987613797187805176e-01 5.002033114433288574e-01
5.398864746093750000e-01 6.228196024894714355e-01
6.317542791366577148e-01 7.250344157218933105e-01
5.107149481773376465e-01 5.324475765228271484e-01
3.468556404113769531e-01 2.869118452072143555e-01
5.745583772659301758e-01 4.794520437717437744e-01
6.074393391609191895e-01 7.517725825309753418e-01
3.639774620532989502e-01 3.297552168369293213e-01
7.467336058616638184e-01 4.459563493728637695e-01
5.147265791893005371e-01 4.716575443744659424e-01
5.346471667289733887e-01 6.033217310905456543e-01
7.363097667694091797e-01 5.843169093132019043e-01
7.028740048408508301e-01 5.076770186424255371e-01
4.382120668888092041e-01 6.205871701240539551e-01
5.312419533729553223e-01 7.001791596412658691e-01
4.902991652488708496e-01 5.755568146705627441e-01
5.603633522987365723e-01 7.478103637695312500e-01
4.652032852172851562e-01 6.626159548759460449e-01
7.590143084526062012e-01 6.613392233848571777e-01
3.743321895599365234e-01 6.236811280250549316e-01
4.037080407142639160e-01 5.572899580001831055e-01
6.120972633361816406e-01 7.909047603607177734e-01
7.767188549041748047e-01 5.711147189140319824e-01
5.197808742523193359e-01 5.377445220947265625e-01
5.479158163070678711e-01 5.930613875389099121e-01
5.252211093902587891e-01 7.781161665916442871e-01
5.244127511978149414e-01 6.144124269485473633e-01
6.160629987716674805e-01 5.038082599639892578e-01
6.606828570365905762e-01 4.975949525833129883e-01
3.771249949932098389e-01 3.020004630088806152e-01
4.173584580421447754e-01 5.944570302963256836e-01
5.021392703056335449e-01 4.191570580005645752e-01
7.780750989913940430e-01 6.819661855697631836e-01
7.153244018554687500e-01 4.340340793132781982e-01
6.528107523918151855e-01 4.493317008018493652e-01
6.423702836036682129e-01 6.080530881881713867e-01
7.026854157447814941e-01 4.766477942466735840e-01
3.556493520736694336e-01 3.852225244045257568e-01
5.025031566619873047e-01 7.113993167877197266e-01
4.544230401515960693e-01 2.977740168571472168e-01
5.425918102264404297e-01 4.684954285621643066e-01
6.828988194465637207e-01 3.997260928153991699e-01
6.853144764900207520e-01 5.887334942817687988e-01
5.199331045150756836e-01 6.408520936965942383e-01
5.298525094985961914e-01 5.282897353172302246e-01
6.651648283004760742e-01 7.756118774414062500e-01
4.949156045913696289e-01 5.963239073753356934e-01
4.491517245769500732e-01 5.442359447479248047e-01
3.197434842586517334e-01 6.149085760116577148e-01
4.783946275711059570e-01 4.915767014026641846e-01
7.692919969558715820e-01 4.398704171180725098e-01
4.521127939224243164e-01 4.126585721969604492e-01
5.348276495933532715e-01 5.474857687950134277e-01
5.741723179817199707e-01 7.556082606315612793e-01
6.752215623855590820e-01 5.338418483734130859e-01
3.875873684883117676e-01 6.241667866706848145e-01
3.097559511661529541e-01 3.078549802303314209e-01
5.334625840187072754e-01 3.740064203739166260e-01
6.474675536155700684e-01 6.248934268951416016e-01
5.056577920913696289e-01 6.728336215019226074e-01
6.228556036949157715e-01 5.862892866134643555e-01
7.693310379981994629e-01 6.089777350425720215e-01
3.340833485126495361e-01 2.621635794639587402e-01
4.413871765136718750e-01 3.752146661281585693e-01
6.115216016769409180e-01 5.485746860504150391e-01
5.571157932281494141e-01 5.048170685768127441e-01
6.910077929496765137e-01 5.406514406204223633e-01
7.149683833122253418e-01 5.431067943572998047e-01
4.559725522994995117e-01 4.677618443965911865e-01
6.655499339103698730e-01 6.294045448303222656e-01
6.932820677757263184e-01 7.251798510551452637e-01
7.130125164985656738e-01 6.215063929557800293e-01
3.439733088016510010e-01 5.646617412567138672e-01
7.120108604431152344e-01 6.053400635719299316e-01
7.654154300689697266e-01 6.612666249275207520e-01
4.677875638008117676e-01 7.126227021217346191e-01
6.955935955047607422e-01 4.923044145107269287e-01
5.716948509216308594e-01 7.672466635704040527e-01
5.851418375968933105e-01 5.119243264198303223e-01
5.833735466003417969e-01 6.477608680725097656e-01
7.160384654998779297e-01 5.345475077629089355e-01
6.997225284576416016e-01 5.239459872245788574e-01
7.524175643920898438e-01 5.237962603569030762e-01
6.509100198745727539e-01 5.912140607833862305e-01
6.202110648155212402e-01 6.625854372978210449e-01
5.676771998405456543e-01 8.010429739952087402e-01
4.414819777011871338e-01 4.948770403861999512e-01
6.747624278068542480e-01 5.088174939155578613e-01
6.011102199554443359e-01 4.126637279987335205e-01
4.114284813404083252e-01 4.028475582599639893e-01
7.289054989814758301e-01 4.767813682556152344e-01
6.855282187461853027e-01 3.958486616611480713e-01
6.453624963760375977e-01 6.637389659881591797e-01
6.806279420852661133e-01 4.299585819244384766e-01
7.322633862495422363e-01 5.922691822052001953e-01
4.294776618480682373e-01 3.972236216068267822e-01
7.140188813209533691e-01 5.116802453994750977e-01
5.177021026611328125e-01 3.894102573394775391e-01
4.310673475265502930e-01 6.491746306419372559e-01
3.233343064785003662e-01 3.542545735836029053e-01
5.554473400115966797e-01 5.394911170005798340e-01
4.416379034519195557e-01 3.691030144691467285e-01
4.780954122543334961e-01 4.686395227909088135e-01
7.213792204856872559e-01 3.977404534816741943e-01
6.525925397872924805e-01 5.339850783348083496e-01
4.505024254322052002e-01 4.704616665840148926e-01
6.278410553932189941e-01 6.924368143081665039e-01
6.806050539016723633e-01 5.429618954658508301e-01
5.582883358001708984e-01 6.302603483200073242e-01
7.177621722221374512e-01 6.440047025680541992e-01
6.965749859809875488e-01 5.839082598686218262e-01
6.883247494697570801e-01 5.495240092277526855e-01
7.931464314460754395e-01 6.522670388221740723e-01
4.111595153808593750e-01 6.057918071746826172e-01
5.572025775909423828e-01 4.924650788307189941e-01
7.258407473564147949e-01 5.158113241195678711e-01
4.799008667469024658e-01 7.534147500991821289e-01
5.499367117881774902e-01 3.917001187801361084e-01
5.829480886459350586e-01 4.635875821113586426e-01
4.163852035999298096e-01 4.079321324825286865e-01
5.650393962860107422e-01 4.998357594013214111e-01
4.411337971687316895e-01 7.836490869522094727e-01
4.343477785587310791e-01 6.010830998420715332e-01
4.531574249267578125e-01 5.749489068984985352e-01
5.966210365295410156e-01 6.823980808258056641e-01
6.454426050186157227e-01 6.090875864028930664e-01
6.213873624801635742e-01 4.606574475765228271e-01
4.623699486255645752e-01 3.693304061889648438e-01
6.846626996994018555e-01 6.435881853103637695e-01
6.968341469764709473e-01 4.489834606647491455e-01
8.011438846588134766e-01 4.015683531761169434e-01
4.511864781379699707e-01 4.907130300998687744e-01
5.194617509841918945e-01 7.599087953567504883e-01
6.524099707603454590e-01 4.255749583244323730e-01
4.964864253997802734e-01 3.135099112987518311e-01
4.567818343639373779e-01 3.302199840545654297e-01
5.870831608772277832e-01 6.381722092628479004e-01
8.129534125328063965e-01 5.252355933189392090e-01
5.178834199905395508e-01 5.545917153358459473e-01
3.681232929229736328e-01 5.373761653900146484e-01
5.912936925888061523e-01 5.686560869216918945e-01
5.863539576530456543e-01 7.099477052688598633e-01
6.513820886611938477e-01 4.763186573982238770e-01
6.856749057769775391e-01 4.868150055408477783e-01
4.732177853584289551e-01 7.382724881172180176e-01
4.922722280025482178e-01 5.381504297256469727e-01
5.141358971595764160e-01 4.982132017612457275e-01
6.184189319610595703e-01 4.191684424877166748e-01
7.659002542495727539e-01 4.097565710544586182e-01
4.005416333675384521e-01 3.728478848934173584e-01
6.696062684059143066e-01 5.861253142356872559e-01
6.232114434242248535e-01 5.946681499481201172e-01
6.349297761917114258e-01 7.623367905616760254e-01
4.087902307510375977e-01 6.631410717964172363e-01
4.200176000595092773e-01 5.806744694709777832e-01
6.550951004028320312e-01 4.584822952747344971e-01
6.632550358772277832e-01 5.317570567131042480e-01
6.195571422576904297e-01 5.035011172294616699e-01
6.830123662948608398e-01 4.393080472946166992e-01
5.105029940605163574e-01 4.273501932621002197e-01
5.384226441383361816e-01 4.668831527233123779e-01
4.802823364734649658e-01 6.765612959861755371e-01
6.647886633872985840e-01 3.975899815559387207e-01
7.767576575279235840e-01 4.397163987159729004e-01
4.860759377479553223e-01 3.307031095027923584e-01
4.517973661422729492e-01 6.269348263740539551e-01
6.771621704101562500e-01 5.290547609329223633e-01
4.340895712375640869e-01 4.091155827045440674e-01
7.126526236534118652e-01 5.228102207183837891e-01
5.252737998962402344e-01 6.252772212028503418e-01
7.926357388496398926e-01 4.302524328231811523e-01
5.033916234970092773e-01 4.641670584678649902e-01
3.968672454357147217e-01 5.648686289787292480e-01
5.482975840568542480e-01 6.684715747833251953e-01
4.026305973529815674e-01 3.705777823925018311e-01
6.794978380203247070e-01 5.348035693168640137e-01
3.968375325202941895e-01 3.609900176525115967e-01
7.267107367515563965e-01 4.363296627998352051e-01
6.742768287658691406e-01 5.624601244926452637e-01
4.936047494411468506e-01 4.398482143878936768e-01
6.060875058174133301e-01 5.651574730873107910e-01
5.840912461280822754e-01 3.311592936515808105e-01
6.387138366699218750e-01 6.252147555351257324e-01
4.284195005893707275e-01 4.889387190341949463e-01
4.277697205543518066e-01 5.137104988098144531e-01
7.582344412803649902e-01 5.921586751937866211e-01
7.790181040763854980e-01 5.811691284179687500e-01
5.199649930000305176e-01 3.845534622669219971e-01
4.602442681789398193e-01 6.529441475868225098e-01
4.255236387252807617e-01 6.651959419250488281e-01
3.932847082614898682e-01 3.551087677478790283e-01
4.201264083385467529e-01 6.322830915451049805e-01
5.279337167739868164e-01 4.157964885234832764e-01
5.030766129493713379e-01 6.996490955352783203e-01
6.079882979393005371e-01 6.009788513183593750e-01
3.672840595245361328e-01 2.632633745670318604e-01
5.745729207992553711e-01 5.613293051719665527e-01
5.109548568725585938e-01 7.102652788162231445e-01
5.494465827941894531e-01 4.220157265663146973e-01
7.688784599304199219e-01 5.462358593940734863e-01
3.885005414485931396e-01 4.625914394855499268e-01
5.970042943954467773e-01 6.478180885314941406e-01
5.498698949813842773e-01 7.601271271705627441e-01
5.059438943862915039e-01 5.510923862457275391e-01
5.371965169906616211e-01 6.230174899101257324e-01
5.540571808815002441e-01 3.737394511699676514e-01
6.351484060287475586e-01 7.209641933441162109e-01
4.559150636196136475e-01 5.834027528762817383e-01
4.514069259166717529e-01 5.063219070434570312e-01
7.652523517608642578e-01 4.202931821346282959e-01
5.896413326263427734e-01 4.205121397972106934e-01
4.858247339725494385e-01 4.875893294811248779e-01
4.115752577781677246e-01 2.802843153476715088e-01
7.231692671775817871e-01 6.073976159095764160e-01
5.211380720138549805e-01 4.432784318923950195e-01
4.830359816551208496e-01 6.157609820365905762e-01
4.691982567310333252e-01 4.975484907627105713e-01
3.174377679824829102e-01 6.720006465911865234e-01
3.954335749149322510e-01 5.262333750724792480e-01
4.312354028224945068e-01 5.187125205993652344e-01
3.992419242858886719e-01 6.535846590995788574e-01
5.336251854896545410e-01 6.984736323356628418e-01
5.896298885345458984e-01 4.838885962963104248e-01
3.972877562046051025e-01 4.386325180530548096e-01
6.602312326431274414e-01 6.199206709861755371e-01
5.416073203086853027e-01 5.272163748741149902e-01
4.022215604782104492e-01 6.867650151252746582e-01
5.157608389854431152e-01 3.527570664882659912e-01
4.661669135093688965e-01 3.574262261390686035e-01
6.081588268280029297e-01 5.882945060729980469e-01
7.345836162567138672e-01 5.010899901390075684e-01
3.535711765289306641e-01 2.718678116798400879e-01
6.266619563102722168e-01 4.913522601127624512e-01
4.032737612724304199e-01 3.027980029582977295e-01
5.005528330802917480e-01 3.771310746669769287e-01
4.605430960655212402e-01 5.607852339744567871e-01
6.364781856536865234e-01 5.952571034431457520e-01
5.954781174659729004e-01 3.487850427627563477e-01
2.978360354900360107e-01 3.227679133415222168e-01
7.115306854248046875e-01 4.274863302707672119e-01
4.361570179462432861e-01 6.635926961898803711e-01
5.483463406562805176e-01 3.195044696331024170e-01
4.782141447067260742e-01 6.866455674171447754e-01
6.674467325210571289e-01 5.727333426475524902e-01
6.570122838020324707e-01 4.723067879676818848e-01
6.281595826148986816e-01 5.233489871025085449e-01
3.803159594535827637e-01 3.797180950641632080e-01
5.832890272140502930e-01 3.862174749374389648e-01
5.286714434623718262e-01 4.245768785476684570e-01
4.657837152481079102e-01 6.029281020164489746e-01
4.701511263847351074e-01 4.659802913665771484e-01
5.182096958160400391e-01 4.714309871196746826e-01
6.537320613861083984e-01 6.078567504882812500e-01
6.966841816902160645e-01 4.413603544235229492e-01
5.625681877136230469e-01 4.913301169872283936e-01
5.411409735679626465e-01 5.493488907814025879e-01
5.045656561851501465e-01 4.911621809005737305e-01
5.039606094360351562e-01 5.000293254852294922e-01
5.451214909553527832e-01 3.880995512008666992e-01
5.303626656532287598e-01 4.251076281070709229e-01
8.018247485160827637e-01 5.566443204879760742e-01
6.584516167640686035e-01 6.895909309387207031e-01
5.836997628211975098e-01 7.208222150802612305e-01
5.723128914833068848e-01 5.326986312866210938e-01
3.055082559585571289e-01 3.597380220890045166e-01
6.007315516471862793e-01 5.856626033782958984e-01
4.591333866119384766e-01 3.397032320499420166e-01
5.575487613677978516e-01 3.544219434261322021e-01
6.242679357528686523e-01 5.579302906990051270e-01
4.123681783676147461e-01 3.073624372482299805e-01
5.544716119766235352e-01 5.367811322212219238e-01
5.667046904563903809e-01 3.851728737354278564e-01
7.656332850456237793e-01 4.099144041538238525e-01
3.969472646713256836e-01 6.618370413780212402e-01
6.070221066474914551e-01 5.482796430587768555e-01
4.824457168579101562e-01 4.604895412921905518e-01
3.618715703487396240e-01 3.976607024669647217e-01
5.234180688858032227e-01 5.255005359649658203e-01
7.061913013458251953e-01 4.118511974811553955e-01
3.708544373512268066e-01 4.716525077819824219e-01
5.613076090812683105e-01 5.058782100677490234e-01
4.725818634033203125e-01 6.151605844497680664e-01
6.637334823608398438e-01 5.076282620429992676e-01
6.205947399139404297e-01 7.869877219200134277e-01
5.785410404205322266e-01 4.182170629501342773e-01
5.529195666313171387e-01 5.374629497528076172e-01
4.718894362449645996e-01 3.611529469490051270e-01
3.391757309436798096e-01 1.990516781806945801e-01
3.789056241512298584e-01 4.341172575950622559e-01
6.343228220939636230e-01 8.013353943824768066e-01
6.310334801673889160e-01 4.422096908092498779e-01
5.951168537139892578e-01 7.123768925666809082e-01
5.734649896621704102e-01 4.104711115360260010e-01
3.687804937362670898e-01 2.680757939815521240e-01
5.190906524658203125e-01 4.672350287437438965e-01
7.468600273132324219e-01 5.678969025611877441e-01
3.885273039340972900e-01 5.621296763420104980e-01
3.246496021747589111e-01 7.217662334442138672e-01
3.675127327442169189e-01 5.977661013603210449e-01
3.158046901226043701e-01 3.822854459285736084e-01
4.010616242885589600e-01 7.270414233207702637e-01
6.038404107093811035e-01 4.962701499462127686e-01
6.187443733215332031e-01 4.807574748992919922e-01
5.150461196899414062e-01 5.106191039085388184e-01
3.465680778026580811e-01 4.252270758152008057e-01
3.646976649761199951e-01 4.769774079322814941e-01
4.370898008346557617e-01 2.768617570400238037e-01
5.258372426033020020e-01 3.484154641628265381e-01
6.525509953498840332e-01 5.964608788490295410e-01
6.205958127975463867e-01 4.241839945316314697e-01
4.757759273052215576e-01 4.709694087505340576e-01
6.379235982894897461e-01 3.445262312889099121e-01
5.374801754951477051e-01 6.471820473670959473e-01
4.432525336742401123e-01 4.732527732849121094e-01
8.076667189598083496e-01 3.535922169685363770e-01
7.972562313079833984e-01 4.061306416988372803e-01
6.165702342987060547e-01 6.237914562225341797e-01
5.368222594261169434e-01 7.435928583145141602e-01
5.415846705436706543e-01 5.339099168777465820e-01
6.426233053207397461e-01 5.124047994613647461e-01
6.304593682289123535e-01 4.386721551418304443e-01
4.497814774513244629e-01 4.023958742618560791e-01
3.739409744739532471e-01 5.348842740058898926e-01
4.902122020721435547e-01 4.879222810268402100e-01
7.184792757034301758e-01 6.460779309272766113e-01
5.229610800743103027e-01 5.681822299957275391e-01
4.116985201835632324e-01 3.974489271640777588e-01
5.970392227172851562e-01 5.543164610862731934e-01
4.726521074771881104e-01 5.061832070350646973e-01
7.679649591445922852e-01 4.990245699882507324e-01
6.087378263473510742e-01 5.054760575294494629e-01
5.765272974967956543e-01 4.486836194992065430e-01
6.400972604751586914e-01 6.369745135307312012e-01
7.165409326553344727e-01 6.425122022628784180e-01
5.301843881607055664e-01 5.026574134826660156e-01
4.016304612159729004e-01 3.746243417263031006e-01
4.652235805988311768e-01 3.925426006317138672e-01
6.721923351287841797e-01 5.898329615592956543e-01
5.571742653846740723e-01 5.409162044525146484e-01
6.569585204124450684e-01 6.832295656204223633e-01
4.585081934928894043e-01 5.147634744644165039e-01
5.568020939826965332e-01 3.884854614734649658e-01
5.802934169769287109e-01 8.105409741401672363e-01
4.524314701557159424e-01 6.473023295402526855e-01
4.424927234649658203e-01 6.652378439903259277e-01
6.769766211509704590e-01 6.930796504020690918e-01
4.051165878772735596e-01 2.735509872436523438e-01
4.513963758945465088e-01 5.491884350776672363e-01
5.188140869140625000e-01 4.081786572933197021e-01
5.191324353218078613e-01 3.805612027645111084e-01
5.004593729972839355e-01 4.089009761810302734e-01
5.081458091735839844e-01 5.577990412712097168e-01
4.401153922080993652e-01 4.300843179225921631e-01
7.078540325164794922e-01 3.552158772945404053e-01
3.392920792102813721e-01 3.821058571338653564e-01
5.508297681808471680e-01 5.569934844970703125e-01
4.632128775119781494e-01 6.965964436531066895e-01
5.911425948143005371e-01 6.484320163726806641e-01
4.679870903491973877e-01 5.932414531707763672e-01
6.638432145118713379e-01 5.122544169425964355e-01
5.616282224655151367e-01 6.783635616302490234e-01
5.865368843078613281e-01 3.464615046977996826e-01
4.357935786247253418e-01 7.072629928588867188e-01
4.073248803615570068e-01 4.260795712471008301e-01
5.735828876495361328e-01 4.961189031600952148e-01
4.950415194034576416e-01 4.684775173664093018e-01
6.260747909545898438e-01 5.541356205940246582e-01
6.205686330795288086e-01 5.934009552001953125e-01
7.099461555480957031e-01 4.319383203983306885e-01
4.509172141551971436e-01 6.478057503700256348e-01
5.860344767570495605e-01 4.757578969001770020e-01
6.264567375183105469e-01 6.088133454322814941e-01
4.736069142818450928e-01 3.782834112644195557e-01
3.668120801448822021e-01 3.170064985752105713e-01
4.354801177978515625e-01 3.328538835048675537e-01
3.368488550186157227e-01 3.417489230632781982e-01
6.954600214958190918e-01 5.009766817092895508e-01
6.643171310424804688e-01 5.651654005050659180e-01
6.403381824493408203e-01 5.574792027473449707e-01
4.317114949226379395e-01 5.849505662918090820e-01
6.182185411453247070e-01 3.731803596019744873e-01
3.846465349197387695e-01 5.225699543952941895e-01
4.238465726375579834e-01 7.277030944824218750e-01
5.002661943435668945e-01 4.418870508670806885e-01
5.101639628410339355e-01 7.521691918373107910e-01
3.272371292114257812e-01 3.082184493541717529e-01
7.019647955894470215e-01 3.736547827720642090e-01
3.451487421989440918e-01 4.629735350608825684e-01
4.695672988891601562e-01 6.071559190750122070e-01
6.040109395980834961e-01 5.136030912399291992e-01
7.548741698265075684e-01 4.731708168983459473e-01
7.839756608009338379e-01 4.365895986557006836e-01
5.723837018013000488e-01 5.414175987243652344e-01
7.532621026039123535e-01 4.810449779033660889e-01
6.912285685539245605e-01 4.728482961654663086e-01
3.769433498382568359e-01 3.599909842014312744e-01
4.844565689563751221e-01 4.109717905521392822e-01
5.490776896476745605e-01 5.148488879203796387e-01
4.452230632305145264e-01 6.334004402160644531e-01
5.564315915107727051e-01 5.508001446723937988e-01
7.541027069091796875e-01 3.636226356029510498e-01
6.904771924018859863e-01 4.560408592224121094e-01
5.379988551139831543e-01 5.103499889373779297e-01
6.620606184005737305e-01 5.657646656036376953e-01
4.527026712894439697e-01 3.930758833885192871e-01
5.752710103988647461e-01 5.101950764656066895e-01
5.366181135177612305e-01 5.231602191925048828e-01
5.117003321647644043e-01 5.477446913719177246e-01
6.922783851623535156e-01 3.679700195789337158e-01
4.433219134807586670e-01 6.109704971313476562e-01
7.015079259872436523e-01 5.242803096771240234e-01
6.348143219947814941e-01 4.558913409709930420e-01
4.886926710605621338e-01 4.559551179409027100e-01
5.311972498893737793e-01 4.657038450241088867e-01
4.627718329429626465e-01 5.392097234725952148e-01
7.098976969718933105e-01 5.526198148727416992e-01
4.495962560176849365e-01 5.388849377632141113e-01
3.795532584190368652e-01 2.657969295978546143e-01
6.404335498809814453e-01 4.507104754447937012e-01
6.099886298179626465e-01 4.940511584281921387e-01
5.434118509292602539e-01 4.948740601539611816e-01
7.348278760910034180e-01 5.460011959075927734e-01
4.784331321716308594e-01 3.921340107917785645e-01
4.398956298828125000e-01 5.134753584861755371e-01
3.757691681385040283e-01 3.520391285419464111e-01
6.799202561378479004e-01 6.119069457054138184e-01
5.988321900367736816e-01 3.714626431465148926e-01
6.736840009689331055e-01 4.801489710807800293e-01
4.870527982711791992e-01 4.241387546062469482e-01
6.181243062019348145e-01 5.102786421775817871e-01
2.622326314449310303e-01 2.890726923942565918e-01
6.334903240203857422e-01 4.109888374805450439e-01
4.031049609184265137e-01 3.885372281074523926e-01
7.261680960655212402e-01 4.024876952171325684e-01
6.886119842529296875e-01 7.777050137519836426e-01
6.813841462135314941e-01 3.596752583980560303e-01
3.873184621334075928e-01 4.532397687435150146e-01
3.808617293834686279e-01 5.009393692016601562e-01
5.967207551002502441e-01 6.986007094383239746e-01
5.161517262458801270e-01 4.102742969989776611e-01
4.350243508815765381e-01 3.690661787986755371e-01
2.905768752098083496e-01 5.379784703254699707e-01
5.469806790351867676e-01 5.426106452941894531e-01
4.906532168388366699e-01 6.737083196640014648e-01
5.252082347869873047e-01 5.642832517623901367e-01
5.422341823577880859e-01 5.223354697227478027e-01
6.862200498580932617e-01 4.030203819274902344e-01
3.783504664897918701e-01 6.014889478683471680e-01
4.367940425872802734e-01 3.670714199542999268e-01
7.051571607589721680e-01 4.837726354598999023e-01
5.653986930847167969e-01 5.590994954109191895e-01
6.668704748153686523e-01 4.495942890644073486e-01
5.663837194442749023e-01 6.856534481048583984e-01
4.929299950599670410e-01 3.624612987041473389e-01
5.174636840820312500e-01 3.615060150623321533e-01
7.321358919143676758e-01 4.460927844047546387e-01
3.989346027374267578e-01 4.078948497772216797e-01
5.020727515220642090e-01 5.151500105857849121e-01
4.946384131908416748e-01 4.557261466979980469e-01
4.141770899295806885e-01 3.562422394752502441e-01
4.039708673954010010e-01 5.807631015777587891e-01
4.658017754554748535e-01 5.862593054771423340e-01
5.633788108825683594e-01 3.389672636985778809e-01
7.361711263656616211e-01 3.767734169960021973e-01
5.329557657241821289e-01 4.110950529575347900e-01
5.657497048377990723e-01 4.895720779895782471e-01
6.004912257194519043e-01 5.650312900543212891e-01
7.123155593872070312e-01 5.898845791816711426e-01
5.338192582130432129e-01 4.389376342296600342e-01
5.102012753486633301e-01 5.946494936943054199e-01
3.923369646072387695e-01 3.025529086589813232e-01
4.847041368484497070e-01 4.747898876667022705e-01
6.945259571075439453e-01 5.432342290878295898e-01
7.153287529945373535e-01 5.513369441032409668e-01
5.485513210296630859e-01 6.861956715583801270e-01
5.615007281303405762e-01 3.312503099441528320e-01
4.351089000701904297e-01 6.034855842590332031e-01
5.894014239311218262e-01 5.226989388465881348e-01
5.383316278457641602e-01 4.386896491050720215e-01
3.722468316555023193e-01 3.911734819412231445e-01
4.343443810939788818e-01 5.159742236137390137e-01
6.296482086181640625e-01 4.193392097949981689e-01
4.903181493282318115e-01 3.504766523838043213e-01
6.297520995140075684e-01 3.830862343311309814e-01
7.677266001701354980e-01 4.659644663333892822e-01
3.572791218757629395e-01 3.317233026027679443e-01
6.112754344940185547e-01 4.198051393032073975e-01
4.205143153667449951e-01 2.888203263282775879e-01
6.067664623260498047e-01 7.267066240310668945e-01
4.733503460884094238e-01 4.202924370765686035e-01
4.027162492275238037e-01 3.303146064281463623e-01
7.530037164688110352e-01 5.586579442024230957e-01
