5.355886816978454590e-01 6.137511730194091797e-01
4.063778817653656006e-01 5.669955015182495117e-01
2.783536612987518311e-01 5.185639262199401855e-01
5.791981816291809082e-01 6.738622188568115234e-01
5.539695620536804199e-01 4.866284728050231934e-01
5.590834021568298340e-01 5.068466663360595703e-01
3.919610381126403809e-01 8.157544136047363281e-01
5.372467637062072754e-01 5.062371492385864258e-01
5.537609457969665527e-01 6.866836547851562500e-01
3.205769360065460205e-01 6.436614990234375000e-01
6.494250297546386719e-01 4.930565655231475830e-01
3.954472541809082031e-01 4.880046844482421875e-01
4.161257147789001465e-01 4.607140123844146729e-01
4.325308501720428467e-01 8.104186654090881348e-01
3.817990720272064209e-01 4.762153625488281250e-01
6.681615114212036133e-01 6.865174770355224609e-01
5.374255180358886719e-01 5.506598353385925293e-01
5.892725586891174316e-01 5.799054503440856934e-01
3.377280235290527344e-01 5.122268199920654297e-01
2.984213531017303467e-01 4.198286831378936768e-01
3.607821166515350342e-01 4.499571025371551514e-01
5.432271361351013184e-01 4.762443602085113525e-01
5.444407463073730469e-01 5.378454923629760742e-01
5.231338143348693848e-01 6.780596375465393066e-01
4.825478196144104004e-01 5.658330917358398438e-01
4.928033649921417236e-01 6.396641135215759277e-01
3.130909800529479980e-01 6.382738351821899414e-01
3.302701413631439209e-01 6.918699145317077637e-01
4.167562425136566162e-01 5.061360001564025879e-01
5.077245235443115234e-01 7.734307050704956055e-01
3.639343380928039551e-01 3.774333000183105469e-01
4.547990858554840088e-01 4.694321155548095703e-01
3.262637853622436523e-01 7.319449782371520996e-01
2.863848209381103516e-01 5.747017264366149902e-01
4.837555289268493652e-01 5.274133086204528809e-01
4.528444707393646240e-01 4.979391992092132568e-01
3.734404146671295166e-01 6.622154712677001953e-01
6.367784738540649414e-01 7.181124091148376465e-01
3.556552231311798096e-01 6.095148921012878418e-01
4.313151538372039795e-01 6.458572149276733398e-01
5.226420164108276367e-01 5.667187571525573730e-01
4.485341906547546387e-01 5.167232751846313477e-01
6.139389872550964355e-01 5.726519227027893066e-01
5.602554678916931152e-01 7.427592277526855469e-01
3.810249269008636475e-01 4.809015095233917236e-01
4.491577148437500000e-01 5.832465291023254395e-01
6.510044932365417480e-01 5.523351430892944336e-01
3.133278191089630127e-01 4.746552407741546631e-01
4.554157555103302002e-01 5.540121793746948242e-01
4.155576229095458984e-01 6.055775284767150879e-01
4.415977001190185547e-01 4.366305470466613770e-01
4.506384432315826416e-01 5.543935894966125488e-01
4.654263556003570557e-01 4.817553758621215820e-01
5.403715968132019043e-01 6.299627423286437988e-01
3.406979143619537354e-01 4.449359178543090820e-01
3.710796833038330078e-01 7.666659355163574219e-01
4.877005219459533691e-01 4.365782439708709717e-01
5.124698281288146973e-01 5.984987020492553711e-01
5.923424363136291504e-01 4.928553700447082520e-01
4.570501446723937988e-01 7.529397010803222656e-01
2.820049226284027100e-01 3.812826871871948242e-01
5.011833310127258301e-01 4.250034987926483154e-01
5.469866991043090820e-01 6.348446607589721680e-01
4.637621939182281494e-01 7.440748810768127441e-01
5.363501906394958496e-01 4.877057075500488281e-01
4.843457937240600586e-01 7.312980890274047852e-01
3.134261667728424072e-01 4.896541237831115723e-01
4.805473387241363525e-01 5.108492374420166016e-01
4.390143454074859619e-01 6.502209305763244629e-01
5.017313361167907715e-01 4.717225134372711182e-01
4.742744266986846924e-01 6.648173928260803223e-01
2.784006893634796143e-01 6.468222141265869141e-01
3.378135561943054199e-01 6.660866141319274902e-01
5.383935570716857910e-01 6.463174819946289062e-01
4.007248878479003906e-01 5.185317397117614746e-01
6.049365401268005371e-01 5.169755816459655762e-01
4.009475111961364746e-01 7.065060138702392578e-01
7.274922132492065430e-01 3.770275115966796875e-01
4.105424284934997559e-01 4.882313013076782227e-01
4.123331010341644287e-01 5.111231207847595215e-01
3.755017817020416260e-01 5.927862524986267090e-01
5.277832150459289551e-01 6.651198863983154297e-01
4.048464894294738770e-01 8.085595965385437012e-01
5.134721398353576660e-01 6.731743812561035156e-01
2.821462750434875488e-01 4.511527717113494873e-01
6.256323456764221191e-01 6.823824048042297363e-01
6.941096782684326172e-01 6.237421631813049316e-01
5.519584417343139648e-01 6.009206771850585938e-01
4.689505398273468018e-01 3.908330202102661133e-01
3.304919302463531494e-01 5.425156950950622559e-01
4.910455942153930664e-01 6.393512487411499023e-01
5.620768666267395020e-01 6.528143882751464844e-01
3.544327914714813232e-01 6.378106474876403809e-01
3.454551100730895996e-01 3.962120711803436279e-01
5.988937616348266602e-01 5.900729298591613770e-01
4.870984852313995361e-01 7.099156975746154785e-01
3.635506033897399902e-01 4.240441620349884033e-01
3.330719769001007080e-01 6.865335106849670410e-01
5.311025381088256836e-01 3.889461159706115723e-01
2.779608070850372314e-01 7.266485691070556641e-01
6.917768120765686035e-01 5.468966960906982422e-01
3.501690626144409180e-01 4.719279408454895020e-01
3.274746239185333252e-01 6.405091285705566406e-01
4.408017694950103760e-01 7.102394700050354004e-01
3.753768503665924072e-01 6.253153681755065918e-01
3.798402547836303711e-01 7.809247374534606934e-01
4.338041841983795166e-01 4.838877320289611816e-01
3.584734797477722168e-01 4.463160634040832520e-01
3.046995997428894043e-01 5.329628586769104004e-01
5.343333482742309570e-01 5.652912259101867676e-01
4.324517548084259033e-01 5.908180475234985352e-01
6.040031909942626953e-01 6.124894618988037109e-01
3.700284659862518311e-01 7.116296887397766113e-01
5.272548794746398926e-01 5.210626125335693359e-01
5.930702686309814453e-01 5.799141526222229004e-01
5.037827491760253906e-01 5.936434268951416016e-01
5.049408674240112305e-01 4.649138748645782471e-01
4.391597807407379150e-01 4.051153361797332764e-01
5.658852458000183105e-01 5.143352150917053223e-01
5.152428150177001953e-01 6.312333941459655762e-01
3.534869849681854248e-01 7.782487273216247559e-01
5.704342722892761230e-01 6.771836876869201660e-01
3.596542179584503174e-01 6.746004819869995117e-01
3.774095773696899414e-01 4.768746793270111084e-01
6.299349069595336914e-01 6.007233858108520508e-01
5.486818552017211914e-01 5.928038954734802246e-01
4.200878739356994629e-01 6.137939691543579102e-01
5.536305904388427734e-01 5.420165061950683594e-01
6.306611895561218262e-01 6.900464296340942383e-01
4.453921318054199219e-01 6.040717959403991699e-01
4.581449627876281738e-01 6.033129096031188965e-01
4.623563289642333984e-01 6.536156535148620605e-01
5.323446989059448242e-01 5.915436744689941406e-01
2.875727117061614990e-01 6.570218205451965332e-01
4.461714327335357666e-01 6.417725682258605957e-01
5.997818112373352051e-01 6.773204803466796875e-01
6.265206933021545410e-01 6.390380263328552246e-01
4.158387780189514160e-01 7.887120246887207031e-01
6.992344856262207031e-01 3.976766169071197510e-01
2.779025137424468994e-01 4.794054031372070312e-01
4.304840266704559326e-01 6.423096656799316406e-01
4.429904520511627197e-01 6.933619976043701172e-01
5.336276888847351074e-01 4.884050786495208740e-01
4.330146908760070801e-01 6.847797036170959473e-01
4.128422737121582031e-01 5.190580487251281738e-01
3.785946667194366455e-01 7.180517315864562988e-01
6.006216406822204590e-01 5.035847425460815430e-01
6.149906516075134277e-01 5.478991866111755371e-01
3.107330203056335449e-01 4.673960804939270020e-01
6.464723348617553711e-01 5.698699355125427246e-01
2.518785595893859863e-01 6.317238807678222656e-01
6.370337605476379395e-01 5.541834831237792969e-01
4.961279332637786865e-01 5.375491976737976074e-01
2.689100205898284912e-01 5.524800419807434082e-01
5.144889354705810547e-01 6.058207154273986816e-01
4.316126704216003418e-01 5.377925038337707520e-01
4.095552265644073486e-01 6.464683413505554199e-01
3.956550955772399902e-01 6.979655623435974121e-01
4.474148750305175781e-01 6.346352100372314453e-01
4.196405112743377686e-01 5.258583426475524902e-01
2.902084887027740479e-01 5.525582432746887207e-01
5.016479492187500000e-01 6.188195943832397461e-01
4.432598650455474854e-01 6.829717159271240234e-01
3.982361853122711182e-01 5.399696230888366699e-01
4.766947925090789795e-01 6.883442997932434082e-01
5.334723591804504395e-01 5.551068782806396484e-01
3.563365340232849121e-01 7.936214804649353027e-01
4.396520555019378662e-01 5.003154277801513672e-01
4.376499950885772705e-01 5.989972949028015137e-01
4.728896915912628174e-01 7.825852036476135254e-01
4.420221447944641113e-01 6.017530560493469238e-01
5.236892104148864746e-01 6.465549468994140625e-01
4.797509014606475830e-01 6.238018870353698730e-01
4.346828758716583252e-01 6.140727996826171875e-01
3.571525514125823975e-01 5.053124427795410156e-01
3.555119335651397705e-01 6.636918783187866211e-01
4.503581225872039795e-01 5.446359515190124512e-01
3.215810656547546387e-01 5.698184967041015625e-01
2.957068681716918945e-01 7.657045722007751465e-01
3.273366093635559082e-01 5.581102967262268066e-01
3.887448608875274658e-01 5.791901350021362305e-01
6.267322301864624023e-01 5.508714318275451660e-01
5.388698577880859375e-01 5.000670552253723145e-01
3.023481369018554688e-01 4.312274754047393799e-01
3.914189934730529785e-01 6.855249404907226562e-01
4.531640708446502686e-01 5.986781716346740723e-01
6.546095013618469238e-01 4.145976006984710693e-01
3.025398254394531250e-01 4.881086647510528564e-01
4.207064807415008545e-01 7.373623251914978027e-01
3.811482489109039307e-01 6.324423551559448242e-01
5.911315083503723145e-01 5.986033678054809570e-01
3.677007555961608887e-01 5.520201325416564941e-01
5.353255271911621094e-01 4.722874760627746582e-01
4.472901523113250732e-01 5.935465097427368164e-01
2.765312194824218750e-01 5.045968890190124512e-01
6.052827239036560059e-01 5.944823026657104492e-01
3.470675349235534668e-01 5.654897689819335938e-01
4.491223990917205811e-01 6.807180643081665039e-01
4.024987816810607910e-01 5.283346772193908691e-01
3.608204424381256104e-01 7.440742850303649902e-01
4.935768842697143555e-01 5.365515351295471191e-01
4.882194995880126953e-01 5.079008936882019043e-01
3.241629302501678467e-01 6.054328680038452148e-01
5.091363787651062012e-01 6.339063048362731934e-01
4.861024320125579834e-01 6.951811313629150391e-01
5.127345919609069824e-01 5.213285684585571289e-01
3.806362152099609375e-01 6.743772029876708984e-01
4.059429466724395752e-01 5.915445685386657715e-01
6.169522404670715332e-01 7.001386284828186035e-01
2.963368892669677734e-01 6.325995922088623047e-01
4.000872671604156494e-01 7.661557793617248535e-01
7.167040109634399414e-01 5.621004700660705566e-01
6.553990840911865234e-01 4.946313500404357910e-01
2.496703863143920898e-01 6.265916824340820312e-01
3.709473013877868652e-01 6.415970921516418457e-01
5.432380437850952148e-01 5.010179877281188965e-01
3.979035913944244385e-01 4.893405139446258545e-01
3.558724522590637207e-01 7.945293188095092773e-01
4.042530953884124756e-01 5.400815010070800781e-01
4.846184849739074707e-01 7.452508807182312012e-01
2.902033030986785889e-01 5.106824040412902832e-01
3.829059302806854248e-01 5.684011578559875488e-01
5.794920325279235840e-01 4.880344867706298828e-01
2.675684392452239990e-01 7.809392213821411133e-01
5.411223173141479492e-01 7.491284608840942383e-01
2.794397473335266113e-01 6.953094601631164551e-01
7.106456160545349121e-01 5.414396524429321289e-01
3.692064583301544189e-01 5.945103168487548828e-01
5.711810588836669922e-01 5.432580113410949707e-01
4.365491569042205811e-01 5.563135147094726562e-01
6.807367205619812012e-01 5.419476032257080078e-01
5.363081693649291992e-01 6.129524111747741699e-01
5.351173281669616699e-01 6.474905610084533691e-01
3.815622031688690186e-01 6.717507243156433105e-01
2.353169620037078857e-01 3.933731019496917725e-01
3.102644979953765869e-01 8.160875439643859863e-01
5.867303013801574707e-01 6.749447584152221680e-01
4.046376049518585205e-01 7.481507062911987305e-01
2.714319229125976562e-01 4.086008667945861816e-01
3.575488030910491943e-01 6.469385027885437012e-01
6.299447417259216309e-01 5.881165862083435059e-01
6.229910254478454590e-01 6.579071283340454102e-01
5.438448786735534668e-01 6.072568297386169434e-01
6.124994158744812012e-01 4.506984055042266846e-01
6.496546268463134766e-01 4.862194359302520752e-01
4.004340171813964844e-01 5.171349644660949707e-01
4.196213483810424805e-01 5.785644054412841797e-01
5.789346098899841309e-01 5.408068299293518066e-01
5.142629742622375488e-01 7.195038199424743652e-01
5.819535851478576660e-01 6.420112252235412598e-01
5.764190554618835449e-01 7.024143338203430176e-01
4.953349232673645020e-01 3.946782350540161133e-01
6.082638502120971680e-01 5.645679235458374023e-01
3.389337062835693359e-01 6.188720464706420898e-01
4.592009782791137695e-01 6.711227893829345703e-01
4.501895308494567871e-01 6.466564536094665527e-01
4.094747304916381836e-01 6.137429475784301758e-01
6.140432953834533691e-01 5.347281694412231445e-01
7.010290622711181641e-01 6.166384220123291016e-01
3.152773678302764893e-01 5.986780524253845215e-01
2.899175882339477539e-01 4.875676333904266357e-01
6.217484474182128906e-01 5.132126808166503906e-01
3.528016805648803711e-01 4.577465057373046875e-01
4.912683069705963135e-01 4.188922941684722900e-01
4.935802519321441650e-01 5.049294233322143555e-01
6.634753346443176270e-01 4.304147958755493164e-01
5.712774395942687988e-01 5.706579685211181641e-01
3.080620765686035156e-01 4.386275112628936768e-01
5.665476322174072266e-01 5.448615550994873047e-01
3.407891392707824707e-01 5.013052225112915039e-01
5.808027982711791992e-01 5.032449364662170410e-01
4.234136343002319336e-01 4.280254840850830078e-01
6.553584933280944824e-01 5.875739455223083496e-01
5.680159330368041992e-01 4.658924937248229980e-01
3.736844956874847412e-01 6.427039504051208496e-01
3.443317115306854248e-01 4.994838535785675049e-01
5.532661080360412598e-01 4.441929161548614502e-01
4.917121231555938721e-01 7.289048433303833008e-01
6.904411911964416504e-01 6.067078113555908203e-01
4.778452217578887939e-01 7.045934796333312988e-01
5.913414359092712402e-01 7.139769792556762695e-01
6.010391116142272949e-01 5.905600786209106445e-01
4.226107895374298096e-01 4.546516537666320801e-01
2.979999780654907227e-01 4.349762797355651855e-01
5.318127274513244629e-01 4.635721743106842041e-01
3.897094130516052246e-01 5.796721577644348145e-01
4.967983365058898926e-01 5.955944657325744629e-01
5.248779058456420898e-01 5.906809568405151367e-01
3.030290901660919189e-01 5.410831570625305176e-01
4.022768735885620117e-01 6.692271828651428223e-01
4.865694344043731689e-01 6.029220223426818848e-01
4.936078190803527832e-01 4.980867803096771240e-01
3.960043489933013916e-01 4.395234882831573486e-01
3.592618703842163086e-01 7.543868422508239746e-01
5.032868981361389160e-01 6.785677671432495117e-01
3.822870254516601562e-01 4.252951145172119141e-01
4.713532328605651855e-01 5.417369008064270020e-01
5.551144480705261230e-01 5.502440333366394043e-01
2.660378813743591309e-01 5.355044603347778320e-01
4.685758352279663086e-01 5.280498862266540527e-01
4.239830672740936279e-01 6.200415492057800293e-01
6.044552326202392578e-01 6.243410110473632812e-01
4.158661961555480957e-01 6.791459918022155762e-01
5.579689145088195801e-01 5.509070158004760742e-01
4.019441902637481689e-01 6.758052110671997070e-01
4.994872510433197021e-01 5.144088864326477051e-01
5.660396814346313477e-01 5.410043001174926758e-01
6.339432001113891602e-01 7.079776525497436523e-01
5.979701876640319824e-01 5.730332136154174805e-01
5.607653260231018066e-01 6.507704854011535645e-01
5.457990765571594238e-01 5.367501378059387207e-01
4.971384704113006592e-01 4.842875897884368896e-01
4.661155641078948975e-01 3.939843177795410156e-01
5.312307476997375488e-01 4.750325381755828857e-01
4.096516072750091553e-01 8.323848843574523926e-01
6.067389845848083496e-01 7.108086347579956055e-01
6.990801692008972168e-01 4.789788126945495605e-01
4.688213467597961426e-01 5.786428451538085938e-01
5.779486894607543945e-01 5.666158199310302734e-01
6.686279773712158203e-01 5.151443481445312500e-01
4.188237786293029785e-01 6.104717254638671875e-01
5.793797373771667480e-01 4.726433455944061279e-01
3.172979354858398438e-01 5.086452364921569824e-01
4.825673699378967285e-01 6.360583901405334473e-01
4.661624133586883545e-01 5.571925044059753418e-01
5.304192900657653809e-01 6.170004606246948242e-01
6.300487518310546875e-01 6.361045241355895996e-01
4.662057757377624512e-01 5.734704732894897461e-01
4.609757661819458008e-01 6.657187342643737793e-01
5.614209175109863281e-01 5.320766568183898926e-01
4.677222073078155518e-01 5.686593651771545410e-01
4.266287088394165039e-01 5.979650020599365234e-01
5.375367999076843262e-01 5.997054576873779297e-01
5.096043944358825684e-01 7.088816761970520020e-01
5.346507430076599121e-01 5.165233016014099121e-01
4.561849236488342285e-01 6.379631161689758301e-01
4.478358328342437744e-01 4.383156597614288330e-01
5.815023779869079590e-01 4.949874877929687500e-01
3.823290467262268066e-01 5.791603922843933105e-01
3.968316614627838135e-01 4.367960095405578613e-01
3.800966441631317139e-01 6.931813359260559082e-01
5.231159329414367676e-01 5.997490286827087402e-01
3.855875730514526367e-01 7.281070947647094727e-01
4.718127846717834473e-01 4.864672124385833740e-01
5.163275003433227539e-01 5.620993375778198242e-01
6.604229807853698730e-01 4.465339481830596924e-01
3.852410912513732910e-01 7.857222557067871094e-01
6.202276945114135742e-01 7.024107575416564941e-01
3.542163670063018799e-01 5.072709321975708008e-01
6.044908761978149414e-01 5.079095363616943359e-01
5.975099802017211914e-01 6.591306924819946289e-01
7.153664827346801758e-01 4.669758081436157227e-01
4.929876625537872314e-01 8.029741644859313965e-01
4.500298798084259033e-01 6.593797206878662109e-01
5.544646978378295898e-01 6.770157814025878906e-01
3.002318739891052246e-01 5.067088007926940918e-01
5.594953298568725586e-01 6.682233810424804688e-01
5.124601721763610840e-01 6.005735993385314941e-01
5.268082618713378906e-01 5.433943271636962891e-01
6.470360755920410156e-01 6.178989410400390625e-01
4.612021446228027344e-01 7.536236643791198730e-01
5.461581349372863770e-01 6.105468869209289551e-01
4.195491671562194824e-01 7.309098839759826660e-01
6.474345326423645020e-01 6.936984062194824219e-01
4.896335303783416748e-01 7.562530040740966797e-01
5.466970801353454590e-01 7.061690688133239746e-01
6.907008886337280273e-01 5.396365523338317871e-01
4.814460277557373047e-01 5.726252198219299316e-01
5.750454068183898926e-01 6.621056199073791504e-01
4.506181776523590088e-01 5.962960124015808105e-01
4.509830474853515625e-01 4.666106998920440674e-01
4.895812273025512695e-01 5.899472832679748535e-01
4.884308576583862305e-01 6.423729062080383301e-01
4.967780113220214844e-01 5.361884832382202148e-01
4.302878379821777344e-01 6.966947317123413086e-01
5.134251713752746582e-01 5.047547221183776855e-01
3.894133567810058594e-01 7.084448933601379395e-01
5.247247219085693359e-01 5.522906184196472168e-01
4.473694562911987305e-01 3.936232626438140869e-01
3.833889663219451904e-01 8.281664252281188965e-01
4.623657763004302979e-01 5.850683450698852539e-01
3.020530641078948975e-01 4.748352169990539551e-01
4.992363452911376953e-01 5.263891220092773438e-01
4.664399623870849609e-01 7.215957641601562500e-01
4.125287532806396484e-01 6.801505684852600098e-01
3.981679081916809082e-01 7.277889847755432129e-01
5.340112447738647461e-01 7.091029882431030273e-01
3.330024182796478271e-01 5.775911211967468262e-01
6.871083378791809082e-01 5.772094130516052246e-01
4.807318150997161865e-01 7.451037764549255371e-01
4.154148399829864502e-01 5.685906410217285156e-01
3.928687274456024170e-01 4.590436816215515137e-01
4.008293747901916504e-01 4.383248090744018555e-01
3.627596199512481689e-01 4.935065209865570068e-01
4.692041575908660889e-01 6.911821365356445312e-01
4.808698594570159912e-01 7.460024952888488770e-01
5.790421962738037109e-01 4.105729162693023682e-01
6.387627720832824707e-01 5.888177752494812012e-01
4.542587101459503174e-01 5.054548382759094238e-01
4.557412564754486084e-01 5.304080247879028320e-01
6.071261167526245117e-01 5.546712875366210938e-01
6.863940954208374023e-01 5.475130081176757812e-01
6.387104392051696777e-01 6.287686228752136230e-01
5.632426142692565918e-01 5.441893339157104492e-01
7.051610946655273438e-01 4.611732363700866699e-01
6.705778837203979492e-01 4.524575769901275635e-01
5.028414726257324219e-01 6.149071455001831055e-01
5.032854676246643066e-01 6.859813928604125977e-01
5.504660010337829590e-01 5.417684316635131836e-01
5.822500586509704590e-01 7.301995158195495605e-01
3.185142576694488525e-01 5.446158647537231445e-01
3.303185999393463135e-01 7.203203439712524414e-01
5.880491137504577637e-01 4.402983486652374268e-01
5.721513032913208008e-01 5.172384977340698242e-01
4.647291898727416992e-01 6.538698673248291016e-01
5.438189506530761719e-01 6.653002500534057617e-01
6.060425043106079102e-01 5.832509398460388184e-01
4.340190589427947998e-01 7.759587764739990234e-01
3.852220475673675537e-01 7.837421894073486328e-01
5.291225910186767578e-01 6.043596267700195312e-01
4.953371286392211914e-01 4.294226765632629395e-01
6.876919269561767578e-01 5.658043026924133301e-01
4.427993893623352051e-01 5.654727816581726074e-01
5.929673910140991211e-01 6.271977424621582031e-01
3.836105167865753174e-01 7.517600655555725098e-01
3.046308755874633789e-01 5.381952524185180664e-01
4.873153567314147949e-01 8.009841442108154297e-01
4.497899115085601807e-01 4.920157194137573242e-01
3.183683454990386963e-01 5.912122130393981934e-01
7.727036476135253906e-01 4.245086312294006348e-01
6.947509050369262695e-01 5.444084405899047852e-01
2.958861291408538818e-01 5.365644097328186035e-01
4.246864020824432373e-01 5.617281794548034668e-01
3.268640339374542236e-01 5.980938673019409180e-01
3.445646166801452637e-01 6.885879635810852051e-01
4.528359472751617432e-01 6.059365868568420410e-01
6.390032172203063965e-01 4.883379042148590088e-01
5.655460357666015625e-01 5.474204421043395996e-01
5.598040223121643066e-01 4.366058707237243652e-01
6.265617012977600098e-01 6.664823889732360840e-01
4.387468099594116211e-01 7.272688150405883789e-01
4.294465184211730957e-01 6.352395415306091309e-01
4.439764916896820068e-01 6.330391764640808105e-01
4.544061720371246338e-01 6.376836299896240234e-01
3.340982794761657715e-01 5.799192190170288086e-01
7.129698395729064941e-01 4.787814915180206299e-01
5.029623508453369141e-01 4.606163501739501953e-01
4.320160150527954102e-01 7.886146306991577148e-01
4.338627755641937256e-01 5.783809423446655273e-01
4.389377534389495850e-01 6.593149304389953613e-01
5.754097104072570801e-01 5.248977541923522949e-01
4.099317193031311035e-01 7.887670993804931641e-01
4.116659164428710938e-01 8.364210128784179688e-01
3.227812349796295166e-01 7.028874158859252930e-01
4.265269637107849121e-01 6.166077256202697754e-01
4.167814552783966064e-01 6.520645022392272949e-01
6.868863701820373535e-01 5.269229412078857422e-01
4.734549224376678467e-01 5.719197988510131836e-01
5.616534352302551270e-01 4.276791512966156006e-01
4.518765509128570557e-01 6.399915814399719238e-01
5.930172204971313477e-01 4.517014026641845703e-01
7.262097001075744629e-01 4.834899306297302246e-01
5.232545733451843262e-01 7.229372262954711914e-01
3.467624187469482422e-01 7.041217088699340820e-01
5.797072649002075195e-01 6.236207485198974609e-01
6.709249019622802734e-01 6.303307414054870605e-01
3.899176418781280518e-01 5.164991021156311035e-01
5.657001733779907227e-01 6.847566366195678711e-01
5.108782052993774414e-01 6.097961068153381348e-01
4.602169692516326904e-01 6.778174042701721191e-01
4.229723811149597168e-01 4.039408266544342041e-01
6.620800495147705078e-01 5.283474326133728027e-01
4.217148423194885254e-01 6.340562701225280762e-01
4.523297548294067383e-01 7.021932601928710938e-01
2.885549664497375488e-01 3.984405398368835449e-01
7.010678052902221680e-01 5.210089683532714844e-01
3.253397047519683838e-01 5.537801384925842285e-01
4.284926950931549072e-01 7.889924645423889160e-01
7.308016419410705566e-01 4.969957172870635986e-01
4.501502513885498047e-01 8.115364909172058105e-01
3.892748355865478516e-01 6.889311075210571289e-01
6.388877630233764648e-01 7.040689587593078613e-01
4.644373357295989990e-01 6.835735440254211426e-01
4.726076424121856689e-01 7.199742794036865234e-01
6.015674471855163574e-01 6.653279662132263184e-01
6.052356958389282227e-01 6.234996318817138672e-01
4.737543165683746338e-01 7.420552968978881836e-01
3.697884976863861084e-01 5.588110089302062988e-01
3.588773608207702637e-01 6.453070044517517090e-01
6.004444956779479980e-01 4.423692524433135986e-01
6.175918579101562500e-01 5.675602555274963379e-01
2.827410697937011719e-01 6.200274229049682617e-01
3.088962733745574951e-01 5.213863253593444824e-01
3.229467272758483887e-01 4.220452308654785156e-01
6.199883222579956055e-01 6.481427550315856934e-01
4.026109278202056885e-01 5.142735242843627930e-01
5.804995894432067871e-01 4.903779029846191406e-01
4.680133163928985596e-01 5.448594093322753906e-01
3.359322547912597656e-01 4.643281400203704834e-01
4.744686782360076904e-01 6.548238396644592285e-01
5.428543090820312500e-01 5.919685363769531250e-01
5.309985876083374023e-01 8.119589090347290039e-01
6.067368984222412109e-01 5.744054913520812988e-01
3.852107822895050049e-01 5.358970165252685547e-01
6.066509485244750977e-01 5.789199471473693848e-01
2.651737928390502930e-01 5.359610915184020996e-01
5.359599590301513672e-01 5.448398590087890625e-01
3.641450703144073486e-01 4.940378665924072266e-01
4.024839103221893311e-01 5.577702522277832031e-01
4.820272028446197510e-01 7.766880989074707031e-01
4.787925481796264648e-01 6.099288463592529297e-01
3.748324513435363770e-01 7.524961233139038086e-01
4.976945519447326660e-01 4.840291738510131836e-01
6.360296607017517090e-01 4.694686830043792725e-01
7.240746617317199707e-01 4.538365304470062256e-01
4.677135348320007324e-01 5.324521064758300781e-01
5.654021501541137695e-01 6.222753524780273438e-01
5.369031429290771484e-01 6.878958344459533691e-01
5.729722976684570312e-01 5.720021724700927734e-01
5.864725708961486816e-01 6.301687955856323242e-01
5.797111392021179199e-01 5.949352979660034180e-01
5.305473804473876953e-01 5.460506081581115723e-01
4.883505403995513916e-01 5.474214553833007812e-01
4.732471108436584473e-01 6.372366547584533691e-01
5.083083510398864746e-01 7.476075887680053711e-01
6.383793354034423828e-01 5.373336672782897949e-01
4.028995931148529053e-01 6.903127431869506836e-01
3.200678825378417969e-01 4.408923983573913574e-01
4.490159749984741211e-01 5.799062848091125488e-01
5.190674066543579102e-01 5.870704054832458496e-01
2.910812795162200928e-01 4.807250797748565674e-01
5.636230111122131348e-01 7.616743445396423340e-01
5.572947263717651367e-01 6.050552129745483398e-01
3.893355727195739746e-01 6.394106149673461914e-01
6.668889522552490234e-01 6.530471444129943848e-01
5.271131992340087891e-01 5.600811839103698730e-01
5.109614133834838867e-01 4.781096279621124268e-01
5.644962191581726074e-01 5.327132344245910645e-01
3.696613013744354248e-01 6.527987718582153320e-01
5.035083889961242676e-01 6.914912462234497070e-01
2.909158170223236084e-01 6.553443074226379395e-01
3.557021319866180420e-01 6.212459802627563477e-01
5.374725461006164551e-01 5.666282773017883301e-01
5.167011618614196777e-01 5.618076324462890625e-01
5.492409467697143555e-01 5.996319651603698730e-01
4.748060703277587891e-01 6.525249481201171875e-01
7.017517089843750000e-01 5.745376944541931152e-01
5.024287104606628418e-01 6.318944692611694336e-01
5.185707807540893555e-01 6.458861231803894043e-01
4.996651709079742432e-01 5.865185260772705078e-01
3.846599459648132324e-01 3.818259537220001221e-01
4.264533221721649170e-01 7.063880562782287598e-01
3.643482029438018799e-01 4.532864689826965332e-01
4.179804921150207520e-01 6.638333797454833984e-01
4.121411442756652832e-01 7.565641999244689941e-01
6.778913736343383789e-01 6.453195810317993164e-01
2.905626296997070312e-01 6.669211387634277344e-01
4.530822336673736572e-01 6.009827256202697754e-01
4.074453115463256836e-01 5.520969033241271973e-01
5.932967662811279297e-01 5.932792425155639648e-01
4.399622380733489990e-01 7.379418015480041504e-01
6.561828851699829102e-01 6.448102593421936035e-01
5.115544795989990234e-01 5.710396766662597656e-01
5.374422669410705566e-01 7.955902814865112305e-01
7.092614769935607910e-01 4.780128598213195801e-01
7.075683474540710449e-01 4.283889234066009521e-01
5.193314552307128906e-01 7.534464597702026367e-01
5.061860084533691406e-01 5.222018361091613770e-01
6.397001147270202637e-01 5.852716565132141113e-01
5.717724561691284180e-01 5.088264942169189453e-01
4.039569497108459473e-01 7.101545929908752441e-01
6.351761817932128906e-01 4.760873615741729736e-01
4.231452047824859619e-01 8.266097307205200195e-01
7.403459548950195312e-01 3.976103663444519043e-01
5.006265640258789062e-01 6.775967478752136230e-01
4.372785091400146484e-01 6.485915780067443848e-01
3.951591253280639648e-01 6.555926799774169922e-01
5.329602360725402832e-01 5.474473834037780762e-01
4.084780514240264893e-01 5.601946711540222168e-01
6.082766056060791016e-01 4.927755594253540039e-01
5.811282396316528320e-01 7.406173348426818848e-01
4.887775182723999023e-01 5.756222009658813477e-01
4.168050885200500488e-01 5.481712818145751953e-01
4.655572474002838135e-01 7.654892206192016602e-01
5.281989574432373047e-01 6.098327636718750000e-01
4.209294915199279785e-01 4.664140343666076660e-01
5.085170269012451172e-01 5.948595404624938965e-01
3.257472813129425049e-01 4.174877405166625977e-01
4.497517645359039307e-01 4.576826393604278564e-01
5.804008841514587402e-01 5.255486369132995605e-01
5.951617956161499023e-01 7.065366506576538086e-01
4.237869977951049805e-01 7.795000076293945312e-01
5.172812938690185547e-01 5.907033085823059082e-01
5.549960136413574219e-01 5.411900281906127930e-01
4.027677476406097412e-01 6.747105717658996582e-01
5.449590086936950684e-01 6.909098029136657715e-01
5.629637241363525391e-01 5.269662141799926758e-01
4.101184904575347900e-01 4.361573457717895508e-01
5.923064351081848145e-01 7.393355965614318848e-01
5.106534957885742188e-01 7.508947849273681641e-01
4.551664292812347412e-01 6.041932702064514160e-01
5.963268876075744629e-01 5.258553624153137207e-01
5.311564207077026367e-01 6.643466949462890625e-01
6.117978692054748535e-01 6.782529354095458984e-01
5.154142975807189941e-01 5.897899866104125977e-01
5.334366559982299805e-01 4.454536736011505127e-01
6.029773354530334473e-01 7.881870865821838379e-01
5.326565504074096680e-01 5.890268087387084961e-01
4.179825186729431152e-01 4.412677586078643799e-01
3.821003437042236328e-01 4.965679049491882324e-01
4.292423725128173828e-01 5.846916437149047852e-01
5.118191242218017578e-01 6.862262487411499023e-01
4.119057357311248779e-01 6.295931339263916016e-01
4.168605208396911621e-01 4.530900716781616211e-01
3.512105643749237061e-01 5.629562139511108398e-01
6.159482598304748535e-01 4.756201207637786865e-01
6.383777260780334473e-01 6.121226549148559570e-01
3.275791108608245850e-01 7.841260433197021484e-01
3.622087240219116211e-01 5.872188210487365723e-01
4.717084765434265137e-01 5.107228755950927734e-01
6.080368161201477051e-01 5.493667125701904297e-01
3.196066617965698242e-01 6.051774621009826660e-01
3.363090455532073975e-01 5.778288841247558594e-01
4.324230551719665527e-01 8.196884989738464355e-01
5.677002072334289551e-01 6.754615306854248047e-01
3.896298110485076904e-01 7.023476362228393555e-01
5.925585627555847168e-01 7.576749920845031738e-01
4.988592267036437988e-01 6.144287586212158203e-01
5.301272273063659668e-01 6.118367910385131836e-01
5.115848779678344727e-01 7.458903193473815918e-01
5.150154232978820801e-01 5.714033246040344238e-01
3.980762064456939697e-01 3.917391002178192139e-01
5.558304190635681152e-01 5.939971804618835449e-01
5.413258671760559082e-01 5.411297082901000977e-01
5.536014437675476074e-01 4.271103143692016602e-01
4.970428347587585449e-01 7.475485205650329590e-01
5.116030573844909668e-01 7.538356184959411621e-01
4.709541499614715576e-01 5.118579864501953125e-01
4.535033702850341797e-01 6.553864479064941406e-01
4.632214605808258057e-01 4.617761075496673584e-01
3.863553106784820557e-01 5.767775774002075195e-01
4.883254766464233398e-01 6.835926771163940430e-01
4.736097753047943115e-01 6.776707172393798828e-01
4.592688679695129395e-01 6.395112872123718262e-01
4.890480339527130127e-01 5.281429290771484375e-01
4.395914673805236816e-01 6.821022033691406250e-01
5.886747837066650391e-01 5.715276002883911133e-01
5.695786476135253906e-01 6.818922162055969238e-01
5.399243831634521484e-01 4.978222250938415527e-01
6.486708521842956543e-01 4.786752164363861084e-01
3.585745990276336670e-01 4.245816469192504883e-01
5.031968951225280762e-01 7.487775683403015137e-01
4.504498839378356934e-01 4.670521914958953857e-01
5.365840792655944824e-01 5.238694548606872559e-01
4.657655954360961914e-01 4.847343266010284424e-01
3.346879184246063232e-01 7.885057926177978516e-01
5.593340992927551270e-01 7.964403629302978516e-01
5.259612202644348145e-01 5.485537648200988770e-01
5.396991968154907227e-01 4.477300345897674561e-01
5.015984773635864258e-01 6.479582190513610840e-01
4.504926502704620361e-01 7.814446687698364258e-01
3.193902075290679932e-01 5.142327547073364258e-01
4.457185566425323486e-01 5.397053360939025879e-01
3.721627295017242432e-01 5.610929727554321289e-01
6.482430696487426758e-01 5.509614944458007812e-01
5.827991366386413574e-01 6.836578249931335449e-01
6.865016818046569824e-01 6.778422594070434570e-01
4.127139151096343994e-01 8.289760947227478027e-01
3.779829442501068115e-01 4.724659025669097900e-01
5.194590687751770020e-01 7.583926916122436523e-01
3.467610180377960205e-01 4.194837212562561035e-01
3.109380304813385010e-01 6.555914282798767090e-01
4.053882956504821777e-01 6.017104983329772949e-01
6.567828655242919922e-01 5.832261443138122559e-01
7.116532921791076660e-01 6.573945879936218262e-01
3.331317007541656494e-01 4.675211012363433838e-01
6.617808341979980469e-01 4.561941027641296387e-01
5.213153958320617676e-01 6.040347218513488770e-01
5.109311342239379883e-01 4.749308228492736816e-01
4.471335113048553467e-01 5.995389819145202637e-01
6.698445677757263184e-01 6.466156840324401855e-01
4.979558885097503662e-01 5.568831562995910645e-01
2.907991409301757812e-01 3.814315795898437500e-01
6.839519143104553223e-01 5.383699536323547363e-01
5.219112634658813477e-01 7.160379886627197266e-01
3.978532552719116211e-01 7.041139006614685059e-01
4.704267978668212891e-01 7.241187095642089844e-01
4.993533492088317871e-01 6.839737296104431152e-01
6.018453836441040039e-01 6.549767255783081055e-01
4.448221027851104736e-01 6.595377922058105469e-01
5.393737554550170898e-01 5.173599123954772949e-01
6.776784658432006836e-01 4.798022508621215820e-01
4.649543762207031250e-01 6.838175058364868164e-01
3.464444279670715332e-01 6.336994171142578125e-01
3.948206007480621338e-01 8.295162916183471680e-01
4.545755386352539062e-01 5.340892076492309570e-01
5.464810729026794434e-01 7.543525099754333496e-01
7.084938883781433105e-01 5.886557698249816895e-01
5.544430017471313477e-01 7.867726683616638184e-01
6.594240665435791016e-01 6.130846142768859863e-01
5.416161417961120605e-01 6.171428561210632324e-01
5.143424868583679199e-01 5.473422408103942871e-01
3.789870142936706543e-01 4.973921179771423340e-01
3.061786592006683350e-01 5.344828963279724121e-01
4.751146733760833740e-01 6.198267936706542969e-01
4.069627821445465088e-01 6.485331058502197266e-01
5.783842802047729492e-01 5.573194622993469238e-01
4.234575033187866211e-01 5.491048693656921387e-01
6.031000018119812012e-01 5.192019939422607422e-01
4.131020903587341309e-01 8.340768814086914062e-01
4.513573646545410156e-01 7.125959992408752441e-01
5.580189824104309082e-01 5.258404016494750977e-01
7.414783835411071777e-01 4.304809272289276123e-01
6.338275074958801270e-01 6.687142252922058105e-01
6.270833015441894531e-01 5.696724057197570801e-01
4.285919070243835449e-01 5.122436285018920898e-01
5.555738210678100586e-01 6.563157439231872559e-01
5.446414351463317871e-01 7.005603909492492676e-01
6.424552202224731445e-01 5.767362713813781738e-01
4.829634130001068115e-01 6.254855394363403320e-01
4.945042133331298828e-01 6.800904273986816406e-01
5.944573879241943359e-01 5.508584380149841309e-01
5.444800853729248047e-01 6.803041100502014160e-01
5.144858956336975098e-01 6.423007249832153320e-01
6.726078987121582031e-01 5.616176128387451172e-01
4.400010406970977783e-01 4.807366132736206055e-01
5.565465092658996582e-01 5.811921358108520508e-01
3.876295685768127441e-01 5.588748455047607422e-01
5.136353373527526855e-01 4.590054154396057129e-01
3.298242688179016113e-01 4.172506034374237061e-01
5.230778455734252930e-01 5.214127302169799805e-01
4.167003035545349121e-01 7.902435064315795898e-01
4.951660037040710449e-01 6.054236292839050293e-01
6.500118970870971680e-01 6.461542248725891113e-01
4.544367790222167969e-01 7.155324220657348633e-01
4.571527242660522461e-01 7.529322504997253418e-01
5.001619458198547363e-01 5.840561389923095703e-01
6.166674494743347168e-01 5.208953619003295898e-01
5.469175577163696289e-01 6.404590010643005371e-01
5.244284272193908691e-01 6.124143004417419434e-01
3.858496248722076416e-01 5.159085988998413086e-01
5.539744496345520020e-01 5.069614648818969727e-01
5.462004542350769043e-01 6.055541038513183594e-01
6.542310118675231934e-01 5.447751879692077637e-01
5.131926536560058594e-01 7.014058828353881836e-01
7.322595715522766113e-01 4.483433663845062256e-01
4.276139140129089355e-01 5.196870565414428711e-01
5.673922300338745117e-01 6.008326411247253418e-01
4.946781396865844727e-01 6.688469052314758301e-01
6.195236444473266602e-01 5.123565793037414551e-01
6.227018833160400391e-01 5.766426324844360352e-01
6.000544428825378418e-01 6.796776056289672852e-01
4.207904934883117676e-01 6.035479307174682617e-01
5.771653652191162109e-01 5.135018825531005859e-01
5.526997447013854980e-01 5.646969079971313477e-01
6.678240299224853516e-01 5.207808017730712891e-01
5.140696763992309570e-01 5.953136086463928223e-01
5.078691840171813965e-01 7.282843589782714844e-01
4.631293118000030518e-01 5.802925229072570801e-01
4.432017505168914795e-01 6.797804832458496094e-01
6.644995212554931641e-01 6.478581428527832031e-01
4.761231243610382080e-01 5.946947336196899414e-01
5.724857449531555176e-01 6.232317090034484863e-01
5.459876656532287598e-01 5.884599089622497559e-01
7.105290889739990234e-01 4.211559891700744629e-01
7.300506234169006348e-01 5.833179950714111328e-01
5.572448372840881348e-01 5.314643979072570801e-01
4.258953034877777100e-01 5.738280415534973145e-01
4.626925587654113770e-01 6.979921460151672363e-01
6.742206215858459473e-01 5.459364056587219238e-01
6.341369152069091797e-01 5.959444046020507812e-01
7.459200024604797363e-01 5.195933580398559570e-01
6.173045039176940918e-01 4.986534714698791504e-01
4.986441135406494141e-01 5.336447954177856445e-01
4.412508606910705566e-01 6.308699846267700195e-01
4.471894204616546631e-01 7.404313087463378906e-01
4.195234179496765137e-01 5.357015728950500488e-01
5.311216115951538086e-01 4.898664057254791260e-01
7.356513738632202148e-01 4.745162129402160645e-01
5.194985866546630859e-01 5.486649870872497559e-01
4.662250280380249023e-01 7.792842388153076172e-01
6.310498714447021484e-01 7.376112341880798340e-01
4.027281403541564941e-01 7.689087986946105957e-01
4.869155287742614746e-01 6.975708603858947754e-01
4.214436709880828857e-01 7.452282905578613281e-01
4.498423635959625244e-01 7.467299699783325195e-01
3.669480979442596436e-01 7.209987044334411621e-01
5.392231941223144531e-01 6.859935522079467773e-01
6.895868182182312012e-01 4.924525320529937744e-01
4.408576786518096924e-01 6.296532154083251953e-01
3.906345963478088379e-01 4.807235002517700195e-01
4.657351970672607422e-01 6.338038444519042969e-01
6.114434003829956055e-01 4.675595164299011230e-01
6.721095442771911621e-01 4.517053663730621338e-01
5.755269527435302734e-01 4.237754940986633301e-01
4.597051441669464111e-01 5.812537074089050293e-01
6.778023242950439453e-01 5.513703823089599609e-01
5.290742516517639160e-01 8.075900077819824219e-01
6.361922621726989746e-01 6.039161682128906250e-01
4.497155845165252686e-01 5.901132225990295410e-01
5.298976898193359375e-01 6.692945957183837891e-01
7.513011693954467773e-01 4.556403458118438721e-01
5.567545890808105469e-01 5.752421617507934570e-01
4.514830112457275391e-01 7.600487470626831055e-01
4.809606671333312988e-01 6.066356897354125977e-01
5.434045195579528809e-01 7.288561463356018066e-01
4.846693277359008789e-01 7.230796813964843750e-01
5.712620615959167480e-01 6.207357645034790039e-01
3.406466841697692871e-01 5.123130083084106445e-01
3.395225405693054199e-01 4.499508440494537354e-01
4.609361886978149414e-01 4.756330549716949463e-01
7.197356224060058594e-01 5.661467909812927246e-01
6.947387456893920898e-01 6.622164845466613770e-01
3.660682439804077148e-01 3.957937061786651611e-01
4.092728495597839355e-01 5.464300513267517090e-01
7.088531255722045898e-01 5.424957871437072754e-01
4.977029561996459961e-01 7.836564779281616211e-01
5.177335739135742188e-01 6.258141994476318359e-01
7.035666704177856445e-01 4.824077785015106201e-01
5.849744677543640137e-01 5.966891050338745117e-01
6.225643754005432129e-01 6.831285953521728516e-01
4.172194898128509521e-01 5.581029653549194336e-01
4.476663768291473389e-01 6.050714254379272461e-01
4.784064292907714844e-01 4.210923314094543457e-01
7.623999118804931641e-01 4.171254634857177734e-01
5.785366892814636230e-01 6.911113858222961426e-01
5.219740271568298340e-01 6.770794987678527832e-01
3.920152783393859863e-01 4.713056683540344238e-01
6.386420130729675293e-01 5.272769331932067871e-01
5.693498253822326660e-01 5.103949308395385742e-01
5.502936244010925293e-01 6.370533108711242676e-01
5.536042451858520508e-01 6.574369072914123535e-01
7.592779994010925293e-01 5.183953642845153809e-01
6.053581237792968750e-01 5.377271175384521484e-01
6.066546440124511719e-01 5.929005146026611328e-01
4.296606779098510742e-01 4.924623072147369385e-01
5.565371513366699219e-01 5.905639529228210449e-01
4.931731224060058594e-01 6.635919213294982910e-01
6.515894532203674316e-01 4.564596712589263916e-01
5.699098706245422363e-01 5.852699279785156250e-01
6.596518754959106445e-01 5.305280089378356934e-01
5.029615163803100586e-01 5.665249228477478027e-01
7.691465020179748535e-01 4.531515538692474365e-01
3.941937088966369629e-01 5.536881089210510254e-01
3.620212376117706299e-01 7.526569962501525879e-01
4.538642764091491699e-01 8.251329660415649414e-01
4.479775130748748779e-01 7.083458900451660156e-01
4.164744913578033447e-01 5.100776553153991699e-01
3.630482256412506104e-01 5.093150138854980469e-01
3.942814171314239502e-01 6.565983891487121582e-01
5.400864481925964355e-01 4.890051186084747314e-01
4.045396447181701660e-01 4.646168053150177002e-01
4.159769415855407715e-01 5.025158524513244629e-01
6.820624470710754395e-01 5.008776187896728516e-01
3.885612189769744873e-01 4.905655682086944580e-01
6.241489648818969727e-01 5.301810503005981445e-01
5.104917287826538086e-01 6.872667074203491211e-01
4.675680994987487793e-01 7.039933204650878906e-01
5.082024335861206055e-01 5.345997214317321777e-01
6.042453050613403320e-01 5.237157344818115234e-01
4.452746808528900146e-01 6.783742308616638184e-01
5.619024634361267090e-01 4.264821112155914307e-01
5.647321343421936035e-01 5.963644981384277344e-01
3.952490091323852539e-01 4.331918954849243164e-01
4.063074886798858643e-01 5.527871251106262207e-01
5.447488427162170410e-01 5.995357632637023926e-01
4.837782979011535645e-01 7.658867239952087402e-01
6.128593683242797852e-01 6.084399819374084473e-01
6.288630366325378418e-01 4.879998564720153809e-01
5.172342061996459961e-01 7.429010868072509766e-01
4.130426943302154541e-01 5.446844696998596191e-01
5.790733098983764648e-01 4.973184168338775635e-01
5.022096633911132812e-01 4.367460608482360840e-01
5.983956456184387207e-01 5.869747400283813477e-01
7.585706710815429688e-01 4.889856874942779541e-01
6.204533576965332031e-01 6.245757937431335449e-01
5.541986227035522461e-01 6.478605270385742188e-01
5.482388734817504883e-01 5.334001779556274414e-01
5.775161385536193848e-01 5.598104000091552734e-01
5.557379722595214844e-01 6.530389189720153809e-01
6.511192321777343750e-01 5.837675929069519043e-01
4.710147976875305176e-01 5.903506278991699219e-01
6.262568235397338867e-01 4.522600769996643066e-01
4.279898703098297119e-01 7.066621780395507812e-01
6.531286239624023438e-01 6.004493832588195801e-01
5.004037022590637207e-01 6.841265559196472168e-01
6.816399097442626953e-01 5.737622380256652832e-01
5.605453848838806152e-01 6.184626221656799316e-01
5.685258507728576660e-01 5.979379415512084961e-01
4.727563261985778809e-01 8.080342411994934082e-01
4.808404147624969482e-01 7.887870669364929199e-01
6.047949790954589844e-01 5.979714393615722656e-01
4.761705994606018066e-01 6.416966915130615234e-01
5.204396843910217285e-01 4.954465627670288086e-01
5.947222113609313965e-01 4.981676340103149414e-01
6.741193532943725586e-01 5.960296392440795898e-01
5.020217299461364746e-01 5.484153032302856445e-01
6.079725027084350586e-01 4.597271382808685303e-01
4.005360305309295654e-01 6.727485656738281250e-01
7.552185654640197754e-01 5.238874554634094238e-01
6.487531661987304688e-01 5.828242897987365723e-01
4.750933051109313965e-01 5.766117572784423828e-01
5.997901558876037598e-01 6.567584276199340820e-01
5.782217383384704590e-01 5.383313298225402832e-01
6.054199934005737305e-01 5.218254327774047852e-01
6.210722327232360840e-01 6.182650327682495117e-01
3.709945082664489746e-01 5.640360713005065918e-01
4.257062077522277832e-01 4.330375492572784424e-01
5.079925060272216797e-01 6.122716665267944336e-01
3.668478429317474365e-01 6.876975297927856445e-01
5.120756626129150391e-01 7.338001728057861328e-01
4.783408641815185547e-01 5.795863866806030273e-01
3.640416264533996582e-01 5.539134144783020020e-01
5.128819346427917480e-01 8.128264546394348145e-01
6.593982577323913574e-01 4.458440244197845459e-01
5.452572107315063477e-01 6.206830143928527832e-01
4.683714210987091064e-01 6.560115814208984375e-01
5.061779618263244629e-01 5.795378088951110840e-01
5.580185055732727051e-01 7.107387781143188477e-01
7.777180671691894531e-01 4.470778405666351318e-01
5.552020668983459473e-01 6.709384322166442871e-01
4.846131205558776855e-01 5.878503322601318359e-01
6.039124727249145508e-01 6.720973849296569824e-01
3.613338768482208252e-01 5.929255485534667969e-01
5.575126409530639648e-01 5.432442426681518555e-01
5.400673747062683105e-01 4.795618355274200439e-01
6.009753346443176270e-01 5.982638597488403320e-01
4.642302691936492920e-01 6.895827054977416992e-01
4.818683266639709473e-01 6.370943784713745117e-01
6.367836594581604004e-01 6.233805418014526367e-01
4.537729918956756592e-01 5.897446870803833008e-01
6.137588620185852051e-01 6.523457169532775879e-01
3.948659598827362061e-01 4.772570729255676270e-01
5.542372465133666992e-01 5.969673991203308105e-01
6.433012485504150391e-01 7.212932109832763672e-01
5.818379521369934082e-01 5.981755256652832031e-01
5.608180165290832520e-01 6.068855524063110352e-01
4.791622757911682129e-01 6.069842576980590820e-01
5.459842681884765625e-01 7.603119611740112305e-01
5.514866709709167480e-01 7.914152145385742188e-01
5.981695055961608887e-01 6.301954388618469238e-01
7.230164408683776855e-01 3.893072605133056641e-01
6.540832519531250000e-01 4.690014719963073730e-01
5.654254555702209473e-01 5.469889640808105469e-01
5.763217210769653320e-01 5.527938008308410645e-01
6.414194107055664062e-01 4.907096922397613525e-01
4.917641878128051758e-01 7.380381226539611816e-01
6.478198766708374023e-01 5.859569311141967773e-01
5.308538675308227539e-01 4.511864781379699707e-01
5.599412322044372559e-01 6.459213495254516602e-01
4.217570424079895020e-01 5.249468088150024414e-01
5.085465312004089355e-01 5.270553827285766602e-01
5.528754591941833496e-01 7.356629967689514160e-01
5.926749110221862793e-01 5.823433399200439453e-01
6.950849890708923340e-01 4.713215231895446777e-01
4.093394875526428223e-01 6.723538637161254883e-01
4.372501373291015625e-01 5.570578575134277344e-01
3.646156787872314453e-01 6.881752610206604004e-01
6.719260811805725098e-01 5.823491811752319336e-01
4.678542912006378174e-01 4.878638386726379395e-01
4.465633630752563477e-01 4.545135498046875000e-01
7.285003066062927246e-01 4.672722518444061279e-01
4.845297038555145264e-01 7.946549057960510254e-01
6.494895815849304199e-01 6.239953637123107910e-01
6.882526874542236328e-01 4.906454682350158691e-01
5.289233326911926270e-01 6.946253776550292969e-01
6.028199791908264160e-01 5.711911320686340332e-01
5.430116057395935059e-01 6.324086785316467285e-01
4.893088340759277344e-01 4.960857629776000977e-01
6.335616111755371094e-01 6.377578973770141602e-01
6.633749604225158691e-01 4.603512287139892578e-01
4.303831458091735840e-01 5.522534847259521484e-01
5.091748237609863281e-01 5.950825214385986328e-01
5.186282396316528320e-01 6.806004047393798828e-01
5.739622116088867188e-01 6.114521026611328125e-01
5.705804228782653809e-01 5.617676973342895508e-01
5.928806662559509277e-01 7.228828668594360352e-01
3.788295686244964600e-01 5.997222065925598145e-01
5.210977196693420410e-01 7.365879416465759277e-01
7.027004957199096680e-01 5.350943207740783691e-01
5.739614963531494141e-01 5.713639855384826660e-01
6.430185437202453613e-01 5.149911642074584961e-01
4.440855979919433594e-01 5.348854660987854004e-01
5.043916702270507812e-01 5.456485152244567871e-01
6.856265068054199219e-01 5.002076625823974609e-01
4.056404829025268555e-01 5.195301175117492676e-01
4.705283641815185547e-01 8.132276535034179688e-01
4.685025513172149658e-01 7.468352317810058594e-01
5.935400724411010742e-01 5.570707917213439941e-01
4.892129898071289062e-01 7.531529664993286133e-01
5.328020453453063965e-01 5.421371459960937500e-01
5.631484389305114746e-01 7.447743415832519531e-01
