-3.311881422996520996e-01 2.313285470008850098e-01
3.379814624786376953e-01 1.870695352554321289e-01
1.308697462081909180e-01 -4.025360941886901855e-01
3.071198463439941406e-01 1.399553418159484863e-01
-2.873815894126892090e-01 2.866635322570800781e-01
-8.556574583053588867e-02 -1.097472310066223145e-01
-4.729321002960205078e-01 -1.204522848129272461e-01
2.173680663108825684e-01 -1.121577620506286621e-01
4.802447557449340820e-02 -3.913897871971130371e-01
2.495666742324829102e-01 -4.238438606262207031e-01
1.638799309730529785e-01 -2.588661909103393555e-01
-2.680771946907043457e-01 3.078987002372741699e-01
-8.866423368453979492e-02 1.183350682258605957e-01
-1.177799701690673828e-02 -2.335011959075927734e-01
-5.763953924179077148e-02 -2.012676596641540527e-01
1.044981479644775391e-01 2.815171480178833008e-01
3.600494265556335449e-01 -7.738500833511352539e-02
-2.749413251876831055e-01 -4.976576566696166992e-01
-1.503385305404663086e-01 1.607893705368041992e-01
1.662465333938598633e-01 1.636186838150024414e-01
2.873342633247375488e-01 1.709383130073547363e-01
-1.214982271194458008e-01 -2.104556560516357422e-01
3.585839271545410156e-01 -1.493762731552124023e-01
4.818189144134521484e-02 -1.191178560256958008e-01
1.982541084289550781e-01 -3.267674446105957031e-01
-8.815115690231323242e-02 4.521076679229736328e-01
4.044082760810852051e-01 -1.356072425842285156e-01
3.414738178253173828e-02 2.417238354682922363e-01
-3.575984835624694824e-01 1.469898223876953125e-02
2.891857624053955078e-01 1.412155628204345703e-01
4.435045719146728516e-01 2.910913228988647461e-01
2.185962200164794922e-01 4.336354136466979980e-01
2.825627923011779785e-01 4.568549394607543945e-01
3.106617927551269531e-01 3.455173373222351074e-01
-4.462770223617553711e-01 1.585901975631713867e-01
-1.136964559555053711e-01 -2.817619442939758301e-01
-2.618694305419921875e-01 -3.370813727378845215e-01
3.290754556655883789e-01 4.193770885467529297e-02
1.986840367317199707e-01 1.206407546997070312e-01
3.995720148086547852e-01 2.095180749893188477e-02
4.654765129089355469e-03 -3.500339388847351074e-01
3.372682332992553711e-01 2.236709594726562500e-01
4.877068400382995605e-01 -2.715557217597961426e-01
-2.048927545547485352e-01 -3.602382540702819824e-01
3.130761981010437012e-01 -4.321287274360656738e-01
3.300603628158569336e-01 -3.338569998741149902e-01
-3.757459521293640137e-01 -2.212280631065368652e-01
4.837013483047485352e-01 6.473803520202636719e-02
1.572164297103881836e-01 4.335337877273559570e-02
4.806643724441528320e-02 1.248114109039306641e-01
4.505686163902282715e-01 -1.194399595260620117e-01
7.548528909683227539e-02 -3.622246980667114258e-01
-2.352827191352844238e-01 9.714370965957641602e-02
2.600411772727966309e-01 3.749791383743286133e-01
6.447190046310424805e-02 -3.037859201431274414e-01
1.295305490493774414e-01 1.623183488845825195e-01
3.064173460006713867e-02 4.870203137397766113e-01
3.259599208831787109e-01 8.143186569213867188e-03
-2.942007184028625488e-01 1.054006814956665039e-01
1.289222836494445801e-01 1.811863780021667480e-01
1.894569396972656250e-02 3.976331353187561035e-01
3.617562651634216309e-01 -3.053947687149047852e-01
-2.490838766098022461e-01 -1.810023784637451172e-01
-4.101610183715820312e-01 -1.157150864601135254e-01
-2.058476209640502930e-01 1.081046462059020996e-01
-2.791112661361694336e-02 4.327321052551269531e-02
2.855690717697143555e-01 4.832001328468322754e-01
-2.254173755645751953e-01 -4.948437809944152832e-01
3.076411485671997070e-01 2.463649511337280273e-01
-2.875100374221801758e-01 -2.808277010917663574e-01
-3.457027673721313477e-02 -1.107458472251892090e-01
-3.993698358535766602e-01 -3.112965226173400879e-01
-4.545527696609497070e-02 4.042599201202392578e-01
4.280874729156494141e-01 4.484115839004516602e-01
-4.498121738433837891e-01 4.396752715110778809e-01
2.617977857589721680e-01 -3.285185694694519043e-01
3.384591937065124512e-01 4.854457974433898926e-01
-3.375914096832275391e-01 8.623421192169189453e-03
1.134676337242126465e-01 4.935252070426940918e-01
-8.676946163177490234e-02 2.000421881675720215e-01
4.397165775299072266e-01 -1.109765768051147461e-01
3.732331395149230957e-01 -1.362337470054626465e-01
2.053892016410827637e-01 -1.647224426269531250e-01
4.299833178520202637e-01 4.998993277549743652e-01
1.464385986328125000e-01 -4.620899558067321777e-01
4.132016301155090332e-01 -5.075293779373168945e-02
-2.142699956893920898e-01 3.970831632614135742e-01
4.196688532829284668e-01 9.083217382431030273e-02
-3.201220035552978516e-01 3.061392903327941895e-01
-2.107033729553222656e-01 -3.937454819679260254e-01
-1.292161345481872559e-01 -2.939653992652893066e-01
-4.548635482788085938e-01 2.014999389648437500e-01
-2.029012441635131836e-01 -7.633364200592041016e-02
-8.304578065872192383e-02 1.591613888740539551e-01
-1.022506356239318848e-01 -9.099519252777099609e-02
7.422012090682983398e-02 2.319976687431335449e-01
1.004688739776611328e-01 3.795800209045410156e-01
-4.968362450599670410e-01 -1.400038599967956543e-01
4.659138321876525879e-01 -3.259898424148559570e-01
-1.123765110969543457e-01 -2.310913801193237305e-02
-3.656531572341918945e-01 2.791765928268432617e-01
-2.135517597198486328e-01 3.014895319938659668e-01
-4.374132156372070312e-01 2.990025281906127930e-01
3.104128241539001465e-01 -2.207811474800109863e-01
3.055809736251831055e-01 2.832559347152709961e-01
3.491230010986328125e-01 3.529763221740722656e-02
-4.032691717147827148e-01 -4.733342528343200684e-01
4.968675971031188965e-01 -3.215849399566650391e-02
4.335895180702209473e-01 -3.822189569473266602e-01
-1.215739846229553223e-01 -1.727579832077026367e-01
-1.899569630622863770e-01 -4.956547021865844727e-01
-2.817449569702148438e-01 7.572281360626220703e-02
-4.899293780326843262e-01 2.274576425552368164e-01
-1.089805960655212402e-01 3.043889999389648438e-02
-4.089390039443969727e-01 -1.825320720672607422e-01
2.981760501861572266e-01 -1.244081258773803711e-01
-6.411647796630859375e-02 3.326002359390258789e-01
-7.749795913696289062e-02 -2.811407446861267090e-01
-4.063510298728942871e-01 -2.647782564163208008e-01
1.116089224815368652e-01 -2.646816372871398926e-01
6.187826395034790039e-02 -1.850581169128417969e-02
3.567803502082824707e-01 -3.435854911804199219e-01
1.828643083572387695e-01 -2.082622051239013672e-01
3.090018033981323242e-01 -2.880632877349853516e-01
-3.160894513130187988e-01 -2.716087698936462402e-01
-4.971471428871154785e-01 6.032842397689819336e-02
-1.001405715942382812e-01 -2.918186783790588379e-01
7.657563686370849609e-02 1.436423063278198242e-01
-2.280239462852478027e-01 8.246302604675292969e-02
-1.251813769340515137e-01 -4.193753004074096680e-02
-2.259331345558166504e-01 -1.343960165977478027e-01
-1.314271092414855957e-01 -3.459658622741699219e-01
2.380885481834411621e-01 5.235427618026733398e-02
-3.817381262779235840e-01 5.725836753845214844e-02
4.096576571464538574e-01 -1.351655125617980957e-01
3.132963776588439941e-01 -4.077868461608886719e-01
-6.477522850036621094e-02 -1.377519965171813965e-01
-1.799014210700988770e-01 4.696351289749145508e-01
-4.684915542602539062e-01 -2.840161919593811035e-01
2.357719540596008301e-01 6.037819385528564453e-02
-3.703792095184326172e-01 1.980284452438354492e-01
2.863133549690246582e-01 -1.089800596237182617e-01
-4.877378940582275391e-01 -9.377360343933105469e-03
-1.093956232070922852e-01 -3.082364797592163086e-02
1.459718346595764160e-01 -3.151512145996093750e-02
1.277345418930053711e-01 -1.179841756820678711e-01
-4.404039382934570312e-01 -3.864955306053161621e-01
2.996226549148559570e-01 -3.592936396598815918e-01
1.757083535194396973e-01 -3.420825004577636719e-01
2.638486027717590332e-01 -7.799047231674194336e-02
4.342042803764343262e-01 7.932043075561523438e-02
2.341344952583312988e-01 -4.973096847534179688e-01
2.454414963722229004e-01 -2.292380928993225098e-01
2.726042270660400391e-01 2.932126522064208984e-01
4.189905524253845215e-01 -4.497497677803039551e-01
1.226258277893066406e-02 3.260189890861511230e-01
-3.725906610488891602e-01 6.390327215194702148e-02
3.578815460205078125e-01 1.838049888610839844e-01
4.012535214424133301e-01 -8.060348033905029297e-02
-8.350431919097900391e-03 -4.431062340736389160e-01
2.047430276870727539e-01 1.061772108078002930e-01
-1.560973525047302246e-01 -3.873106241226196289e-01
7.867276668548583984e-02 8.812695741653442383e-02
-1.297277212142944336e-02 -3.666875958442687988e-01
3.084533810615539551e-01 1.721287369728088379e-01
2.227443456649780273e-02 4.931007623672485352e-01
-4.782550334930419922e-01 -3.692241907119750977e-01
-5.525976419448852539e-02 1.426313519477844238e-01
-1.514952182769775391e-01 -6.646233797073364258e-02
-4.323924779891967773e-01 -2.489140033721923828e-01
-3.214429616928100586e-01 -2.103324532508850098e-01
1.061215996742248535e-01 -3.536631464958190918e-01
2.650092244148254395e-01 -4.073477387428283691e-01
-1.631162166595458984e-01 -4.614322185516357422e-01
2.687766551971435547e-01 -3.733805418014526367e-01
-3.331576585769653320e-01 -4.280930161476135254e-01
-2.754663825035095215e-01 -2.926877737045288086e-01
2.833355665206909180e-01 -3.975099325180053711e-01
-3.910099267959594727e-01 2.351871728897094727e-01
4.358577132225036621e-01 3.983535766601562500e-01
5.196696519851684570e-02 4.176809787750244141e-01
-3.178969025611877441e-01 3.617894649505615234e-01
4.615703225135803223e-01 -2.319557666778564453e-01
3.238364458084106445e-01 3.474349975585937500e-01
-2.954006195068359375e-01 1.380851268768310547e-01
4.026418924331665039e-01 -3.853548169136047363e-01
-4.559832215309143066e-01 -1.473994255065917969e-01
-3.976051807403564453e-01 -2.343838810920715332e-01
1.123865842819213867e-01 4.551071524620056152e-01
1.367705464363098145e-01 2.578470706939697266e-01
-4.462325572967529297e-02 -4.284622669219970703e-01
-4.421938657760620117e-01 -2.958971858024597168e-01
4.818192124366760254e-01 4.223240613937377930e-01
-1.205149292945861816e-01 -8.130747079849243164e-02
-1.606132388114929199e-01 3.327591419219970703e-01
-1.051596999168395996e-01 1.229969859123229980e-01
-4.982068538665771484e-01 -2.577651739120483398e-01
-4.049242138862609863e-01 -3.828106522560119629e-01
3.626889586448669434e-01 -3.167536854743957520e-01
-3.946633338928222656e-01 -4.902887344360351562e-01
-1.224094629287719727e-01 2.058053612709045410e-01
-1.666564345359802246e-01 3.411743640899658203e-01
-1.843954324722290039e-01 -1.613597273826599121e-01
1.926279664039611816e-01 -4.037890434265136719e-01
-1.349045634269714355e-01 -4.107297658920288086e-01
-1.631291508674621582e-01 -2.641701698303222656e-02
3.366703391075134277e-01 3.923314809799194336e-02
1.753178834915161133e-01 -1.253235936164855957e-01
-3.645702004432678223e-01 3.103239536285400391e-01
-4.188069701194763184e-01 -3.991677761077880859e-01
-4.280521869659423828e-01 3.581309318542480469e-02
-2.980822920799255371e-01 -3.249574303627014160e-01
-1.995429992675781250e-01 3.181994557380676270e-01
3.252021670341491699e-01 -3.949584364891052246e-01
1.596843600273132324e-01 5.110740661621093750e-02
-1.418126821517944336e-01 -2.824344635009765625e-01
-4.042077660560607910e-01 -3.155118227005004883e-01
8.779710531234741211e-02 -4.427359104156494141e-01
-2.481402754783630371e-01 9.487724304199218750e-02
-3.945331573486328125e-01 2.292158603668212891e-01
2.466518282890319824e-01 3.047767877578735352e-01
-6.970566511154174805e-02 -3.262532949447631836e-01
2.020053267478942871e-01 3.491693735122680664e-01
2.984312772750854492e-01 -4.784387946128845215e-01
1.705656647682189941e-01 -2.084307074546813965e-01
1.245846152305603027e-01 -3.424963355064392090e-01
4.109827280044555664e-01 -1.344392895698547363e-01
4.501014947891235352e-01 2.807680368423461914e-01
1.320596337318420410e-01 6.346583366394042969e-03
-2.550194263458251953e-01 -1.726986765861511230e-01
2.793764472007751465e-01 -2.045748829841613770e-01
1.984404921531677246e-01 9.437924623489379883e-02
-4.401965737342834473e-01 -3.928201794624328613e-01
2.328428626060485840e-01 3.545346856117248535e-01
4.446756839752197266e-01 4.284550547599792480e-01
-1.780689358711242676e-01 -3.965780138969421387e-01
1.312196850776672363e-01 -3.331351876258850098e-01
-2.469053268432617188e-01 -3.183586597442626953e-01
-1.615899801254272461e-01 -2.032572031021118164e-02
-2.964759469032287598e-01 2.051672935485839844e-01
-4.452761411666870117e-01 -1.002519130706787109e-01
-4.237831830978393555e-01 -3.634160757064819336e-02
-3.305306434631347656e-01 -1.206716299057006836e-01
4.922195076942443848e-01 4.739953875541687012e-01
-4.202282428741455078e-02 3.050084710121154785e-01
-2.425734996795654297e-01 3.263354301452636719e-04
3.899627923965454102e-01 -3.899407386779785156e-01
4.276683330535888672e-01 -2.523069381713867188e-01
-8.513873815536499023e-02 3.964386582374572754e-01
-7.557517290115356445e-02 -4.475675225257873535e-01
-3.316920399665832520e-01 -2.981929779052734375e-01
4.674470424652099609e-01 -3.406630158424377441e-01
-6.756341457366943359e-02 -3.282646536827087402e-01
-7.407850027084350586e-02 4.881923198699951172e-01
-2.271807789802551270e-01 -1.263922452926635742e-01
-1.066261529922485352e-01 6.894314289093017578e-02
-2.861416339874267578e-02 -1.694214344024658203e-02
3.651729226112365723e-01 4.621065855026245117e-01
-4.173815846443176270e-01 1.308845281600952148e-01
3.425176739692687988e-01 -3.784415721893310547e-01
1.595196127891540527e-01 -6.689828634262084961e-02
1.144021749496459961e-02 -4.431205987930297852e-02
-1.522439122200012207e-01 -2.770057320594787598e-01
-1.792019605636596680e-01 3.952530622482299805e-01
-6.287735700607299805e-02 4.927128553390502930e-01
2.414472699165344238e-01 -2.657480835914611816e-01
-4.746112227439880371e-01 2.790588736534118652e-01
4.433607459068298340e-01 -2.236696481704711914e-01
2.007895708084106445e-01 -1.038612723350524902e-01
-2.914155125617980957e-01 2.707715034484863281e-01
-1.565931439399719238e-01 4.857856035232543945e-02
-3.994490504264831543e-01 -1.669195294380187988e-01
-2.393034100532531738e-01 1.650655269622802734e-02
3.765909671783447266e-01 1.343815922737121582e-01
-1.721698641777038574e-01 4.643455147743225098e-01
-1.308512091636657715e-01 -1.195197105407714844e-01
-1.294916868209838867e-01 -1.209313273429870605e-01
1.274302601814270020e-01 -4.278038144111633301e-01
-2.355342507362365723e-01 2.684956192970275879e-01
4.681104421615600586e-01 1.670420765876770020e-01
4.713709950447082520e-01 -4.275274872779846191e-01
6.455463171005249023e-02 -1.470420956611633301e-01
-4.627464413642883301e-01 -4.972292780876159668e-01
-1.030097007751464844e-01 -2.002906203269958496e-01
1.669120192527770996e-01 -1.837211847305297852e-02
1.970382928848266602e-01 -3.529517650604248047e-01
3.629304170608520508e-01 -4.980047345161437988e-01
-1.326702237129211426e-01 3.845152854919433594e-01
3.704537749290466309e-01 -8.648341894149780273e-02
-3.027561902999877930e-01 1.620395779609680176e-01
-1.099479198455810547e-01 -7.573837041854858398e-02
-3.673895001411437988e-01 1.325212717056274414e-01
-1.858909726142883301e-01 -2.420735359191894531e-02
-2.801666259765625000e-01 4.088252782821655273e-02
3.886665701866149902e-01 3.496604561805725098e-01
-2.378153204917907715e-01 2.670642733573913574e-01
2.762928009033203125e-01 -1.298761367797851562e-01
-2.268493771553039551e-01 3.510073423385620117e-01
-4.736462831497192383e-01 1.645187139511108398e-01
1.594554185867309570e-01 1.468445062637329102e-01
7.357418537139892578e-03 3.948711752891540527e-01
2.504023909568786621e-01 3.238206505775451660e-01
6.211578845977783203e-03 -7.807624340057373047e-02
-3.572726249694824219e-01 4.509494304656982422e-01
3.132895827293395996e-01 1.654068827629089355e-01
6.273090839385986328e-02 -9.118795394897460938e-03
1.610149741172790527e-01 -4.034243226051330566e-01
2.639694213867187500e-01 6.035578250885009766e-02
-4.954177141189575195e-01 1.215870380401611328e-01
1.997982859611511230e-01 4.085724353790283203e-01
2.366304397583007812e-05 2.784986495971679688e-01
-3.547883033752441406e-01 -3.585247397422790527e-01
4.749087095260620117e-01 4.788098931312561035e-01
-1.926422119140625000e-01 3.489971756935119629e-01
6.171053647994995117e-02 3.636047840118408203e-01
-1.284806132316589355e-01 6.415945291519165039e-02
-3.299101591110229492e-01 -1.823253631591796875e-01
4.995840191841125488e-01 1.600421071052551270e-01
-3.290190696716308594e-01 -2.604832053184509277e-01
-1.392522454261779785e-01 4.925907850265502930e-01
-3.313266634941101074e-01 -1.476480364799499512e-01
4.677477478981018066e-01 1.648169159889221191e-01
1.186627149581909180e-02 -2.937499284744262695e-01
4.715573191642761230e-01 4.988858103752136230e-01
-2.663618326187133789e-01 1.907194256782531738e-01
-5.501878261566162109e-02 -4.528585672378540039e-01
3.617100715637207031e-01 -3.708344697952270508e-01
1.740778684616088867e-01 2.728238701820373535e-01
-3.821796178817749023e-01 2.186850905418395996e-01
-2.088094353675842285e-01 -3.836578726768493652e-01
5.721342563629150391e-02 -3.683136701583862305e-01
1.919802427291870117e-01 4.871787428855895996e-01
2.725772857666015625e-01 3.535823225975036621e-01
-3.651207685470581055e-01 -3.679226636886596680e-01
-4.106134772300720215e-01 3.286734819412231445e-01
-2.729406356811523438e-01 -3.039746284484863281e-01
1.443381309509277344e-01 -4.937008619308471680e-01
-2.725612521171569824e-01 1.989414691925048828e-01
-3.696069121360778809e-01 3.934395313262939453e-02
-5.494612455368041992e-02 3.677074313163757324e-01
6.917876005172729492e-02 3.744328022003173828e-02
-1.321693658828735352e-01 3.746797442436218262e-01
2.696532607078552246e-01 -8.064877986907958984e-02
1.417343616485595703e-01 -6.180852651596069336e-02
-4.532561302185058594e-01 -3.217182159423828125e-01
1.500229239463806152e-01 -1.478341221809387207e-01
-5.815076828002929688e-02 3.400808572769165039e-02
-5.477815866470336914e-02 -3.627411127090454102e-01
-2.007766962051391602e-01 -3.004274368286132812e-01
-9.181755781173706055e-02 3.047623038291931152e-01
-3.234515786170959473e-01 -4.174075126647949219e-01
-7.548475265502929688e-02 -2.305894494056701660e-01
-3.164654374122619629e-01 -1.535251140594482422e-01
-1.151398420333862305e-01 5.640172958374023438e-02
-1.649971008300781250e-01 -2.977878451347351074e-01
-3.403809666633605957e-01 -2.966684103012084961e-01
-1.234553456306457520e-01 -3.033185005187988281e-02
-2.754079699516296387e-01 3.321834802627563477e-01
-1.412856578826904297e-02 4.579412937164306641e-02
-6.797951459884643555e-02 2.275977730751037598e-01
3.146432042121887207e-01 -2.094240784645080566e-01
-1.173771619796752930e-01 -4.264664649963378906e-02
-2.001969814300537109e-01 -8.774834871292114258e-02
3.611706495285034180e-01 -4.039994478225708008e-01
4.974122047424316406e-01 -4.721637964248657227e-01
2.958606481552124023e-01 -2.637875676155090332e-01
-1.087456941604614258e-01 -1.535939574241638184e-01
1.350701451301574707e-01 -1.958596706390380859e-02
1.789221167564392090e-01 1.484689712524414062e-01
4.266460537910461426e-01 -1.070634126663208008e-01
-3.436063528060913086e-01 -2.425407767295837402e-01
-6.280088424682617188e-02 -3.766407370567321777e-01
4.246083498001098633e-01 4.702544212341308594e-02
-2.066412568092346191e-01 -2.181593179702758789e-01
1.035436391830444336e-01 1.518929004669189453e-01
-2.224488258361816406e-01 -4.348849058151245117e-01
-3.982084989547729492e-02 1.031902432441711426e-01
-1.048325300216674805e-01 -2.949830889701843262e-01
-2.582374215126037598e-01 9.744554758071899414e-02
-3.404829502105712891e-01 -1.561199426651000977e-01
3.045436143875122070e-01 5.611383914947509766e-02
3.669806718826293945e-01 -3.770802021026611328e-01
2.138011455535888672e-01 4.281381964683532715e-01
-4.613032937049865723e-01 -1.693335771560668945e-01
4.577755331993103027e-01 9.468066692352294922e-02
-4.448657035827636719e-01 -2.371003627777099609e-01
7.897716760635375977e-02 -1.722487211227416992e-01
4.092116951942443848e-01 4.312471747398376465e-01
3.143697381019592285e-01 -7.797348499298095703e-02
1.337379813194274902e-01 -4.737035036087036133e-01
1.813941001892089844e-01 3.452402353286743164e-01
-2.713960409164428711e-02 -3.362709879875183105e-01
1.040713787078857422e-01 2.778266072273254395e-01
1.231837868690490723e-01 3.503627181053161621e-01
-1.557311415672302246e-01 2.871572971343994141e-01
1.279046535491943359e-01 1.495363712310791016e-01
3.621765375137329102e-01 7.932662963867187500e-02
1.396043300628662109e-01 -3.547364473342895508e-02
-4.772416949272155762e-01 -2.341610789299011230e-01
1.624315977096557617e-01 -5.197525024414062500e-04
-2.686836123466491699e-01 -3.083869814872741699e-01
-1.296672224998474121e-01 -1.403164863586425781e-01
2.070400118827819824e-01 -3.047943115234375000e-01
4.879682660102844238e-01 -1.550257205963134766e-01
-4.988637566566467285e-01 -4.848045706748962402e-01
2.759379148483276367e-01 7.787835597991943359e-02
-3.185021281242370605e-01 -1.455587744712829590e-01
-9.120410680770874023e-02 -5.187857151031494141e-02
1.984355449676513672e-01 1.414670944213867188e-01
1.912508010864257812e-01 9.158205986022949219e-02
-1.460315585136413574e-01 2.445404529571533203e-01
-4.496038556098937988e-01 1.028259992599487305e-01
-4.785943031311035156e-02 3.248011469841003418e-01
4.434830546379089355e-01 -2.827095389366149902e-01
-4.209280014038085938e-01 -7.736825942993164062e-02
3.681303262710571289e-01 3.807297945022583008e-01
-2.533563971519470215e-01 -3.641310930252075195e-01
8.515262603759765625e-02 -4.147677421569824219e-01
-3.555608987808227539e-01 4.275634884834289551e-01
-4.099608659744262695e-01 -2.500469684600830078e-01
-8.180236816406250000e-02 2.463986277580261230e-01
4.717441201210021973e-01 1.042804718017578125e-01
1.739954948425292969e-02 2.335906624794006348e-01
-9.943675994873046875e-02 3.473058938980102539e-01
-4.442836642265319824e-01 -9.797853231430053711e-02
3.073195815086364746e-01 4.107642769813537598e-01
3.058301210403442383e-01 -3.035193085670471191e-01
1.468193531036376953e-02 -5.508595705032348633e-02
-1.815688014030456543e-01 4.722110629081726074e-01
2.328782677650451660e-01 1.973688602447509766e-03
4.821915626525878906e-01 -2.145842313766479492e-01
-2.910459041595458984e-02 4.144489765167236328e-01
3.093500137329101562e-01 3.888062238693237305e-01
2.893739938735961914e-02 -1.676072478294372559e-01
-3.700850009918212891e-01 4.162289500236511230e-01
2.811135649681091309e-01 -3.380899429321289062e-01
9.494918584823608398e-02 1.270948052406311035e-01
-4.969152212142944336e-01 3.724802732467651367e-01
4.505127072334289551e-01 -4.459534883499145508e-01
-2.559089660644531250e-02 4.659507870674133301e-01
-2.725036144256591797e-01 -7.631874084472656250e-02
3.211770057678222656e-01 -9.825867414474487305e-02
-1.324821114540100098e-01 4.063141942024230957e-01
1.605885624885559082e-01 -3.084437847137451172e-01
-1.534179449081420898e-01 4.424954056739807129e-01
-7.905960083007812500e-02 4.626474380493164062e-01
-2.712953090667724609e-01 -4.888924956321716309e-01
1.355873346328735352e-01 2.887028455734252930e-02
2.463713884353637695e-01 -3.943250179290771484e-01
3.911914825439453125e-01 6.373369693756103516e-02
-3.579396009445190430e-01 -3.619602322578430176e-01
-4.281464219093322754e-01 2.253209352493286133e-01
3.581113815307617188e-01 1.620541810989379883e-01
2.363334894180297852e-01 1.302338242530822754e-01
-3.005026578903198242e-01 3.838213682174682617e-01
2.110654115676879883e-01 1.502743363380432129e-01
-3.189635276794433594e-02 -4.805927276611328125e-01
-3.441074490547180176e-01 2.878055572509765625e-01
-4.032753705978393555e-01 -3.537116646766662598e-01
4.474234580993652344e-02 1.483952999114990234e-02
-1.025772094726562500e-02 -7.173222303390502930e-02
4.759768247604370117e-01 1.909913420677185059e-01
3.910904526710510254e-01 -4.558277130126953125e-01
-1.972424983978271484e-02 1.400784850120544434e-01
5.616497993469238281e-02 -3.643625974655151367e-02
-2.513742446899414062e-02 3.526625037193298340e-01
-4.810143709182739258e-01 4.585812687873840332e-01
7.989609241485595703e-02 1.347798109054565430e-01
3.224137425422668457e-01 3.442516326904296875e-01
4.431619644165039062e-01 1.617935895919799805e-01
3.419752717018127441e-01 4.827812910079956055e-01
-4.143925309181213379e-01 3.438344597816467285e-01
4.917596578598022461e-01 3.470126390457153320e-01
-1.892417073249816895e-01 -2.982460856437683105e-01
-1.882770061492919922e-01 4.841845631599426270e-01
-4.999852776527404785e-01 4.136001467704772949e-01
4.385569095611572266e-01 2.703461050987243652e-01
2.716491818428039551e-01 4.326424002647399902e-01
3.680579066276550293e-01 -2.277130484580993652e-01
-1.812732219696044922e-02 2.351154088973999023e-01
1.572279930114746094e-01 3.354207873344421387e-01
2.765676975250244141e-01 -4.532597064971923828e-01
-1.916744112968444824e-01 2.962052822113037109e-01
-1.804739832878112793e-01 2.508942484855651855e-01
1.882932782173156738e-01 2.346358895301818848e-01
-1.470285654067993164e-01 -2.724590301513671875e-01
1.824592947959899902e-01 -2.647011280059814453e-01
1.058353185653686523e-01 2.435809373855590820e-02
-3.236538171768188477e-01 -3.526564836502075195e-01
-4.108629226684570312e-01 5.879414081573486328e-02
-3.023042678833007812e-01 4.017574787139892578e-01
2.908699512481689453e-01 1.959315538406372070e-01
2.025955915451049805e-01 1.676805615425109863e-01
1.114999055862426758e-01 2.860420942306518555e-01
-1.564853787422180176e-01 -1.506840586662292480e-01
2.797694206237792969e-01 -4.045403003692626953e-02
9.866631031036376953e-02 -1.955413222312927246e-01
2.585737705230712891e-01 5.082726478576660156e-02
5.805903673171997070e-02 -1.113139390945434570e-01
-3.384172916412353516e-03 -8.935356140136718750e-02
3.948545455932617188e-02 6.042760610580444336e-02
-1.159030199050903320e-02 -3.652974367141723633e-01
-4.986384510993957520e-01 -4.509137868881225586e-01
1.472402811050415039e-01 -3.801625370979309082e-01
-4.059364795684814453e-01 1.682296991348266602e-01
3.596019744873046875e-02 -1.011898517608642578e-01
2.806054949760437012e-01 -1.103731393814086914e-01
6.152588129043579102e-02 2.206865549087524414e-01
-3.984552621841430664e-02 -4.169870615005493164e-01
-3.452978134155273438e-01 -7.257890701293945312e-02
-7.610613107681274414e-02 4.745569825172424316e-01
-3.400528430938720703e-02 -2.562550306320190430e-01
2.228340506553649902e-01 3.694842457771301270e-01
-1.515914797782897949e-01 2.722579240798950195e-02
-4.863315224647521973e-01 2.155423164367675781e-01
-2.411022186279296875e-01 1.902173757553100586e-01
-3.341102600097656250e-02 3.748433589935302734e-01
-3.371041417121887207e-01 -3.035018444061279297e-01
-3.926599025726318359e-02 -3.386867642402648926e-01
4.868844747543334961e-01 5.685687065124511719e-03
-3.149501085281372070e-01 2.535265684127807617e-02
4.459207653999328613e-01 4.135182499885559082e-01
-2.222641706466674805e-01 -1.626139879226684570e-02
-3.245520591735839844e-01 2.210553884506225586e-01
-1.811660528182983398e-01 -1.038005948066711426e-01
3.715065121650695801e-01 1.033122539520263672e-01
-1.932653784751892090e-01 -2.832186818122863770e-01
-2.626331448554992676e-01 2.144979834556579590e-01
4.404199123382568359e-01 3.154022693634033203e-01
2.580106854438781738e-01 -4.900270700454711914e-01
4.185271859169006348e-01 1.657278537750244141e-01
9.913623332977294922e-03 3.961768150329589844e-01
-3.146701455116271973e-01 4.617290496826171875e-01
-3.294920921325683594e-02 -3.474080562591552734e-01
-3.237695097923278809e-01 -4.729906320571899414e-01
-4.759076237678527832e-01 3.718563914299011230e-01
5.190372467041015625e-04 -5.340462923049926758e-02
-3.001737594604492188e-01 1.261338591575622559e-01
1.903979182243347168e-01 4.127448797225952148e-02
-4.947424530982971191e-01 -2.606152296066284180e-01
2.114797830581665039e-01 1.427547335624694824e-01
-2.987310290336608887e-01 5.287706851959228516e-02
-5.127084255218505859e-02 1.569628715515136719e-01
-1.632943153381347656e-01 4.348018765449523926e-01
-4.583607316017150879e-01 4.093190431594848633e-01
-2.118729948997497559e-01 -3.394399881362915039e-01
1.531057953834533691e-01 4.084984660148620605e-01
-6.478667259216308594e-03 -7.653903961181640625e-02
2.552068233489990234e-01 -2.194445133209228516e-01
8.152002096176147461e-02 -1.394504308700561523e-01
-3.278589844703674316e-01 -6.726223230361938477e-02
4.026166200637817383e-01 -2.394805550575256348e-01
1.301774978637695312e-01 -5.074161291122436523e-02
3.702831864356994629e-01 -2.306250333786010742e-01
9.163081645965576172e-02 2.367455959320068359e-01
3.242706060409545898e-01 1.167609691619873047e-01
-4.368415474891662598e-01 2.053817510604858398e-01
-2.277164459228515625e-01 3.065391182899475098e-01
-3.485657572746276855e-01 6.507879495620727539e-02
-4.046320915222167969e-01 -5.358219146728515625e-03
3.894467353820800781e-01 4.675041437149047852e-01
1.907534003257751465e-01 -8.021402359008789062e-02
-2.763627767562866211e-01 4.910916090011596680e-02
4.580092430114746094e-02 -3.547099232673645020e-01
3.813256621360778809e-01 1.280793547630310059e-01
-5.185228586196899414e-02 4.187710285186767578e-01
2.305269241333007812e-02 -7.319521903991699219e-02
6.317853927612304688e-02 -2.979433536529541016e-01
-3.033263087272644043e-01 -1.713911890983581543e-01
-3.708446621894836426e-01 -3.635451197624206543e-01
-1.395852565765380859e-01 -1.273786425590515137e-01
-1.849915385246276855e-01 4.477711319923400879e-01
1.604269742965698242e-01 -3.777207732200622559e-01
4.517379403114318848e-01 -4.601327776908874512e-01
-3.299772739410400391e-01 -2.936720848083496094e-01
2.127944231033325195e-01 -7.394373416900634766e-02
4.830695390701293945e-01 3.226590156555175781e-02
-6.400716304779052734e-02 3.412421941757202148e-01
-2.838175892829895020e-01 -4.614506363868713379e-01
2.457070350646972656e-01 9.661102294921875000e-02
-3.698140382766723633e-02 -1.432120800018310547e-02
1.761300563812255859e-01 2.516615390777587891e-02
-4.897147417068481445e-01 2.336317896842956543e-01
3.359266519546508789e-01 1.941565275192260742e-01
4.478171467781066895e-01 2.651858329772949219e-02
-8.564347028732299805e-02 2.793251276016235352e-01
-9.118801355361938477e-02 3.547047376632690430e-01
-3.330673575401306152e-01 -7.639688253402709961e-02
-3.115384578704833984e-01 -9.804230928421020508e-02
3.766971230506896973e-01 1.818119287490844727e-01
4.551277756690979004e-01 4.333020448684692383e-01
3.294640183448791504e-01 -3.768149018287658691e-01
-3.170584440231323242e-01 3.727073669433593750e-01
-3.240131735801696777e-01 -2.201817631721496582e-01
-2.148795127868652344e-01 -2.619580030441284180e-01
-1.878888607025146484e-01 2.647144794464111328e-01
4.706408977508544922e-01 -4.666131734848022461e-02
-2.552781105041503906e-01 -2.723285555839538574e-01
6.053447723388671875e-02 -2.229319214820861816e-01
3.836938142776489258e-01 -1.766034364700317383e-01
2.749537825584411621e-01 2.389383316040039062e-01
-4.271758794784545898e-01 1.742642521858215332e-01
-3.134961128234863281e-01 -3.871352076530456543e-01
1.317507624626159668e-01 -3.755227327346801758e-01
7.564508914947509766e-02 -1.847826242446899414e-01
2.032316923141479492e-01 -3.513410687446594238e-01
4.147768020629882812e-02 -7.152724266052246094e-02
1.311074495315551758e-01 -3.684436082839965820e-01
-5.146211385726928711e-02 3.039478063583374023e-01
-3.303573727607727051e-01 2.729129195213317871e-01
3.424621820449829102e-01 -3.486377596855163574e-01
-2.384741902351379395e-01 -3.243060708045959473e-01
-2.846730947494506836e-01 -4.868314862251281738e-01
-3.120102286338806152e-01 -2.316937446594238281e-01
2.805539965629577637e-01 1.721579432487487793e-01
-2.302187681198120117e-02 4.303569197654724121e-01
-4.776232242584228516e-01 -9.545803070068359375e-02
2.254099249839782715e-01 3.303058743476867676e-01
-3.354645371437072754e-01 -1.916869282722473145e-01
8.914071321487426758e-02 2.471193671226501465e-01
2.441492080688476562e-01 5.241036415100097656e-04
-3.866412043571472168e-01 -7.075428962707519531e-03
5.343496799468994141e-02 -2.981886863708496094e-01
4.308999180793762207e-01 8.747100830078125000e-03
4.919498562812805176e-01 3.381848335266113281e-01
4.508304595947265625e-01 -1.927790641784667969e-01
-4.476683139801025391e-01 -2.114272713661193848e-01
-4.918562173843383789e-01 -1.003680825233459473e-01
3.849490284919738770e-01 3.710455894470214844e-01
5.095839500427246094e-03 1.922307610511779785e-01
-1.032121181488037109e-01 4.713575243949890137e-01
-2.230687737464904785e-01 7.145178318023681641e-02
9.690719842910766602e-02 -1.315755844116210938e-01
-1.514298915863037109e-01 8.093947172164916992e-02
3.531748056411743164e-02 1.885338425636291504e-01
1.939732432365417480e-01 3.558995723724365234e-01
3.273777961730957031e-01 -3.669022321701049805e-01
2.959362268447875977e-01 2.513850927352905273e-01
1.218924522399902344e-01 -4.039220213890075684e-01
-2.998946905136108398e-01 1.774114370346069336e-02
-3.225361704826354980e-01 3.312723040580749512e-01
4.976225495338439941e-01 1.971125602722167969e-04
3.718099594116210938e-01 -4.168295264244079590e-01
1.263830661773681641e-01 -9.237957000732421875e-02
6.564193964004516602e-02 -4.009319543838500977e-01
-2.120544314384460449e-01 2.111506462097167969e-01
-2.526050806045532227e-01 3.859058022499084473e-01
4.351403117179870605e-01 -1.521703004837036133e-01
3.215664029121398926e-01 4.795686006546020508e-01
3.766732811927795410e-01 -3.596867918968200684e-01
-1.339927911758422852e-01 -7.027852535247802734e-02
-8.275145292282104492e-02 4.444381594657897949e-01
-4.964258670806884766e-01 -1.320568323135375977e-01
2.876721024513244629e-01 -7.103466987609863281e-02
2.121919989585876465e-01 4.957242012023925781e-01
4.924775362014770508e-01 -3.232185840606689453e-01
-2.095653414726257324e-01 -6.130677461624145508e-02
2.818860411643981934e-01 -3.020960092544555664e-02
4.702055454254150391e-01 -1.306500434875488281e-01
1.349497437477111816e-01 1.088834404945373535e-01
3.348094224929809570e-01 -2.281728982925415039e-01
-4.413999319076538086e-01 2.897136807441711426e-01
4.884541034698486328e-02 -1.520466804504394531e-01
-5.815351009368896484e-02 6.411492824554443359e-02
-2.794097065925598145e-01 2.670331597328186035e-01
8.093357086181640625e-02 -3.742878437042236328e-01
2.463489174842834473e-01 -4.195165634155273438e-02
-9.412485361099243164e-02 -6.166601181030273438e-02
-2.987462282180786133e-02 -2.014023661613464355e-01
-1.202652454376220703e-01 -1.141824126243591309e-01
-4.634047150611877441e-01 -3.214290738105773926e-01
-3.082150816917419434e-01 -4.503113031387329102e-02
-2.750193476676940918e-01 -2.574265003204345703e-02
-2.048966884613037109e-01 1.616089344024658203e-01
-5.367028713226318359e-02 2.127564549446105957e-01
-5.644303560256958008e-02 -3.248658180236816406e-01
-2.841119766235351562e-01 2.279850244522094727e-01
-5.381041765213012695e-02 4.188014864921569824e-01
-1.675614714622497559e-01 4.280699491500854492e-01
-3.190630674362182617e-02 1.764194369316101074e-01
-1.293865442276000977e-01 2.105066180229187012e-01
1.374650597572326660e-01 -2.564505338668823242e-01
-4.570972919464111328e-01 -1.568465828895568848e-01
4.263612627983093262e-01 1.548607945442199707e-01
-4.476163983345031738e-01 -7.086050510406494141e-02
9.548211097717285156e-02 4.526401162147521973e-01
-6.250387430191040039e-02 -2.177100181579589844e-01
-2.795974016189575195e-01 -7.166123390197753906e-02
-6.452977657318115234e-02 -1.865612268447875977e-01
2.132282257080078125e-01 -1.832380890846252441e-01
3.034660816192626953e-01 3.634713888168334961e-01
-1.620877981185913086e-01 -4.237071871757507324e-01
2.247067689895629883e-01 2.419928312301635742e-01
2.297083735466003418e-01 -7.072579860687255859e-02
-1.213029623031616211e-01 2.627736330032348633e-01
4.300537705421447754e-01 3.142213821411132812e-02
-1.939784288406372070e-01 -5.206108093261718750e-02
8.672404289245605469e-02 4.165876507759094238e-01
-3.138974308967590332e-01 -4.138672351837158203e-01
-3.674075007438659668e-01 -9.278875589370727539e-02
1.848651766777038574e-01 3.440036177635192871e-01
2.289360165596008301e-01 -4.062656164169311523e-01
6.016063690185546875e-02 6.484359502792358398e-02
1.000329256057739258e-01 2.543050050735473633e-02
4.379016160964965820e-02 -4.148615598678588867e-01
-4.524491429328918457e-01 1.189146041870117188e-01
-2.176385521888732910e-01 -3.541009426116943359e-01
5.744755268096923828e-03 -2.021793723106384277e-01
2.228269577026367188e-01 4.210984706878662109e-02
3.501009941101074219e-01 1.649414896965026855e-01
-1.606203317642211914e-01 3.811138272285461426e-01
-3.759990930557250977e-01 3.368098735809326172e-01
-3.119139075279235840e-01 2.907829284667968750e-01
-7.879722118377685547e-02 4.750405550003051758e-01
8.690899610519409180e-02 -1.813704967498779297e-01
-2.885988354682922363e-01 7.220155000686645508e-02
-2.607939839363098145e-01 -5.066889524459838867e-02
4.088979959487915039e-01 -1.080994009971618652e-01
2.246957421302795410e-01 1.909982562065124512e-01
-4.377937316894531250e-02 -1.794175505638122559e-01
2.114372849464416504e-01 3.615251183509826660e-01
2.541850209236145020e-01 1.221372485160827637e-01
4.203938245773315430e-01 -3.931986093521118164e-01
-2.915150523185729980e-01 -3.540642857551574707e-01
4.106535911560058594e-01 -4.226338267326354980e-01
4.820502996444702148e-01 -9.169226884841918945e-02
-4.568618535995483398e-02 -1.315694451332092285e-01
-3.432547450065612793e-01 1.577032208442687988e-01
-7.193803787231445312e-03 -3.131189346313476562e-01
3.876436352729797363e-01 4.354214072227478027e-01
-1.868748664855957031e-01 -3.819820284843444824e-01
4.546742439270019531e-01 1.724547743797302246e-01
-3.056824207305908203e-03 -4.159497022628784180e-01
-5.413675308227539062e-02 -2.109128832817077637e-01
-2.555308341979980469e-01 -5.533438920974731445e-02
2.337694168090820312e-01 4.927970767021179199e-01
-3.772622346878051758e-02 3.814707398414611816e-01
-4.146330356597900391e-01 5.002468824386596680e-02
2.013067603111267090e-01 -3.293329477310180664e-01
-2.475896477699279785e-01 2.154564261436462402e-01
1.445755958557128906e-01 4.272534847259521484e-01
2.553111314773559570e-01 -6.439924240112304688e-02
3.750960826873779297e-01 -2.182846665382385254e-01
2.642521262168884277e-01 -1.515979766845703125e-01
-3.788478374481201172e-01 4.350544810295104980e-01
1.466335058212280273e-01 -1.654002070426940918e-01
-6.649440526962280273e-02 -2.148342132568359375e-01
-2.351821064949035645e-01 2.685223817825317383e-01
-3.097253441810607910e-01 3.330388069152832031e-01
3.041909337043762207e-01 -3.437736034393310547e-01
2.677708864212036133e-01 -3.012321591377258301e-01
4.203375577926635742e-01 1.798872351646423340e-01
-1.587991714477539062e-01 -3.779526352882385254e-01
4.083864092826843262e-01 -3.524845242500305176e-01
1.580941081047058105e-01 2.541958093643188477e-01
-4.214140176773071289e-01 3.684676885604858398e-01
-3.693844079971313477e-01 3.861957788467407227e-02
-2.152627706527709961e-02 -3.050758838653564453e-01
4.784160852432250977e-02 -9.367984533309936523e-02
-1.703899502754211426e-01 8.852714300155639648e-02
-3.447016477584838867e-01 -4.013800621032714844e-01
3.851386308670043945e-01 2.367578148841857910e-01
1.499548554420471191e-01 -1.176623106002807617e-01
2.473047971725463867e-01 -3.986733555793762207e-01
-3.755984306335449219e-01 -4.366453289985656738e-01
-3.130965232849121094e-01 -2.321728467941284180e-01
-3.092861175537109375e-02 -8.283859491348266602e-02
1.000589132308959961e-02 -3.710921406745910645e-01
-3.198457956314086914e-01 -2.070085406303405762e-01
-4.451493024826049805e-01 6.232219934463500977e-02
7.776892185211181641e-02 4.063694477081298828e-01
2.481105923652648926e-01 -4.044417142868041992e-01
-5.072647333145141602e-02 -4.864556789398193359e-01
4.116955399513244629e-01 -3.506783246994018555e-01
-3.912538290023803711e-01 2.401143312454223633e-01
-1.518508195877075195e-01 -2.334572672843933105e-01
8.793139457702636719e-02 1.176723241806030273e-01
-2.901002764701843262e-01 2.318653464317321777e-01
1.421536207199096680e-01 1.381472349166870117e-01
-9.725499153137207031e-02 -4.019141197204589844e-01
-1.263303756713867188e-01 4.444931149482727051e-01
-2.645297050476074219e-01 1.682528257369995117e-01
2.037689089775085449e-01 -4.263526201248168945e-01
3.797790408134460449e-01 1.207559108734130859e-01
-1.561700105667114258e-01 -3.076617121696472168e-01
3.850442171096801758e-02 -3.099716901779174805e-01
8.745461702346801758e-02 -2.278229594230651855e-01
-7.026481628417968750e-02 4.997687339782714844e-01
-1.407163143157958984e-01 4.942507147789001465e-01
3.235774040222167969e-01 -2.936555743217468262e-01
3.692250251770019531e-01 -2.529237270355224609e-01
2.938041090965270996e-01 -7.351160049438476562e-02
6.183505058288574219e-02 -2.132694721221923828e-01
-2.352569699287414551e-01 1.063493490219116211e-01
-6.711244583129882812e-02 -3.570179343223571777e-01
-6.314945220947265625e-02 -4.114435911178588867e-01
4.306006431579589844e-01 -3.883715867996215820e-01
-1.167773604393005371e-01 -5.168950557708740234e-02
2.052381634712219238e-01 -2.492353320121765137e-01
-1.255476474761962891e-02 3.853807449340820312e-01
-2.105324268341064453e-01 -1.953700780868530273e-01
4.843526482582092285e-01 1.016989946365356445e-01
-3.456982970237731934e-01 4.760015010833740234e-01
2.809670567512512207e-01 1.393719315528869629e-01
-2.028790712356567383e-01 2.820340394973754883e-01
4.430636763572692871e-01 3.894352912902832031e-01
4.312821626663208008e-01 3.384761214256286621e-01
1.367048621177673340e-01 -1.106837391853332520e-01
3.547639846801757812e-01 3.027563691139221191e-01
-1.980245113372802734e-03 4.558444023132324219e-01
-3.415474891662597656e-01 -1.761078238487243652e-01
-3.174076676368713379e-01 -7.093369960784912109e-03
3.209278583526611328e-01 3.884415626525878906e-01
-4.715284109115600586e-01 2.744138240814208984e-02
-3.694359660148620605e-01 3.372432589530944824e-01
-4.463016986846923828e-01 1.817811131477355957e-01
-2.651733160018920898e-01 -4.372386932373046875e-01
-8.326834440231323242e-02 -2.654498219490051270e-01
-4.894170165061950684e-01 1.000073552131652832e-01
-4.753842353820800781e-01 -1.496097445487976074e-01
-2.259325981140136719e-01 1.538193225860595703e-01
1.273959875106811523e-02 1.314207911491394043e-01
3.418043255805969238e-01 -1.108670830726623535e-01
3.295028209686279297e-02 2.679714560508728027e-01
4.419020414352416992e-01 3.379827737808227539e-02
-1.651526689529418945e-01 8.259636163711547852e-02
1.351491212844848633e-01 -4.148977994918823242e-01
2.166396379470825195e-01 2.225416898727416992e-02
-4.285823702812194824e-01 4.695429801940917969e-01
-2.179532051086425781e-01 -2.928872108459472656e-01
4.935525059700012207e-01 1.895031929016113281e-01
2.396108508110046387e-01 -4.006841182708740234e-01
4.807232618331909180e-01 2.117527127265930176e-01
-4.780820608139038086e-01 -2.810195684432983398e-01
-4.637843370437622070e-01 -2.017581462860107422e-01
-3.947377204895019531e-02 6.090611219406127930e-02
-6.328040361404418945e-02 -1.291413307189941406e-01
-1.611118912696838379e-01 3.414517641067504883e-02
2.619265913963317871e-01 -1.376271843910217285e-01
1.001420021057128906e-01 1.991495490074157715e-01
-3.322009444236755371e-01 4.704178571701049805e-01
-4.677119851112365723e-01 3.432993888854980469e-01
-1.200979948043823242e-01 -1.101493835449218750e-02
-5.796068906784057617e-02 2.452015280723571777e-01
-6.280666589736938477e-02 -5.167841911315917969e-02
-1.349864602088928223e-01 -1.230496168136596680e-01
3.864933252334594727e-01 -1.591075658798217773e-01
2.720946073532104492e-02 -2.669882774353027344e-02
-2.310508489608764648e-02 9.289330244064331055e-02
2.954751253128051758e-02 3.027556538581848145e-01
2.718687057495117188e-01 4.316812753677368164e-01
-2.836295962333679199e-01 3.499701023101806641e-01
4.031900763511657715e-01 -4.541187882423400879e-01
2.871912717819213867e-01 -1.349539160728454590e-01
4.268617033958435059e-01 -3.396235704421997070e-01
-4.025154709815979004e-01 4.521584510803222656e-02
-4.013717174530029297e-03 3.084565997123718262e-01
-1.465954780578613281e-01 -1.704123616218566895e-01
-3.617051839828491211e-01 -4.761066436767578125e-01
6.137830018997192383e-02 -1.185176968574523926e-01
4.112406969070434570e-01 1.763653755187988281e-02
-4.414051771163940430e-01 -3.037737011909484863e-01
1.927963495254516602e-01 1.338208317756652832e-01
1.633612513542175293e-01 4.749846458435058594e-01
3.692011237144470215e-01 -8.880865573883056641e-02
8.600813150405883789e-02 -3.937435150146484375e-01
-1.078684329986572266e-01 -4.571560621261596680e-01
3.878474235534667969e-04 4.722903966903686523e-01
3.253443837165832520e-01 1.134957671165466309e-01
-3.474333286285400391e-01 -4.712641835212707520e-01
-2.949461340904235840e-01 2.987031340599060059e-01
-1.084685325622558594e-03 -3.088442683219909668e-01
-1.084721088409423828e-01 -3.168641924858093262e-01
7.597398757934570312e-02 3.483723998069763184e-01
3.055687546730041504e-01 -1.574456691741943359e-02
2.393882274627685547e-01 7.132822275161743164e-02
2.409641742706298828e-01 2.319621443748474121e-01
-2.931020259857177734e-01 -4.934971332550048828e-01
2.474719882011413574e-01 -9.095633029937744141e-02
-2.794324755668640137e-01 -4.423302412033081055e-01
-2.524995803833007812e-01 2.513365149497985840e-01
-1.868786811828613281e-01 1.591813564300537109e-01
3.564786911010742188e-01 -2.770197987556457520e-01
-4.929907917976379395e-01 -4.169009327888488770e-01
1.676948070526123047e-01 -2.043510079383850098e-01
7.252371311187744141e-02 3.321316838264465332e-01
4.903453588485717773e-02 4.500923752784729004e-01
6.345570087432861328e-03 -3.327992558479309082e-01
-2.246674895286560059e-01 -4.379177689552307129e-01
-1.675926446914672852e-01 -7.841098308563232422e-02
4.875378012657165527e-01 4.875633716583251953e-01
-4.285696744918823242e-01 9.807282686233520508e-02
2.702987790107727051e-01 2.068225145339965820e-01
-3.482642173767089844e-01 1.715693473815917969e-01
-1.149343252182006836e-01 2.277580499649047852e-01
4.413076043128967285e-01 4.802935719490051270e-01
-1.296303272247314453e-01 -4.243206381797790527e-01
-4.303977489471435547e-01 4.913144111633300781e-01
-3.134310245513916016e-03 -1.347342133522033691e-01
-2.423936724662780762e-01 -2.827092409133911133e-01
3.775478005409240723e-01 2.938463687896728516e-01
9.144300222396850586e-02 3.228747844696044922e-02
1.861600279808044434e-01 -2.136089801788330078e-01
4.081346392631530762e-01 1.341565847396850586e-01
1.297912597656250000e-01 1.880048513412475586e-01
6.143331527709960938e-02 3.234532475471496582e-01
3.566390275955200195e-01 1.226722598075866699e-01
6.015360355377197266e-02 -1.197109818458557129e-01
2.526623606681823730e-01 -2.129703760147094727e-01
-3.590299487113952637e-01 -4.231005311012268066e-01
-4.191622734069824219e-01 1.228130459785461426e-01
2.125385403633117676e-01 -1.207380890846252441e-01
8.131486177444458008e-02 2.704235315322875977e-01
1.512196660041809082e-01 1.712982058525085449e-01
-4.733824729919433594e-01 1.032037734985351562e-01
-3.263562321662902832e-01 -1.909116506576538086e-01
-3.942505121231079102e-01 2.953780293464660645e-01
-3.084897398948669434e-01 3.963053822517395020e-01
4.823557734489440918e-01 4.009371995925903320e-01
-4.212158918380737305e-01 -2.098828554153442383e-02
-1.773953437805175781e-01 -1.883897781372070312e-01
3.649222850799560547e-01 -4.599506258964538574e-01
2.571277022361755371e-01 -7.489264011383056641e-02
4.681230783462524414e-01 -4.454877376556396484e-01
3.516160249710083008e-01 -7.246279716491699219e-02
1.838937401771545410e-01 -4.160858988761901855e-01
-3.492745161056518555e-01 -1.759612560272216797e-01
1.848126649856567383e-01 -4.021406173706054688e-02
4.685354828834533691e-01 -1.841378211975097656e-02
1.155645251274108887e-01 -2.393505573272705078e-01
4.371177554130554199e-01 3.535894751548767090e-01
-4.383689165115356445e-01 -3.375335335731506348e-01
-3.571740984916687012e-01 2.134907245635986328e-01
-2.243821024894714355e-01 -5.616629123687744141e-02
3.225487470626831055e-02 3.646152019500732422e-01
-3.147773742675781250e-01 3.585457801818847656e-03
4.682306051254272461e-01 3.353313207626342773e-01
2.465212345123291016e-01 -4.804733991622924805e-01
-4.062994122505187988e-01 2.604364156723022461e-01
-3.578457236289978027e-01 3.583046793937683105e-01
-3.827369809150695801e-01 7.884085178375244141e-03
-1.869843006134033203e-01 -1.467861533164978027e-01
-2.552741169929504395e-01 -2.669414281845092773e-01
-3.739305138587951660e-01 -4.332594871520996094e-01
1.805182099342346191e-01 2.095441818237304688e-01
3.528655171394348145e-01 -3.893311023712158203e-01
-9.505903720855712891e-02 1.716036796569824219e-01
-4.608410596847534180e-02 -1.259771585464477539e-01
4.211244583129882812e-01 -2.187097072601318359e-01
-3.607013225555419922e-01 -5.247735977172851562e-02
4.782704710960388184e-01 1.163141727447509766e-01
-4.839306473731994629e-01 -3.906133770942687988e-01
4.806266427040100098e-01 -4.097383618354797363e-01
2.717851996421813965e-01 -4.437450766563415527e-01
-1.641952395439147949e-01 3.404973745346069336e-01
9.206938743591308594e-02 -6.405639648437500000e-02
-4.686366915702819824e-01 4.789160490036010742e-01
4.503604173660278320e-01 -4.965602159500122070e-01
-4.265244603157043457e-01 4.663422703742980957e-01
1.076950430870056152e-01 3.235981464385986328e-01
-3.363149166107177734e-01 6.079077720642089844e-04
-4.155287146568298340e-01 -3.534623980522155762e-01
4.219710826873779297e-03 1.116373538970947266e-01
-3.706825375556945801e-01 3.493363261222839355e-01
6.299728155136108398e-02 1.516790390014648438e-01
-2.588130831718444824e-01 -3.044323325157165527e-01
-9.766507148742675781e-02 -3.338074088096618652e-01
1.431137323379516602e-02 -4.142947793006896973e-01
-3.644654750823974609e-01 -8.756339550018310547e-03
1.069254875183105469e-01 -1.927648186683654785e-01
3.075025677680969238e-01 4.619601368904113770e-01
-4.009606838226318359e-01 -1.317936778068542480e-01
-3.577480316162109375e-01 4.945111870765686035e-01
-1.326892971992492676e-01 3.753917217254638672e-01
-1.132441163063049316e-01 1.128064990043640137e-01
-1.694611310958862305e-01 -4.493603706359863281e-01
-2.629492282867431641e-01 3.582760095596313477e-01
-1.183538436889648438e-01 -2.701626420021057129e-01
-1.834133863449096680e-01 -1.741242408752441406e-02
-1.546598076820373535e-01 1.502889394760131836e-02
-3.064947128295898438e-01 2.564811706542968750e-01
-3.275625109672546387e-01 -2.980537414550781250e-01
-4.020339250564575195e-02 5.749177932739257812e-02
-4.059215188026428223e-01 -3.989399075508117676e-01
-3.780885934829711914e-01 2.121257185935974121e-01
-4.908162355422973633e-01 6.840974092483520508e-02
1.868047118186950684e-01 -4.409756660461425781e-01
-4.331849217414855957e-01 3.296859860420227051e-01
5.555766820907592773e-02 -1.536646485328674316e-01
-1.973940134048461914e-01 -8.376389741897583008e-02
2.821243405342102051e-01 -8.905124664306640625e-02
2.458328008651733398e-01 -4.387933015823364258e-01
