1.521636247634887695e-01 -1.013565659523010254e-01
5.608958005905151367e-02 -4.378262758255004883e-01
4.900750517845153809e-01 -4.135816693305969238e-01
-3.754509687423706055e-01 4.764494895935058594e-01
3.935567140579223633e-01 3.127451539039611816e-01
-1.905137300491333008e-02 -1.025745868682861328e-01
1.815603971481323242e-01 3.495321869850158691e-01
1.597196459770202637e-01 -2.909403443336486816e-01
1.255223751068115234e-01 3.028419613838195801e-01
-1.068434715270996094e-01 3.878321647644042969e-01
2.347707748413085938e-03 -2.721754908561706543e-01
4.039136767387390137e-01 -1.443012952804565430e-01
-2.453530430793762207e-01 2.492341995239257812e-01
1.103642582893371582e-01 3.421404361724853516e-01
4.074431061744689941e-01 4.952122569084167480e-01
-9.597647190093994141e-02 -7.520127296447753906e-02
-4.992442131042480469e-01 2.886456251144409180e-01
-4.294130802154541016e-01 3.295725584030151367e-02
7.868200540542602539e-02 9.576803445816040039e-02
-3.845807313919067383e-01 1.395280361175537109e-01
-2.358634471893310547e-01 2.438504695892333984e-01
3.425505757331848145e-01 -1.542505025863647461e-01
4.278998970985412598e-01 -2.757426500320434570e-01
3.144516348838806152e-01 -4.237915277481079102e-01
2.356631755828857422e-01 -7.237732410430908203e-03
-4.353323578834533691e-01 1.549966335296630859e-01
4.378356933593750000e-01 -3.281539082527160645e-01
-1.255649328231811523e-01 -3.167682886123657227e-02
3.860533833503723145e-01 -4.117295742034912109e-01
4.366407394409179688e-01 -1.409313082695007324e-01
3.104421496391296387e-01 -2.094436883926391602e-01
2.296926975250244141e-01 -4.443123340606689453e-01
3.253858685493469238e-01 -1.383432745933532715e-01
-8.230209350585937500e-02 3.258183002471923828e-01
-1.492188572883605957e-01 3.829268217086791992e-01
4.429285526275634766e-01 -3.242233395576477051e-01
-4.724562168121337891e-02 2.443492412567138672e-03
3.085724115371704102e-01 -1.276948451995849609e-01
8.389347791671752930e-02 -2.900170683860778809e-01
2.839714884757995605e-01 -1.596305966377258301e-01
2.032439112663269043e-01 4.548907876014709473e-01
2.843853831291198730e-01 1.658229827880859375e-01
2.922358512878417969e-01 2.637630701065063477e-02
-3.421272039413452148e-01 4.112577438354492188e-02
2.107248306274414062e-01 1.083256006240844727e-01
-4.791307449340820312e-02 -1.347151398658752441e-01
1.068275570869445801e-01 8.609890937805175781e-02
8.161139488220214844e-02 2.235513925552368164e-02
-4.399725198745727539e-01 3.202911615371704102e-01
2.145838737487792969e-01 4.618819952011108398e-01
1.123057007789611816e-01 2.455780506134033203e-01
-2.785560488700866699e-01 3.940544724464416504e-01
-1.555230617523193359e-01 -1.466054916381835938e-01
-1.994188427925109863e-01 2.045941352844238281e-01
-6.440025568008422852e-02 -3.720104694366455078e-03
2.964342236518859863e-01 -4.679984450340270996e-01
-1.333956122398376465e-01 4.263045787811279297e-01
4.539707303047180176e-01 4.459940791130065918e-01
-4.411226511001586914e-02 1.922230124473571777e-01
-3.805215954780578613e-01 2.611956000328063965e-01
2.035284042358398438e-01 5.977129936218261719e-02
4.192974567413330078e-01 -2.048941254615783691e-01
-2.591708898544311523e-01 4.551525115966796875e-01
1.119564771652221680e-01 -2.307943105697631836e-01
4.212037920951843262e-01 9.107410907745361328e-02
2.485058307647705078e-01 -2.042363286018371582e-01
-3.792309761047363281e-01 8.254820108413696289e-02
-4.954497218132019043e-01 -5.064809322357177734e-02
2.526291012763977051e-01 9.957611560821533203e-02
-1.606629490852355957e-01 1.444250345230102539e-01
2.424670457839965820e-01 4.236168861389160156e-01
5.115300416946411133e-02 2.800464630126953125e-02
-3.378947973251342773e-01 -4.704526066780090332e-01
-2.253344058990478516e-01 4.578354954719543457e-01
1.626794934272766113e-01 -5.042672157287597656e-02
-1.137065887451171875e-02 -4.868215918540954590e-01
3.777229189872741699e-01 -1.743781566619873047e-01
-8.609265089035034180e-02 -3.501464724540710449e-01
4.936900734901428223e-01 1.001605987548828125e-01
-2.942076921463012695e-01 -3.317376971244812012e-01
-5.900436639785766602e-02 -6.019055843353271484e-02
-9.087663888931274414e-02 -3.021871447563171387e-01
-7.682943344116210938e-02 3.893267512321472168e-01
2.279049754142761230e-01 2.037829756736755371e-01
9.192842245101928711e-02 3.275453448295593262e-01
4.121834039688110352e-02 3.292466998100280762e-01
-4.019593596458435059e-01 4.095550179481506348e-01
-3.849591016769409180e-01 -1.659257411956787109e-01
-2.045932412147521973e-01 2.183566093444824219e-01
7.548320293426513672e-02 4.769772291183471680e-01
-1.313626170158386230e-01 -5.315852165222167969e-02
1.744059920310974121e-01 -2.469508647918701172e-01
-2.026003599166870117e-02 -5.154478549957275391e-02
3.631622791290283203e-01 4.633837938308715820e-01
-3.839023113250732422e-01 3.752133250236511230e-01
2.922015786170959473e-01 1.905249953269958496e-01
4.358494281768798828e-02 1.603097915649414062e-01
-3.193582892417907715e-01 -3.525837063789367676e-01
1.991423964500427246e-01 -4.933182597160339355e-01
3.856119513511657715e-01 -1.653761267662048340e-01
4.439814686775207520e-01 2.400891184806823730e-01
1.891846656799316406e-01 -2.333101034164428711e-01
3.594892024993896484e-01 -2.565082907676696777e-01
-4.758484959602355957e-01 -1.007395982742309570e-02
6.885373592376708984e-02 1.216208934783935547e-01
-2.036150693893432617e-01 -4.408507943153381348e-01
-3.391063809394836426e-01 8.955937623977661133e-02
-4.720317721366882324e-01 -1.446827054023742676e-01
1.705551743507385254e-01 3.412547111511230469e-01
-3.238081932067871094e-03 3.642567992210388184e-01
-4.771856069564819336e-01 -1.321300268173217773e-01
-4.167782068252563477e-01 1.781048178672790527e-01
1.673289537429809570e-01 -1.379269957542419434e-01
4.115533828735351562e-01 -3.789487481117248535e-01
3.593490719795227051e-01 -4.798904657363891602e-01
2.601525187492370605e-01 -1.151084303855895996e-01
-2.718434929847717285e-01 -8.032023906707763672e-02
-2.808386683464050293e-01 3.120131492614746094e-01
-1.867238283157348633e-01 -6.081092357635498047e-02
-4.127073287963867188e-02 1.596978306770324707e-01
-1.234704852104187012e-01 -3.928239345550537109e-01
-2.143628001213073730e-01 3.802560567855834961e-01
-1.470445394515991211e-01 1.090506911277770996e-01
1.377626061439514160e-01 -2.227610349655151367e-02
-2.370638847351074219e-01 -4.427370429039001465e-01
1.962355971336364746e-01 -3.054907917976379395e-01
-2.277671098709106445e-01 -4.663736224174499512e-01
3.212739825248718262e-01 -2.904702425003051758e-01
-1.359634995460510254e-01 2.437619566917419434e-01
3.675200939178466797e-01 -2.080490589141845703e-01
-4.826223850250244141e-02 -3.948533535003662109e-02
2.027755379676818848e-01 -4.384159445762634277e-01
-4.210957884788513184e-01 2.679425477981567383e-01
3.386120796203613281e-01 2.451757788658142090e-01
-1.255518794059753418e-01 1.345604658126831055e-01
-4.218014478683471680e-01 -1.326585412025451660e-01
4.990616440773010254e-01 4.637712240219116211e-01
-3.671569228172302246e-01 2.812310457229614258e-01
2.771252393722534180e-02 -5.450010299682617188e-03
-3.337395787239074707e-01 1.881241798400878906e-02
3.295978903770446777e-01 3.728637099266052246e-01
2.839352488517761230e-01 -3.452236652374267578e-01
4.618697762489318848e-01 -6.368672847747802734e-02
2.197904586791992188e-01 2.932548522949218750e-03
3.843077421188354492e-01 2.893297076225280762e-01
3.925033807754516602e-01 3.980253338813781738e-01
-1.143708229064941406e-01 5.165159702301025391e-03
3.498908281326293945e-01 -4.674931764602661133e-01
2.553724646568298340e-01 -2.027728557586669922e-01
3.628566861152648926e-01 4.742402434349060059e-01
6.780946254730224609e-02 7.354420423507690430e-02
3.458036184310913086e-01 -4.465558528900146484e-01
2.441694140434265137e-01 -3.153146505355834961e-01
-2.435106039047241211e-02 -1.685654520988464355e-01
3.115695714950561523e-01 -1.400104761123657227e-01
-3.663126230239868164e-01 -9.072232246398925781e-02
4.804451465606689453e-01 3.201677203178405762e-01
-1.176384091377258301e-01 -1.129595041275024414e-01
2.141083478927612305e-01 -8.296340703964233398e-02
-3.340559601783752441e-01 1.680424213409423828e-01
-7.530951499938964844e-02 -2.344071269035339355e-01
-3.589554429054260254e-01 -6.802684068679809570e-02
3.425974249839782715e-01 6.942570209503173828e-02
-6.630617380142211914e-02 4.987022280693054199e-01
-2.118272185325622559e-01 4.588192105293273926e-01
1.725431084632873535e-01 2.479627728462219238e-01
-9.012746810913085938e-02 7.319200038909912109e-02
2.444201707839965820e-01 1.280197501182556152e-01
-2.353394627571105957e-01 -3.848075866699218750e-01
-1.976650953292846680e-02 -2.793564200401306152e-01
2.665377259254455566e-01 4.520794749259948730e-01
-3.126568198204040527e-01 3.608376383781433105e-01
-3.572996258735656738e-01 4.860441088676452637e-01
3.932511210441589355e-01 -3.599846363067626953e-02
-3.158029913902282715e-01 3.604167103767395020e-01
-2.912268042564392090e-01 -7.454085350036621094e-02
1.426035165786743164e-02 -1.054918169975280762e-01
-2.940016984939575195e-02 1.200473904609680176e-01
3.610481619834899902e-01 -1.738637685775756836e-01
3.814365863800048828e-01 1.088012456893920898e-01
2.830057144165039062e-01 -2.622360587120056152e-01
3.852834105491638184e-01 4.960742592811584473e-01
-3.374669551849365234e-01 6.881475448608398438e-02
2.738775014877319336e-01 4.843742847442626953e-01
-3.635367751121520996e-01 -3.995959162712097168e-01
-1.956101059913635254e-01 4.326552152633666992e-02
3.430449962615966797e-01 -1.980502605438232422e-01
-2.673604488372802734e-01 -1.678293347358703613e-01
-2.400817871093750000e-01 -4.956734180450439453e-01
1.607370972633361816e-01 1.738756299018859863e-01
-2.499678134918212891e-01 -6.437665224075317383e-02
-3.144854903221130371e-01 1.827003955841064453e-01
-1.809890866279602051e-01 4.074515700340270996e-01
2.658542990684509277e-01 -2.380384206771850586e-01
-3.538145422935485840e-01 2.068209648132324219e-01
1.288259029388427734e-02 -2.793236374855041504e-01
1.505000591278076172e-01 -5.948543548583984375e-04
-4.651308655738830566e-01 2.933737635612487793e-01
-3.211241960525512695e-01 -9.979069232940673828e-03
-4.145804047584533691e-01 3.551554679870605469e-02
2.715259790420532227e-01 -1.919988393783569336e-01
3.497288227081298828e-01 3.286519646644592285e-01
4.545450210571289062e-02 -3.522854447364807129e-01
1.535874009132385254e-01 -2.219165563583374023e-01
-4.103407263755798340e-01 -1.010048389434814453e-02
-3.707909584045410156e-02 -3.689557313919067383e-01
4.440079927444458008e-01 4.619989991188049316e-01
7.451057434082031250e-03 -2.449131011962890625e-01
3.006399869918823242e-01 4.802501201629638672e-01
2.728811502456665039e-01 4.442566037178039551e-01
2.595739364624023438e-01 -1.055533885955810547e-01
-2.453451156616210938e-01 3.563819527626037598e-01
-1.204939484596252441e-01 -5.243581533432006836e-02
1.667170524597167969e-01 4.797437191009521484e-01
3.214734792709350586e-01 -4.048686623573303223e-01
2.226044535636901855e-01 -4.042661190032958984e-01
-4.965538978576660156e-01 3.719761967658996582e-01
2.191522717475891113e-01 1.617882251739501953e-01
-5.522304773330688477e-02 -1.706581115722656250e-01
3.471373319625854492e-01 -4.658603668212890625e-01
1.246218085289001465e-01 -3.656303286552429199e-01
-3.314877152442932129e-01 2.949237823486328125e-04
2.495172023773193359e-01 3.573815226554870605e-01
-2.559367418289184570e-01 1.611013412475585938e-01
-3.646193742752075195e-01 2.841893434524536133e-01
-6.832957267761230469e-02 -9.584128856658935547e-02
1.520692706108093262e-01 -3.276421427726745605e-01
4.375876784324645996e-01 -1.971609592437744141e-01
-3.391777873039245605e-01 4.930981993675231934e-01
-9.266358613967895508e-02 -1.587947010993957520e-01
-3.214625716209411621e-01 -1.382097601890563965e-01
-2.653095722198486328e-01 -1.964331269264221191e-01
1.428956985473632812e-01 -2.508016824722290039e-01
4.054962992668151855e-01 -1.042422056198120117e-01
2.992529273033142090e-01 -2.061616182327270508e-01
-2.363247871398925781e-01 -4.163110256195068359e-02
3.144073486328125000e-02 3.993808031082153320e-01
-4.338057637214660645e-01 5.406713485717773438e-02
-4.847577810287475586e-01 2.538903355598449707e-01
4.819064736366271973e-01 -2.593184709548950195e-01
-3.119668960571289062e-01 4.855691194534301758e-01
-7.407683134078979492e-02 -2.356620430946350098e-01
-3.987922668457031250e-01 -3.035080432891845703e-01
-4.741302728652954102e-01 -3.781458139419555664e-01
-6.925737857818603516e-02 4.210125207901000977e-01
1.069845557212829590e-01 -1.664842963218688965e-01
-3.432196378707885742e-01 1.028295159339904785e-01
-4.640570878982543945e-01 -8.419996500015258789e-02
-3.450278043746948242e-01 2.315881252288818359e-01
-3.111180663108825684e-01 -1.648973226547241211e-01
-2.716898918151855469e-01 -2.265526652336120605e-01
-3.786248564720153809e-01 -2.540754675865173340e-01
7.199645042419433594e-03 -3.419717550277709961e-01
-4.187605977058410645e-01 -3.371511697769165039e-01
-3.029388189315795898e-01 1.944894194602966309e-01
-1.781672835350036621e-01 4.225727915763854980e-01
-4.063321352005004883e-01 -2.954188585281372070e-01
-3.810473084449768066e-01 3.839029669761657715e-01
-5.853652954101562500e-03 3.377122282981872559e-01
8.110207319259643555e-02 -1.304138898849487305e-01
4.123356342315673828e-01 2.059710621833801270e-01
-3.407097458839416504e-01 -1.328930854797363281e-01
-4.145749807357788086e-01 4.204295873641967773e-01
2.648038864135742188e-01 -2.882155776023864746e-01
-1.777319312095642090e-01 -3.096081614494323730e-01
4.903433918952941895e-01 1.602126955986022949e-01
-1.581547856330871582e-01 3.289588093757629395e-01
-1.719735860824584961e-01 -2.013140320777893066e-01
-1.596007943153381348e-01 -3.021836876869201660e-01
1.144697070121765137e-01 3.298646211624145508e-02
-1.625096797943115234e-02 1.200976967811584473e-01
-4.880669713020324707e-01 -8.790373802185058594e-03
-2.934515476226806641e-02 -1.827090978622436523e-01
2.151425480842590332e-01 -5.037492513656616211e-02
-3.003163933753967285e-01 1.608124971389770508e-01
2.801506519317626953e-01 1.863001585006713867e-01
4.145199656486511230e-01 1.269400119781494141e-03
-2.786557674407958984e-01 -1.134824752807617188e-01
-1.596153378486633301e-01 -7.365524768829345703e-02
-2.814899682998657227e-01 8.251643180847167969e-02
4.095693230628967285e-01 -9.562176465988159180e-02
-6.119352579116821289e-02 -3.227090835571289062e-01
-3.567540645599365234e-01 -1.062047481536865234e-01
4.528639912605285645e-01 4.273042082786560059e-01
-1.921882629394531250e-01 2.190811038017272949e-01
3.967599868774414062e-01 -1.910090446472167969e-02
-2.751662731170654297e-01 4.699553847312927246e-01
1.227176189422607422e-01 -4.761133790016174316e-01
-7.036626338958740234e-02 4.148401618003845215e-01
2.247095704078674316e-01 4.730321168899536133e-01
4.182775020599365234e-01 2.880609035491943359e-02
-3.932441473007202148e-01 -2.198064327239990234e-01
9.434098005294799805e-02 -3.951696157455444336e-01
-3.102019429206848145e-01 2.293811440467834473e-01
-6.381064653396606445e-02 -8.269172906875610352e-02
4.802218675613403320e-01 3.548036813735961914e-01
-4.298812747001647949e-01 1.918347477912902832e-01
3.921496868133544922e-01 4.312755465507507324e-01
3.468840718269348145e-01 1.901321411132812500e-01
-4.994660615921020508e-02 -8.087158203125000000e-03
4.832292795181274414e-01 3.087664842605590820e-01
8.221006393432617188e-02 -3.253930211067199707e-01
2.369606494903564453e-01 3.656661510467529297e-01
1.499359011650085449e-01 3.299093842506408691e-01
1.583214998245239258e-01 -2.582049369812011719e-02
1.150929927825927734e-01 -5.071735382080078125e-02
-1.624377369880676270e-01 1.070490479469299316e-01
-1.948581337928771973e-01 1.764525175094604492e-01
4.044395089149475098e-01 3.813303112983703613e-01
4.748023748397827148e-01 3.161382675170898438e-01
-7.508021593093872070e-02 -9.879964590072631836e-02
-9.144896268844604492e-02 3.869873285293579102e-01
-4.083633422851562500e-02 -1.215847730636596680e-01
2.119338512420654297e-01 -2.111625671386718750e-02
4.911261796951293945e-01 -3.187752366065979004e-01
-4.665682911872863770e-01 -4.576233625411987305e-01
3.537541627883911133e-01 -4.742187857627868652e-01
-2.376097440719604492e-01 2.040682435035705566e-01
2.700096368789672852e-02 -5.617797374725341797e-02
-3.564265966415405273e-01 -3.166792988777160645e-01
2.546553611755371094e-01 -3.473206162452697754e-01
-3.939676284790039062e-01 -1.258309483528137207e-01
-1.820765137672424316e-01 -1.893850564956665039e-01
-1.248204112052917480e-01 -1.774405837059020996e-01
2.387836575508117676e-01 -2.501161098480224609e-01
2.606422305107116699e-01 3.499774932861328125e-01
1.845699548721313477e-01 3.503314852714538574e-01
-4.919776916503906250e-01 4.021704792976379395e-01
1.885462403297424316e-01 3.127245903015136719e-01
-1.399828195571899414e-01 1.603393554687500000e-01
3.389567136764526367e-02 5.969673395156860352e-02
4.578418135643005371e-01 -1.569348573684692383e-02
-3.016614317893981934e-01 -3.512091636657714844e-01
-2.242614030838012695e-01 6.163269281387329102e-02
-1.297063231468200684e-01 8.257555961608886719e-02
7.933568954467773438e-02 1.489251852035522461e-02
-1.672679185867309570e-02 2.776842117309570312e-01
-4.154471158981323242e-01 -2.185552716255187988e-01
2.852274179458618164e-01 3.962138891220092773e-01
-1.141121387481689453e-01 1.566305160522460938e-01
4.279341697692871094e-01 6.840944290161132812e-02
-2.788746953010559082e-01 -7.521069049835205078e-02
-3.216749429702758789e-02 -4.615581035614013672e-01
-2.411731481552124023e-01 2.744001150131225586e-02
-2.310231328010559082e-01 3.017216920852661133e-02
3.462759256362915039e-01 -1.663957238197326660e-01
2.601026892662048340e-01 -1.948643922805786133e-01
-4.140771627426147461e-01 4.025393724441528320e-01
-2.849560976028442383e-02 -3.605139255523681641e-02
-4.413591623306274414e-01 -2.434156537055969238e-01
3.629240989685058594e-01 -4.089772701263427734e-01
-1.094011068344116211e-01 3.422190546989440918e-01
1.437548398971557617e-01 3.482336997985839844e-01
-1.855498552322387695e-02 -4.591678380966186523e-01
2.122384309768676758e-01 4.156965017318725586e-02
2.022269964218139648e-01 -1.152748465538024902e-01
-3.917784094810485840e-01 -1.974263191223144531e-01
-1.737760305404663086e-01 4.907850623130798340e-01
-3.843023777008056641e-01 -1.180123686790466309e-01
-1.542051434516906738e-01 -3.783200383186340332e-01
-5.091011524200439453e-03 -4.143310785293579102e-01
-4.563676714897155762e-01 -1.389917135238647461e-01
-2.436275482177734375e-01 -2.939051389694213867e-01
-1.836448311805725098e-01 -2.335341572761535645e-01
-3.901320695877075195e-01 3.405837416648864746e-01
7.961529493331909180e-02 -3.597567677497863770e-01
-2.801744341850280762e-01 2.674039602279663086e-01
-1.085311174392700195e-02 4.074953794479370117e-01
-4.456517100334167480e-01 -4.013447761535644531e-01
4.244446754455566406e-04 3.754885792732238770e-01
4.336506128311157227e-02 -4.255686402320861816e-01
-4.512907266616821289e-01 2.511376142501831055e-01
-3.418297767639160156e-01 4.786899685859680176e-01
1.266353726387023926e-01 2.549803256988525391e-01
-2.096348404884338379e-01 3.213478922843933105e-01
1.856539845466613770e-01 1.915019750595092773e-02
-3.683300614356994629e-01 2.987027168273925781e-01
4.854230880737304688e-01 4.077942371368408203e-01
-1.632840633392333984e-01 8.317470550537109375e-03
2.403445839881896973e-01 -3.598385453224182129e-01
-6.176072359085083008e-02 4.388031959533691406e-01
1.531562805175781250e-01 -1.997987031936645508e-01
-4.006207585334777832e-01 -2.984535098075866699e-01
4.039394259452819824e-01 -4.703080058097839355e-01
3.054035305976867676e-01 8.295118808746337891e-02
-4.244267940521240234e-02 -4.145246148109436035e-01
4.287135601043701172e-01 -1.534553170204162598e-01
6.635028123855590820e-02 -3.372272253036499023e-01
-2.371462583541870117e-01 1.569579839706420898e-01
4.970296621322631836e-01 1.767259836196899414e-01
4.742070436477661133e-01 -4.409732222557067871e-01
-3.713026046752929688e-01 -1.099832653999328613e-01
-2.875596284866333008e-01 -2.671853303909301758e-01
-6.339228153228759766e-02 2.362357974052429199e-01
-3.326964974403381348e-01 5.953472852706909180e-02
4.905288219451904297e-01 4.484582543373107910e-01
1.826300024986267090e-01 -1.127675771713256836e-01
7.915437221527099609e-02 2.458981275558471680e-01
-1.109659075736999512e-01 2.166808843612670898e-01
-2.044923305511474609e-01 -6.040376424789428711e-02
-6.633561849594116211e-02 -3.189163208007812500e-01
-1.067835092544555664e-02 3.965536355972290039e-01
1.188589930534362793e-01 4.807541966438293457e-01
-2.039201855659484863e-01 -3.496385812759399414e-01
-3.845586776733398438e-01 1.692374944686889648e-01
-1.334443092346191406e-01 1.874226927757263184e-01
3.702744841575622559e-01 -4.579597115516662598e-01
-1.562241911888122559e-01 -3.146183490753173828e-01
-1.755203008651733398e-01 4.747363924980163574e-01
4.879679083824157715e-01 2.222991585731506348e-01
-1.107363104820251465e-01 2.458983659744262695e-01
3.796380758285522461e-02 1.388467550277709961e-01
-1.935217380523681641e-01 4.207756519317626953e-01
3.013928532600402832e-01 3.268518447875976562e-01
4.428392648696899414e-01 1.364834308624267578e-01
2.716919779777526855e-01 -4.601925611495971680e-02
2.338510751724243164e-01 2.393109202384948730e-01
1.585749983787536621e-01 4.869306683540344238e-01
3.317859172821044922e-01 3.009550571441650391e-01
1.501111388206481934e-01 -1.419544219970703125e-02
1.203280687332153320e-02 -4.114871621131896973e-01
-1.549329757690429688e-01 -4.166698455810546875e-02
-4.944596290588378906e-01 3.185037970542907715e-01
2.163954377174377441e-01 3.228933811187744141e-01
-2.149871587753295898e-01 1.088652014732360840e-01
-2.999367713928222656e-01 -1.716206669807434082e-01
3.170682787895202637e-01 1.024945378303527832e-01
7.037824392318725586e-02 -4.955914616584777832e-01
-2.826437354087829590e-01 -2.196516990661621094e-01
-1.562108993530273438e-01 -4.452865123748779297e-01
6.486386060714721680e-02 -4.912356138229370117e-01
2.929201126098632812e-01 4.393631219863891602e-02
-4.994066357612609863e-01 -4.655889868736267090e-01
-2.235028147697448730e-01 2.698796987533569336e-02
-6.197702884674072266e-02 2.918252348899841309e-01
7.098329067230224609e-02 1.581360697746276855e-01
6.864392757415771484e-02 -4.313061237335205078e-01
-2.901824116706848145e-01 -2.493252754211425781e-01
1.865947246551513672e-02 -3.429123759269714355e-01
-4.205698370933532715e-01 -2.149884700775146484e-01
3.172977566719055176e-01 5.876493453979492188e-02
-1.394605636596679688e-02 7.402485609054565430e-02
-2.137807607650756836e-01 -3.684827685356140137e-01
6.026029586791992188e-02 -2.340878844261169434e-01
1.631730198860168457e-01 -1.248912811279296875e-01
-4.103940129280090332e-01 3.180715441703796387e-01
3.120455145835876465e-01 -1.102837324142456055e-01
-1.908347606658935547e-01 2.389592528343200684e-01
4.668433666229248047e-01 -2.413376569747924805e-01
-3.667687177658081055e-01 -1.460010409355163574e-01
-3.808550834655761719e-01 2.327033877372741699e-01
-3.157135248184204102e-01 1.309990286827087402e-01
-1.763002872467041016e-01 -4.479545950889587402e-01
3.139785528182983398e-01 3.874342441558837891e-01
3.761692643165588379e-01 3.511861562728881836e-01
4.631777405738830566e-01 1.442918181419372559e-01
-3.693140745162963867e-01 9.400045871734619141e-02
-3.429213166236877441e-01 1.244646310806274414e-01
-4.853128194808959961e-01 2.301368117332458496e-01
4.513993263244628906e-01 1.121363043785095215e-01
4.045592546463012695e-01 -2.400354146957397461e-01
3.113340735435485840e-01 -2.002969980239868164e-01
-1.699644923210144043e-01 -4.157922267913818359e-01
-4.381370544433593750e-02 -3.405759930610656738e-01
4.785648584365844727e-01 4.366560578346252441e-01
3.271599411964416504e-01 3.903291821479797363e-01
4.169946908950805664e-02 -2.712391018867492676e-01
2.659980058670043945e-01 -3.152830600738525391e-01
-4.525204300880432129e-01 -2.803217172622680664e-01
1.697210669517517090e-01 1.266100406646728516e-01
3.844729661941528320e-01 1.242836713790893555e-01
-2.035063505172729492e-01 -2.392930388450622559e-01
4.710575938224792480e-01 1.028048396110534668e-01
2.136925458908081055e-01 -2.538403868675231934e-01
4.857230782508850098e-01 4.248772859573364258e-01
-1.184973716735839844e-01 -4.683317542076110840e-01
4.359553456306457520e-01 6.329023838043212891e-02
1.154288649559020996e-01 -2.558410763740539551e-01
-8.811080455780029297e-02 -2.600603103637695312e-01
-4.768725633621215820e-01 2.735478878021240234e-01
-2.970576286315917969e-02 1.888537406921386719e-01
-3.348442316055297852e-01 8.409786224365234375e-02
1.061921119689941406e-01 -3.658004403114318848e-01
-1.697076559066772461e-01 4.721148610115051270e-01
1.590920686721801758e-01 4.030434489250183105e-01
2.275210022926330566e-01 -2.712986469268798828e-01
3.596684932708740234e-01 3.954465389251708984e-01
-2.002461552619934082e-01 3.949899673461914062e-01
-1.304698586463928223e-01 3.976526856422424316e-01
-4.699040651321411133e-01 -1.729049086570739746e-01
2.399012446403503418e-01 -8.879345655441284180e-02
-3.881525993347167969e-02 -4.192368984222412109e-01
3.650301098823547363e-01 -4.131880402565002441e-01
-2.726580500602722168e-01 -2.887327671051025391e-01
1.649227142333984375e-01 -4.019607305526733398e-01
1.390923857688903809e-01 -1.317099928855895996e-01
-7.562190294265747070e-02 -2.706813812255859375e-02
1.433074474334716797e-03 -1.620053052902221680e-01
-4.033846855163574219e-01 3.446528315544128418e-01
-1.085054874420166016e-01 1.203500032424926758e-01
-1.852775216102600098e-01 1.257561445236206055e-01
4.063882827758789062e-01 -3.181642293930053711e-02
1.845415234565734863e-01 -1.252651214599609375e-03
2.249986529350280762e-01 -1.640362739562988281e-01
4.323799610137939453e-01 3.056595921516418457e-01
1.689605712890625000e-01 1.770297884941101074e-01
3.090089559555053711e-01 4.579026103019714355e-01
8.715093135833740234e-02 -4.895189404487609863e-01
-1.072502136230468750e-01 4.513571858406066895e-01
2.158828377723693848e-01 1.858488321304321289e-01
-2.774413228034973145e-01 -3.124376535415649414e-01
4.213815927505493164e-02 -2.713596224784851074e-01
-4.766685962677001953e-01 -3.837314844131469727e-01
4.151498079299926758e-01 6.188154220581054688e-03
-3.977209329605102539e-02 6.808888912200927734e-02
-2.064141035079956055e-01 -3.041909933090209961e-01
-1.817351579666137695e-01 -1.340728998184204102e-01
1.295135021209716797e-01 4.027154445648193359e-01
-3.983199596405029297e-01 -1.560341119766235352e-01
1.910844445228576660e-01 1.787510514259338379e-01
2.292672991752624512e-01 2.550351023674011230e-01
1.414752006530761719e-01 1.825159788131713867e-02
-2.220954298973083496e-01 1.765763759613037109e-01
2.839846014976501465e-01 4.512214064598083496e-01
-4.158460497856140137e-01 -2.179265022277832031e-01
-1.087179183959960938e-01 2.392195463180541992e-01
-6.581538915634155273e-02 3.802566528320312500e-01
7.310181856155395508e-02 4.530269503593444824e-01
-4.145157337188720703e-01 -2.907174825668334961e-02
-4.332999587059020996e-01 4.290298223495483398e-01
9.447795152664184570e-02 -2.840375900268554688e-01
-1.192867755889892578e-02 1.296822428703308105e-01
4.090577363967895508e-01 -2.452421188354492188e-01
2.825578451156616211e-01 -3.717693090438842773e-01
-3.332114219665527344e-01 -2.776455879211425781e-02
-3.191481232643127441e-01 -3.037407994270324707e-01
-2.960551977157592773e-01 -2.447087168693542480e-01
1.177183389663696289e-01 4.182640910148620605e-01
1.890307664871215820e-02 1.263199448585510254e-01
-7.928812503814697266e-02 1.668793559074401855e-01
-1.896367669105529785e-01 6.519657373428344727e-02
8.069717884063720703e-02 -4.714298248291015625e-01
2.031926512718200684e-01 -3.076045513153076172e-01
-4.018530845642089844e-01 -3.530165553092956543e-01
3.140770196914672852e-01 -2.302395701408386230e-01
1.894167661666870117e-01 -4.630052447319030762e-01
4.888688921928405762e-01 3.136112093925476074e-01
2.589994668960571289e-01 4.700408577919006348e-01
-3.490921258926391602e-01 -4.868429899215698242e-01
-3.754461407661437988e-01 -7.931220531463623047e-02
-3.653834462165832520e-01 -3.448349833488464355e-01
-2.375169992446899414e-01 -3.724120259284973145e-01
1.511539220809936523e-01 2.738823890686035156e-01
-1.823258399963378906e-01 -1.138204932212829590e-01
-4.533209800720214844e-01 -4.953552484512329102e-01
2.058731913566589355e-01 2.462619543075561523e-01
2.965914607048034668e-01 2.190502882003784180e-01
-3.186096549034118652e-01 4.711626172065734863e-01
-2.898494005203247070e-01 -2.451539039611816406e-01
-3.952121138572692871e-01 1.677185893058776855e-01
-1.476726531982421875e-01 2.964397668838500977e-01
4.644345641136169434e-01 -3.520767092704772949e-01
-2.412974834442138672e-03 -3.371846675872802734e-01
-8.892089128494262695e-02 -1.752449870109558105e-01
-4.077941775321960449e-01 -3.887420892715454102e-01
-3.453835248947143555e-01 -1.268256902694702148e-01
1.712262630462646484e-03 -2.551760673522949219e-01
-2.076448202133178711e-01 3.098450303077697754e-01
-1.823045611381530762e-01 -3.091207742691040039e-01
8.275741338729858398e-02 3.163486719131469727e-02
2.248277068138122559e-01 -3.325831294059753418e-01
2.632147073745727539e-02 1.568660140037536621e-01
-4.031962752342224121e-01 4.070014953613281250e-01
1.503478884696960449e-01 -3.712350130081176758e-02
-4.479455947875976562e-02 2.487356066703796387e-01
-4.825462698936462402e-01 -4.586390852928161621e-01
4.277408123016357422e-01 -4.171400666236877441e-01
-2.876824736595153809e-01 3.825834989547729492e-01
3.320153355598449707e-01 4.169698357582092285e-01
-7.472163438796997070e-02 3.904005885124206543e-01
2.899152636528015137e-01 3.251269459724426270e-01
2.240599989891052246e-01 3.379858732223510742e-01
2.096169590950012207e-01 -3.009364008903503418e-01
-6.524509191513061523e-02 6.408941745758056641e-02
4.572693109512329102e-01 -1.475587487220764160e-01
-1.715858578681945801e-01 6.486606597900390625e-02
2.169553637504577637e-01 1.757989525794982910e-01
7.073307037353515625e-02 1.555235981941223145e-01
2.336723208427429199e-01 1.526688933372497559e-01
3.233492970466613770e-01 4.808361530303955078e-01
3.581035137176513672e-01 -1.659193038940429688e-01
-4.190081954002380371e-01 -2.176631689071655273e-01
1.600456833839416504e-01 -1.871939301490783691e-01
6.084728240966796875e-02 -3.245201706886291504e-01
4.635269641876220703e-01 8.878099918365478516e-02
1.677901148796081543e-01 -2.883952856063842773e-02
3.171932697296142578e-01 3.743350505828857422e-01
1.407808661460876465e-01 -2.959553003311157227e-01
-8.902084827423095703e-02 2.551663517951965332e-01
-6.817430257797241211e-02 3.678026199340820312e-01
2.043781280517578125e-01 8.819603919982910156e-02
-1.547269225120544434e-01 -1.466701030731201172e-01
7.119023799896240234e-02 4.968196153640747070e-01
2.356073856353759766e-01 -3.448597788810729980e-01
-3.392890691757202148e-01 9.908062219619750977e-02
1.252354383468627930e-01 -2.383707165718078613e-01
4.418905973434448242e-01 4.355443120002746582e-01
-6.802558898925781250e-03 4.174776077270507812e-01
-2.658804655075073242e-01 1.587678790092468262e-01
-4.087471961975097656e-02 -2.263345122337341309e-01
-3.525156974792480469e-01 1.530992984771728516e-01
-4.244580268859863281e-01 3.731621503829956055e-01
4.320365190505981445e-01 7.856774330139160156e-02
7.930290699005126953e-02 2.294540405273437500e-03
-2.174544930458068848e-01 2.814158201217651367e-01
-1.584469079971313477e-01 1.840245723724365234e-02
6.567203998565673828e-02 -2.418859601020812988e-01
3.683535456657409668e-01 -1.187237501144409180e-01
4.812381863594055176e-01 1.636164784431457520e-01
-1.303925514221191406e-01 -1.358065605163574219e-01
2.126044631004333496e-01 2.926884889602661133e-01
-8.705949783325195312e-02 -4.472668170928955078e-01
2.075421810150146484e-02 -4.574151635169982910e-01
-1.555430889129638672e-02 3.772665858268737793e-01
-9.326106309890747070e-02 2.577308416366577148e-01
-2.950869202613830566e-01 -4.499651789665222168e-01
3.424899578094482422e-01 -7.695209980010986328e-02
3.584596514701843262e-01 -3.865121603012084961e-01
2.777228355407714844e-01 -3.855170607566833496e-01
3.377078175544738770e-01 2.570842504501342773e-01
-2.021040916442871094e-01 -3.741711974143981934e-01
-4.183560609817504883e-02 3.883901238441467285e-01
-6.109654903411865234e-03 -3.554213047027587891e-01
3.338595032691955566e-01 -1.003216505050659180e-01
-4.518021941184997559e-01 -3.840729594230651855e-01
4.472208619117736816e-01 -1.324002742767333984e-01
-4.300886392593383789e-02 2.343166470527648926e-01
9.056538343429565430e-02 4.284685850143432617e-02
-1.089108586311340332e-01 1.599580049514770508e-02
-4.660907983779907227e-01 -3.689208030700683594e-01
-1.783967614173889160e-01 -5.100041627883911133e-02
-1.122480034828186035e-01 -7.459777593612670898e-02
-3.631489276885986328e-01 -3.083995580673217773e-01
3.117558360099792480e-01 -3.853470683097839355e-01
-1.125382781028747559e-01 -4.079464077949523926e-01
3.067123889923095703e-02 -2.597308158874511719e-02
-2.685834765434265137e-01 -2.270048856735229492e-01
-6.861263513565063477e-02 1.895679235458374023e-01
-4.003015756607055664e-01 -5.678045749664306641e-02
3.114649653434753418e-01 2.030950188636779785e-01
-3.319274783134460449e-01 2.119178771972656250e-01
-2.812384366989135742e-01 2.623043060302734375e-01
1.284832954406738281e-01 4.781204462051391602e-01
-3.535248637199401855e-01 -4.757760167121887207e-01
4.680361747741699219e-01 4.915907979011535645e-01
-2.969176173210144043e-01 -2.246643304824829102e-01
1.160637140274047852e-01 -1.191197037696838379e-01
1.450026631355285645e-01 -4.212075471878051758e-02
-4.838849902153015137e-01 -2.375379800796508789e-01
4.830815792083740234e-01 -4.736858606338500977e-02
4.841756820678710938e-02 4.988151192665100098e-01
2.114784717559814453e-02 -3.284935355186462402e-01
-3.533523082733154297e-01 3.959120512008666992e-01
4.221141934394836426e-01 2.048347592353820801e-01
-3.886342644691467285e-01 -1.204782724380493164e-01
-4.550220370292663574e-01 1.025891304016113281e-02
3.627461194992065430e-01 1.471282839775085449e-01
6.014376878738403320e-02 -9.387874603271484375e-02
4.417724013328552246e-01 -4.510707259178161621e-01
2.408784031867980957e-01 2.094686627388000488e-01
-1.976101398468017578e-01 -2.691988348960876465e-01
2.600160241127014160e-01 -7.052165269851684570e-02
3.977543115615844727e-02 -1.480696201324462891e-01
-4.580386281013488770e-01 2.969921231269836426e-01
-3.985367417335510254e-01 -2.174768447875976562e-01
4.744157791137695312e-01 -2.434637546539306641e-01
-2.888410091400146484e-01 -9.645420312881469727e-02
4.884443283081054688e-01 -1.195657253265380859e-01
1.281903982162475586e-01 -1.504909992218017578e-02
-3.371429443359375000e-02 8.540034294128417969e-03
-3.658493757247924805e-01 -2.592233419418334961e-01
4.842759966850280762e-01 8.976751565933227539e-02
2.184374928474426270e-01 -3.977733254432678223e-01
1.217378377914428711e-01 2.119780182838439941e-01
-1.518051028251647949e-01 -6.631577014923095703e-02
2.859891057014465332e-01 -4.250472784042358398e-01
2.133197784423828125e-01 1.755349636077880859e-01
2.839466333389282227e-01 -2.708407640457153320e-01
-2.100536227226257324e-01 3.169799447059631348e-01
-2.999418973922729492e-02 -2.203041315078735352e-01
3.639707565307617188e-01 -4.832150340080261230e-01
-4.588270783424377441e-01 -1.582232713699340820e-01
-2.232341766357421875e-01 2.174876928329467773e-01
-9.409683942794799805e-02 4.105659723281860352e-01
9.976834058761596680e-02 1.147493720054626465e-01
-3.186215758323669434e-01 1.088466644287109375e-01
2.969588637351989746e-01 -4.023620486259460449e-01
1.486638784408569336e-01 3.568601012229919434e-01
6.310254335403442383e-02 -3.265746831893920898e-01
-4.924718737602233887e-01 4.442442059516906738e-01
-3.583360314369201660e-01 -2.283974289894104004e-01
8.467483520507812500e-02 4.663009047508239746e-01
-3.067731857299804688e-01 1.539486646652221680e-01
-5.017876625061035156e-03 4.613773822784423828e-01
-1.194546818733215332e-01 -3.980874419212341309e-01
-2.942675352096557617e-01 2.802951931953430176e-01
1.146973371505737305e-01 -4.384672045707702637e-01
1.177732348442077637e-01 -1.181105971336364746e-01
-2.559662461280822754e-01 -2.984619140625000000e-01
-6.745111942291259766e-02 -2.847679853439331055e-01
-4.828966856002807617e-01 -2.249079346656799316e-01
2.185896635055541992e-01 -1.361154913902282715e-01
-7.388997077941894531e-02 -1.070812940597534180e-01
-6.192535161972045898e-02 -1.472168564796447754e-01
2.071122527122497559e-01 -1.820884943008422852e-01
3.834571242332458496e-01 -3.854811191558837891e-02
-7.096678018569946289e-02 -8.156812191009521484e-02
-1.630738377571105957e-01 2.540493607521057129e-01
5.939388275146484375e-02 2.708272337913513184e-01
2.711562514305114746e-01 -1.547992825508117676e-01
3.158138990402221680e-01 4.873998761177062988e-01
4.044165611267089844e-01 4.421234130859375000e-03
3.551779389381408691e-01 -2.437186241149902344e-01
-9.520155191421508789e-02 3.777161836624145508e-01
-1.079491376876831055e-01 -4.422020912170410156e-02
4.436141252517700195e-02 -2.597649097442626953e-01
4.298478364944458008e-02 4.500415325164794922e-01
-2.580032944679260254e-01 -4.872316122055053711e-02
-4.875172972679138184e-01 1.557054519653320312e-01
3.284264206886291504e-01 3.663214445114135742e-01
-3.796436786651611328e-01 -2.715443968772888184e-01
3.625436425209045410e-01 -2.750877141952514648e-01
-2.610852122306823730e-01 -1.443763375282287598e-01
1.570963859558105469e-02 -4.786207079887390137e-01
-2.792562842369079590e-01 3.756589293479919434e-01
1.589932441711425781e-01 4.838331937789916992e-01
-4.343367815017700195e-01 6.090128421783447266e-02
-1.311613917350769043e-01 -1.928600072860717773e-01
-4.107578992843627930e-01 4.320404529571533203e-01
-3.735264539718627930e-01 -3.894398212432861328e-01
3.193762302398681641e-01 2.845203876495361328e-02
1.282598376274108887e-01 1.740179061889648438e-01
-3.501819372177124023e-01 -4.526975154876708984e-01
4.926426410675048828e-01 -9.350067377090454102e-02
3.815770745277404785e-01 8.927249908447265625e-02
-2.354792356491088867e-01 1.687760353088378906e-01
-4.113235473632812500e-01 -3.943147063255310059e-01
-7.438588142395019531e-02 -4.794099330902099609e-01
2.355967164039611816e-01 5.638808012008666992e-02
-3.453133702278137207e-01 2.043691277503967285e-01
-1.958867907524108887e-01 3.523807525634765625e-01
-3.757469654083251953e-01 3.236014246940612793e-01
-1.537389755249023438e-01 4.008952379226684570e-01
2.292129993438720703e-01 -3.219845890998840332e-01
3.571835756301879883e-01 4.139202833175659180e-02
1.577331423759460449e-01 -1.678370237350463867e-01
4.499217271804809570e-01 -4.103864431381225586e-01
2.352666854858398438e-01 2.484309673309326172e-01
1.454706788063049316e-01 -4.262191057205200195e-01
7.973635196685791016e-02 1.896842122077941895e-01
4.214847087860107422e-01 -7.083320617675781250e-02
-1.586116552352905273e-01 2.811903357505798340e-01
2.185150980949401855e-01 -1.299452781677246094e-01
-4.032722711563110352e-01 -1.638968586921691895e-01
2.541286945343017578e-01 -9.372270107269287109e-02
3.104437589645385742e-01 -1.284641623497009277e-01
-4.522323012351989746e-01 -2.552271485328674316e-01
-4.429991245269775391e-01 3.343709111213684082e-01
-4.217309355735778809e-01 -2.590689659118652344e-01
6.204026937484741211e-02 -1.347140669822692871e-01
3.538213372230529785e-01 1.638311743736267090e-01
4.523540139198303223e-01 -3.151714801788330078e-03
2.978069782257080078e-01 -2.110912203788757324e-01
-4.260752201080322266e-01 2.355988025665283203e-01
2.503935694694519043e-01 1.931711435317993164e-01
-1.690505146980285645e-01 -7.245361804962158203e-02
-8.997118473052978516e-02 2.302947044372558594e-01
1.353020668029785156e-01 -3.821201324462890625e-01
-3.274843096733093262e-01 -6.762409210205078125e-02
-1.063834428787231445e-01 -4.385399818420410156e-01
4.358386397361755371e-01 4.947430491447448730e-01
-4.323512315750122070e-02 1.526488065719604492e-01
4.563753008842468262e-01 -2.104434370994567871e-01
-4.728569984436035156e-01 -2.440301775932312012e-01
-7.992094755172729492e-02 -4.652827382087707520e-01
-4.582688212394714355e-01 4.612937569618225098e-01
4.594045877456665039e-02 -4.513902068138122559e-01
-3.296377658843994141e-01 -2.330958247184753418e-01
-1.288438439369201660e-01 -4.594106674194335938e-01
8.190518617630004883e-02 2.694777846336364746e-01
-1.416822671890258789e-01 -2.065138816833496094e-01
1.482037901878356934e-01 -1.688670516014099121e-01
-4.449826478958129883e-01 2.703278064727783203e-01
-2.180629372596740723e-01 4.471505880355834961e-01
-4.347771406173706055e-02 4.441333413124084473e-01
4.641457200050354004e-01 5.992859601974487305e-02
-4.938293695449829102e-01 -1.933943033218383789e-01
3.363538384437561035e-01 3.722915053367614746e-01
-3.584383130073547363e-01 2.789984941482543945e-01
1.071572303771972656e-03 8.863627910614013672e-02
4.577497243881225586e-01 -2.264651060104370117e-01
-1.591247320175170898e-01 -2.152683734893798828e-01
2.960132360458374023e-01 -2.494649291038513184e-01
-1.399542689323425293e-01 -1.971161961555480957e-01
-2.391193509101867676e-01 1.652687788009643555e-01
1.757242083549499512e-01 -8.657288551330566406e-02
-1.740760207176208496e-01 -1.574229001998901367e-01
-7.179975509643554688e-03 6.431496143341064453e-02
-3.338755369186401367e-01 -2.315426468849182129e-01
-3.141964077949523926e-01 -3.619807958602905273e-01
-2.599457502365112305e-01 -3.143497109413146973e-01
4.920572638511657715e-01 1.573532223701477051e-01
2.157379984855651855e-01 -2.291108965873718262e-01
4.609495997428894043e-01 -2.559201717376708984e-01
1.158765554428100586e-01 -5.505734682083129883e-02
-4.697042703628540039e-01 -3.749496936798095703e-01
-2.381997704505920410e-01 3.289457559585571289e-01
3.483146429061889648e-01 -2.465125322341918945e-01
-4.817262291908264160e-01 1.496821045875549316e-01
-4.250121116638183594e-02 2.734743356704711914e-01
7.476514577865600586e-02 1.353964209556579590e-01
-1.555099487304687500e-01 -4.087842106819152832e-01
-2.805519700050354004e-01 1.401686072349548340e-01
3.370887637138366699e-01 4.991766214370727539e-01
3.983225822448730469e-01 4.067776203155517578e-01
2.472549676895141602e-02 -2.528171539306640625e-01
4.535148739814758301e-01 1.455113887786865234e-01
1.499145030975341797e-01 -4.439781904220581055e-01
-1.872982382774353027e-01 -4.649788141250610352e-02
-1.286004185676574707e-01 -1.196091175079345703e-01
2.961480617523193359e-02 3.421765565872192383e-02
2.705964446067810059e-01 -4.456862807273864746e-01
-2.714332342147827148e-01 -3.983950614929199219e-02
-4.703212976455688477e-01 2.858102321624755859e-03
2.273833155632019043e-01 2.815982103347778320e-01
4.873771071434020996e-01 2.063082456588745117e-01
4.392107725143432617e-01 7.179874181747436523e-02
-1.427874565124511719e-01 -2.273225784301757812e-02
-3.207718133926391602e-01 -1.978642940521240234e-01
-3.677852749824523926e-01 2.416175603866577148e-02
-1.245213747024536133e-01 3.106544613838195801e-01
-2.858371734619140625e-01 1.569423079490661621e-01
3.317201733589172363e-01 3.380514383316040039e-01
1.517114043235778809e-01 2.599875330924987793e-01
-7.744485139846801758e-02 -2.604519724845886230e-01
-4.488644003868103027e-01 4.637885093688964844e-02
2.454949617385864258e-01 6.568354368209838867e-02
-2.681033611297607422e-01 3.338246345520019531e-01
-1.237145662307739258e-01 -4.261658191680908203e-01
3.926578760147094727e-01 3.757020235061645508e-01
2.552674412727355957e-01 1.394094824790954590e-01
2.595885396003723145e-01 2.539898157119750977e-01
-4.269893765449523926e-01 4.556035399436950684e-01
-6.849020719528198242e-02 8.763289451599121094e-02
4.967103600502014160e-01 2.148709893226623535e-01
3.039038181304931641e-01 2.841554284095764160e-01
3.221490979194641113e-01 -3.885587453842163086e-01
1.258757114410400391e-01 -2.759163975715637207e-01
1.637870073318481445e-01 -1.211938858032226562e-01
2.544443011283874512e-01 -4.890949130058288574e-01
-3.002661466598510742e-01 3.186178207397460938e-02
3.262274861335754395e-01 -3.709506392478942871e-01
2.077352404594421387e-01 -3.660380244255065918e-01
-3.367283344268798828e-01 -1.118480563163757324e-01
-3.524208068847656250e-01 -3.900216221809387207e-01
-3.843894600868225098e-01 -3.643837571144104004e-01
4.973447322845458984e-02 -5.937093496322631836e-02
-2.601663470268249512e-01 2.592414617538452148e-01
-3.090239167213439941e-01 2.818921804428100586e-01
4.815966486930847168e-01 -4.091529846191406250e-01
-4.645919799804687500e-01 -1.342332959175109863e-01
-2.523695826530456543e-01 -2.896440625190734863e-01
-1.343431472778320312e-01 2.278815507888793945e-01
3.239552974700927734e-01 -4.369617104530334473e-01
3.883824348449707031e-01 6.528532505035400391e-02
-1.610571742057800293e-01 2.605692148208618164e-01
3.200634121894836426e-01 4.336885213851928711e-01
4.739633202552795410e-01 4.179086685180664062e-01
2.498687505722045898e-01 -1.504266858100891113e-01
-1.989403963088989258e-01 -4.774969816207885742e-02
-1.232081651687622070e-02 4.381143450736999512e-01
1.472166180610656738e-01 -4.348396062850952148e-01
-4.383589029312133789e-01 3.182779550552368164e-01
-4.745901823043823242e-01 1.228911876678466797e-01
3.043447136878967285e-01 3.977712392807006836e-01
3.283612132072448730e-01 3.818727135658264160e-01
-1.686505079269409180e-01 3.375995159149169922e-02
2.401232123374938965e-01 4.853212833404541016e-02
2.613888978958129883e-01 4.550087451934814453e-01
-1.345659494400024414e-01 -4.423958063125610352e-02
-2.957958579063415527e-01 1.964792013168334961e-01
-3.138997554779052734e-01 -4.608101248741149902e-01
4.321452379226684570e-01 1.692450046539306641e-01
-9.907788038253784180e-02 -1.083634495735168457e-01
4.098741412162780762e-01 -2.471250295639038086e-01
2.439953088760375977e-01 3.631633520126342773e-01
-1.465778946876525879e-01 -4.827600717544555664e-02
3.104724884033203125e-01 1.332426071166992188e-01
-3.633934259414672852e-02 2.130374312400817871e-01
3.899040222167968750e-01 5.898958444595336914e-02
7.524794340133666992e-02 3.488554954528808594e-01
-1.797018051147460938e-01 -3.756505250930786133e-01
-1.087104678153991699e-01 -4.084861278533935547e-02
4.669899940490722656e-01 -4.276891350746154785e-01
2.307807207107543945e-01 -2.144356966018676758e-01
-3.696480393409729004e-01 3.444306254386901855e-01
-2.901874184608459473e-01 2.355212569236755371e-01
-2.442077994346618652e-01 2.921077609062194824e-01
3.272098302841186523e-02 -2.701187729835510254e-01
-3.663601875305175781e-01 -3.542805910110473633e-01
1.464485526084899902e-01 -1.470432877540588379e-01
-3.142929077148437500e-01 -1.195660233497619629e-01
-4.020899534225463867e-01 -1.591533422470092773e-02
2.155670523643493652e-01 3.394764065742492676e-01
4.376999735832214355e-01 6.732296943664550781e-02
-4.099231958389282227e-01 3.967931270599365234e-01
-4.959462881088256836e-01 -1.555107235908508301e-01
4.466125965118408203e-01 1.323992013931274414e-02
9.760880470275878906e-02 1.656347513198852539e-01
-3.143429756164550781e-01 2.649205327033996582e-01
-3.848854899406433105e-01 4.336138367652893066e-01
4.024748206138610840e-01 4.755613207817077637e-01
4.144712090492248535e-01 -1.248537898063659668e-01
-3.469417095184326172e-01 -3.528608083724975586e-01
-1.776380538940429688e-01 3.150087594985961914e-01
-1.605221629142761230e-01 1.200389266014099121e-01
3.776173591613769531e-01 -1.646765470504760742e-01
-1.630044579505920410e-01 -4.140016436576843262e-01
3.454744219779968262e-01 -4.496514797210693359e-01
5.851030349731445312e-02 -4.901939630508422852e-01
4.756482839584350586e-01 2.769714593887329102e-02
-4.841810464859008789e-01 -1.133413314819335938e-01
-4.972394704818725586e-01 8.470332622528076172e-02
-1.158518791198730469e-01 2.704409360885620117e-01
-4.514780640602111816e-01 3.439859747886657715e-01
-3.180679678916931152e-01 -3.128530383110046387e-01
-4.550743103027343750e-02 3.327012062072753906e-01
-5.493128299713134766e-02 -1.371737122535705566e-01
-3.302403092384338379e-01 -1.277373433113098145e-01
4.300733804702758789e-01 -7.713299989700317383e-02
3.384030461311340332e-01 -1.346912980079650879e-01
-2.212185859680175781e-01 -2.666004300117492676e-01
2.342676520347595215e-01 1.564159393310546875e-01
2.254897356033325195e-01 3.097385168075561523e-02
-9.963047504425048828e-02 -4.535886645317077637e-01
9.241586923599243164e-02 -3.001115322113037109e-01
-3.273189663887023926e-01 -2.613632678985595703e-01
2.610867023468017578e-01 1.352502107620239258e-01
-5.431830883026123047e-02 -4.078752994537353516e-01
-5.065602064132690430e-02 5.670171976089477539e-02
3.494572639465332031e-01 3.933197259902954102e-02
6.062394380569458008e-02 -4.208964109420776367e-01
-2.881972193717956543e-01 3.531031608581542969e-01
2.838336229324340820e-01 -1.552128791809082031e-01
-1.717164516448974609e-01 -3.427107930183410645e-01
4.820239543914794922e-01 3.783065080642700195e-02
2.339437007904052734e-01 4.366462826728820801e-01
3.454108238220214844e-01 -3.879065513610839844e-01
-1.972278356552124023e-01 -2.887617945671081543e-01
2.917890548706054688e-01 3.853940963745117188e-01
-3.644137978553771973e-01 4.076578617095947266e-01
-4.321795105934143066e-01 1.341189742088317871e-01
-2.665594220161437988e-01 4.805906414985656738e-01
-2.918388247489929199e-01 3.177230358123779297e-01
3.552498221397399902e-01 -1.222947835922241211e-01
4.356354475021362305e-02 1.003515124320983887e-01
-3.296252489089965820e-01 -4.665867686271667480e-01
-4.588348865509033203e-01 3.922539949417114258e-01
-4.477334022521972656e-01 2.371126413345336914e-01
1.839104294776916504e-01 2.925885319709777832e-01
-1.883196830749511719e-01 4.339067339897155762e-01
2.696497440338134766e-01 -1.038380265235900879e-01
2.844925522804260254e-01 4.491995573043823242e-01
3.528636693954467773e-01 -4.349887371063232422e-01
-1.516780257225036621e-01 -1.652201414108276367e-01
3.248754143714904785e-01 -7.789134979248046875e-02
3.371713757514953613e-01 3.790920376777648926e-01
-4.496195912361145020e-01 1.294994950294494629e-01
4.463500380516052246e-01 6.437838077545166016e-02
1.866907477378845215e-01 -4.295296669006347656e-01
-1.344586014747619629e-01 1.306139230728149414e-01
2.964341640472412109e-01 -3.922787308692932129e-01
-2.574964165687561035e-01 -3.467290997505187988e-01
3.113583922386169434e-01 3.003892898559570312e-01
-3.684184551239013672e-01 3.059366345405578613e-01
-4.747382998466491699e-01 -4.678769111633300781e-01
-9.805953502655029297e-02 7.513451576232910156e-02
1.890694499015808105e-01 2.742072939872741699e-01
-7.775175571441650391e-02 4.169868230819702148e-01
-3.258291482925415039e-01 -4.419054388999938965e-01
-4.448948502540588379e-01 -3.344184160232543945e-02
2.554651498794555664e-01 -3.650065064430236816e-01
