8.367707729339599609e-01 5.707181692123413086e-01
6.057581901550292969e-01 4.820576310157775879e-01
8.724957704544067383e-01 6.596739292144775391e-01
7.538722753524780273e-01 5.961656570434570312e-01
6.876531243324279785e-01 5.021010637283325195e-01
5.618101358413696289e-01 4.742012023925781250e-01
8.333788514137268066e-01 4.969615340232849121e-01
5.796835422515869141e-01 6.909628510475158691e-01
8.130739927291870117e-01 7.561747431755065918e-01
7.069385647773742676e-01 5.501731634140014648e-01
7.975602746009826660e-01 6.403819322586059570e-01
7.795770168304443359e-01 6.827521920204162598e-01
7.589365243911743164e-01 5.563906431198120117e-01
6.479055285453796387e-01 5.965836048126220703e-01
6.913067102432250977e-01 5.427607893943786621e-01
7.292659282684326172e-01 7.796828746795654297e-01
4.919921159744262695e-01 5.194098353385925293e-01
6.608994007110595703e-01 7.122858166694641113e-01
7.587960362434387207e-01 7.959724068641662598e-01
5.990372896194458008e-01 4.514878690242767334e-01
6.866245865821838379e-01 6.265454292297363281e-01
7.258024811744689941e-01 7.202718853950500488e-01
8.853240013122558594e-01 5.728246569633483887e-01
7.000170946121215820e-01 7.345623970031738281e-01
7.182112932205200195e-01 6.320421695709228516e-01
7.795483469963073730e-01 4.711218178272247314e-01
8.466052412986755371e-01 5.178250670433044434e-01
8.034689426422119141e-01 5.293918251991271973e-01
8.222186565399169922e-01 6.165829300880432129e-01
7.970872521400451660e-01 6.259042620658874512e-01
8.301152586936950684e-01 7.335154414176940918e-01
8.037133216857910156e-01 6.050391197204589844e-01
7.711774110794067383e-01 5.429586768150329590e-01
6.139314770698547363e-01 6.202748417854309082e-01
7.374604940414428711e-01 6.598668694496154785e-01
8.297504186630249023e-01 6.356707215309143066e-01
7.560558915138244629e-01 6.209300756454467773e-01
6.860256791114807129e-01 5.797571539878845215e-01
7.852978706359863281e-01 7.267331480979919434e-01
8.037461638450622559e-01 7.164051532745361328e-01
7.087162137031555176e-01 5.446906685829162598e-01
6.765420436859130859e-01 7.227329611778259277e-01
6.461650133132934570e-01 6.051508188247680664e-01
7.836862802505493164e-01 5.617529153823852539e-01
7.143062353134155273e-01 6.432024836540222168e-01
7.764376997947692871e-01 5.818893313407897949e-01
5.981022715568542480e-01 4.931136369705200195e-01
5.927768945693969727e-01 6.721083521842956543e-01
8.535837531089782715e-01 5.323783755302429199e-01
5.400820970535278320e-01 5.140303373336791992e-01
7.463409900665283203e-01 7.163974046707153320e-01
8.691337704658508301e-01 6.438493728637695312e-01
7.601276636123657227e-01 5.369547009468078613e-01
7.003855705261230469e-01 7.845925092697143555e-01
7.015619277954101562e-01 7.593771219253540039e-01
7.526940107345581055e-01 7.155230045318603516e-01
8.248130679130554199e-01 6.006197333335876465e-01
7.001209855079650879e-01 5.812578201293945312e-01
6.675897836685180664e-01 6.867325305938720703e-01
7.599662542343139648e-01 6.690036058425903320e-01
6.409053802490234375e-01 6.728291511535644531e-01
6.590242981910705566e-01 6.198981404304504395e-01
7.322672605514526367e-01 6.508640050888061523e-01
7.989902496337890625e-01 5.765070915222167969e-01
6.914476752281188965e-01 6.762903928756713867e-01
6.972700953483581543e-01 7.899265289306640625e-01
8.446027040481567383e-01 6.822158694267272949e-01
8.350021839141845703e-01 6.247172951698303223e-01
6.142415404319763184e-01 5.237679481506347656e-01
7.872187495231628418e-01 5.589333176612854004e-01
8.258419632911682129e-01 6.949181556701660156e-01
5.618512630462646484e-01 6.366856098175048828e-01
6.593844890594482422e-01 6.605593562126159668e-01
7.037405967712402344e-01 6.556986570358276367e-01
7.882736325263977051e-01 7.618196606636047363e-01
6.737262010574340820e-01 5.328402519226074219e-01
7.909029126167297363e-01 7.576185464859008789e-01
6.799695491790771484e-01 6.809308528900146484e-01
7.287957072257995605e-01 5.774820446968078613e-01
7.356370687484741211e-01 6.625273823738098145e-01
8.009063601493835449e-01 5.908930897712707520e-01
7.075016498565673828e-01 5.415087342262268066e-01
6.962164640426635742e-01 7.843371033668518066e-01
5.787187814712524414e-01 7.110959291458129883e-01
7.864066362380981445e-01 5.395780801773071289e-01
7.583630084991455078e-01 7.405036687850952148e-01
5.698803067207336426e-01 8.114355802536010742e-01
7.469176054000854492e-01 5.620030164718627930e-01
7.066857218742370605e-01 6.112136840820312500e-01
7.932916879653930664e-01 6.458433270454406738e-01
6.814484000205993652e-01 6.395171880722045898e-01
7.346584796905517578e-01 7.249747514724731445e-01
6.726353764533996582e-01 7.298722863197326660e-01
6.401858329772949219e-01 5.900944471359252930e-01
7.717811465263366699e-01 6.187601089477539062e-01
8.111299276351928711e-01 6.195353865623474121e-01
7.434228658676147461e-01 6.600584387779235840e-01
7.514737248420715332e-01 7.089304327964782715e-01
8.680839538574218750e-01 7.256262898445129395e-01
6.354725360870361328e-01 7.597252130508422852e-01
7.837857007980346680e-01 6.585659384727478027e-01
7.223159670829772949e-01 5.738456249237060547e-01
6.633468866348266602e-01 6.433211565017700195e-01
7.763644456863403320e-01 6.285334825515747070e-01
7.571761608123779297e-01 7.823365926742553711e-01
5.815758705139160156e-01 7.518963217735290527e-01
8.036574721336364746e-01 6.328815817832946777e-01
5.938584208488464355e-01 5.377538800239562988e-01
8.331170678138732910e-01 6.444624066352844238e-01
6.714795827865600586e-01 5.184558033943176270e-01
6.340921521186828613e-01 5.903972387313842773e-01
7.299022078514099121e-01 5.214367508888244629e-01
7.250849604606628418e-01 7.437077760696411133e-01
7.071532011032104492e-01 6.571623086929321289e-01
7.854263186454772949e-01 6.198661923408508301e-01
8.291088938713073730e-01 4.784435629844665527e-01
5.283614397048950195e-01 6.351382136344909668e-01
8.389202356338500977e-01 4.233057796955108643e-01
5.738341212272644043e-01 5.092225074768066406e-01
7.374671697616577148e-01 7.555456757545471191e-01
7.830308079719543457e-01 7.133226394653320312e-01
8.059585094451904297e-01 7.624918818473815918e-01
4.955025911331176758e-01 5.489573478698730469e-01
8.878433108329772949e-01 6.314731240272521973e-01
6.713091135025024414e-01 7.594677805900573730e-01
7.090517878532409668e-01 7.790897488594055176e-01
7.988594770431518555e-01 5.552636384963989258e-01
4.652132689952850342e-01 4.370504915714263916e-01
6.715363860130310059e-01 5.146816968917846680e-01
7.213670611381530762e-01 5.366152524948120117e-01
7.007718086242675781e-01 6.005336046218872070e-01
5.534973144531250000e-01 6.055842638015747070e-01
6.793012022972106934e-01 5.671688914299011230e-01
7.346658706665039062e-01 6.763662695884704590e-01
8.231920003890991211e-01 5.179595351219177246e-01
8.386159539222717285e-01 6.734889745712280273e-01
8.625035881996154785e-01 7.295287251472473145e-01
6.851521730422973633e-01 6.837992072105407715e-01
5.823930501937866211e-01 6.766095161437988281e-01
7.224540114402770996e-01 6.240666508674621582e-01
5.996928811073303223e-01 6.293116807937622070e-01
4.884625971317291260e-01 7.898018956184387207e-01
8.658741116523742676e-01 4.413399696350097656e-01
7.505781650543212891e-01 6.034967899322509766e-01
7.522887587547302246e-01 6.098060607910156250e-01
7.352579236030578613e-01 5.899914503097534180e-01
7.031129002571105957e-01 7.241166234016418457e-01
7.640367746353149414e-01 6.675590872764587402e-01
6.543691158294677734e-01 6.445942521095275879e-01
7.290061116218566895e-01 6.064206957817077637e-01
8.026905059814453125e-01 6.490225195884704590e-01
4.961228370666503906e-01 4.354748427867889404e-01
8.912854790687561035e-01 6.154807209968566895e-01
7.955300211906433105e-01 5.385176539421081543e-01
6.601347327232360840e-01 6.980068683624267578e-01
7.579306364059448242e-01 5.952422618865966797e-01
6.549474596977233887e-01 8.230888843536376953e-01
7.188130617141723633e-01 7.565422654151916504e-01
7.992116212844848633e-01 7.275193929672241211e-01
7.709915041923522949e-01 6.322643756866455078e-01
8.322790861129760742e-01 6.165340542793273926e-01
6.214895248413085938e-01 4.697720110416412354e-01
8.264763951301574707e-01 6.709351539611816406e-01
7.470894455909729004e-01 6.633322238922119141e-01
7.549354434013366699e-01 6.132452487945556641e-01
6.064553260803222656e-01 5.863904356956481934e-01
8.185803294181823730e-01 6.610445976257324219e-01
8.569678664207458496e-01 5.040352940559387207e-01
6.110918521881103516e-01 6.802016496658325195e-01
6.864378452301025391e-01 7.909603118896484375e-01
7.125797867774963379e-01 5.890222787857055664e-01
6.660439372062683105e-01 5.248306393623352051e-01
7.120003700256347656e-01 6.112694144248962402e-01
7.249991893768310547e-01 6.278265118598937988e-01
6.073667407035827637e-01 6.235771775245666504e-01
6.940754055976867676e-01 6.298010349273681641e-01
5.384138226509094238e-01 6.438905596733093262e-01
6.199439167976379395e-01 7.207639813423156738e-01
7.200334668159484863e-01 5.351395606994628906e-01
6.345801949501037598e-01 6.496538519859313965e-01
6.620405912399291992e-01 6.357489824295043945e-01
6.905391216278076172e-01 5.919528603553771973e-01
6.559520363807678223e-01 7.987236976623535156e-01
5.657765269279479980e-01 4.592545330524444580e-01
7.997926473617553711e-01 7.257192730903625488e-01
6.281549930572509766e-01 7.037900090217590332e-01
6.320191621780395508e-01 5.418183803558349609e-01
4.841912686824798584e-01 4.880531132221221924e-01
8.360434770584106445e-01 4.493155777454376221e-01
6.637649536132812500e-01 5.418273806571960449e-01
6.968531608581542969e-01 6.490339040756225586e-01
5.774669647216796875e-01 4.337810277938842773e-01
6.606736183166503906e-01 6.761379837989807129e-01
7.501120567321777344e-01 7.501057982444763184e-01
7.326838970184326172e-01 6.280482411384582520e-01
7.872425913810729980e-01 6.884837150573730469e-01
6.881869435310363770e-01 6.671109795570373535e-01
7.313272356986999512e-01 6.649568676948547363e-01
6.540078520774841309e-01 6.736118793487548828e-01
6.980744004249572754e-01 5.227949023246765137e-01
8.656069040298461914e-01 4.598660171031951904e-01
6.456383466720581055e-01 6.115366816520690918e-01
8.791028261184692383e-01 7.227399349212646484e-01
6.777527332305908203e-01 6.961189508438110352e-01
6.784560084342956543e-01 7.317920923233032227e-01
6.852076053619384766e-01 5.615966320037841797e-01
7.542445063591003418e-01 5.984421968460083008e-01
7.145144343376159668e-01 5.515803694725036621e-01
4.570041894912719727e-01 4.106386899948120117e-01
8.886150121688842773e-01 5.386434793472290039e-01
7.191523909568786621e-01 7.663616538047790527e-01
7.033963799476623535e-01 5.346543192863464355e-01
7.053433656692504883e-01 5.980249047279357910e-01
7.291761040687561035e-01 5.844270586967468262e-01
6.548581123352050781e-01 7.067667841911315918e-01
8.467288613319396973e-01 6.561095118522644043e-01
7.161655426025390625e-01 5.161973237991333008e-01
7.097866535186767578e-01 7.449074983596801758e-01
5.874256491661071777e-01 5.472632646560668945e-01
6.591652631759643555e-01 6.084522604942321777e-01
6.065095663070678711e-01 8.225200772285461426e-01
7.849899530410766602e-01 6.287605166435241699e-01
6.583511829376220703e-01 7.726768255233764648e-01
8.443441987037658691e-01 5.793274641036987305e-01
7.108335494995117188e-01 6.114233136177062988e-01
7.771849632263183594e-01 5.169399380683898926e-01
8.653989434242248535e-01 5.146241784095764160e-01
7.677267193794250488e-01 7.521324753761291504e-01
7.670817971229553223e-01 6.237151622772216797e-01
4.227807819843292236e-01 3.965963721275329590e-01
6.841180324554443359e-01 7.233867049217224121e-01
7.275920510292053223e-01 6.321183443069458008e-01
7.634532451629638672e-01 6.201123595237731934e-01
6.972194314002990723e-01 6.511411666870117188e-01
6.524075865745544434e-01 5.988826751708984375e-01
7.370839715003967285e-01 6.311416625976562500e-01
6.256845593452453613e-01 5.640184283256530762e-01
5.746803283691406250e-01 7.559987902641296387e-01
7.637601494789123535e-01 7.280188202857971191e-01
6.624166965484619141e-01 5.161196589469909668e-01
8.490163683891296387e-01 5.998774170875549316e-01
7.599686384201049805e-01 7.505111098289489746e-01
7.347530126571655273e-01 8.240949511528015137e-01
6.237632632255554199e-01 4.961078464984893799e-01
7.673113346099853516e-01 6.876931190490722656e-01
6.945266127586364746e-01 6.681452393531799316e-01
6.850746273994445801e-01 6.197825670242309570e-01
7.728479504585266113e-01 6.371190547943115234e-01
6.912291646003723145e-01 6.965333223342895508e-01
7.261914610862731934e-01 6.439429521560668945e-01
7.132228612899780273e-01 7.982986569404602051e-01
6.985272765159606934e-01 5.674842596054077148e-01
7.300003170967102051e-01 6.513540744781494141e-01
6.254205107688903809e-01 5.108828544616699219e-01
5.709068179130554199e-01 5.541099905967712402e-01
7.513052821159362793e-01 6.054854393005371094e-01
6.486531496047973633e-01 6.898179054260253906e-01
5.499369502067565918e-01 4.942370355129241943e-01
6.623693108558654785e-01 6.127904057502746582e-01
7.524189352989196777e-01 5.590771436691284180e-01
7.657407522201538086e-01 6.121670603752136230e-01
6.334258913993835449e-01 4.953929185867309570e-01
6.976058483123779297e-01 6.199123859405517578e-01
6.564081907272338867e-01 6.902093291282653809e-01
6.110799312591552734e-01 8.305642008781433105e-01
7.747021913528442383e-01 6.057257652282714844e-01
8.572007417678833008e-01 7.424911260604858398e-01
8.498700261116027832e-01 6.152016520500183105e-01
7.925437688827514648e-01 5.259140133857727051e-01
7.310765981674194336e-01 7.134529948234558105e-01
6.970601677894592285e-01 8.135325312614440918e-01
6.598999500274658203e-01 5.417496562004089355e-01
8.592144846916198730e-01 4.894807338714599609e-01
8.206190466880798340e-01 6.936905980110168457e-01
5.123558640480041504e-01 7.100200653076171875e-01
6.304149627685546875e-01 8.119984269142150879e-01
7.432600259780883789e-01 6.854586601257324219e-01
7.512531876564025879e-01 7.007950544357299805e-01
5.750749707221984863e-01 4.914395511150360107e-01
6.933363676071166992e-01 6.601570248603820801e-01
8.662216067314147949e-01 5.963995456695556641e-01
6.231096982955932617e-01 8.089005351066589355e-01
7.868708968162536621e-01 4.574083089828491211e-01
7.188619971275329590e-01 7.195641398429870605e-01
6.171403527259826660e-01 5.563038587570190430e-01
7.408850789070129395e-01 5.041899681091308594e-01
7.130532264709472656e-01 5.742153525352478027e-01
7.115134596824645996e-01 6.003642678260803223e-01
7.233529090881347656e-01 6.887758374214172363e-01
7.422341704368591309e-01 6.331169605255126953e-01
7.302160859107971191e-01 6.097998023033142090e-01
8.654286265373229980e-01 7.006482481956481934e-01
7.904000282287597656e-01 6.545302271842956543e-01
6.356635093688964844e-01 7.557814121246337891e-01
7.493534684181213379e-01 5.862833261489868164e-01
6.744249463081359863e-01 7.381624579429626465e-01
6.953860521316528320e-01 5.440900325775146484e-01
6.310707330703735352e-01 7.529253959655761719e-01
7.875413298606872559e-01 6.632007956504821777e-01
7.962478399276733398e-01 6.671199798583984375e-01
6.878451108932495117e-01 6.462864875793457031e-01
8.379181027412414551e-01 5.287452936172485352e-01
5.380157232284545898e-01 5.447029471397399902e-01
8.079035282135009766e-01 7.057319283485412598e-01
7.240493297576904297e-01 6.444001793861389160e-01
7.322509288787841797e-01 5.756981968879699707e-01
7.931559085845947266e-01 6.034123301506042480e-01
8.000153899192810059e-01 6.226900219917297363e-01
6.498643159866333008e-01 8.258661031723022461e-01
8.612281084060668945e-01 6.148706674575805664e-01
7.418136000633239746e-01 7.274730801582336426e-01
6.196510195732116699e-01 8.555027842521667480e-01
8.607564568519592285e-01 6.647662520408630371e-01
7.165983915328979492e-01 7.302739620208740234e-01
7.380829453468322754e-01 5.951259136199951172e-01
6.306939125061035156e-01 6.776927709579467773e-01
6.864963769912719727e-01 6.395843029022216797e-01
7.341712713241577148e-01 6.591525673866271973e-01
7.543268799781799316e-01 8.177011609077453613e-01
7.312337160110473633e-01 6.985325813293457031e-01
8.656716346740722656e-01 5.989856719970703125e-01
7.708812355995178223e-01 7.344618439674377441e-01
6.328321695327758789e-01 5.648481249809265137e-01
6.408300399780273438e-01 6.349656581878662109e-01
7.354394793510437012e-01 6.349542140960693359e-01
6.922163963317871094e-01 6.532962322235107422e-01
7.813116908073425293e-01 5.464274883270263672e-01
8.278670907020568848e-01 7.328025102615356445e-01
5.530154705047607422e-01 7.828679680824279785e-01
7.621313929557800293e-01 6.555984616279602051e-01
7.042115926742553711e-01 6.074686646461486816e-01
6.854379773139953613e-01 8.122212886810302734e-01
5.889397263526916504e-01 6.534751057624816895e-01
8.143211603164672852e-01 5.848181247711181641e-01
6.551665067672729492e-01 7.758561372756958008e-01
7.894899845123291016e-01 7.115978002548217773e-01
5.578286051750183105e-01 5.175398588180541992e-01
8.024969100952148438e-01 6.476774811744689941e-01
7.340757846832275391e-01 6.495744585990905762e-01
8.758043646812438965e-01 6.785008907318115234e-01
7.518115639686584473e-01 5.639925003051757812e-01
6.743360757827758789e-01 8.188736438751220703e-01
8.085035681724548340e-01 6.811844706535339355e-01
6.582131385803222656e-01 4.907466769218444824e-01
7.259889841079711914e-01 5.669313073158264160e-01
7.628556489944458008e-01 6.165536642074584961e-01
4.841659963130950928e-01 6.123948097229003906e-01
5.718273520469665527e-01 5.310987234115600586e-01
6.823303699493408203e-01 6.208044886589050293e-01
6.880131959915161133e-01 5.981793403625488281e-01
6.618601083755493164e-01 7.991259694099426270e-01
7.354678511619567871e-01 7.149998545646667480e-01
6.628814935684204102e-01 7.804468274116516113e-01
7.965154647827148438e-01 5.390872955322265625e-01
8.003523945808410645e-01 6.596820950508117676e-01
7.664963006973266602e-01 8.010984659194946289e-01
5.850988626480102539e-01 4.723178744316101074e-01
6.788701415061950684e-01 7.666718363761901855e-01
8.026956319808959961e-01 6.960994601249694824e-01
5.985496640205383301e-01 5.614820122718811035e-01
7.327041625976562500e-01 6.068454980850219727e-01
6.570023894309997559e-01 5.826079845428466797e-01
7.450906038284301758e-01 6.337445378303527832e-01
6.110034584999084473e-01 7.051645517349243164e-01
6.796377301216125488e-01 6.294238567352294922e-01
8.011271357536315918e-01 7.547410726547241211e-01
6.796190738677978516e-01 7.770557403564453125e-01
6.092525124549865723e-01 5.025668740272521973e-01
6.435989737510681152e-01 6.541329026222229004e-01
6.181263923645019531e-01 5.255969762802124023e-01
7.006902694702148438e-01 7.685643434524536133e-01
6.258346438407897949e-01 6.467533111572265625e-01
7.255196571350097656e-01 5.853675007820129395e-01
6.614823937416076660e-01 6.194697618484497070e-01
7.847728729248046875e-01 6.234850287437438965e-01
7.021501064300537109e-01 6.468938589096069336e-01
7.409858703613281250e-01 7.302134633064270020e-01
5.266911387443542480e-01 5.063762068748474121e-01
6.828144192695617676e-01 6.022939085960388184e-01
7.790245413780212402e-01 6.812351346015930176e-01
7.242647409439086914e-01 6.949007511138916016e-01
7.175830602645874023e-01 7.268402576446533203e-01
6.718155145645141602e-01 5.654438138008117676e-01
7.826099395751953125e-01 6.990165710449218750e-01
7.432181239128112793e-01 7.527855634689331055e-01
6.684087514877319336e-01 7.118018269538879395e-01
8.598951101303100586e-01 5.826537013053894043e-01
7.570177316665649414e-01 5.181316733360290527e-01
6.804355978965759277e-01 5.299207568168640137e-01
7.196522355079650879e-01 5.783656835556030273e-01
7.227467894554138184e-01 7.343207001686096191e-01
8.132540583610534668e-01 6.531211137771606445e-01
8.261849284172058105e-01 5.767712593078613281e-01
4.691838324069976807e-01 5.230004191398620605e-01
5.306393504142761230e-01 6.021490693092346191e-01
8.203032612800598145e-01 7.267212271690368652e-01
8.188622593879699707e-01 6.270297169685363770e-01
7.816070914268493652e-01 6.444727778434753418e-01
7.958129048347473145e-01 6.379614472389221191e-01
7.176834344863891602e-01 5.856683254241943359e-01
7.953406572341918945e-01 5.675264596939086914e-01
6.581924557685852051e-01 5.580348372459411621e-01
7.103732228279113770e-01 7.684367299079895020e-01
7.177352905273437500e-01 5.637967586517333984e-01
7.658706307411193848e-01 6.831337213516235352e-01
8.486396074295043945e-01 6.786364912986755371e-01
7.037748098373413086e-01 6.411303877830505371e-01
6.668680310249328613e-01 4.847154021263122559e-01
5.495676994323730469e-01 5.511871576309204102e-01
7.961690425872802734e-01 6.530047059059143066e-01
8.812847137451171875e-01 5.444070100784301758e-01
5.472874641418457031e-01 7.020511627197265625e-01
8.341804742813110352e-01 6.069586873054504395e-01
7.137037515640258789e-01 6.382036209106445312e-01
7.953630685806274414e-01 7.331146597862243652e-01
6.180841922760009766e-01 7.373117804527282715e-01
6.822777986526489258e-01 5.784177780151367188e-01
6.078794598579406738e-01 5.636674761772155762e-01
6.238524317741394043e-01 5.912119746208190918e-01
8.798007369041442871e-01 6.765350699424743652e-01
6.682918667793273926e-01 7.260336875915527344e-01
6.793556809425354004e-01 7.259634137153625488e-01
6.403288841247558594e-01 6.344472169876098633e-01
6.418637633323669434e-01 7.020444869995117188e-01
6.877207159996032715e-01 6.123029589653015137e-01
7.624635100364685059e-01 6.023088097572326660e-01
8.588135242462158203e-01 7.732465863227844238e-01
6.908865571022033691e-01 7.817506790161132812e-01
6.497284173965454102e-01 6.179379820823669434e-01
7.650631666183471680e-01 6.074998378753662109e-01
7.341744899749755859e-01 7.173072099685668945e-01
7.708709239959716797e-01 6.523360610008239746e-01
8.490872979164123535e-01 5.686888098716735840e-01
6.025145053863525391e-01 6.786654591560363770e-01
7.460922002792358398e-01 6.450917124748229980e-01
8.819149732589721680e-01 6.329793930053710938e-01
7.050587534904479980e-01 5.372629165649414062e-01
6.653587222099304199e-01 6.260370612144470215e-01
6.170099973678588867e-01 7.307374477386474609e-01
6.274040937423706055e-01 5.666072368621826172e-01
8.344244360923767090e-01 6.912608742713928223e-01
8.924523591995239258e-01 5.133526921272277832e-01
8.107928633689880371e-01 6.334492564201354980e-01
6.699603199958801270e-01 6.345790624618530273e-01
7.445590496063232422e-01 6.291865110397338867e-01
6.763617992401123047e-01 5.960723161697387695e-01
7.433001399040222168e-01 7.139681577682495117e-01
6.530206799507141113e-01 7.964245676994323730e-01
6.408274769783020020e-01 6.412578225135803223e-01
7.868900299072265625e-01 7.502917647361755371e-01
7.798370122909545898e-01 6.993303298950195312e-01
7.592018842697143555e-01 6.401255726814270020e-01
7.208411693572998047e-01 7.957987189292907715e-01
7.059468030929565430e-01 7.426951527595520020e-01
6.473346948623657227e-01 5.701149702072143555e-01
8.326613306999206543e-01 4.736303687095642090e-01
7.475392818450927734e-01 7.372927069664001465e-01
6.463972330093383789e-01 7.057415246963500977e-01
6.165808439254760742e-01 7.350707054138183594e-01
6.989972591400146484e-01 7.387508749961853027e-01
5.941907763481140137e-01 5.901793837547302246e-01
6.060394644737243652e-01 5.358515381813049316e-01
8.211158514022827148e-01 6.535164117813110352e-01
5.630341768264770508e-01 6.103336811065673828e-01
8.188655972480773926e-01 5.626275539398193359e-01
7.507933378219604492e-01 7.018023729324340820e-01
7.594457864761352539e-01 7.199985384941101074e-01
6.733320355415344238e-01 6.676961779594421387e-01
8.389951586723327637e-01 6.542558073997497559e-01
7.892976999282836914e-01 6.401586532592773438e-01
6.669796109199523926e-01 6.808476448059082031e-01
7.246699333190917969e-01 6.370280981063842773e-01
6.842223405838012695e-01 5.752739310264587402e-01
6.316324472427368164e-01 5.039412379264831543e-01
6.652133464813232422e-01 6.769160628318786621e-01
7.337896823883056641e-01 6.601338386535644531e-01
6.620857715606689453e-01 6.440930962562561035e-01
7.329621315002441406e-01 6.170338392257690430e-01
8.217617273330688477e-01 6.143814921379089355e-01
7.086794376373291016e-01 5.392194390296936035e-01
7.344656586647033691e-01 6.016814708709716797e-01
7.541719079017639160e-01 6.816467642784118652e-01
8.263948559761047363e-01 6.009015440940856934e-01
7.191756963729858398e-01 7.258893847465515137e-01
5.016630887985229492e-01 6.875430345535278320e-01
6.639077663421630859e-01 5.193076729774475098e-01
8.328104019165039062e-01 7.644816637039184570e-01
8.847628831863403320e-01 6.381428837776184082e-01
7.334814667701721191e-01 8.287268877029418945e-01
7.306926846504211426e-01 7.425441145896911621e-01
7.376466989517211914e-01 6.761143803596496582e-01
6.912356615066528320e-01 6.610252261161804199e-01
8.345675468444824219e-01 6.828964352607727051e-01
6.199883222579956055e-01 7.365919947624206543e-01
6.107926964759826660e-01 7.921485900878906250e-01
6.514235138893127441e-01 7.401328086853027344e-01
7.131330370903015137e-01 5.336619615554809570e-01
7.493418455123901367e-01 5.275570750236511230e-01
6.954348087310791016e-01 5.554160475730895996e-01
8.500972986221313477e-01 5.656475424766540527e-01
6.544347405433654785e-01 5.020281076431274414e-01
6.471616029739379883e-01 6.916241645812988281e-01
7.501271367073059082e-01 6.239576339721679688e-01
8.212460875511169434e-01 5.823578834533691406e-01
6.892980337142944336e-01 6.405512690544128418e-01
6.017066240310668945e-01 5.750797390937805176e-01
7.703934907913208008e-01 5.906984806060791016e-01
6.877524852752685547e-01 7.383757233619689941e-01
5.447900295257568359e-01 6.429511308670043945e-01
7.942495346069335938e-01 7.724123001098632812e-01
8.278277516365051270e-01 7.940045595169067383e-01
7.654220461845397949e-01 6.024101972579956055e-01
8.025708794593811035e-01 6.032337546348571777e-01
8.101994395256042480e-01 6.413679122924804688e-01
8.475410938262939453e-01 7.569003105163574219e-01
6.901482343673706055e-01 5.019965767860412598e-01
7.347059845924377441e-01 6.221676468849182129e-01
6.532294750213623047e-01 5.498232245445251465e-01
7.027403712272644043e-01 6.635693907737731934e-01
8.758242130279541016e-01 5.852723121643066406e-01
7.348396182060241699e-01 7.673007845878601074e-01
7.931610345840454102e-01 7.761470675468444824e-01
7.471610307693481445e-01 7.116865515708923340e-01
4.860644936561584473e-01 5.192488431930541992e-01
8.358348011970520020e-01 6.986022591590881348e-01
4.885270297527313232e-01 6.477721929550170898e-01
6.884607672691345215e-01 7.231703400611877441e-01
6.894399523735046387e-01 6.368428468704223633e-01
5.750753879547119141e-01 7.604597210884094238e-01
8.602370619773864746e-01 6.751751303672790527e-01
7.273350358009338379e-01 6.281703114509582520e-01
7.936224341392517090e-01 7.206389904022216797e-01
8.551152944564819336e-01 5.024581551551818848e-01
7.613509893417358398e-01 5.864923000335693359e-01
6.331876516342163086e-01 6.882752180099487305e-01
6.550673842430114746e-01 5.903866291046142578e-01
6.245967149734497070e-01 5.926138758659362793e-01
6.421238183975219727e-01 7.667576074600219727e-01
8.771081566810607910e-01 6.214119195938110352e-01
6.062014102935791016e-01 6.426084041595458984e-01
7.840058803558349609e-01 7.724627852439880371e-01
6.953053474426269531e-01 5.796790719032287598e-01
7.941976189613342285e-01 6.799593567848205566e-01
7.442342638969421387e-01 7.042630314826965332e-01
7.108911871910095215e-01 6.450129151344299316e-01
7.081257700920104980e-01 6.711816787719726562e-01
5.999940037727355957e-01 7.820461988449096680e-01
6.742947101593017578e-01 7.017353177070617676e-01
7.716075181961059570e-01 6.901342272758483887e-01
7.227337360382080078e-01 5.872718691825866699e-01
7.079420685768127441e-01 7.199979424476623535e-01
7.734507918357849121e-01 6.663953661918640137e-01
7.828223705291748047e-01 6.763305068016052246e-01
8.603026270866394043e-01 6.242899298667907715e-01
6.743960380554199219e-01 6.565241813659667969e-01
6.707788109779357910e-01 5.289512276649475098e-01
6.816067099571228027e-01 6.866652965545654297e-01
6.454783678054809570e-01 6.565518975257873535e-01
8.944936394691467285e-01 6.210759878158569336e-01
6.902406811714172363e-01 7.219566702842712402e-01
7.360025644302368164e-01 7.115001082420349121e-01
7.545562982559204102e-01 7.471646070480346680e-01
6.273272037506103516e-01 5.120141506195068359e-01
7.387968301773071289e-01 6.765596866607666016e-01
6.285983920097351074e-01 4.918316006660461426e-01
7.875000834465026855e-01 6.175621747970581055e-01
6.973651647567749023e-01 6.458093523979187012e-01
6.040353775024414062e-01 6.558229327201843262e-01
5.884385108947753906e-01 8.141381144523620605e-01
6.053100228309631348e-01 4.949519634246826172e-01
6.745008230209350586e-01 6.281775236129760742e-01
7.666903734207153320e-01 7.180072665214538574e-01
7.400949597358703613e-01 7.966743111610412598e-01
8.540381193161010742e-01 6.875393390655517578e-01
8.271476030349731445e-01 7.184431552886962891e-01
8.158202171325683594e-01 5.887248516082763672e-01
7.681402564048767090e-01 7.123147845268249512e-01
7.683627009391784668e-01 7.362649440765380859e-01
7.937683463096618652e-01 6.332551240921020508e-01
7.298784852027893066e-01 7.116137742996215820e-01
7.219022512435913086e-01 5.885326266288757324e-01
8.477430343627929688e-01 6.319846510887145996e-01
7.496246099472045898e-01 5.810124874114990234e-01
7.758547663688659668e-01 7.178578376770019531e-01
7.391234040260314941e-01 6.981226801872253418e-01
7.894456982612609863e-01 7.495189309120178223e-01
6.941205859184265137e-01 7.036902904510498047e-01
7.316783070564270020e-01 6.600707769393920898e-01
7.252351045608520508e-01 7.874304652214050293e-01
6.385695934295654297e-01 6.752124428749084473e-01
7.444297671318054199e-01 6.659532189369201660e-01
6.475222110748291016e-01 4.910174310207366943e-01
8.613567352294921875e-01 7.734295129776000977e-01
6.898233890533447266e-01 7.264244556427001953e-01
6.173734664916992188e-01 6.962766647338867188e-01
8.307208418846130371e-01 6.626046895980834961e-01
7.673141360282897949e-01 7.802549600601196289e-01
7.484793066978454590e-01 7.053484320640563965e-01
5.674141645431518555e-01 4.848137199878692627e-01
6.626905798912048340e-01 7.019349336624145508e-01
7.451158165931701660e-01 6.690575480461120605e-01
5.957407951354980469e-01 5.186936855316162109e-01
8.653821349143981934e-01 6.829559803009033203e-01
7.379690408706665039e-01 6.999716162681579590e-01
7.003999948501586914e-01 6.161593794822692871e-01
6.493749022483825684e-01 7.303210496902465820e-01
5.449050068855285645e-01 5.733982920646667480e-01
7.299988865852355957e-01 7.205588817596435547e-01
7.762369513511657715e-01 8.094946146011352539e-01
6.807820200920104980e-01 7.167816162109375000e-01
8.994934558868408203e-01 6.555131673812866211e-01
6.040824055671691895e-01 5.898066759109497070e-01
6.328432559967041016e-01 5.558384656906127930e-01
6.017283797264099121e-01 7.098706364631652832e-01
5.012629032135009766e-01 4.153661429882049561e-01
6.343346238136291504e-01 8.500499129295349121e-01
7.087923884391784668e-01 7.311567664146423340e-01
7.196425199508666992e-01 6.345778107643127441e-01
6.949208974838256836e-01 6.070523858070373535e-01
5.968294739723205566e-01 8.238328695297241211e-01
7.483509182929992676e-01 7.931060791015625000e-01
7.358132600784301758e-01 5.645844936370849609e-01
6.849632859230041504e-01 6.592508554458618164e-01
7.056366801261901855e-01 5.740417838096618652e-01
7.520267963409423828e-01 7.332895398139953613e-01
7.978317141532897949e-01 7.433505058288574219e-01
6.570357084274291992e-01 5.302020907402038574e-01
7.393986582756042480e-01 7.363080978393554688e-01
4.570233225822448730e-01 4.140911996364593506e-01
8.171153068542480469e-01 6.491556167602539062e-01
7.974576950073242188e-01 7.819638252258300781e-01
7.042553424835205078e-01 6.489374041557312012e-01
8.141680359840393066e-01 6.388284564018249512e-01
7.698507308959960938e-01 7.484591603279113770e-01
6.814461350440979004e-01 5.184475779533386230e-01
6.980017423629760742e-01 6.621119976043701172e-01
8.414643406867980957e-01 7.090132236480712891e-01
5.967800617218017578e-01 7.984811067581176758e-01
6.064050793647766113e-01 5.562773346900939941e-01
7.967855334281921387e-01 6.460596919059753418e-01
7.654226422309875488e-01 5.087558627128601074e-01
7.178973555564880371e-01 7.091336846351623535e-01
7.400376796722412109e-01 8.040349483489990234e-01
6.849501729011535645e-01 8.001497983932495117e-01
8.663280010223388672e-01 5.818558335304260254e-01
8.988341093063354492e-01 6.550680398941040039e-01
6.481341123580932617e-01 6.312273740768432617e-01
8.110092282295227051e-01 7.827531099319458008e-01
7.889352440834045410e-01 6.084980368614196777e-01
8.392398953437805176e-01 7.774975895881652832e-01
6.087850332260131836e-01 7.611555457115173340e-01
7.442427873611450195e-01 6.467475295066833496e-01
7.812035083770751953e-01 7.293044328689575195e-01
8.291975259780883789e-01 6.314584016799926758e-01
6.747503280639648438e-01 6.523432135581970215e-01
6.679832339286804199e-01 6.034954190254211426e-01
5.941023826599121094e-01 6.932907104492187500e-01
7.103397846221923828e-01 5.472179651260375977e-01
7.553868293762207031e-01 7.543893456459045410e-01
7.739335298538208008e-01 6.198332309722900391e-01
7.174763679504394531e-01 6.129413247108459473e-01
8.234722614288330078e-01 6.914424300193786621e-01
8.360239267349243164e-01 7.419827580451965332e-01
7.211217880249023438e-01 6.711607575416564941e-01
6.967445015907287598e-01 8.101857900619506836e-01
6.110451221466064453e-01 7.329381108283996582e-01
6.553950905799865723e-01 6.205602288246154785e-01
7.688653469085693359e-01 5.999025702476501465e-01
8.046665191650390625e-01 5.681976079940795898e-01
6.987267136573791504e-01 7.461614608764648438e-01
6.393067836761474609e-01 5.975526571273803711e-01
7.699977755546569824e-01 6.997818350791931152e-01
6.001517176628112793e-01 8.069537878036499023e-01
5.859956145286560059e-01 7.109316587448120117e-01
7.251458764076232910e-01 5.919334888458251953e-01
7.507676482200622559e-01 8.136622309684753418e-01
7.509047985076904297e-01 6.377651691436767578e-01
5.812247395515441895e-01 5.919156670570373535e-01
8.391484022140502930e-01 4.585205316543579102e-01
6.862784624099731445e-01 7.395456433296203613e-01
6.546029448509216309e-01 8.206150531768798828e-01
8.131615519523620605e-01 7.129409313201904297e-01
7.107788324356079102e-01 7.454522252082824707e-01
6.617434620857238770e-01 6.395764350891113281e-01
7.569539546966552734e-01 6.645392179489135742e-01
6.697487831115722656e-01 6.665443778038024902e-01
7.115121483802795410e-01 6.245618462562561035e-01
8.029468059539794922e-01 7.846543192863464355e-01
7.585816383361816406e-01 6.197774410247802734e-01
6.868574619293212891e-01 7.531183958053588867e-01
7.656514644622802734e-01 5.689862370491027832e-01
6.688773632049560547e-01 6.805463433265686035e-01
7.076523900032043457e-01 5.714576244354248047e-01
8.354419469833374023e-01 7.199016213417053223e-01
6.640498638153076172e-01 6.680408120155334473e-01
6.653942465782165527e-01 7.206695079803466797e-01
7.264884710311889648e-01 7.665269970893859863e-01
7.209475636482238770e-01 7.271339297294616699e-01
6.349063515663146973e-01 5.970778465270996094e-01
6.885484457015991211e-01 6.569643020629882812e-01
7.972943782806396484e-01 7.762070894241333008e-01
7.877322435379028320e-01 7.164075970649719238e-01
6.216762661933898926e-01 6.647499799728393555e-01
5.630484223365783691e-01 7.863751649856567383e-01
5.897042155265808105e-01 8.169339895248413086e-01
6.973386406898498535e-01 5.732710957527160645e-01
7.153174877166748047e-01 6.154229044914245605e-01
8.143667578697204590e-01 5.677554011344909668e-01
8.141825795173645020e-01 6.255534291267395020e-01
6.441140174865722656e-01 6.266854405403137207e-01
7.364760637283325195e-01 6.367422342300415039e-01
6.971063613891601562e-01 6.338714957237243652e-01
6.866796612739562988e-01 7.536773085594177246e-01
7.253897786140441895e-01 5.650329589843750000e-01
6.206334829330444336e-01 5.284201502799987793e-01
8.689887523651123047e-01 7.014505267143249512e-01
6.957687735557556152e-01 6.642223000526428223e-01
8.125193119049072266e-01 7.206614613533020020e-01
7.699242234230041504e-01 6.336051821708679199e-01
7.647686600685119629e-01 7.372751832008361816e-01
6.615812182426452637e-01 7.099266648292541504e-01
7.065911889076232910e-01 6.558873057365417480e-01
8.337146043777465820e-01 7.994996905326843262e-01
6.090380549430847168e-01 6.708254218101501465e-01
7.572166323661804199e-01 6.432360410690307617e-01
6.729238033294677734e-01 7.075561285018920898e-01
6.708950996398925781e-01 5.453851819038391113e-01
7.172585129737854004e-01 5.606032013893127441e-01
8.846259117126464844e-01 6.141357421875000000e-01
7.040767669677734375e-01 7.615939378738403320e-01
7.035375833511352539e-01 7.921556234359741211e-01
7.341550588607788086e-01 6.969102025032043457e-01
7.966392636299133301e-01 6.357896327972412109e-01
5.240134596824645996e-01 5.046704411506652832e-01
6.682692170143127441e-01 5.963928103446960449e-01
6.446062922477722168e-01 7.092989087104797363e-01
8.642970323562622070e-01 6.397795081138610840e-01
7.011405825614929199e-01 6.726951599121093750e-01
7.789105772972106934e-01 5.955996513366699219e-01
6.429577469825744629e-01 5.652892589569091797e-01
7.793724536895751953e-01 5.777401328086853027e-01
7.002233862876892090e-01 7.902027964591979980e-01
6.971048712730407715e-01 7.067229151725769043e-01
6.742393374443054199e-01 8.225268125534057617e-01
7.265775799751281738e-01 7.025704979896545410e-01
8.015939593315124512e-01 7.710575461387634277e-01
5.919663310050964355e-01 6.835647225379943848e-01
8.635250926017761230e-01 6.555276513099670410e-01
8.301061391830444336e-01 7.327239513397216797e-01
6.024198532104492188e-01 6.378491520881652832e-01
7.650592923164367676e-01 5.563647747039794922e-01
6.750931143760681152e-01 7.479730844497680664e-01
7.790457010269165039e-01 6.992830634117126465e-01
5.582768917083740234e-01 6.358694434165954590e-01
5.793020725250244141e-01 5.860049724578857422e-01
6.544356942176818848e-01 6.656002402305603027e-01
5.164470076560974121e-01 4.557756781578063965e-01
8.991490006446838379e-01 6.566264629364013672e-01
6.146293282508850098e-01 5.819921493530273438e-01
6.169911026954650879e-01 5.245651006698608398e-01
6.634097695350646973e-01 7.855933308601379395e-01
7.427959442138671875e-01 7.069522738456726074e-01
7.299889922142028809e-01 7.704510092735290527e-01
6.654850244522094727e-01 6.798029541969299316e-01
5.964346528053283691e-01 7.957682013511657715e-01
7.390666007995605469e-01 5.857319235801696777e-01
7.030090093612670898e-01 7.661497592926025391e-01
5.397220253944396973e-01 4.850144386291503906e-01
6.772598624229431152e-01 6.816241741180419922e-01
5.711432099342346191e-01 6.495075225830078125e-01
6.817679405212402344e-01 7.496145963668823242e-01
5.907581448554992676e-01 6.800849437713623047e-01
7.285845875740051270e-01 5.741732716560363770e-01
7.514758110046386719e-01 6.504673957824707031e-01
7.171733379364013672e-01 6.016972064971923828e-01
7.296774983406066895e-01 6.096187233924865723e-01
6.969214081764221191e-01 7.113054394721984863e-01
6.392161846160888672e-01 5.502984523773193359e-01
5.821512341499328613e-01 6.537090539932250977e-01
5.952162742614746094e-01 5.051860213279724121e-01
7.367832660675048828e-01 6.997541189193725586e-01
7.757605314254760742e-01 7.012827396392822266e-01
6.376914381980895996e-01 7.832336425781250000e-01
5.026327371597290039e-01 4.461279511451721191e-01
7.189779877662658691e-01 7.349165081977844238e-01
7.969485521316528320e-01 7.190660238265991211e-01
6.900582313537597656e-01 6.659055352210998535e-01
6.671440005302429199e-01 6.373044848442077637e-01
7.356942892074584961e-01 7.649506926536560059e-01
7.863318324089050293e-01 7.567818164825439453e-01
8.713639378547668457e-01 7.251092195510864258e-01
7.394993901252746582e-01 6.781008243560791016e-01
7.528856992721557617e-01 7.685219049453735352e-01
6.341412067413330078e-01 7.392335534095764160e-01
6.281930804252624512e-01 7.264202833175659180e-01
8.005398511886596680e-01 7.956647872924804688e-01
7.250772118568420410e-01 5.200003981590270996e-01
6.189166307449340820e-01 5.925427079200744629e-01
6.805002689361572266e-01 6.884348392486572266e-01
8.885476589202880859e-01 6.006645560264587402e-01
6.982582807540893555e-01 6.270214915275573730e-01
6.462532281875610352e-01 5.183744430541992188e-01
6.196187734603881836e-01 5.992342829704284668e-01
8.612060546875000000e-01 7.067064046859741211e-01
8.709609508514404297e-01 5.156807899475097656e-01
7.317270636558532715e-01 7.180792093276977539e-01
7.408517599105834961e-01 6.692089438438415527e-01
7.991324067115783691e-01 7.628226280212402344e-01
7.655596733093261719e-01 6.742168664932250977e-01
5.940512418746948242e-01 7.354407310485839844e-01
6.798058152198791504e-01 7.247374057769775391e-01
5.634124279022216797e-01 6.872213482856750488e-01
8.016952276229858398e-01 6.770862936973571777e-01
8.390761613845825195e-01 5.439103245735168457e-01
8.017265796661376953e-01 8.024854660034179688e-01
6.563748717308044434e-01 7.061877846717834473e-01
6.806254982948303223e-01 5.438858270645141602e-01
6.946668624877929688e-01 8.175057768821716309e-01
5.846086740493774414e-01 5.835393667221069336e-01
8.341289758682250977e-01 7.328955531120300293e-01
8.018897771835327148e-01 7.094596624374389648e-01
5.880229473114013672e-01 5.796207785606384277e-01
8.571005463600158691e-01 6.627406477928161621e-01
5.710693597793579102e-01 4.830978214740753174e-01
8.634951114654541016e-01 6.953179240226745605e-01
6.055921316146850586e-01 6.536261439323425293e-01
7.080584764480590820e-01 6.702171564102172852e-01
7.376713752746582031e-01 5.758352279663085938e-01
6.765037775039672852e-01 7.589476704597473145e-01
9.062519669532775879e-01 6.275156140327453613e-01
7.084643244743347168e-01 7.315452098846435547e-01
7.072590589523315430e-01 6.559079885482788086e-01
7.438905835151672363e-01 6.209306120872497559e-01
6.246914863586425781e-01 5.981511473655700684e-01
7.581616044044494629e-01 7.562657594680786133e-01
5.474644303321838379e-01 8.514507412910461426e-01
7.507500052452087402e-01 6.713838577270507812e-01
7.179546356201171875e-01 8.076896071434020996e-01
6.412243247032165527e-01 6.263177990913391113e-01
6.158828735351562500e-01 7.703855633735656738e-01
6.414950489997863770e-01 6.412245035171508789e-01
8.152440786361694336e-01 8.013347983360290527e-01
6.871436834335327148e-01 7.140259742736816406e-01
7.469131946563720703e-01 7.492515444755554199e-01
8.632599115371704102e-01 7.647978663444519043e-01
7.986860275268554688e-01 6.174106597900390625e-01
8.485798835754394531e-01 6.957334280014038086e-01
7.540264129638671875e-01 7.328610420227050781e-01
7.982339262962341309e-01 7.162963747978210449e-01
4.696525931358337402e-01 3.791902959346771240e-01
7.160190939903259277e-01 7.566121220588684082e-01
8.672026395797729492e-01 6.617724895477294922e-01
7.820878028869628906e-01 8.209811449050903320e-01
6.428574919700622559e-01 7.775763869285583496e-01
8.414726853370666504e-01 7.891603112220764160e-01
7.318237423896789551e-01 7.068174481391906738e-01
8.014322519302368164e-01 7.743588685989379883e-01
7.360905408859252930e-01 6.326877474784851074e-01
7.982631921768188477e-01 8.036270737648010254e-01
8.277292847633361816e-01 5.106064677238464355e-01
7.381157875061035156e-01 6.830950975418090820e-01
6.521005630493164062e-01 6.710008382797241211e-01
5.883826613426208496e-01 6.838592290878295898e-01
8.321601152420043945e-01 7.053079009056091309e-01
8.366013169288635254e-01 6.231798529624938965e-01
8.294488787651062012e-01 6.442093253135681152e-01
7.379048466682434082e-01 7.964457273483276367e-01
7.259045839309692383e-01 6.195076704025268555e-01
4.989691078662872314e-01 4.720337986946105957e-01
7.826883196830749512e-01 6.372061967849731445e-01
6.008634567260742188e-01 6.672264933586120605e-01
5.967831611633300781e-01 5.869411826133728027e-01
7.225732803344726562e-01 6.848071217536926270e-01
6.143244504928588867e-01 7.468485236167907715e-01
6.677032113075256348e-01 7.361589670181274414e-01
7.694258689880371094e-01 6.050003767013549805e-01
6.806094050407409668e-01 6.218351721763610840e-01
8.034529089927673340e-01 6.872556209564208984e-01
8.395840525627136230e-01 6.093156933784484863e-01
8.007977604866027832e-01 6.112059950828552246e-01
5.993301272392272949e-01 5.342827439308166504e-01
6.895785331726074219e-01 6.982481479644775391e-01
8.350607156753540039e-01 6.976687908172607422e-01
8.267253637313842773e-01 5.515689849853515625e-01
6.598991751670837402e-01 5.734913349151611328e-01
7.154460549354553223e-01 6.584522128105163574e-01
6.445657014846801758e-01 8.411935567855834961e-01
7.311642169952392578e-01 7.346247434616088867e-01
7.101348638534545898e-01 5.729146003723144531e-01
6.564855575561523438e-01 5.890055894851684570e-01
7.343840003013610840e-01 6.551082730293273926e-01
6.421668529510498047e-01 6.086636781692504883e-01
5.925360321998596191e-01 5.156524777412414551e-01
7.702998518943786621e-01 7.316240668296813965e-01
7.555163502693176270e-01 6.788380742073059082e-01
7.301313281059265137e-01 7.411174178123474121e-01
6.324287056922912598e-01 4.855388998985290527e-01
8.049293160438537598e-01 5.796121954917907715e-01
7.594709992408752441e-01 8.154254555702209473e-01
5.183281898498535156e-01 7.367542982101440430e-01
6.666343808174133301e-01 7.129644751548767090e-01
8.059002757072448730e-01 6.325126290321350098e-01
7.643359899520874023e-01 6.105206608772277832e-01
7.504166960716247559e-01 7.444069981575012207e-01
7.042530179023742676e-01 7.179527878761291504e-01
6.695232987403869629e-01 6.134321093559265137e-01
7.040029764175415039e-01 6.365344524383544922e-01
6.255674958229064941e-01 7.471761703491210938e-01
7.907319664955139160e-01 7.874562144279479980e-01
6.122074127197265625e-01 6.911294460296630859e-01
6.308650970458984375e-01 6.765183806419372559e-01
6.431286931037902832e-01 6.339063644409179688e-01
8.859527111053466797e-01 5.260133743286132812e-01
6.793097257614135742e-01 8.144454360008239746e-01
7.956966757774353027e-01 6.726493239402770996e-01
6.676735877990722656e-01 6.959962844848632812e-01
6.780899763107299805e-01 7.412494421005249023e-01
6.767047643661499023e-01 7.644259929656982422e-01
7.006639242172241211e-01 5.964253544807434082e-01
7.525459527969360352e-01 7.023139595985412598e-01
6.811118721961975098e-01 7.842814326286315918e-01
5.553525686264038086e-01 6.604858040809631348e-01
8.161075115203857422e-01 6.866195201873779297e-01
6.466445922851562500e-01 7.311980128288269043e-01
5.980705618858337402e-01 7.395476698875427246e-01
6.250187158584594727e-01 6.713840365409851074e-01
8.014981746673583984e-01 6.202809810638427734e-01
8.326173424720764160e-01 7.366543412208557129e-01
7.062214016914367676e-01 7.263998389244079590e-01
6.864426732063293457e-01 7.209152579307556152e-01
7.041635513305664062e-01 5.786164999008178711e-01
8.584957718849182129e-01 5.595970153808593750e-01
6.902920007705688477e-01 5.320311784744262695e-01
7.868562340736389160e-01 7.328900694847106934e-01
5.932430624961853027e-01 8.294128775596618652e-01
8.349272608757019043e-01 6.582876443862915039e-01
6.353196501731872559e-01 7.138155102729797363e-01
7.090122103691101074e-01 7.672885656356811523e-01
7.409369349479675293e-01 6.247141957283020020e-01
6.167443990707397461e-01 7.280336618423461914e-01
8.866421580314636230e-01 6.434027552604675293e-01
6.848500967025756836e-01 7.185822725296020508e-01
7.213602066040039062e-01 6.794428825378417969e-01
7.140095233917236328e-01 6.136490702629089355e-01
7.048691511154174805e-01 7.785875797271728516e-01
7.711792588233947754e-01 6.707367300987243652e-01
7.277627587318420410e-01 6.288696527481079102e-01
6.904497742652893066e-01 6.217276453971862793e-01
7.601780891418457031e-01 6.956732869148254395e-01
5.716717243194580078e-01 8.164315819740295410e-01
6.520755290985107422e-01 5.664577484130859375e-01
8.858138322830200195e-01 5.479550957679748535e-01
8.521492481231689453e-01 7.781128883361816406e-01
6.424058079719543457e-01 5.921784639358520508e-01
7.101772427558898926e-01 6.927184462547302246e-01
6.075158119201660156e-01 5.610346198081970215e-01
7.373607754707336426e-01 7.217140793800354004e-01
6.571409106254577637e-01 5.684819221496582031e-01
6.263581514358520508e-01 6.750850081443786621e-01
8.435277342796325684e-01 7.525752782821655273e-01
7.926417589187622070e-01 7.207868695259094238e-01
8.731659650802612305e-01 6.235604286193847656e-01
6.445327997207641602e-01 5.085490345954895020e-01
8.945267796516418457e-01 7.027601003646850586e-01
7.854598760604858398e-01 6.925203800201416016e-01
7.170294523239135742e-01 7.884735465049743652e-01
7.513392567634582520e-01 5.784110426902770996e-01
5.535913109779357910e-01 5.008360743522644043e-01
8.074562549591064453e-01 6.801241636276245117e-01
6.864212155342102051e-01 6.774576902389526367e-01
6.970362663269042969e-01 7.087379693984985352e-01
7.179173827171325684e-01 7.391008138656616211e-01
7.823551893234252930e-01 6.298449039459228516e-01
7.225289344787597656e-01 6.574843525886535645e-01
6.648865938186645508e-01 7.720126509666442871e-01
7.424344420433044434e-01 7.380762100219726562e-01
8.516669273376464844e-01 4.996312856674194336e-01
7.459813952445983887e-01 6.883971095085144043e-01
6.942451596260070801e-01 6.219465136528015137e-01
7.372379899024963379e-01 8.151434063911437988e-01
7.985020875930786133e-01 7.559282183647155762e-01
7.846079468727111816e-01 7.588425278663635254e-01
5.633182525634765625e-01 6.368609070777893066e-01
6.703161597251892090e-01 6.614175438880920410e-01
8.824163675308227539e-01 7.058455348014831543e-01
7.087300419807434082e-01 6.906075477600097656e-01
6.220037341117858887e-01 5.653500556945800781e-01
7.679227590560913086e-01 7.493867874145507812e-01
4.762378334999084473e-01 7.418615221977233887e-01
7.059534192085266113e-01 6.541525721549987793e-01
8.801047801971435547e-01 5.933225154876708984e-01
6.030061244964599609e-01 7.114169597625732422e-01
