7.113274335861206055e-01 6.812986731529235840e-01
6.399720907211303711e-01 4.886421859264373779e-01
7.972487211227416992e-01 5.941269397735595703e-01
7.873689532279968262e-01 7.406285405158996582e-01
7.411436438560485840e-01 4.532585442066192627e-01
7.346319556236267090e-01 7.024766802787780762e-01
7.390656471252441406e-01 6.814118027687072754e-01
7.842879295349121094e-01 6.254774332046508789e-01
6.504481434822082520e-01 7.336272001266479492e-01
8.292188048362731934e-01 5.461912155151367188e-01
7.730864882469177246e-01 6.261530518531799316e-01
7.441364526748657227e-01 6.545132994651794434e-01
6.075035333633422852e-01 5.346864461898803711e-01
7.608238458633422852e-01 7.251631021499633789e-01
7.053053379058837891e-01 6.052162051200866699e-01
6.017717123031616211e-01 5.622650384902954102e-01
7.249983549118041992e-01 7.770312428474426270e-01
6.476699113845825195e-01 6.911022067070007324e-01
7.648060917854309082e-01 5.591830015182495117e-01
6.997982859611511230e-01 5.911425352096557617e-01
6.368516087532043457e-01 5.083205699920654297e-01
7.845190167427062988e-01 4.679073691368103027e-01
6.810964941978454590e-01 6.481497883796691895e-01
7.260272502899169922e-01 5.657111406326293945e-01
8.151628375053405762e-01 5.575991272926330566e-01
8.543794751167297363e-01 5.047222375869750977e-01
6.823947429656982422e-01 5.367493629455566406e-01
7.133762240409851074e-01 6.860145330429077148e-01
6.115495562553405762e-01 7.628985643386840820e-01
7.371831536293029785e-01 6.407794952392578125e-01
6.169121265411376953e-01 6.939942836761474609e-01
8.674896359443664551e-01 4.115717411041259766e-01
6.967494487762451172e-01 5.733494162559509277e-01
6.799172163009643555e-01 6.403893232345581055e-01
6.895611286163330078e-01 6.345868110656738281e-01
5.982986092567443848e-01 7.060973644256591797e-01
6.021478176116943359e-01 5.202124118804931641e-01
5.703099966049194336e-01 6.478531360626220703e-01
6.787716746330261230e-01 6.395806670188903809e-01
7.131735086441040039e-01 7.048639655113220215e-01
6.789420247077941895e-01 5.813882350921630859e-01
6.889424324035644531e-01 5.908343791961669922e-01
6.351754665374755859e-01 6.056348681449890137e-01
6.215593218803405762e-01 5.563936233520507812e-01
6.272466182708740234e-01 5.741876363754272461e-01
7.235633134841918945e-01 6.502808332443237305e-01
5.813593864440917969e-01 6.961728334426879883e-01
5.906912684440612793e-01 8.007695674896240234e-01
6.560738682746887207e-01 5.250652432441711426e-01
8.442973494529724121e-01 5.032462477684020996e-01
6.636207103729248047e-01 7.710065245628356934e-01
7.155298590660095215e-01 8.051005601882934570e-01
7.404801845550537109e-01 7.153311967849731445e-01
7.341258525848388672e-01 7.538387775421142578e-01
5.546081066131591797e-01 4.896899461746215820e-01
6.441935300827026367e-01 6.477251648902893066e-01
7.370789647102355957e-01 6.286213397979736328e-01
6.413379907608032227e-01 6.590389609336853027e-01
7.975985407829284668e-01 6.424345970153808594e-01
5.963559746742248535e-01 7.177044749259948730e-01
8.085738420486450195e-01 6.168007254600524902e-01
6.747483015060424805e-01 5.743068456649780273e-01
6.289315223693847656e-01 7.252414822578430176e-01
6.892547607421875000e-01 5.135908126831054688e-01
6.665534973144531250e-01 5.637126564979553223e-01
7.931734919548034668e-01 6.888065934181213379e-01
8.396518230438232422e-01 7.030758857727050781e-01
7.231149077415466309e-01 5.952423214912414551e-01
6.300004720687866211e-01 5.858029723167419434e-01
7.116805911064147949e-01 6.685150265693664551e-01
6.952553391456604004e-01 6.230790615081787109e-01
8.450821042060852051e-01 6.320553421974182129e-01
6.010415554046630859e-01 6.556347012519836426e-01
8.012821078300476074e-01 4.505106210708618164e-01
8.197832107543945312e-01 6.710212230682373047e-01
6.389566659927368164e-01 5.963296294212341309e-01
6.289602518081665039e-01 6.918237209320068359e-01
5.867413282394409180e-01 4.783165156841278076e-01
7.324255704879760742e-01 6.242575645446777344e-01
6.391210556030273438e-01 7.392364740371704102e-01
6.937983632087707520e-01 4.730273485183715820e-01
7.573916912078857422e-01 4.393039643764495850e-01
5.772097706794738770e-01 4.925499558448791504e-01
4.880993366241455078e-01 7.216179966926574707e-01
7.629300355911254883e-01 6.415066123008728027e-01
8.460974097251892090e-01 6.372424960136413574e-01
6.194196343421936035e-01 5.530395507812500000e-01
5.458571314811706543e-01 7.140969634056091309e-01
6.266176700592041016e-01 5.536974072456359863e-01
7.401648759841918945e-01 6.759847402572631836e-01
6.250994205474853516e-01 7.364900112152099609e-01
6.804889440536499023e-01 6.389589905738830566e-01
8.466520905494689941e-01 4.983769953250885010e-01
7.460829019546508789e-01 5.611392259597778320e-01
5.984624624252319336e-01 4.913423061370849609e-01
7.135063409805297852e-01 7.469047307968139648e-01
7.568169832229614258e-01 5.057350993156433105e-01
5.808154344558715820e-01 5.307424664497375488e-01
6.508891582489013672e-01 5.434685349464416504e-01
8.174120187759399414e-01 5.405414700508117676e-01
6.236639618873596191e-01 5.293038487434387207e-01
8.317441940307617188e-01 4.495694339275360107e-01
6.818152070045471191e-01 5.252418518066406250e-01
6.182276010513305664e-01 4.879352450370788574e-01
7.994156479835510254e-01 5.525974631309509277e-01
6.867434382438659668e-01 6.379114985466003418e-01
5.874671339988708496e-01 5.774267315864562988e-01
8.543223142623901367e-01 4.916519522666931152e-01
6.668885350227355957e-01 7.870821356773376465e-01
6.808727383613586426e-01 6.811601519584655762e-01
7.832493185997009277e-01 5.107738971710205078e-01
6.238073110580444336e-01 5.238568782806396484e-01
6.178932189941406250e-01 7.175323367118835449e-01
6.148712635040283203e-01 8.093899488449096680e-01
6.502346992492675781e-01 5.719780921936035156e-01
6.714950203895568848e-01 7.179681062698364258e-01
6.154116392135620117e-01 5.921300649642944336e-01
7.697073221206665039e-01 4.350743591785430908e-01
7.842002511024475098e-01 7.249042391777038574e-01
7.214952111244201660e-01 5.150654315948486328e-01
6.319278478622436523e-01 7.146134972572326660e-01
6.681732535362243652e-01 7.083635926246643066e-01
7.131157517433166504e-01 6.464274525642395020e-01
5.895615220069885254e-01 6.332291960716247559e-01
6.827381253242492676e-01 6.343823075294494629e-01
8.698881864547729492e-01 4.782928228378295898e-01
5.619416236877441406e-01 5.043491125106811523e-01
7.654241323471069336e-01 5.415826439857482910e-01
7.458264231681823730e-01 5.361000895500183105e-01
6.389554142951965332e-01 5.659152269363403320e-01
7.233116030693054199e-01 4.554626941680908203e-01
6.080217957496643066e-01 7.252812385559082031e-01
6.939762234687805176e-01 7.627599239349365234e-01
6.195591092109680176e-01 6.360222697257995605e-01
5.766311883926391602e-01 4.899469614028930664e-01
7.519179582595825195e-01 6.693340539932250977e-01
8.653092980384826660e-01 4.946446418762207031e-01
7.757235765457153320e-01 6.912395358085632324e-01
8.063126802444458008e-01 4.900385737419128418e-01
6.505059599876403809e-01 6.204085350036621094e-01
8.817036747932434082e-01 5.635741353034973145e-01
7.737424373626708984e-01 6.830222606658935547e-01
5.626791119575500488e-01 7.864308953285217285e-01
6.439396739006042480e-01 6.701348423957824707e-01
7.499579787254333496e-01 6.352848410606384277e-01
8.376596570014953613e-01 4.138183891773223877e-01
8.356963396072387695e-01 5.095388293266296387e-01
8.337446451187133789e-01 5.468226671218872070e-01
8.667011857032775879e-01 5.576339364051818848e-01
7.095821499824523926e-01 5.790833830833435059e-01
7.552371025085449219e-01 7.171616554260253906e-01
8.445913195610046387e-01 5.279810428619384766e-01
6.538343429565429688e-01 5.434788465499877930e-01
7.828888893127441406e-01 5.411497950553894043e-01
6.695470213890075684e-01 7.898811101913452148e-01
6.456576585769653320e-01 5.269858837127685547e-01
6.777624487876892090e-01 6.761386990547180176e-01
7.619557976722717285e-01 7.571251988410949707e-01
6.014329791069030762e-01 5.760948657989501953e-01
8.059893250465393066e-01 5.652307868003845215e-01
6.845549345016479492e-01 5.890570282936096191e-01
5.423323512077331543e-01 5.332731008529663086e-01
6.124758720397949219e-01 6.993190050125122070e-01
7.375906705856323242e-01 6.524716019630432129e-01
8.487104177474975586e-01 4.962124228477478027e-01
5.821121335029602051e-01 5.151084065437316895e-01
7.139680385589599609e-01 6.393110156059265137e-01
5.634138584136962891e-01 7.300029993057250977e-01
8.221008181571960449e-01 5.721890926361083984e-01
7.199702858924865723e-01 6.221749186515808105e-01
7.952566146850585938e-01 6.393969655036926270e-01
4.699274599552154541e-01 7.473574280738830566e-01
6.584098339080810547e-01 4.762634038925170898e-01
6.555013656616210938e-01 5.483618378639221191e-01
8.169775605201721191e-01 5.914889574050903320e-01
6.575945615768432617e-01 5.958674550056457520e-01
7.388331890106201172e-01 5.811319351196289062e-01
7.314725518226623535e-01 7.217317819595336914e-01
8.013889193534851074e-01 5.195329189300537109e-01
6.855760216712951660e-01 4.756208062171936035e-01
6.192761063575744629e-01 4.819617569446563721e-01
8.249208331108093262e-01 4.780898988246917725e-01
6.552633047103881836e-01 5.667947530746459961e-01
7.469897866249084473e-01 7.378318905830383301e-01
7.183302640914916992e-01 6.082577109336853027e-01
6.246868371963500977e-01 6.782845258712768555e-01
7.241847515106201172e-01 5.498814582824707031e-01
6.980028152465820312e-01 6.425172090530395508e-01
5.149949789047241211e-01 7.299995422363281250e-01
6.102989315986633301e-01 6.661249399185180664e-01
6.376339793205261230e-01 7.238013148307800293e-01
8.420047163963317871e-01 5.728467702865600586e-01
6.602513790130615234e-01 5.118566751480102539e-01
5.878372192382812500e-01 5.465982556343078613e-01
7.454864382743835449e-01 5.090916752815246582e-01
6.659145355224609375e-01 6.850240826606750488e-01
6.090910434722900391e-01 7.946474552154541016e-01
7.828996777534484863e-01 5.297222137451171875e-01
6.315080523490905762e-01 6.204381585121154785e-01
8.489298224449157715e-01 4.319178164005279541e-01
6.612253785133361816e-01 5.883565545082092285e-01
7.493440508842468262e-01 7.434223294258117676e-01
8.016907572746276855e-01 4.990416765213012695e-01
8.106456398963928223e-01 7.017034292221069336e-01
8.035380244255065918e-01 6.816390752792358398e-01
7.965984940528869629e-01 5.374723672866821289e-01
7.162101268768310547e-01 5.700699090957641602e-01
5.534500479698181152e-01 5.204207301139831543e-01
7.722635269165039062e-01 7.230583429336547852e-01
6.487286090850830078e-01 6.792182326316833496e-01
7.231453061103820801e-01 6.032560467720031738e-01
7.017554044723510742e-01 5.369094610214233398e-01
6.982039809226989746e-01 6.286641359329223633e-01
7.022429108619689941e-01 6.385072469711303711e-01
7.754949331283569336e-01 6.980109810829162598e-01
6.060575842857360840e-01 6.948443651199340820e-01
6.352292299270629883e-01 6.179751157760620117e-01
4.380440115928649902e-01 4.274352192878723145e-01
5.806007385253906250e-01 7.834847569465637207e-01
6.690958738327026367e-01 6.839607954025268555e-01
7.812098860740661621e-01 6.089999079704284668e-01
5.013522505760192871e-01 6.977327466011047363e-01
6.421982049942016602e-01 5.778559446334838867e-01
7.409722208976745605e-01 5.204396843910217285e-01
7.397834658622741699e-01 5.926122069358825684e-01
6.063823103904724121e-01 6.311455965042114258e-01
6.078534126281738281e-01 5.549885630607604980e-01
8.298528194427490234e-01 4.458351731300354004e-01
7.165875434875488281e-01 7.314190864562988281e-01
7.973355054855346680e-01 7.606416344642639160e-01
7.422837615013122559e-01 5.738307237625122070e-01
6.381767392158508301e-01 5.728616118431091309e-01
7.716943621635437012e-01 6.073766350746154785e-01
7.127427458763122559e-01 5.708572268486022949e-01
7.052540183067321777e-01 5.914575457572937012e-01
5.891737341880798340e-01 4.927908480167388916e-01
5.863625407218933105e-01 4.777443706989288330e-01
8.490375280380249023e-01 4.955275058746337891e-01
7.990822792053222656e-01 6.696707010269165039e-01
7.993496060371398926e-01 7.552886605262756348e-01
5.730595588684082031e-01 7.083879113197326660e-01
5.444363951683044434e-01 6.838534474372863770e-01
8.023548722267150879e-01 6.128626465797424316e-01
5.935523509979248047e-01 5.952084064483642578e-01
7.185721397399902344e-01 7.884905338287353516e-01
6.115127801895141602e-01 6.546650528907775879e-01
7.827854752540588379e-01 7.202184796333312988e-01
5.268380045890808105e-01 6.331545114517211914e-01
7.078235745429992676e-01 6.655460596084594727e-01
8.049077391624450684e-01 6.616602540016174316e-01
6.477466821670532227e-01 4.875065386295318604e-01
7.913950085639953613e-01 6.134045124053955078e-01
4.660715162754058838e-01 5.054289698600769043e-01
6.893277168273925781e-01 6.638230085372924805e-01
6.822921037673950195e-01 5.490977168083190918e-01
4.936358630657196045e-01 5.294735431671142578e-01
7.502241730690002441e-01 6.865416169166564941e-01
6.843118667602539062e-01 6.282820105552673340e-01
7.149855494499206543e-01 5.887298583984375000e-01
6.021568179130554199e-01 7.643814682960510254e-01
6.068309545516967773e-01 5.676998496055603027e-01
6.924885511398315430e-01 7.334058284759521484e-01
7.796304821968078613e-01 4.771310091018676758e-01
6.767853498458862305e-01 6.811202764511108398e-01
6.081811189651489258e-01 7.509294748306274414e-01
6.159381270408630371e-01 6.002380847930908203e-01
7.584746479988098145e-01 4.893147647380828857e-01
8.114071488380432129e-01 6.149643063545227051e-01
7.562894821166992188e-01 5.772659182548522949e-01
8.316182494163513184e-01 6.252357363700866699e-01
6.579266190528869629e-01 6.650303006172180176e-01
7.999772429466247559e-01 4.878027737140655518e-01
8.596889972686767578e-01 6.379706263542175293e-01
5.600526928901672363e-01 8.107632994651794434e-01
8.677077293395996094e-01 4.128925502300262451e-01
6.422022581100463867e-01 6.817932128906250000e-01
6.417191624641418457e-01 4.990056753158569336e-01
8.261198997497558594e-01 7.410345673561096191e-01
6.936668157577514648e-01 6.313025951385498047e-01
7.526636123657226562e-01 5.217322707176208496e-01
7.032963037490844727e-01 6.169556379318237305e-01
7.194110751152038574e-01 6.007834076881408691e-01
6.000840663909912109e-01 5.512878298759460449e-01
5.029460787773132324e-01 7.235726714134216309e-01
6.904749274253845215e-01 5.329404473304748535e-01
8.091523647308349609e-01 6.957139968872070312e-01
6.323772668838500977e-01 5.646103024482727051e-01
8.051658272743225098e-01 5.829926729202270508e-01
6.480156183242797852e-01 6.478633880615234375e-01
5.594837665557861328e-01 5.494712591171264648e-01
6.924996972084045410e-01 7.321213483810424805e-01
5.565170645713806152e-01 7.270632386207580566e-01
7.426648139953613281e-01 7.339594960212707520e-01
5.491442680358886719e-01 6.082481741905212402e-01
6.434330344200134277e-01 7.204082608222961426e-01
7.212585806846618652e-01 5.838971734046936035e-01
5.223666429519653320e-01 6.114336252212524414e-01
6.473202705383300781e-01 6.839002966880798340e-01
6.303449273109436035e-01 6.832088828086853027e-01
5.763111710548400879e-01 5.567904710769653320e-01
7.153664827346801758e-01 7.052174806594848633e-01
8.374435305595397949e-01 5.264893174171447754e-01
5.969485640525817871e-01 8.232915997505187988e-01
6.671339273452758789e-01 4.733738601207733154e-01
6.463434696197509766e-01 6.196251511573791504e-01
6.788709759712219238e-01 5.845605731010437012e-01
7.497436404228210449e-01 5.544761419296264648e-01
6.599586009979248047e-01 6.577684283256530762e-01
8.141953945159912109e-01 5.802387595176696777e-01
6.089513301849365234e-01 5.790219902992248535e-01
5.847133398056030273e-01 6.683562397956848145e-01
6.032834649085998535e-01 5.453043580055236816e-01
7.368769645690917969e-01 5.465967059135437012e-01
8.066305518150329590e-01 7.554975748062133789e-01
5.346845984458923340e-01 6.275430917739868164e-01
5.236971974372863770e-01 4.858596622943878174e-01
6.665961146354675293e-01 6.234703063964843750e-01
6.979627609252929688e-01 5.527686476707458496e-01
5.014862418174743652e-01 5.033272504806518555e-01
6.534480452537536621e-01 7.286642789840698242e-01
4.972853958606719971e-01 7.072616815567016602e-01
7.354488372802734375e-01 5.427557229995727539e-01
7.520584464073181152e-01 5.101022720336914062e-01
7.618462443351745605e-01 5.574511885643005371e-01
7.098841071128845215e-01 7.878801822662353516e-01
8.344875574111938477e-01 5.200357437133789062e-01
6.112908720970153809e-01 5.531856417655944824e-01
5.722221136093139648e-01 7.003988623619079590e-01
6.699722409248352051e-01 6.508432626724243164e-01
6.263912320137023926e-01 6.936752796173095703e-01
7.981174588203430176e-01 6.052801012992858887e-01
8.485269546508789062e-01 6.580871939659118652e-01
8.144459128379821777e-01 6.228204369544982910e-01
6.048236489295959473e-01 6.435312628746032715e-01
8.936184048652648926e-01 4.882777333259582520e-01
6.105653047561645508e-01 6.841970086097717285e-01
7.231112122535705566e-01 5.139373540878295898e-01
6.744729280471801758e-01 7.142715454101562500e-01
6.824518442153930664e-01 6.362234354019165039e-01
5.855093002319335938e-01 6.164036393165588379e-01
6.468284726142883301e-01 5.978345274925231934e-01
8.436200022697448730e-01 5.066195130348205566e-01
5.455964803695678711e-01 7.501190304756164551e-01
6.111556887626647949e-01 5.462403297424316406e-01
7.712360620498657227e-01 7.521734833717346191e-01
5.160614848136901855e-01 4.834440946578979492e-01
7.416275739669799805e-01 6.118716597557067871e-01
4.357569813728332520e-01 5.775167346000671387e-01
8.346396088600158691e-01 6.096575856208801270e-01
7.828628420829772949e-01 7.102098464965820312e-01
6.229949593544006348e-01 6.174408197402954102e-01
6.261224150657653809e-01 4.439976215362548828e-01
8.473808765411376953e-01 4.887041449546813965e-01
5.579631924629211426e-01 4.683648943901062012e-01
7.572253942489624023e-01 4.958139061927795410e-01
5.300976634025573730e-01 6.959247589111328125e-01
6.548832058906555176e-01 5.544616580009460449e-01
5.797058343887329102e-01 8.558656573295593262e-01
6.948597431182861328e-01 6.065064072608947754e-01
7.805206775665283203e-01 7.286923527717590332e-01
6.986840963363647461e-01 7.514132857322692871e-01
6.579508781433105469e-01 6.320908069610595703e-01
5.961126089096069336e-01 7.231044173240661621e-01
7.422245740890502930e-01 5.702280998229980469e-01
5.705971121788024902e-01 7.149835228919982910e-01
6.985873579978942871e-01 6.632394194602966309e-01
6.282337307929992676e-01 6.350336670875549316e-01
8.425350785255432129e-01 4.899842143058776855e-01
7.906541228294372559e-01 6.922551393508911133e-01
7.608586549758911133e-01 6.507096886634826660e-01
6.197615265846252441e-01 7.751254439353942871e-01
5.851968526840209961e-01 7.741479277610778809e-01
7.312335371971130371e-01 6.077191233634948730e-01
6.891201138496398926e-01 6.562154293060302734e-01
8.849707841873168945e-01 5.191652178764343262e-01
8.182054758071899414e-01 5.531463027000427246e-01
7.938823699951171875e-01 7.256708145141601562e-01
7.865723371505737305e-01 5.584660768508911133e-01
8.187830448150634766e-01 4.771414101123809814e-01
6.996366977691650391e-01 5.411980748176574707e-01
6.581780314445495605e-01 5.301160216331481934e-01
5.504164695739746094e-01 6.262267231941223145e-01
7.902112007141113281e-01 6.666502356529235840e-01
7.451044321060180664e-01 5.011833906173706055e-01
8.361352086067199707e-01 4.323225319385528564e-01
5.451083779335021973e-01 6.432775855064392090e-01
6.472362875938415527e-01 5.144249796867370605e-01
6.610322594642639160e-01 5.144420266151428223e-01
6.631729006767272949e-01 7.002514600753784180e-01
4.552075266838073730e-01 6.488325595855712891e-01
6.779478192329406738e-01 7.184736132621765137e-01
7.892922163009643555e-01 4.607292711734771729e-01
7.590939998626708984e-01 5.279868245124816895e-01
5.659955739974975586e-01 5.173065662384033203e-01
7.353462576866149902e-01 6.822334527969360352e-01
7.785001993179321289e-01 4.634778201580047607e-01
6.808993816375732422e-01 7.042323946952819824e-01
7.600282430648803711e-01 6.839772462844848633e-01
7.480513453483581543e-01 5.441449284553527832e-01
6.391272544860839844e-01 5.749926567077636719e-01
5.932157039642333984e-01 6.011442542076110840e-01
7.973809242248535156e-01 7.329233288764953613e-01
8.140241503715515137e-01 6.388428211212158203e-01
7.651755809783935547e-01 6.286986470222473145e-01
6.494473218917846680e-01 7.518417239189147949e-01
6.898820996284484863e-01 6.141636967658996582e-01
8.278594613075256348e-01 7.089884281158447266e-01
5.895621776580810547e-01 7.422265410423278809e-01
7.409134507179260254e-01 6.842287778854370117e-01
5.568388700485229492e-01 4.974365830421447754e-01
7.285034060478210449e-01 6.081622242927551270e-01
8.505324721336364746e-01 4.639071524143218994e-01
6.680966615676879883e-01 6.663359999656677246e-01
6.790446043014526367e-01 5.971546769142150879e-01
6.557807922363281250e-01 6.630899310111999512e-01
8.470307588577270508e-01 4.217863380908966064e-01
6.229929924011230469e-01 6.565589308738708496e-01
7.125967144966125488e-01 7.251169681549072266e-01
7.399290204048156738e-01 6.207062005996704102e-01
6.758180260658264160e-01 6.247256994247436523e-01
7.514147162437438965e-01 6.597245335578918457e-01
7.535890936851501465e-01 6.708237528800964355e-01
6.898207664489746094e-01 6.584548950195312500e-01
5.539265871047973633e-01 7.577393651008605957e-01
7.443736195564270020e-01 4.883665442466735840e-01
8.130652308464050293e-01 6.983677744865417480e-01
7.065507769584655762e-01 7.092412114143371582e-01
5.570604205131530762e-01 6.444174647331237793e-01
7.494062781333923340e-01 6.576604247093200684e-01
6.505175232887268066e-01 7.146081328392028809e-01
6.644308567047119141e-01 6.715769171714782715e-01
7.058290243148803711e-01 6.583352088928222656e-01
5.643867254257202148e-01 6.104855537414550781e-01
7.872413992881774902e-01 5.367031693458557129e-01
5.805613994598388672e-01 5.581963658332824707e-01
5.410062074661254883e-01 6.570499539375305176e-01
6.723808646202087402e-01 6.529514193534851074e-01
5.281180143356323242e-01 5.107992887496948242e-01
6.554848551750183105e-01 6.664891242980957031e-01
8.006327748298645020e-01 6.780884861946105957e-01
7.475555539131164551e-01 7.081388831138610840e-01
6.836324334144592285e-01 6.047446727752685547e-01
4.553557634353637695e-01 5.194967389106750488e-01
6.967496275901794434e-01 8.130276203155517578e-01
7.026201486587524414e-01 5.017703771591186523e-01
5.464803576469421387e-01 5.462439060211181641e-01
8.160747289657592773e-01 6.829608082771301270e-01
6.827495694160461426e-01 6.213905811309814453e-01
6.121053695678710938e-01 5.944212079048156738e-01
8.787391781806945801e-01 5.923498868942260742e-01
5.706307291984558105e-01 7.902973890304565430e-01
6.843920350074768066e-01 6.488183140754699707e-01
6.556360721588134766e-01 5.745534300804138184e-01
6.932239532470703125e-01 6.619530320167541504e-01
7.959303855895996094e-01 5.809229016304016113e-01
7.512169480323791504e-01 7.920917272567749023e-01
5.500229597091674805e-01 5.697569847106933594e-01
7.154213190078735352e-01 6.573359966278076172e-01
7.521007657051086426e-01 6.320635676383972168e-01
5.721072554588317871e-01 6.039279103279113770e-01
5.389204621315002441e-01 6.397898197174072266e-01
7.525092959403991699e-01 5.064834356307983398e-01
7.077870368957519531e-01 7.988492250442504883e-01
8.304336071014404297e-01 5.844568610191345215e-01
6.753697395324707031e-01 6.505244374275207520e-01
7.564142346382141113e-01 6.055680513381958008e-01
5.389381051063537598e-01 6.413359045982360840e-01
5.113587975502014160e-01 5.793899297714233398e-01
6.897480487823486328e-01 5.740380883216857910e-01
8.017291426658630371e-01 6.914097666740417480e-01
6.164814233779907227e-01 7.105550765991210938e-01
3.752600550651550293e-01 6.914536952972412109e-01
4.560213088989257812e-01 5.855003595352172852e-01
5.008384585380554199e-01 5.884537100791931152e-01
7.078518867492675781e-01 6.344837546348571777e-01
7.252227067947387695e-01 7.790556550025939941e-01
7.254558801651000977e-01 5.358566641807556152e-01
6.724953651428222656e-01 8.345695734024047852e-01
7.972675561904907227e-01 5.395607352256774902e-01
7.585888504981994629e-01 7.686800956726074219e-01
8.055950403213500977e-01 5.753202438354492188e-01
8.267847895622253418e-01 4.822200536727905273e-01
8.611975908279418945e-01 4.070304036140441895e-01
7.635443806648254395e-01 5.298231840133666992e-01
5.127537846565246582e-01 7.546080350875854492e-01
6.653668880462646484e-01 7.051666378974914551e-01
6.758343577384948730e-01 6.556347608566284180e-01
8.006852865219116211e-01 6.492233276367187500e-01
7.512942552566528320e-01 5.049806833267211914e-01
6.835952997207641602e-01 5.311775803565979004e-01
7.240948081016540527e-01 7.054687738418579102e-01
6.422355771064758301e-01 5.436300039291381836e-01
5.900110006332397461e-01 5.512339472770690918e-01
7.829759716987609863e-01 7.206864356994628906e-01
6.155603528022766113e-01 7.296890616416931152e-01
6.611428856849670410e-01 6.398528218269348145e-01
6.174185872077941895e-01 7.688729166984558105e-01
7.573374509811401367e-01 6.253448724746704102e-01
7.047992944717407227e-01 6.966326236724853516e-01
8.467424511909484863e-01 5.771583318710327148e-01
7.228845357894897461e-01 5.019487738609313965e-01
8.369441628456115723e-01 6.882347464561462402e-01
8.493370413780212402e-01 5.117330551147460938e-01
7.113535404205322266e-01 6.022821664810180664e-01
8.168550729751586914e-01 5.812979936599731445e-01
6.992228031158447266e-01 5.250267386436462402e-01
6.872208118438720703e-01 6.869316101074218750e-01
5.261503458023071289e-01 4.942116439342498779e-01
6.343874931335449219e-01 5.248333811759948730e-01
8.235737085342407227e-01 6.220790743827819824e-01
7.568222284317016602e-01 5.590488910675048828e-01
5.565153956413269043e-01 5.123504400253295898e-01
5.657893419265747070e-01 6.405547857284545898e-01
6.893742680549621582e-01 4.843022823333740234e-01
5.799676775932312012e-01 6.762981414794921875e-01
6.962044835090637207e-01 6.266809701919555664e-01
6.281436681747436523e-01 6.587615609169006348e-01
8.115434050559997559e-01 5.852977037429809570e-01
7.994841337203979492e-01 4.268957972526550293e-01
7.334303259849548340e-01 5.978415608406066895e-01
6.653577089309692383e-01 7.241706252098083496e-01
6.955866217613220215e-01 6.468105912208557129e-01
8.140729665756225586e-01 6.623573899269104004e-01
8.816303610801696777e-01 4.477638304233551025e-01
7.226972579956054688e-01 8.268296718597412109e-01
6.169123649597167969e-01 5.703845024108886719e-01
6.445184350013732910e-01 6.961895823478698730e-01
6.429660320281982422e-01 5.418313741683959961e-01
6.418679356575012207e-01 6.820005774497985840e-01
6.840311288833618164e-01 5.371304154396057129e-01
8.195710778236389160e-01 4.595992267131805420e-01
6.793565750122070312e-01 6.535358428955078125e-01
7.604042887687683105e-01 6.784358620643615723e-01
6.527177095413208008e-01 5.162245035171508789e-01
6.659472584724426270e-01 7.889738082885742188e-01
7.458447813987731934e-01 6.054859757423400879e-01
6.674823164939880371e-01 5.690290927886962891e-01
6.588175296783447266e-01 5.897156000137329102e-01
8.473163247108459473e-01 4.956409037113189697e-01
7.842776775360107422e-01 6.547894477844238281e-01
7.629454731941223145e-01 6.141404509544372559e-01
6.176223158836364746e-01 7.288608551025390625e-01
4.923028647899627686e-01 4.679488837718963623e-01
8.096951246261596680e-01 5.645757317543029785e-01
5.432289242744445801e-01 5.911720991134643555e-01
7.197753190994262695e-01 6.427795886993408203e-01
7.483355402946472168e-01 6.037946343421936035e-01
7.863703370094299316e-01 6.415727734565734863e-01
6.458042263984680176e-01 7.601457238197326660e-01
6.792877316474914551e-01 6.315812468528747559e-01
6.608744263648986816e-01 6.416140198707580566e-01
7.575763463973999023e-01 6.137266159057617188e-01
5.695648789405822754e-01 5.580256581306457520e-01
7.245304584503173828e-01 4.758985638618469238e-01
8.479420542716979980e-01 4.174098968505859375e-01
6.304131746292114258e-01 5.595070719718933105e-01
7.746469378471374512e-01 6.524010300636291504e-01
5.899538993835449219e-01 4.828638434410095215e-01
7.688983082771301270e-01 4.350328445434570312e-01
8.679464459419250488e-01 4.557527601718902588e-01
7.422900795936584473e-01 5.984522700309753418e-01
5.397806167602539062e-01 7.278267741203308105e-01
5.999386310577392578e-01 6.027039289474487305e-01
5.099688768386840820e-01 5.239638090133666992e-01
7.479454278945922852e-01 5.953248739242553711e-01
6.924569606781005859e-01 6.689614057540893555e-01
6.588919162750244141e-01 6.402551531791687012e-01
5.530564785003662109e-01 5.396671295166015625e-01
8.290447592735290527e-01 5.819635987281799316e-01
7.741959095001220703e-01 5.197117924690246582e-01
8.186646103858947754e-01 6.316924095153808594e-01
7.688151597976684570e-01 5.594002008438110352e-01
7.405877709388732910e-01 7.368385195732116699e-01
8.464803695678710938e-01 6.944928169250488281e-01
6.800532341003417969e-01 5.423651933670043945e-01
6.643798351287841797e-01 6.183543205261230469e-01
6.745421886444091797e-01 5.982010960578918457e-01
6.622225642204284668e-01 6.513739824295043945e-01
7.858769893646240234e-01 5.270949602127075195e-01
7.619231343269348145e-01 5.601614117622375488e-01
6.998988986015319824e-01 4.996529817581176758e-01
6.966446042060852051e-01 5.717960596084594727e-01
5.846855044364929199e-01 5.555500984191894531e-01
5.575900077819824219e-01 6.657386422157287598e-01
6.569035649299621582e-01 7.145845293998718262e-01
5.827490687370300293e-01 5.679385662078857422e-01
4.851403236389160156e-01 4.433112144470214844e-01
7.760277986526489258e-01 5.356919765472412109e-01
5.792475938796997070e-01 6.382526755332946777e-01
5.163614749908447266e-01 7.498094439506530762e-01
7.389895915985107422e-01 7.155289053916931152e-01
7.670589685440063477e-01 7.541235685348510742e-01
5.958357453346252441e-01 7.318195104598999023e-01
5.439134240150451660e-01 6.759486794471740723e-01
6.266813874244689941e-01 5.745095014572143555e-01
6.937175393104553223e-01 7.030310630798339844e-01
7.206076383590698242e-01 4.648032784461975098e-01
7.971095442771911621e-01 4.400416612625122070e-01
4.441031515598297119e-01 6.599358916282653809e-01
6.511631608009338379e-01 6.466494202613830566e-01
6.126827597618103027e-01 7.242736220359802246e-01
8.330109715461730957e-01 4.494120180606842041e-01
6.509009599685668945e-01 6.843975186347961426e-01
7.472714185714721680e-01 7.557386159896850586e-01
7.791212201118469238e-01 7.635757923126220703e-01
7.151143550872802734e-01 6.462761759757995605e-01
6.999714374542236328e-01 6.289672851562500000e-01
5.702938437461853027e-01 5.332236289978027344e-01
8.089378476142883301e-01 6.633869409561157227e-01
6.050008535385131836e-01 5.158425569534301758e-01
6.077474355697631836e-01 6.659056544303894043e-01
6.466853022575378418e-01 6.871880888938903809e-01
5.828294157981872559e-01 5.542783737182617188e-01
6.878591179847717285e-01 6.314067840576171875e-01
6.462539434432983398e-01 7.418084740638732910e-01
5.849354863166809082e-01 5.703984498977661133e-01
6.675775647163391113e-01 7.308393716812133789e-01
6.384901404380798340e-01 4.766329824924468994e-01
7.800080776214599609e-01 6.441817879676818848e-01
5.681020617485046387e-01 7.664598822593688965e-01
7.034706473350524902e-01 6.715292334556579590e-01
6.630425453186035156e-01 7.110438346862792969e-01
6.897236108779907227e-01 6.946327686309814453e-01
6.664335727691650391e-01 7.899020314216613770e-01
6.613510847091674805e-01 6.503247618675231934e-01
5.954243540763854980e-01 7.560189366340637207e-01
5.510854125022888184e-01 5.927617549896240234e-01
7.255063652992248535e-01 8.082492351531982422e-01
6.322614550590515137e-01 5.761496424674987793e-01
6.125882863998413086e-01 5.034134984016418457e-01
6.307790875434875488e-01 7.288100123405456543e-01
7.703538537025451660e-01 6.216265559196472168e-01
7.331010699272155762e-01 6.495820283889770508e-01
7.231450080871582031e-01 5.693368315696716309e-01
6.668639779090881348e-01 7.157915234565734863e-01
4.617089331150054932e-01 4.966100454330444336e-01
7.138449549674987793e-01 5.152709484100341797e-01
6.417306065559387207e-01 5.197794437408447266e-01
5.472812056541442871e-01 7.486212849617004395e-01
8.198315501213073730e-01 5.262222886085510254e-01
8.375321030616760254e-01 6.279621720314025879e-01
8.790038824081420898e-01 5.905933380126953125e-01
6.223635673522949219e-01 6.129575371742248535e-01
5.668657422065734863e-01 5.448532700538635254e-01
7.486911416053771973e-01 7.228357791900634766e-01
6.407215595245361328e-01 6.966427564620971680e-01
7.555965185165405273e-01 7.596296072006225586e-01
7.770900726318359375e-01 7.519404292106628418e-01
7.025502920150756836e-01 6.257777214050292969e-01
6.233206987380981445e-01 6.814664006233215332e-01
7.033420801162719727e-01 7.201405763626098633e-01
7.273242473602294922e-01 5.860558152198791504e-01
6.483647227287292480e-01 7.103704214096069336e-01
7.448208332061767578e-01 4.968577623367309570e-01
8.775039315223693848e-01 6.350633502006530762e-01
4.622542262077331543e-01 5.467238426208496094e-01
5.700734257698059082e-01 6.586387157440185547e-01
6.528898477554321289e-01 8.145164251327514648e-01
5.886029601097106934e-01 6.189819574356079102e-01
7.335197925567626953e-01 5.014481544494628906e-01
8.588265776634216309e-01 6.415938138961791992e-01
5.995190739631652832e-01 8.193976283073425293e-01
6.607912182807922363e-01 5.380504727363586426e-01
6.332138180732727051e-01 6.938716769218444824e-01
6.319600939750671387e-01 5.876410603523254395e-01
8.198950886726379395e-01 5.760922431945800781e-01
7.556427121162414551e-01 5.568707585334777832e-01
5.387284159660339355e-01 5.817036032676696777e-01
6.670358180999755859e-01 5.043621063232421875e-01
6.629292964935302734e-01 6.616063117980957031e-01
7.210527658462524414e-01 7.542203664779663086e-01
6.776695251464843750e-01 6.780640482902526855e-01
5.548195242881774902e-01 6.689118146896362305e-01
6.438212990760803223e-01 5.061689019203186035e-01
7.376975417137145996e-01 6.940951347351074219e-01
6.668283343315124512e-01 5.661486387252807617e-01
7.573914527893066406e-01 5.996161103248596191e-01
6.943216919898986816e-01 6.075353622436523438e-01
8.796045780181884766e-01 5.250449776649475098e-01
7.515560388565063477e-01 7.312482595443725586e-01
7.532362937927246094e-01 6.571143269538879395e-01
8.156094551086425781e-01 6.307606101036071777e-01
6.746034026145935059e-01 6.099805235862731934e-01
6.006579995155334473e-01 6.987226009368896484e-01
8.549148440361022949e-01 5.847628116607666016e-01
7.477850914001464844e-01 6.036801338195800781e-01
7.058890461921691895e-01 7.973013520240783691e-01
6.952781677246093750e-01 5.263726711273193359e-01
4.683335125446319580e-01 6.642973423004150391e-01
8.480806350708007812e-01 5.982437729835510254e-01
7.089447975158691406e-01 8.261504769325256348e-01
7.240483760833740234e-01 6.257305741310119629e-01
7.241231799125671387e-01 7.189461588859558105e-01
6.773721575736999512e-01 5.316023826599121094e-01
6.594204306602478027e-01 7.544754743576049805e-01
6.714686155319213867e-01 6.299424171447753906e-01
8.794530630111694336e-01 4.692670106887817383e-01
6.565964221954345703e-01 7.655403614044189453e-01
6.278028488159179688e-01 7.211537957191467285e-01
7.741187214851379395e-01 5.442632436752319336e-01
7.962886095046997070e-01 6.404243707656860352e-01
5.068371891975402832e-01 6.052701473236083984e-01
7.812854647636413574e-01 7.540146708488464355e-01
8.519902229309082031e-01 6.552864313125610352e-01
6.923993825912475586e-01 5.512972474098205566e-01
5.861032605171203613e-01 6.039946079254150391e-01
7.383052110671997070e-01 6.598246693611145020e-01
7.035502791404724121e-01 5.886954665184020996e-01
6.996721029281616211e-01 8.447926640510559082e-01
7.199617624282836914e-01 7.628238201141357422e-01
6.569606661796569824e-01 5.912971496582031250e-01
7.375172972679138184e-01 6.671938896179199219e-01
7.573826313018798828e-01 6.190331578254699707e-01
8.280704021453857422e-01 4.726644754409790039e-01
5.614215731620788574e-01 8.812685012817382812e-01
7.980744838714599609e-01 6.509439945220947266e-01
8.057593703269958496e-01 4.810990095138549805e-01
7.815461158752441406e-01 5.030410885810852051e-01
6.666741371154785156e-01 6.750516295433044434e-01
8.032767176628112793e-01 6.287776827812194824e-01
6.448380351066589355e-01 5.354639291763305664e-01
7.297067642211914062e-01 5.340393185615539551e-01
6.373075246810913086e-01 7.484315633773803711e-01
7.256416082382202148e-01 6.724064946174621582e-01
6.804140210151672363e-01 6.566911935806274414e-01
6.971013545989990234e-01 5.558976531028747559e-01
6.577084660530090332e-01 6.091632246971130371e-01
5.060691833496093750e-01 7.890783548355102539e-01
7.988879680633544922e-01 5.831085443496704102e-01
6.345739364624023438e-01 5.992969870567321777e-01
6.756184101104736328e-01 5.831285715103149414e-01
5.267109274864196777e-01 6.975602507591247559e-01
6.835009455680847168e-01 6.162070035934448242e-01
7.134057879447937012e-01 6.285349130630493164e-01
7.004389166831970215e-01 6.330014467239379883e-01
8.186149597167968750e-01 5.761190652847290039e-01
6.193171739578247070e-01 8.132937550544738770e-01
6.574854254722595215e-01 7.930995225906372070e-01
6.776553988456726074e-01 8.537045717239379883e-01
6.114912629127502441e-01 6.704946756362915039e-01
7.048153877258300781e-01 7.588595151901245117e-01
7.170242071151733398e-01 6.283028125762939453e-01
5.891793370246887207e-01 5.325794219970703125e-01
5.837337374687194824e-01 6.969766020774841309e-01
6.253906488418579102e-01 7.394297122955322266e-01
6.061350107192993164e-01 6.112904548645019531e-01
6.806031465530395508e-01 6.427485346794128418e-01
6.716708540916442871e-01 6.238636374473571777e-01
7.584154605865478516e-01 7.112269997596740723e-01
5.929567217826843262e-01 6.683526039123535156e-01
6.101949214935302734e-01 6.191863417625427246e-01
7.508789896965026855e-01 6.394642591476440430e-01
6.541135907173156738e-01 6.227559447288513184e-01
6.924389004707336426e-01 6.100828647613525391e-01
7.800282835960388184e-01 7.384293675422668457e-01
6.784256696701049805e-01 7.775113582611083984e-01
4.749551415443420410e-01 5.953139066696166992e-01
7.946867942810058594e-01 6.375633478164672852e-01
6.776927709579467773e-01 5.529538989067077637e-01
6.164966225624084473e-01 5.196784138679504395e-01
5.615954399108886719e-01 5.106114149093627930e-01
6.493759751319885254e-01 6.390188336372375488e-01
7.706230282783508301e-01 6.567772030830383301e-01
6.686129570007324219e-01 8.162842988967895508e-01
7.792558670043945312e-01 6.990953087806701660e-01
7.476449608802795410e-01 7.070710659027099609e-01
6.915152072906494141e-01 6.982716321945190430e-01
5.505568981170654297e-01 6.587439775466918945e-01
6.295019984245300293e-01 6.454046368598937988e-01
4.028387069702148438e-01 5.714892148971557617e-01
6.956127285957336426e-01 6.822708249092102051e-01
5.892333388328552246e-01 7.313234806060791016e-01
8.408562541007995605e-01 5.831233859062194824e-01
8.427515029907226562e-01 6.347518563270568848e-01
7.757926583290100098e-01 6.854080557823181152e-01
7.279982566833496094e-01 5.458613038063049316e-01
6.463299393653869629e-01 7.623604536056518555e-01
6.092470288276672363e-01 5.926010608673095703e-01
6.352729201316833496e-01 5.202984809875488281e-01
7.687222957611083984e-01 5.330352187156677246e-01
4.632233977317810059e-01 6.548339724540710449e-01
6.885403990745544434e-01 6.438989639282226562e-01
3.722368180751800537e-01 3.926089406013488770e-01
7.978370785713195801e-01 5.897055864334106445e-01
5.277668833732604980e-01 7.873271107673645020e-01
7.460799217224121094e-01 4.843409955501556396e-01
5.493869185447692871e-01 5.246886014938354492e-01
6.736363768577575684e-01 5.961288809776306152e-01
6.548395156860351562e-01 6.780084967613220215e-01
6.125710606575012207e-01 4.785648882389068604e-01
5.326952338218688965e-01 5.771934986114501953e-01
5.387960672378540039e-01 6.614283323287963867e-01
7.161948680877685547e-01 7.125057578086853027e-01
7.615930438041687012e-01 6.237527728080749512e-01
6.970916390419006348e-01 5.697177052497863770e-01
5.811035633087158203e-01 6.639138460159301758e-01
5.676335096359252930e-01 7.506462335586547852e-01
7.066854238510131836e-01 6.945052742958068848e-01
8.259959220886230469e-01 7.175299525260925293e-01
5.687988996505737305e-01 7.951231002807617188e-01
6.040049195289611816e-01 5.805100202560424805e-01
6.083948612213134766e-01 7.792910337448120117e-01
6.260071396827697754e-01 6.600981354713439941e-01
7.128476500511169434e-01 6.137467026710510254e-01
4.833104908466339111e-01 5.468819737434387207e-01
7.357898950576782227e-01 5.200313925743103027e-01
7.775544524192810059e-01 6.263667941093444824e-01
6.312821507453918457e-01 5.689368844032287598e-01
5.458595156669616699e-01 5.426930785179138184e-01
7.355842590332031250e-01 5.948646068572998047e-01
7.639992237091064453e-01 4.524800479412078857e-01
5.602354407310485840e-01 6.677191257476806641e-01
6.599001288414001465e-01 6.809353232383728027e-01
7.166369557380676270e-01 5.963358283042907715e-01
6.447021961212158203e-01 7.101061344146728516e-01
6.449413895606994629e-01 7.502507567405700684e-01
8.798880577087402344e-01 6.056693196296691895e-01
4.481931626796722412e-01 4.189967215061187744e-01
5.949002504348754883e-01 6.054803133010864258e-01
5.119880437850952148e-01 5.766563415527343750e-01
8.268995285034179688e-01 7.569701671600341797e-01
6.999332308769226074e-01 7.866315841674804688e-01
6.482426524162292480e-01 7.774411439895629883e-01
5.584329366683959961e-01 5.923673510551452637e-01
7.207453846931457520e-01 6.119744181632995605e-01
5.460752844810485840e-01 6.759485006332397461e-01
7.486426234245300293e-01 6.693442463874816895e-01
7.957234382629394531e-01 6.966512799263000488e-01
5.740942955017089844e-01 6.925067305564880371e-01
6.044089198112487793e-01 6.117534637451171875e-01
8.337737321853637695e-01 5.579704642295837402e-01
6.342421770095825195e-01 6.839500665664672852e-01
5.656438469886779785e-01 5.635442733764648438e-01
5.630865693092346191e-01 5.551823377609252930e-01
6.882911324501037598e-01 7.137761712074279785e-01
4.935037791728973389e-01 7.518632411956787109e-01
5.683645009994506836e-01 7.314304113388061523e-01
5.213493108749389648e-01 5.110806226730346680e-01
7.279096245765686035e-01 7.534587979316711426e-01
6.219500303268432617e-01 5.588748455047607422e-01
5.825681686401367188e-01 8.016450405120849609e-01
6.727266311645507812e-01 8.157424330711364746e-01
6.058063507080078125e-01 6.863068938255310059e-01
7.152974009513854980e-01 7.793868184089660645e-01
5.877839326858520508e-01 5.256221294403076172e-01
5.146634578704833984e-01 5.429456233978271484e-01
5.928309559822082520e-01 7.134287953376770020e-01
7.394022941589355469e-01 6.833240389823913574e-01
7.492411732673645020e-01 7.160642743110656738e-01
6.720644235610961914e-01 6.139735579490661621e-01
6.539358496665954590e-01 6.855869293212890625e-01
6.767053604125976562e-01 6.835580468177795410e-01
5.869458317756652832e-01 8.302156329154968262e-01
8.085256218910217285e-01 6.001885533332824707e-01
7.444594502449035645e-01 6.253677606582641602e-01
7.367249727249145508e-01 6.897364854812622070e-01
5.534404516220092773e-01 6.164681911468505859e-01
7.930637001991271973e-01 6.396209001541137695e-01
7.607006430625915527e-01 6.547212004661560059e-01
7.048389911651611328e-01 6.012827754020690918e-01
7.435142993927001953e-01 7.251515388488769531e-01
6.350387334823608398e-01 7.628073692321777344e-01
5.821881890296936035e-01 4.806303381919860840e-01
6.951618790626525879e-01 4.976015090942382812e-01
4.709195494651794434e-01 4.977934360504150391e-01
6.669430136680603027e-01 8.232828378677368164e-01
7.644744515419006348e-01 5.461649894714355469e-01
6.593503355979919434e-01 8.158646225929260254e-01
7.896513938903808594e-01 7.363274693489074707e-01
5.709726214408874512e-01 7.004446983337402344e-01
6.461363434791564941e-01 6.255812644958496094e-01
4.813424944877624512e-01 7.213449478149414062e-01
6.257582902908325195e-01 7.322804331779479980e-01
5.269895792007446289e-01 7.545549869537353516e-01
5.804742574691772461e-01 6.818335652351379395e-01
6.612133383750915527e-01 5.622194409370422363e-01
7.677932381629943848e-01 7.665822505950927734e-01
5.874264836311340332e-01 5.845059156417846680e-01
4.881506562232971191e-01 6.422186493873596191e-01
6.402713060379028320e-01 6.693180203437805176e-01
7.558302879333496094e-01 5.148453712463378906e-01
6.556814312934875488e-01 4.973546862602233887e-01
8.042722344398498535e-01 5.518541336059570312e-01
6.084234714508056641e-01 6.803535223007202148e-01
4.863924980163574219e-01 5.934762358665466309e-01
7.605618238449096680e-01 7.366537451744079590e-01
7.205305695533752441e-01 6.060637235641479492e-01
5.729209780693054199e-01 6.896961927413940430e-01
5.655274987220764160e-01 6.116005182266235352e-01
7.211896777153015137e-01 6.188167333602905273e-01
6.411083936691284180e-01 7.617505192756652832e-01
6.822044253349304199e-01 7.222700715065002441e-01
7.118115425109863281e-01 5.845366716384887695e-01
6.416723132133483887e-01 6.998186707496643066e-01
8.066793084144592285e-01 5.205655694007873535e-01
7.825243473052978516e-01 5.725625157356262207e-01
7.033019065856933594e-01 6.077483892440795898e-01
5.962428450584411621e-01 5.844699144363403320e-01
6.139896512031555176e-01 5.565485358238220215e-01
7.044764757156372070e-01 5.933521389961242676e-01
5.841587781906127930e-01 4.926369190216064453e-01
6.412784457206726074e-01 7.997679710388183594e-01
6.598437428474426270e-01 6.742880344390869141e-01
5.659885406494140625e-01 6.241182684898376465e-01
7.410340905189514160e-01 5.915200710296630859e-01
7.170796990394592285e-01 5.502660274505615234e-01
6.163792014122009277e-01 6.805207133293151855e-01
7.067932486534118652e-01 5.946708321571350098e-01
5.093602538108825684e-01 7.873027920722961426e-01
5.807039141654968262e-01 7.434038519859313965e-01
7.138000130653381348e-01 6.134505271911621094e-01
6.323209404945373535e-01 5.907928347587585449e-01
4.954434037208557129e-01 7.090039849281311035e-01
5.772960186004638672e-01 6.437108516693115234e-01
5.577976703643798828e-01 6.053980588912963867e-01
6.315357089042663574e-01 5.260893702507019043e-01
7.702371478080749512e-01 4.934920370578765869e-01
6.656515598297119141e-01 7.972403764724731445e-01
5.612516403198242188e-01 8.667982220649719238e-01
7.698407173156738281e-01 5.866385698318481445e-01
5.472071766853332520e-01 5.851092338562011719e-01
5.503767728805541992e-01 6.573047637939453125e-01
6.781746149063110352e-01 6.957166194915771484e-01
6.283776164054870605e-01 6.095187067985534668e-01
6.600558161735534668e-01 7.027281522750854492e-01
7.800056338310241699e-01 6.527280211448669434e-01
7.462803125381469727e-01 6.003062129020690918e-01
6.820038557052612305e-01 5.234635472297668457e-01
6.648536324501037598e-01 6.002725362777709961e-01
6.670186519622802734e-01 7.366299033164978027e-01
6.563872694969177246e-01 6.300606727600097656e-01
5.858752131462097168e-01 8.103365898132324219e-01
5.375070571899414062e-01 7.090162634849548340e-01
6.276312470436096191e-01 5.706043839454650879e-01
6.656963229179382324e-01 7.036987543106079102e-01
6.387115716934204102e-01 6.569816470146179199e-01
7.481823563575744629e-01 6.921385526657104492e-01
6.544632315635681152e-01 6.301783323287963867e-01
6.393278837203979492e-01 7.230318188667297363e-01
5.888119935989379883e-01 7.898825407028198242e-01
7.617290019989013672e-01 6.015948057174682617e-01
6.818762421607971191e-01 6.898096203804016113e-01
5.832880139350891113e-01 5.905950665473937988e-01
7.193508744239807129e-01 6.606298089027404785e-01
5.239828824996948242e-01 5.868686437606811523e-01
7.156929969787597656e-01 6.273989677429199219e-01
5.846955180168151855e-01 6.487767100334167480e-01
7.109361886978149414e-01 6.776684522628784180e-01
7.422431111335754395e-01 5.196498036384582520e-01
5.963869094848632812e-01 7.073206305503845215e-01
6.454083919525146484e-01 6.367730498313903809e-01
5.411386489868164062e-01 5.801786780357360840e-01
6.562061309814453125e-01 5.422699451446533203e-01
4.936212301254272461e-01 5.729899406433105469e-01
4.703107476234436035e-01 5.095956325531005859e-01
4.492249786853790283e-01 6.275446414947509766e-01
5.077464580535888672e-01 7.574021816253662109e-01
8.494913578033447266e-01 5.427134633064270020e-01
7.350361347198486328e-01 5.956760048866271973e-01
6.984046101570129395e-01 6.813316941261291504e-01
6.712377667427062988e-01 5.724049210548400879e-01
8.579437732696533203e-01 4.186151325702667236e-01
6.295723319053649902e-01 5.431525707244873047e-01
8.352515101432800293e-01 7.003509402275085449e-01
6.526932716369628906e-01 6.541613340377807617e-01
7.525912523269653320e-01 5.422714352607727051e-01
8.347660899162292480e-01 5.689420104026794434e-01
6.403822302818298340e-01 6.090474128723144531e-01
6.136281490325927734e-01 5.697922110557556152e-01
6.099750399589538574e-01 6.897533535957336426e-01
6.591100096702575684e-01 7.048089504241943359e-01
5.685347914695739746e-01 7.835620641708374023e-01
6.828887462615966797e-01 5.932293534278869629e-01
7.007452845573425293e-01 5.640656948089599609e-01
5.857390761375427246e-01 7.770987749099731445e-01
4.921911358833312988e-01 5.966879129409790039e-01
6.895263195037841797e-01 5.633468627929687500e-01
6.441466212272644043e-01 6.122769117355346680e-01
4.897423982620239258e-01 6.316491365432739258e-01
6.548112034797668457e-01 8.106560111045837402e-01
7.338886260986328125e-01 6.721279025077819824e-01
4.163827002048492432e-01 5.433530807495117188e-01
7.216898798942565918e-01 6.689119935035705566e-01
7.496767044067382812e-01 5.750578641891479492e-01
7.445613741874694824e-01 5.799631476402282715e-01
6.072697043418884277e-01 5.008208751678466797e-01
8.135985136032104492e-01 4.405393600463867188e-01
4.751674532890319824e-01 6.284642219543457031e-01
7.330312728881835938e-01 8.210266232490539551e-01
6.898264288902282715e-01 5.299217700958251953e-01
7.908750772476196289e-01 6.342921853065490723e-01
8.438080549240112305e-01 4.806020557880401611e-01
