-1.353721618652343750e-01 -4.764477014541625977e-01
4.402127861976623535e-01 -4.471359848976135254e-01
-1.309965252876281738e-01 -3.442053794860839844e-01
6.572371721267700195e-02 4.410626292228698730e-01
-6.709575653076171875e-02 -3.716156482696533203e-01
-4.606344103813171387e-01 -4.594861865043640137e-01
-2.368113994598388672e-01 4.867813587188720703e-01
-2.703304290771484375e-01 -2.969483733177185059e-01
-7.102179527282714844e-02 -4.944033026695251465e-01
-1.480416655540466309e-01 2.274810671806335449e-01
2.393198013305664062e-02 -2.354003787040710449e-01
3.080447316169738770e-01 -2.315455079078674316e-01
-4.246492981910705566e-01 -4.088157415390014648e-01
1.551890969276428223e-01 -2.956387400627136230e-01
-3.680692315101623535e-01 3.420613408088684082e-01
1.899238228797912598e-01 -5.688422918319702148e-02
3.706766366958618164e-01 -4.501272439956665039e-01
-4.285504221916198730e-01 1.992795467376708984e-01
1.350698471069335938e-01 -2.123183608055114746e-01
-2.885604500770568848e-01 3.647394180297851562e-01
-4.410089850425720215e-01 -4.487187862396240234e-01
2.894291281700134277e-01 1.354514956474304199e-01
4.211841821670532227e-01 -4.788273572921752930e-01
-1.770844459533691406e-01 3.246486783027648926e-01
-3.258967995643615723e-01 4.687418341636657715e-01
-2.319187521934509277e-01 -6.271654367446899414e-02
1.279559135437011719e-01 -3.271920680999755859e-01
2.653396129608154297e-02 -2.776020765304565430e-01
2.568538188934326172e-01 -2.385588288307189941e-01
-1.563236117362976074e-01 -4.839454293251037598e-01
5.936115980148315430e-02 3.003184795379638672e-01
-5.461519956588745117e-02 -4.559594392776489258e-02
2.636444568634033203e-02 4.972762465476989746e-01
2.251786589622497559e-01 9.030842781066894531e-02
6.236875057220458984e-02 4.555388092994689941e-01
-1.300214529037475586e-01 -3.246389627456665039e-01
-2.786887884140014648e-01 -1.027768254280090332e-01
2.036475539207458496e-01 -1.642410755157470703e-01
-2.065196037292480469e-01 4.460358619689941406e-01
-1.247646808624267578e-01 1.732932329177856445e-01
2.169082164764404297e-01 -5.730730295181274414e-02
-2.465274930000305176e-01 -3.260761499404907227e-01
3.249629139900207520e-01 -2.662634253501892090e-01
4.896819591522216797e-03 4.052880406379699707e-01
-3.082391619682312012e-01 1.676759123802185059e-01
2.104683518409729004e-01 6.365656852722167969e-03
-3.128933310508728027e-01 -2.348631620407104492e-01
8.425253629684448242e-02 1.949679851531982422e-02
-3.132444620132446289e-02 3.110296130180358887e-01
3.923889994621276855e-01 -2.936809659004211426e-01
-6.275308132171630859e-02 1.921908259391784668e-01
-2.605350017547607422e-01 -5.998349189758300781e-02
4.724395275115966797e-02 3.153991699218750000e-01
3.925870060920715332e-01 -3.718626499176025391e-01
-3.540134429931640625e-01 -3.278349041938781738e-01
-3.163140416145324707e-01 -4.462432861328125000e-01
-2.956860065460205078e-01 -2.478507161140441895e-01
4.007814526557922363e-01 3.680211305618286133e-01
4.946716427803039551e-01 3.551654815673828125e-01
4.432554841041564941e-01 2.437343597412109375e-01
1.816586852073669434e-01 1.714450120925903320e-01
3.514617681503295898e-02 2.905575037002563477e-01
1.028173565864562988e-01 -5.059993267059326172e-02
2.819145917892456055e-01 -4.110360741615295410e-01
-3.401863574981689453e-01 2.368919253349304199e-01
1.485099196434020996e-01 -4.590587019920349121e-01
4.302226305007934570e-01 -1.761524677276611328e-01
-4.768174886703491211e-01 1.756508350372314453e-01
-1.462898254394531250e-01 1.434403657913208008e-02
-3.603394627571105957e-01 3.455041646957397461e-01
4.657545089721679688e-01 1.157283186912536621e-01
-2.543625235557556152e-01 -1.551427245140075684e-01
-3.040981292724609375e-01 1.956800222396850586e-01
2.785243988037109375e-01 2.540572285652160645e-01
-3.150224685668945312e-01 -1.956734657287597656e-01
6.782490015029907227e-02 4.076538681983947754e-01
-4.834892153739929199e-01 -2.432666420936584473e-01
8.675599098205566406e-02 3.150355219841003418e-01
4.264935255050659180e-01 1.993606090545654297e-01
1.319212317466735840e-01 3.568868637084960938e-01
-2.857112884521484375e-02 1.951979398727416992e-01
-4.982849955558776855e-01 -2.158472537994384766e-01
-1.739025115966796875e-01 6.948715448379516602e-02
-2.684497237205505371e-01 4.818629622459411621e-01
-1.721137762069702148e-02 -2.009812593460083008e-01
-2.225739359855651855e-01 -1.655566692352294922e-02
9.235298633575439453e-02 4.468699693679809570e-01
-3.724304437637329102e-01 1.270825266838073730e-01
-2.371556162834167480e-01 2.150083780288696289e-01
3.927405476570129395e-01 -3.503829836845397949e-01
-2.934206724166870117e-01 1.692116260528564453e-03
4.405891895294189453e-02 -4.282434582710266113e-01
-4.372962117195129395e-01 -1.096329689025878906e-01
3.452539443969726562e-02 -2.970928549766540527e-01
6.365203857421875000e-02 -1.219784021377563477e-01
-1.680485606193542480e-01 4.138104915618896484e-01
-9.894514083862304688e-02 4.915806055068969727e-01
-2.410283684730529785e-01 4.674858450889587402e-01
-1.525976657867431641e-01 -3.769755363464355469e-01
3.257348537445068359e-01 -7.377856969833374023e-02
-2.552564740180969238e-01 4.451413750648498535e-01
2.238226532936096191e-01 4.941284656524658203e-02
4.661257863044738770e-01 -1.365126967430114746e-01
-3.043648004531860352e-01 2.441931366920471191e-01
1.309016942977905273e-01 1.032059192657470703e-01
1.342516541481018066e-01 -6.688505411148071289e-02
-3.524170517921447754e-01 -3.809278607368469238e-01
2.269538640975952148e-01 2.668881416320800781e-01
1.080330014228820801e-01 -3.643580079078674316e-01
3.320429921150207520e-01 2.408611774444580078e-02
-1.790432929992675781e-01 -2.074472308158874512e-01
-1.986480951309204102e-01 -3.002865910530090332e-01
2.328507900238037109e-01 3.906893730163574219e-02
3.880704641342163086e-01 -4.282015562057495117e-02
-1.724791526794433594e-01 -2.077268958091735840e-01
1.607370376586914062e-01 -3.140383958816528320e-01
4.805404543876647949e-01 3.761937618255615234e-01
-4.335717558860778809e-01 -2.291474938392639160e-01
-7.768279314041137695e-02 1.897702813148498535e-01
-4.857758283615112305e-01 2.472604513168334961e-01
-1.516253352165222168e-01 4.360982179641723633e-01
-3.879294991493225098e-01 2.991557121276855469e-02
-3.921967148780822754e-01 2.527791261672973633e-01
3.832190036773681641e-01 -1.624369025230407715e-01
3.212578296661376953e-01 -2.779543399810791016e-01
3.968970179557800293e-01 -1.377224922180175781e-01
-3.967956900596618652e-01 -7.617497444152832031e-02
-3.948065638542175293e-01 -2.266547679901123047e-01
2.983818054199218750e-01 2.812010049819946289e-01
3.834184408187866211e-01 -3.515008091926574707e-01
-2.351523041725158691e-01 -1.903944611549377441e-01
-2.366824150085449219e-01 6.298398971557617188e-02
2.289148569107055664e-01 -4.436268210411071777e-01
-1.771684885025024414e-01 -2.790999412536621094e-02
1.887132525444030762e-01 1.628763079643249512e-01
-8.160179853439331055e-02 -2.973166704177856445e-01
4.210509657859802246e-01 -3.777154684066772461e-01
1.028621196746826172e-02 -2.618530392646789551e-01
-1.753179430961608887e-01 2.025509476661682129e-01
-1.449773907661437988e-01 1.513475775718688965e-01
-1.701765060424804688e-01 4.954309463500976562e-01
-1.725683808326721191e-01 4.036186933517456055e-01
-4.352152347564697266e-02 -3.182552456855773926e-01
-4.298067092895507812e-02 4.255964159965515137e-01
-2.325106859207153320e-01 -1.611780524253845215e-01
9.036552906036376953e-02 1.917554736137390137e-01
-4.206042289733886719e-01 7.732546329498291016e-02
3.168228268623352051e-01 -4.631477594375610352e-02
4.591742157936096191e-01 -3.230816125869750977e-02
6.928437948226928711e-02 4.649844765663146973e-01
2.050688862800598145e-01 2.719634175300598145e-01
-2.866731286048889160e-01 -2.764750719070434570e-01
-1.972774267196655273e-01 -4.798746109008789062e-01
-3.106828331947326660e-01 4.332227110862731934e-01
4.991656541824340820e-02 2.383103966712951660e-01
-3.954828977584838867e-01 2.804416418075561523e-01
2.409011125564575195e-01 1.088982224464416504e-01
1.467382311820983887e-01 2.801777124404907227e-01
-3.971819877624511719e-01 -9.831172227859497070e-02
2.480734586715698242e-01 3.129995465278625488e-01
1.519902348518371582e-01 1.984229087829589844e-01
-4.276591539382934570e-01 9.133768081665039062e-02
2.688738107681274414e-01 1.594666838645935059e-01
8.994281291961669922e-03 -2.446402311325073242e-01
6.550270318984985352e-02 -1.647901535034179688e-01
3.778501152992248535e-01 3.428837656974792480e-01
-1.369599103927612305e-01 3.526343107223510742e-01
1.643862128257751465e-01 1.556390523910522461e-01
4.322317838668823242e-01 1.189806461334228516e-01
1.923571228981018066e-01 -6.253194808959960938e-02
-4.755974411964416504e-01 -2.835689187049865723e-01
4.055005908012390137e-01 3.298058509826660156e-01
-6.939142942428588867e-02 4.330556988716125488e-01
-2.650077342987060547e-01 -1.287192702293395996e-01
3.688926696777343750e-01 -4.649499654769897461e-01
2.497114539146423340e-01 -3.537799715995788574e-01
-2.097956538200378418e-01 1.184939146041870117e-01
-2.098042368888854980e-01 2.031829953193664551e-01
1.298138499259948730e-01 -4.367820620536804199e-01
1.779580116271972656e-01 3.183151483535766602e-01
-1.560675501823425293e-01 -1.654535531997680664e-01
3.730443716049194336e-01 -2.613642811775207520e-01
7.596504688262939453e-02 3.302229642868041992e-01
3.853160738945007324e-01 3.988635540008544922e-02
3.780414462089538574e-01 2.118024230003356934e-01
2.909334301948547363e-01 4.535474181175231934e-01
3.686552643775939941e-01 4.085103273391723633e-01
3.449549674987792969e-01 3.409884572029113770e-01
-1.773375868797302246e-01 2.634019255638122559e-01
1.847971677780151367e-01 -4.396785497665405273e-01
4.797551631927490234e-01 4.310612082481384277e-01
4.049474000930786133e-01 2.518469691276550293e-01
-3.054550290107727051e-01 -1.957475543022155762e-01
2.730181217193603516e-01 1.953116059303283691e-01
3.724803328514099121e-01 3.497109413146972656e-01
-6.862819194793701172e-03 2.165360450744628906e-01
2.684907317161560059e-01 -2.692953348159790039e-01
-3.958567976951599121e-01 -1.814739108085632324e-01
-3.490148186683654785e-01 4.439171552658081055e-01
-4.103277921676635742e-01 1.454511284828186035e-01
-4.026592969894409180e-01 -2.983994483947753906e-01
7.462865114212036133e-02 1.034945845603942871e-01
-1.180190443992614746e-01 2.159057855606079102e-01
-2.132338285446166992e-02 -4.012697339057922363e-01
-1.623657941818237305e-01 3.345259428024291992e-01
2.662088871002197266e-01 3.580212593078613281e-02
-2.039283514022827148e-02 1.242588162422180176e-01
-2.530336976051330566e-01 -2.172334194183349609e-01
3.261922001838684082e-01 5.150896310806274414e-02
-4.800843596458435059e-01 3.951904177665710449e-01
-3.487158417701721191e-01 -4.397326111793518066e-01
3.481709957122802734e-01 -2.015015482902526855e-01
3.735196590423583984e-01 -2.728096842765808105e-01
-1.333172321319580078e-01 -4.591972827911376953e-01
-1.245572566986083984e-01 1.486799120903015137e-01
-4.629286527633666992e-01 -2.342424988746643066e-01
-2.691717743873596191e-01 -9.274047613143920898e-02
2.755619287490844727e-01 4.039595723152160645e-01
1.809056401252746582e-01 -1.359580755233764648e-01
-3.918360471725463867e-01 6.705749034881591797e-02
4.774042367935180664e-01 3.369071483612060547e-01
3.075828552246093750e-01 3.026952743530273438e-01
-2.759667038917541504e-01 -6.070619821548461914e-02
3.641440272331237793e-01 4.364332556724548340e-01
3.262746334075927734e-01 -3.566829562187194824e-01
-4.833685159683227539e-01 -3.436048030853271484e-01
-4.189277291297912598e-01 -4.525533318519592285e-01
-3.353019356727600098e-01 3.378694653511047363e-01
-2.968841791152954102e-02 7.822531461715698242e-02
-2.917599678039550781e-02 1.220162510871887207e-01
3.042877316474914551e-01 -1.096993684768676758e-01
-4.770472645759582520e-01 -3.312308788299560547e-01
-8.300805091857910156e-02 -3.022856712341308594e-01
-4.091264009475708008e-01 1.075955033302307129e-01
-1.301887035369873047e-01 2.312310338020324707e-01
-3.678334355354309082e-01 -1.310689449310302734e-01
-2.152500152587890625e-01 3.995266556739807129e-01
3.931802511215209961e-02 -1.602045297622680664e-01
8.656144142150878906e-02 1.211726069450378418e-01
-3.307229280471801758e-01 -1.334954500198364258e-01
4.275331497192382812e-01 -9.278005361557006836e-02
-4.069032073020935059e-01 -4.851254820823669434e-01
-3.413534164428710938e-01 -3.760011792182922363e-01
-4.069008827209472656e-01 -2.134835720062255859e-01
-4.224356412887573242e-01 -1.173046231269836426e-01
4.047867059707641602e-01 -8.632212877273559570e-02
-8.023262023925781250e-02 -3.671646714210510254e-01
-2.949263453483581543e-01 4.142731428146362305e-01
-2.335654497146606445e-01 1.393193006515502930e-02
4.670853018760681152e-01 3.572023510932922363e-01
1.261638402938842773e-01 1.402398347854614258e-01
8.835756778717041016e-02 -4.561026096343994141e-01
4.926888942718505859e-01 -2.829741239547729492e-01
-2.246301174163818359e-01 1.610695123672485352e-01
3.754532337188720703e-01 -1.047347187995910645e-01
1.400116682052612305e-01 -1.485987305641174316e-01
-3.486541509628295898e-01 -1.052675247192382812e-01
4.795730710029602051e-01 4.178178310394287109e-02
-1.433275938034057617e-01 -6.896030902862548828e-02
-2.337427139282226562e-01 4.943379759788513184e-01
-1.001620888710021973e-01 4.559937119483947754e-01
-2.837319374084472656e-01 1.798980236053466797e-01
-3.974627852439880371e-01 -1.667002439498901367e-01
-2.991169691085815430e-01 1.003544330596923828e-01
4.531499743461608887e-01 -3.470050692558288574e-01
1.509820222854614258e-01 6.777763366699218750e-03
-2.356655597686767578e-01 4.975548386573791504e-01
3.723841905593872070e-01 4.279494881629943848e-01
-4.176157116889953613e-01 2.023426294326782227e-01
3.216328024864196777e-01 -1.790879964828491211e-01
-1.322273015975952148e-01 2.962248921394348145e-01
-3.617406487464904785e-01 4.831975698471069336e-01
2.211952805519104004e-01 3.117948174476623535e-01
-4.348028302192687988e-01 2.932038307189941406e-01
-4.358116984367370605e-01 3.586548566818237305e-01
8.000361919403076172e-02 -4.015129804611206055e-01
7.676470279693603516e-02 4.821503162384033203e-01
-3.723526597023010254e-01 2.637029290199279785e-01
-2.826926708221435547e-01 -3.081643581390380859e-02
-7.403707504272460938e-02 3.625413179397583008e-01
3.682299852371215820e-01 -2.608625888824462891e-01
-2.730623483657836914e-01 -4.513254761695861816e-01
-3.346523046493530273e-01 6.598997116088867188e-02
-3.540382981300354004e-01 -2.079082727432250977e-01
2.507570981979370117e-01 -1.447877287864685059e-01
3.613460659980773926e-01 -3.296589851379394531e-01
1.339641213417053223e-01 -9.282457828521728516e-02
-3.093866109848022461e-01 -2.367842793464660645e-01
2.189362049102783203e-01 8.778977394104003906e-02
-8.071446418762207031e-02 5.131274461746215820e-02
-2.918260097503662109e-01 -1.077606081962585449e-01
4.529185295104980469e-01 -1.443733572959899902e-01
3.579525947570800781e-01 -1.034843921661376953e-01
4.213983416557312012e-01 2.848629355430603027e-01
-4.617506265640258789e-02 4.930594563484191895e-01
-1.652681827545166016e-01 -3.124341964721679688e-01
-2.470487952232360840e-01 9.714782238006591797e-03
1.113852262496948242e-01 -6.143885850906372070e-02
1.379268169403076172e-01 2.313086986541748047e-01
2.867656946182250977e-01 -3.601627945899963379e-01
-4.123904109001159668e-01 -3.489951491355895996e-01
-1.021085977554321289e-01 1.661141514778137207e-01
1.440557241439819336e-01 8.644378185272216797e-02
2.942626476287841797e-01 4.420471787452697754e-01
-4.950883984565734863e-01 4.419965744018554688e-01
4.075457453727722168e-01 2.786625623703002930e-01
4.096013307571411133e-01 -9.150892496109008789e-02
3.960772752761840820e-01 -1.314094066619873047e-01
-4.203975796699523926e-01 -4.683941006660461426e-01
3.794009089469909668e-01 -4.609560966491699219e-02
1.708370447158813477e-01 -4.617699980735778809e-01
-1.488846540451049805e-01 8.909046649932861328e-03
4.528086781501770020e-01 -1.795907020568847656e-01
1.924751996994018555e-01 1.229317784309387207e-01
6.448090076446533203e-02 -1.874914169311523438e-01
4.144460558891296387e-01 1.734183430671691895e-01
8.601927757263183594e-02 3.125315308570861816e-01
-1.897433400154113770e-01 -3.143380284309387207e-01
-1.984850168228149414e-01 -4.909156560897827148e-01
4.470735788345336914e-01 -4.412051439285278320e-01
-1.130909919738769531e-01 -4.746502041816711426e-01
3.288034200668334961e-01 2.744788527488708496e-01
-1.640120148658752441e-01 8.415091037750244141e-02
1.437808275222778320e-01 -4.383338093757629395e-01
-3.385372161865234375e-01 -4.246108531951904297e-01
6.177109479904174805e-02 -3.429859280586242676e-01
-6.591618061065673828e-03 -3.916670680046081543e-01
2.375286817550659180e-01 -4.151845574378967285e-01
-3.806653022766113281e-01 -1.862696409225463867e-01
1.304543614387512207e-01 -1.571421623229980469e-01
1.978954672813415527e-01 7.784318923950195312e-02
-7.675731182098388672e-02 -2.517443895339965820e-01
-2.830995321273803711e-01 1.304328441619873047e-01
8.397376537322998047e-02 1.615512371063232422e-02
-4.151275157928466797e-01 8.916026353836059570e-02
-3.335261344909667969e-01 2.764055132865905762e-01
-2.045649290084838867e-02 3.010278940200805664e-01
-4.289630651473999023e-01 4.647783041000366211e-01
-3.947350978851318359e-01 -3.954529762268066406e-02
2.242737412452697754e-01 -4.706341028213500977e-01
2.110633850097656250e-01 4.615525603294372559e-01
-2.528896927833557129e-01 -4.101550579071044922e-01
2.194577455520629883e-02 -2.982239127159118652e-01
-2.796146273612976074e-01 1.552408933639526367e-01
-9.015178680419921875e-02 4.732850790023803711e-01
-4.405585527420043945e-01 -3.380483388900756836e-01
-1.513332128524780273e-01 -2.796217799186706543e-01
-1.362343430519104004e-01 1.786486506462097168e-01
3.378808498382568359e-03 -1.587719321250915527e-01
2.156782746315002441e-01 2.858028411865234375e-01
-5.990236997604370117e-02 1.864379644393920898e-01
3.375023603439331055e-01 -4.401966333389282227e-01
8.737832307815551758e-02 3.745544552803039551e-01
1.826124191284179688e-01 3.546985983848571777e-01
2.680370807647705078e-01 3.783881068229675293e-01
-3.402958512306213379e-01 -2.806870937347412109e-01
3.888242840766906738e-01 4.132634401321411133e-02
7.381284236907958984e-02 -1.657770872116088867e-01
-2.108427286148071289e-01 -3.264557123184204102e-01
-1.188979148864746094e-01 -4.104703068733215332e-01
-4.084603786468505859e-01 8.065432310104370117e-02
4.691331982612609863e-01 3.723502755165100098e-01
2.030292153358459473e-01 9.943312406539916992e-02
3.529360890388488770e-01 1.724147796630859375e-01
1.293642520904541016e-01 1.429605484008789062e-02
-3.456645011901855469e-01 4.071460962295532227e-01
4.036564230918884277e-01 -2.351548671722412109e-01
-1.818636655807495117e-01 4.567790031433105469e-01
3.243642449378967285e-01 -2.913875579833984375e-01
-4.243759512901306152e-01 -4.712812900543212891e-01
-4.231703877449035645e-01 9.748655557632446289e-02
4.359498023986816406e-01 -4.095500707626342773e-02
1.575930714607238770e-01 -4.406263232231140137e-01
-3.370440006256103516e-01 4.180615544319152832e-01
-4.983655810356140137e-01 -2.023893594741821289e-02
1.783311367034912109e-01 3.659754991531372070e-01
4.231186509132385254e-01 3.351933360099792480e-01
4.557782411575317383e-02 -4.814895391464233398e-01
-4.139220714569091797e-01 3.546038866043090820e-01
-4.964801073074340820e-01 1.899614930152893066e-01
-3.968893289566040039e-01 2.803357243537902832e-01
2.976949214935302734e-01 1.155716776847839355e-01
-1.719539761543273926e-01 2.567088603973388672e-02
-3.034725785255432129e-01 -2.493143081665039062e-01
4.596505165100097656e-01 2.871509194374084473e-01
-3.569039106369018555e-01 3.298156261444091797e-01
-2.275392413139343262e-01 4.696708917617797852e-01
4.429187178611755371e-01 -3.848507404327392578e-01
-4.556528925895690918e-01 -4.936231374740600586e-01
-1.683756709098815918e-01 -3.355132341384887695e-01
-2.740498781204223633e-01 -4.129445552825927734e-02
4.094457626342773438e-01 2.222036123275756836e-01
-1.197096109390258789e-01 3.723945617675781250e-01
2.161325812339782715e-01 -1.733178496360778809e-01
-4.796999096870422363e-01 4.043558239936828613e-01
-4.329843521118164062e-01 2.953091263771057129e-01
-3.680320382118225098e-01 2.178044319152832031e-01
1.970431208610534668e-01 -9.401279687881469727e-02
1.573734283447265625e-01 -4.687215089797973633e-01
-4.745224118232727051e-01 -3.907060623168945312e-02
-4.888993501663208008e-01 3.168755769729614258e-01
4.835534691810607910e-01 3.229488134384155273e-01
-3.219931721687316895e-01 -4.916263222694396973e-01
-3.556137681007385254e-01 -2.077701687812805176e-01
8.109778165817260742e-02 -2.207044363021850586e-01
8.725965023040771484e-02 -2.938055992126464844e-01
-4.131217002868652344e-01 -9.063655138015747070e-02
3.306334614753723145e-01 -1.141173839569091797e-01
1.857458353042602539e-01 -4.509723186492919922e-01
3.274729847908020020e-01 2.818100452423095703e-01
-2.892941236495971680e-02 -3.740988373756408691e-01
-3.153994679450988770e-01 -8.235156536102294922e-02
1.479304432868957520e-01 3.220180273056030273e-01
2.632075548171997070e-01 1.554648876190185547e-01
-2.459504604339599609e-01 -4.262161254882812500e-02
2.364970445632934570e-01 -4.116494655609130859e-01
4.551500082015991211e-01 -4.787546396255493164e-01
3.961125016212463379e-01 -3.673878908157348633e-01
-3.516938686370849609e-01 7.948541641235351562e-02
-3.235303759574890137e-01 1.474740505218505859e-01
-2.270983457565307617e-01 -4.910905361175537109e-01
-4.311504960060119629e-01 2.400912642478942871e-01
-2.457470297813415527e-01 -4.393085241317749023e-01
-2.309002280235290527e-01 -1.866373419761657715e-01
1.176075935363769531e-01 -4.623569250106811523e-01
-7.930940389633178711e-02 1.136031150817871094e-01
1.439103484153747559e-01 2.704945802688598633e-01
-8.369803428649902344e-02 -3.165508508682250977e-01
4.128262400627136230e-01 2.647902965545654297e-01
-3.809592127799987793e-01 -2.047865390777587891e-01
4.721602797508239746e-01 2.055847644805908203e-02
-3.321106433868408203e-01 -3.291177749633789062e-01
4.196427464485168457e-01 -2.149212360382080078e-01
4.424513578414916992e-01 4.310148954391479492e-02
-4.750060439109802246e-01 -4.224154949188232422e-01
4.218263626098632812e-01 -4.105243682861328125e-01
-1.834543943405151367e-01 2.482237219810485840e-01
-1.809557676315307617e-01 6.354188919067382812e-02
1.482706069946289062e-01 -4.162188768386840820e-01
1.460118293762207031e-01 1.197357773780822754e-01
-6.947636604309082031e-02 1.306096315383911133e-01
2.788217663764953613e-01 3.776288628578186035e-01
-1.387847065925598145e-01 -2.944630384445190430e-01
1.075254678726196289e-01 -4.349212646484375000e-01
-4.904260635375976562e-01 -1.919865608215332031e-01
1.325321197509765625e-02 3.863870501518249512e-01
-2.391077280044555664e-01 -2.644276022911071777e-01
-4.309147000312805176e-01 -2.371793985366821289e-01
1.715307831764221191e-01 -3.844431042671203613e-01
-3.349086642265319824e-01 -1.390578746795654297e-01
-3.036441802978515625e-01 -9.185075759887695312e-05
-1.944584250450134277e-01 -4.321987628936767578e-01
2.538649439811706543e-01 -4.469184875488281250e-01
2.495663166046142578e-01 -2.259505987167358398e-01
2.943506240844726562e-01 -9.431433677673339844e-02
-2.459205985069274902e-01 1.296771764755249023e-01
-2.210319042205810547e-03 4.791000485420227051e-01
-2.697086334228515625e-01 3.253999352455139160e-01
3.811144828796386719e-01 2.742034196853637695e-01
4.065461158752441406e-01 -4.537531137466430664e-01
-9.043103456497192383e-02 6.317055225372314453e-02
8.232945203781127930e-02 4.555521607398986816e-01
1.189643144607543945e-02 4.493349194526672363e-01
3.970656991004943848e-01 1.987904906272888184e-01
4.055638909339904785e-01 2.592582106590270996e-01
3.254788517951965332e-01 -1.178607940673828125e-01
-1.108602285385131836e-01 -1.604676246643066406e-03
1.995104551315307617e-01 8.133953809738159180e-02
3.549940586090087891e-01 4.781617522239685059e-01
4.687541127204895020e-01 -2.426155209541320801e-01
2.346330881118774414e-02 1.210268139839172363e-01
-3.270973563194274902e-01 -1.922749876976013184e-01
-2.751432657241821289e-01 -4.377341270446777344e-02
-5.900275707244873047e-02 3.256517648696899414e-01
-4.874862432479858398e-01 4.563923478126525879e-01
1.577640771865844727e-01 -2.812464237213134766e-01
2.361493706703186035e-01 -9.259235858917236328e-02
-1.399970054626464844e-02 -3.045847415924072266e-01
3.258098959922790527e-01 4.417902231216430664e-02
-4.826468229293823242e-01 -3.693539500236511230e-01
4.222360253334045410e-01 1.086031198501586914e-01
2.144598960876464844e-02 -2.094775438308715820e-02
2.132970690727233887e-01 -1.648565530776977539e-01
-3.440625667572021484e-01 4.417362213134765625e-01
-1.399034857749938965e-01 3.819947242736816406e-01
1.531931757926940918e-01 4.172425866127014160e-01
1.542662978172302246e-01 3.227929472923278809e-01
-4.800488352775573730e-01 -3.393913507461547852e-01
-1.606900095939636230e-01 -1.973767280578613281e-01
-3.431483507156372070e-01 -4.117329716682434082e-01
1.459085345268249512e-01 4.798117280006408691e-01
-3.782718777656555176e-01 -8.647537231445312500e-02
1.285046935081481934e-01 -4.754206538200378418e-01
2.011585235595703125e-01 -2.361472845077514648e-01
-6.201505661010742188e-03 -3.120774030685424805e-02
-8.322864770889282227e-02 -2.482820153236389160e-01
3.777064085006713867e-01 -2.732318639755249023e-01
-5.023825168609619141e-02 2.045221924781799316e-01
-2.693790793418884277e-01 3.759354948997497559e-01
-3.862977027893066406e-04 8.221209049224853516e-03
-2.445420026779174805e-01 3.173202276229858398e-02
-3.934062123298645020e-01 -2.273873090744018555e-01
1.060749292373657227e-01 5.535262823104858398e-02
-3.704271912574768066e-01 -3.814800381660461426e-01
-9.085571765899658203e-02 2.560275197029113770e-01
6.953251361846923828e-02 5.800479650497436523e-02
-3.125624060630798340e-01 -6.544411182403564453e-02
-1.675907969474792480e-01 -3.088148832321166992e-01
-4.644327163696289062e-01 5.554723739624023438e-02
-1.197630167007446289e-02 -2.478129267692565918e-01
-2.559739351272583008e-02 -3.684465289115905762e-01
-3.662788867950439453e-02 -1.231300830841064453e-02
-3.546817302703857422e-01 3.701471090316772461e-01
1.970781683921813965e-01 1.891579627990722656e-01
7.563358545303344727e-02 -6.841570138931274414e-02
2.721655964851379395e-01 -4.528475999832153320e-01
-9.073019027709960938e-04 -2.852766513824462891e-01
-4.316014051437377930e-02 4.383432269096374512e-01
-3.146058320999145508e-01 5.959427356719970703e-02
4.234103560447692871e-01 1.398487687110900879e-01
-7.942247390747070312e-02 3.331659436225891113e-01
-4.997821450233459473e-01 3.448319435119628906e-01
-4.328887462615966797e-01 -4.913052320480346680e-01
-8.129334449768066406e-02 -6.684976816177368164e-02
3.060922622680664062e-01 -3.315987586975097656e-01
1.183689236640930176e-01 -8.196163177490234375e-02
-2.677516937255859375e-01 2.919863462448120117e-01
-2.887701988220214844e-01 8.595764636993408203e-02
-3.068437576293945312e-01 -3.888916373252868652e-01
-3.336266875267028809e-01 6.296491622924804688e-02
-2.971543073654174805e-01 2.235424518585205078e-02
7.331138849258422852e-02 -3.762699365615844727e-01
1.111240386962890625e-01 -1.439660787582397461e-02
-2.778409719467163086e-01 -3.497746586799621582e-01
3.795971870422363281e-01 4.017763733863830566e-01
3.809702396392822266e-01 1.044836044311523438e-01
-2.667618393898010254e-01 -2.992749214172363281e-03
7.586389780044555664e-02 2.664135098457336426e-01
-3.900291323661804199e-01 -3.723414540290832520e-01
1.465126872062683105e-01 -4.519576430320739746e-01
-6.959211826324462891e-02 -1.502545475959777832e-01
-1.077794432640075684e-01 2.593714594841003418e-01
1.597397327423095703e-01 4.890300631523132324e-01
1.616345643997192383e-01 6.892305612564086914e-02
-1.162018179893493652e-01 3.269742727279663086e-01
-5.828678607940673828e-02 -3.909060955047607422e-01
4.221391677856445312e-02 4.054301977157592773e-02
2.203463315963745117e-01 2.641226649284362793e-01
3.787862658500671387e-01 4.612449407577514648e-01
-2.038657665252685547e-01 1.266946792602539062e-01
4.845346212387084961e-01 3.424977660179138184e-01
-2.550557851791381836e-01 -3.228898048400878906e-01
4.759935140609741211e-01 -1.748300194740295410e-01
2.102066874504089355e-01 -3.940857052803039551e-01
3.528441786766052246e-01 4.424906373023986816e-01
-4.759304523468017578e-01 2.699284553527832031e-01
2.092195153236389160e-01 9.224128723144531250e-02
1.179148554801940918e-01 -8.672773838043212891e-03
4.476982951164245605e-01 -1.443009376525878906e-01
-4.882701635360717773e-01 -2.663471102714538574e-01
3.456386923789978027e-01 -2.247067093849182129e-01
2.520024776458740234e-02 -1.101002693176269531e-01
-3.497244119644165039e-01 4.349777102470397949e-01
-2.333397269248962402e-01 2.924101948738098145e-01
2.540367245674133301e-01 1.366946101188659668e-01
4.474238753318786621e-01 -9.032428264617919922e-02
-4.151857495307922363e-01 -4.495263099670410156e-01
3.114495873451232910e-01 -3.080358505249023438e-01
3.555335998535156250e-01 2.259952425956726074e-01
4.744201302528381348e-01 -4.476072788238525391e-01
-4.289042949676513672e-01 1.095684766769409180e-01
3.426777124404907227e-01 -4.475675821304321289e-01
3.900106549263000488e-01 1.450417041778564453e-01
1.238795518875122070e-01 1.971943974494934082e-01
1.312539577484130859e-01 1.378266811370849609e-01
4.469746351242065430e-01 2.946930527687072754e-01
-1.700453162193298340e-01 4.074158072471618652e-01
-4.650026559829711914e-02 -2.020810246467590332e-01
-1.669636368751525879e-01 -4.219716787338256836e-02
-2.384236454963684082e-01 4.464958310127258301e-01
-3.058646917343139648e-01 1.205777525901794434e-01
5.753517150878906250e-03 -4.980184435844421387e-01
3.023505210876464844e-01 3.309836387634277344e-01
-3.646473288536071777e-01 -2.090334892272949219e-01
2.580983638763427734e-01 1.190952658653259277e-01
3.846042752265930176e-01 3.925943970680236816e-01
4.500912427902221680e-01 2.097551822662353516e-01
-8.126246929168701172e-02 1.753046512603759766e-01
-5.935311317443847656e-03 -4.516087174415588379e-01
1.830364465713500977e-01 2.342089414596557617e-01
1.926345229148864746e-01 -2.777575254440307617e-01
4.152899980545043945e-01 -1.938205957412719727e-02
1.419544219970703125e-02 2.287650108337402344e-01
2.899138927459716797e-01 1.320266723632812500e-02
7.696235179901123047e-02 6.115788221359252930e-02
-2.219134569168090820e-01 1.930134296417236328e-01
1.607592105865478516e-01 -4.680588245391845703e-01
-2.261239290237426758e-01 3.849771618843078613e-01
3.340780735015869141e-01 -2.514694333076477051e-01
-3.727896809577941895e-01 -6.577491760253906250e-03
1.210089921951293945e-01 4.467408657073974609e-01
-2.766882181167602539e-01 2.559360861778259277e-01
3.131292462348937988e-01 -1.545554995536804199e-01
-4.827080368995666504e-01 2.846670150756835938e-01
1.172243356704711914e-01 4.667935967445373535e-01
4.409774541854858398e-01 4.594284296035766602e-02
3.820962309837341309e-01 -2.530990242958068848e-01
-1.978098750114440918e-01 1.197968721389770508e-01
3.376697301864624023e-01 4.559655785560607910e-01
-3.044418692588806152e-01 -2.920239567756652832e-01
-4.119395017623901367e-01 -2.864090204238891602e-01
-1.519749760627746582e-01 -1.323156356811523438e-01
4.261537194252014160e-01 4.291945099830627441e-01
3.754073381423950195e-01 7.949489355087280273e-02
-3.707515597343444824e-01 3.418688178062438965e-01
3.473140597343444824e-01 -3.771712779998779297e-01
3.026800751686096191e-01 1.929894089698791504e-01
4.210452437400817871e-01 4.210274219512939453e-01
-3.671448826789855957e-01 -1.027643680572509766e-01
1.194164156913757324e-01 3.838867545127868652e-01
4.611723423004150391e-01 -7.090735435485839844e-02
6.136995553970336914e-02 -2.195788025856018066e-01
3.660293221473693848e-01 -1.984045505523681641e-01
-1.229345798492431641e-01 -3.778418898582458496e-01
-9.565228223800659180e-02 3.861118555068969727e-01
4.039351344108581543e-01 -8.597868680953979492e-02
-9.681195020675659180e-02 9.825050830841064453e-03
-4.019783735275268555e-01 3.032714128494262695e-02
-4.207316637039184570e-01 4.302978515625000000e-03
-1.224641799926757812e-01 1.573427319526672363e-01
1.596696376800537109e-01 8.196014165878295898e-02
3.958567380905151367e-01 -1.470603942871093750e-01
4.457747340202331543e-01 -5.961263179779052734e-02
2.318029999732971191e-01 1.818749904632568359e-01
4.418048262596130371e-01 4.436726570129394531e-01
-1.849251389503479004e-01 1.881682276725769043e-01
1.997015476226806641e-01 -2.303721308708190918e-01
-2.347320318222045898e-02 2.795142531394958496e-01
3.727038502693176270e-01 4.672037959098815918e-01
2.593549489974975586e-01 3.036361336708068848e-01
-4.267757534980773926e-01 3.502939343452453613e-01
-3.220379948616027832e-01 -2.552287578582763672e-01
3.195124864578247070e-01 3.546452522277832031e-01
9.756356477737426758e-02 -4.070214033126831055e-01
-2.188700437545776367e-01 -3.281519412994384766e-01
-4.497900605201721191e-01 -1.950412392616271973e-01
3.498501777648925781e-01 -1.863434314727783203e-01
-7.815796136856079102e-02 -2.913586497306823730e-01
-3.175255656242370605e-01 -2.233082056045532227e-01
-1.387677192687988281e-01 3.372674584388732910e-01
4.100310206413269043e-01 -2.507253885269165039e-01
2.238999605178833008e-01 -2.210097312927246094e-01
2.772048711776733398e-01 -3.097706437110900879e-01
-3.640074133872985840e-01 4.829019308090209961e-01
-4.140911102294921875e-01 1.638420224189758301e-01
2.971836328506469727e-01 -2.803714871406555176e-01
-4.802026152610778809e-01 -2.442592382431030273e-01
-2.078223824501037598e-01 3.902465105056762695e-01
1.656662225723266602e-01 -2.156816720962524414e-01
-4.288765788078308105e-01 4.915747046470642090e-01
4.647623300552368164e-01 -2.168060541152954102e-01
-1.704043745994567871e-01 3.162171244621276855e-01
1.003906726837158203e-01 2.624781131744384766e-01
-4.121363162994384766e-02 -1.900051236152648926e-01
-2.633961439132690430e-01 1.899979710578918457e-01
-1.096020340919494629e-01 2.254475355148315430e-01
3.575016856193542480e-01 -3.833013772964477539e-01
3.703494668006896973e-01 -1.592502593994140625e-01
3.477084636688232422e-01 7.272666692733764648e-02
2.474793195724487305e-01 -2.006096243858337402e-01
1.396558284759521484e-01 -4.964053630828857422e-01
2.622403502464294434e-01 4.972329735755920410e-01
-8.709400892257690430e-02 -2.307095527648925781e-01
2.924565076828002930e-01 -4.022878408432006836e-02
-2.298554182052612305e-01 1.747108101844787598e-01
2.602618932723999023e-01 4.760078191757202148e-01
-2.454556822776794434e-01 2.303671240806579590e-01
2.444253563880920410e-01 1.510852575302124023e-01
2.940607070922851562e-01 -3.565409183502197266e-01
-3.288097977638244629e-01 3.792856335639953613e-01
-2.035229206085205078e-01 9.966570138931274414e-02
-2.554482817649841309e-01 -2.201986312866210938e-02
-6.245315074920654297e-03 2.537617087364196777e-01
2.903200984001159668e-01 3.308928012847900391e-02
-2.045822143554687500e-01 -9.879583120346069336e-02
-1.738246083259582520e-01 2.355822920799255371e-01
3.545202612876892090e-01 -2.944386005401611328e-02
-4.463593363761901855e-01 -2.725097537040710449e-01
4.398551583290100098e-01 4.597103595733642578e-01
-4.657727479934692383e-01 -1.490446925163269043e-01
-7.477045059204101562e-02 2.664359211921691895e-01
-2.928224802017211914e-01 3.677077889442443848e-01
3.692933917045593262e-01 -1.394942998886108398e-01
-4.567998647689819336e-01 3.981513977050781250e-01
-1.648814082145690918e-01 -4.491027593612670898e-01
4.795743823051452637e-01 5.662798881530761719e-02
6.261825561523437500e-02 4.805800318717956543e-01
-4.266935586929321289e-01 -4.513346552848815918e-01
-2.455075383186340332e-01 2.759409546852111816e-01
-5.734544992446899414e-02 3.024729490280151367e-01
-3.830368518829345703e-01 3.171800971031188965e-01
-2.796001434326171875e-01 3.796357512474060059e-01
3.638358712196350098e-01 -2.025683522224426270e-01
3.269931674003601074e-01 -1.232315301895141602e-01
-1.087842583656311035e-01 8.240413665771484375e-02
-1.595749855041503906e-01 -4.064762592315673828e-01
4.533362388610839844e-02 2.680247426033020020e-01
4.487026929855346680e-01 -4.972226023674011230e-01
1.477350592613220215e-01 -4.239982366561889648e-01
4.632939100265502930e-01 -4.143493771553039551e-01
2.728056311607360840e-01 9.611660242080688477e-02
4.631872177124023438e-01 -1.887701749801635742e-01
-1.311883926391601562e-01 -2.289493083953857422e-01
-3.654124140739440918e-01 4.859430193901062012e-01
-4.885008931159973145e-01 4.898517727851867676e-01
8.876663446426391602e-02 1.766133308410644531e-01
-3.947852849960327148e-01 1.051817536354064941e-01
-6.632775068283081055e-02 -2.226768136024475098e-01
-3.212811946868896484e-01 3.368558287620544434e-01
2.018928527832031250e-03 2.471584081649780273e-01
-3.346967697143554688e-01 1.347973942756652832e-01
-4.950789213180541992e-01 -4.044407606124877930e-02
3.222510814666748047e-01 -9.338051080703735352e-02
-3.650421500205993652e-01 -6.259584426879882812e-02
-1.356935501098632812e-02 -2.100192904472351074e-01
-2.359433174133300781e-01 4.476328492164611816e-01
3.616546988487243652e-01 2.363771796226501465e-01
-3.445802927017211914e-01 5.823731422424316406e-03
1.630594730377197266e-01 -2.164709568023681641e-01
5.736428499221801758e-02 8.461534976959228516e-02
-3.988569378852844238e-01 -4.945074915885925293e-01
3.687618970870971680e-01 -4.889836311340332031e-01
2.567803859710693359e-02 -3.002532124519348145e-01
1.181254386901855469e-01 -4.726709723472595215e-01
3.536282777786254883e-01 3.167762160301208496e-01
-3.901227116584777832e-01 1.388439536094665527e-01
-1.582257747650146484e-01 3.386555910110473633e-01
-7.522898912429809570e-02 4.158335328102111816e-01
4.797537326812744141e-01 1.692806482315063477e-01
4.755626320838928223e-01 4.142701625823974609e-02
3.362241983413696289e-01 -2.331854104995727539e-01
-6.133323907852172852e-02 2.845228910446166992e-01
2.723829150199890137e-01 -3.104445934295654297e-01
-4.624239206314086914e-01 -2.146366238594055176e-01
2.228646874427795410e-01 1.368431448936462402e-01
1.091673970222473145e-01 4.923509955406188965e-01
-3.860509395599365234e-02 -1.540340185165405273e-01
1.796377897262573242e-01 -8.138620853424072266e-02
1.749979853630065918e-01 3.033619523048400879e-01
2.309654951095581055e-01 -2.902287840843200684e-01
-1.072234511375427246e-01 -2.384804487228393555e-01
-1.755636930465698242e-02 -2.245101332664489746e-01
3.777115941047668457e-01 -1.639831662178039551e-01
3.646526932716369629e-01 3.791337609291076660e-01
4.499176144599914551e-01 -1.960671544075012207e-01
2.757344841957092285e-01 4.454332590103149414e-02
2.465957403182983398e-01 -1.493021845817565918e-01
3.721862435340881348e-01 -9.965902566909790039e-02
-5.406874418258666992e-02 3.148465752601623535e-01
6.693512201309204102e-02 -6.982958316802978516e-02
1.202474236488342285e-01 -4.634090662002563477e-01
3.148248791694641113e-01 -4.096258282661437988e-01
2.416155934333801270e-01 -2.105506658554077148e-01
-4.169399738311767578e-01 -3.831105232238769531e-01
2.941828966140747070e-01 -3.082283139228820801e-01
-7.183289527893066406e-02 -2.010995149612426758e-02
-2.620564699172973633e-01 -7.129049301147460938e-02
4.230955243110656738e-01 2.668142318725585938e-03
-2.340503931045532227e-01 -2.507627606391906738e-01
3.050155043601989746e-01 -4.821866750717163086e-01
-8.179008960723876953e-03 1.935113668441772461e-01
5.351155996322631836e-02 -4.020892381668090820e-01
1.820535063743591309e-01 -4.780045747756958008e-01
4.062056541442871094e-04 4.788093566894531250e-01
4.578504562377929688e-01 4.302751421928405762e-01
-4.016042351722717285e-01 -2.443922162055969238e-01
-2.916413545608520508e-02 -9.728020429611206055e-02
1.693633794784545898e-01 -1.706172227859497070e-01
-4.823721051216125488e-01 1.948015093803405762e-01
4.977965354919433594e-02 2.596593499183654785e-01
-1.440958380699157715e-01 3.126196265220642090e-01
2.621052265167236328e-01 5.409324169158935547e-02
2.542718648910522461e-01 4.395681619644165039e-01
1.274228692054748535e-01 2.163413763046264648e-01
-3.371217846870422363e-01 -2.602438926696777344e-01
1.321460008621215820e-01 2.245778441429138184e-01
-4.501142501831054688e-01 -2.375030517578125000e-01
1.244137883186340332e-01 3.072226047515869141e-02
-3.106484413146972656e-01 3.971503376960754395e-01
-3.703223466873168945e-01 1.534953117370605469e-01
-2.862288951873779297e-01 1.502351760864257812e-01
2.828556299209594727e-01 3.881945013999938965e-01
-3.616561293601989746e-01 -1.842710375785827637e-01
-1.347049474716186523e-01 -3.647051453590393066e-01
2.092488408088684082e-01 4.531328082084655762e-01
-3.959132432937622070e-01 1.442493796348571777e-01
1.081258654594421387e-01 7.607519626617431641e-02
3.387014865875244141e-01 2.132722139358520508e-01
-4.117347598075866699e-01 -2.772893309593200684e-01
4.398591518402099609e-01 -4.194164872169494629e-01
-2.428847551345825195e-01 3.002511858940124512e-01
4.576212167739868164e-01 -1.087768077850341797e-01
2.269847989082336426e-01 2.613433599472045898e-01
-1.101134419441223145e-01 -4.093106985092163086e-01
2.867817878723144531e-02 3.224058747291564941e-01
-3.306328058242797852e-01 -3.399941921234130859e-01
2.676087617874145508e-02 -1.485726833343505859e-01
7.299643754959106445e-02 1.031051278114318848e-01
-4.864668846130371094e-02 -2.421930432319641113e-01
-4.295827150344848633e-01 3.295594453811645508e-01
3.691926002502441406e-01 -1.353540420532226562e-01
-2.215368151664733887e-01 -2.248239517211914062e-01
-1.965920925140380859e-01 -2.028748989105224609e-01
4.067420959472656250e-03 -2.053040266036987305e-02
2.309688329696655273e-01 -1.686622500419616699e-01
1.776146888732910156e-02 -7.114893198013305664e-02
1.930745244026184082e-01 2.389836907386779785e-01
2.523396611213684082e-01 3.562273979187011719e-01
1.109781265258789062e-01 -3.185162544250488281e-01
4.841989874839782715e-01 6.443995237350463867e-02
2.016085386276245117e-01 -4.959515333175659180e-01
2.012268304824829102e-01 2.357627749443054199e-01
4.210818409919738770e-01 -3.583693504333496094e-01
4.517664313316345215e-01 4.258533120155334473e-01
-4.744796156883239746e-01 8.717137575149536133e-02
-4.841921329498291016e-01 -4.485629796981811523e-01
-1.982786059379577637e-01 2.184139490127563477e-01
2.626776695251464844e-04 -7.005417346954345703e-02
2.951097488403320312e-01 -1.762015819549560547e-01
8.809214830398559570e-02 2.116179466247558594e-02
1.350383162498474121e-01 -1.862408518791198730e-01
-2.951426506042480469e-01 3.143420815467834473e-01
1.006266474723815918e-01 -1.765704751014709473e-01
-4.753803610801696777e-01 5.043834447860717773e-02
-2.910791635513305664e-01 9.364318847656250000e-02
3.020883798599243164e-01 2.729735374450683594e-01
3.929443955421447754e-01 -3.017100691795349121e-01
-2.630217671394348145e-01 1.796059012413024902e-01
-4.200271368026733398e-01 4.879388213157653809e-01
2.651679515838623047e-02 3.702904582023620605e-01
1.535477042198181152e-01 4.328904747962951660e-01
-1.269542574882507324e-01 3.236268758773803711e-01
2.794377207756042480e-01 4.478439092636108398e-01
1.385408639907836914e-01 1.052401661872863770e-01
1.955596804618835449e-01 -1.948646903038024902e-01
-4.037963151931762695e-01 -2.997559905052185059e-01
-1.725052595138549805e-01 4.210520386695861816e-01
-1.617156267166137695e-01 -3.557063937187194824e-01
2.981472611427307129e-01 1.468037366867065430e-01
-2.439863085746765137e-01 -4.244803786277770996e-01
3.584382534027099609e-01 3.297760486602783203e-01
3.260594606399536133e-02 2.397417426109313965e-01
4.717124700546264648e-01 3.170342445373535156e-01
2.087646722793579102e-02 -4.273546338081359863e-01
-4.466174840927124023e-01 -6.286036968231201172e-02
2.064567804336547852e-01 2.399807572364807129e-01
-6.162655353546142578e-02 1.641051173210144043e-01
1.411258578300476074e-01 1.426185369491577148e-01
-1.792421936988830566e-01 2.616208791732788086e-02
1.990817189216613770e-01 -8.382648229598999023e-02
-2.855141758918762207e-01 -3.612550497055053711e-01
-7.030665874481201172e-02 2.674928307533264160e-01
4.739129543304443359e-02 3.200292587280273438e-03
2.820598483085632324e-01 4.848664999008178711e-01
-1.986020803451538086e-02 -6.162232160568237305e-02
-1.698672771453857422e-03 4.983389973640441895e-01
-2.457232475280761719e-01 1.526483297348022461e-01
1.549326181411743164e-01 3.092846274375915527e-01
2.979944348335266113e-01 -1.164489388465881348e-01
1.199609637260437012e-01 3.509525656700134277e-01
4.320671558380126953e-01 -1.602622866630554199e-01
-4.849609136581420898e-01 1.383228302001953125e-01
-3.854836225509643555e-01 4.375592470169067383e-01
3.193516135215759277e-01 1.889669895172119141e-01
4.482840895652770996e-01 -2.893512248992919922e-01
4.320558309555053711e-01 -1.830545067787170410e-01
2.117702364921569824e-01 8.557802438735961914e-02
3.243929743766784668e-01 4.099507331848144531e-01
-4.826603531837463379e-01 3.313205838203430176e-01
2.614189386367797852e-01 1.152142882347106934e-01
1.140648126602172852e-02 2.258349657058715820e-01
-4.071188569068908691e-01 1.101541519165039062e-02
1.199557781219482422e-01 4.906054735183715820e-01
-2.570720911026000977e-01 -2.307153940200805664e-01
3.879218697547912598e-01 -3.342676162719726562e-02
-9.462606906890869141e-02 -3.158174157142639160e-01
-1.443301439285278320e-01 2.910560369491577148e-02
-1.854419112205505371e-01 -2.795587182044982910e-01
-1.218667030334472656e-01 2.518448233604431152e-01
1.267045140266418457e-01 -4.124518632888793945e-01
1.508607864379882812e-01 3.952663540840148926e-01
3.371451497077941895e-01 -2.857346534729003906e-01
-3.155174851417541504e-01 4.949041008949279785e-01
-2.722603678703308105e-01 -1.756783127784729004e-01
6.304615736007690430e-02 -4.382855296134948730e-01
2.604055404663085938e-02 -1.981368064880371094e-01
-2.388682961463928223e-01 3.879809975624084473e-01
-3.263646364212036133e-01 -3.781830668449401855e-01
3.067956566810607910e-01 -4.306275248527526855e-01
3.104329109191894531e-01 1.713181734085083008e-01
-2.762882113456726074e-01 -2.515531182289123535e-01
-1.836633682250976562e-02 1.453328728675842285e-01
-1.571227908134460449e-01 2.755898833274841309e-01
4.430891871452331543e-01 3.351880311965942383e-01
4.237085580825805664e-01 -9.900701045989990234e-02
2.252115607261657715e-01 2.698355913162231445e-02
-5.160188674926757812e-02 -2.973173856735229492e-01
-4.811656475067138672e-02 -2.188879251480102539e-01
-1.372528076171875000e-01 3.513184189796447754e-01
-2.672895789146423340e-01 -4.646664261817932129e-01
-2.904621958732604980e-01 3.951178789138793945e-01
3.987043499946594238e-01 -1.379313468933105469e-01
-1.959694623947143555e-01 4.904277324676513672e-01
1.352834701538085938e-02 2.447983026504516602e-01
-4.625701308250427246e-01 -8.407557010650634766e-02
-3.772065639495849609e-01 -2.056932449340820312e-02
-4.665609598159790039e-01 -1.259343624114990234e-01
-1.301679611206054688e-01 -3.343011140823364258e-01
3.156532645225524902e-01 -6.564849615097045898e-02
-3.556650280952453613e-01 4.960006475448608398e-02
-1.453179121017456055e-02 -2.302638292312622070e-01
-4.663929343223571777e-01 4.159663319587707520e-01
-1.443266868591308594e-03 1.509563326835632324e-01
4.607704877853393555e-01 -2.880625128746032715e-01
4.028877019882202148e-01 -1.240357756614685059e-01
-4.076589941978454590e-01 -6.356275081634521484e-02
-2.025899887084960938e-01 -2.511954307556152344e-02
-1.324722766876220703e-01 -3.116330504417419434e-01
3.919641971588134766e-01 4.457436203956604004e-01
-2.777014970779418945e-01 2.781212925910949707e-01
2.708651423454284668e-01 -1.484547853469848633e-01
-3.017151355743408203e-01 -2.540298104286193848e-01
2.853587269783020020e-01 4.583137035369873047e-01
-4.455422759056091309e-01 7.309752702713012695e-02
-4.506050348281860352e-01 3.461923003196716309e-01
4.513437151908874512e-01 -3.244338631629943848e-01
1.413863301277160645e-01 3.689587116241455078e-01
4.860607981681823730e-01 -1.778305768966674805e-01
3.606120944023132324e-01 5.100011825561523438e-03
2.176055312156677246e-01 4.533126354217529297e-01
2.720296382904052734e-02 4.935060739517211914e-01
-4.014717340469360352e-01 2.691239118576049805e-01
8.003675937652587891e-02 2.346704006195068359e-01
-3.727095127105712891e-01 4.837022423744201660e-01
-3.774129152297973633e-01 -7.098579406738281250e-02
-4.101104736328125000e-01 -2.195869088172912598e-01
-3.127830028533935547e-01 -3.305092453956604004e-01
-3.981225490570068359e-01 1.346260309219360352e-01
1.431210637092590332e-01 5.113065242767333984e-02
-8.693176507949829102e-02 -2.784086465835571289e-01
2.583318948745727539e-02 -2.522556781768798828e-01
7.989382743835449219e-02 1.881446242332458496e-01
4.261162877082824707e-01 9.091007709503173828e-02
1.556652188301086426e-01 3.938251733779907227e-01
-4.571435451507568359e-01 3.545340299606323242e-01
-2.648172378540039062e-01 4.871966242790222168e-01
2.847098708152770996e-01 -3.160017132759094238e-01
1.155207753181457520e-01 -4.827004075050354004e-01
-6.753212213516235352e-02 5.081403255462646484e-02
4.629917144775390625e-01 -5.149608850479125977e-02
7.359373569488525391e-02 -1.419649720191955566e-01
-3.361564874649047852e-02 -4.318643212318420410e-01
4.041080474853515625e-01 1.931971311569213867e-01
4.623616337776184082e-01 -2.647370696067810059e-01
-7.266324758529663086e-02 4.561429619789123535e-01
4.627115726470947266e-01 1.146056652069091797e-01
4.471341371536254883e-01 -2.295463681221008301e-01
4.821514487266540527e-01 3.265684843063354492e-01
4.004060029983520508e-01 -4.063689708709716797e-01
1.198810935020446777e-01 -3.258476853370666504e-01
-5.926954746246337891e-02 -1.541619300842285156e-01
-2.229157090187072754e-01 -8.221310377120971680e-02
-1.300309896469116211e-01 -2.424558401107788086e-01
-5.785334110260009766e-02 3.633049130439758301e-01
-2.997869849205017090e-01 4.205592274665832520e-01
-3.037921786308288574e-01 1.355510950088500977e-02
-3.483417034149169922e-01 -1.648331284523010254e-01
1.982133388519287109e-01 2.491087913513183594e-01
-4.966316819190979004e-01 -4.325725436210632324e-01
-4.135276675224304199e-01 -3.812078237533569336e-01
4.791052937507629395e-01 -1.220687627792358398e-01
3.374198675155639648e-01 3.156197667121887207e-01
1.336387395858764648e-01 -1.183714270591735840e-01
4.047878384590148926e-01 2.628999948501586914e-01
3.689749836921691895e-01 -2.292842268943786621e-01
4.988570213317871094e-01 -4.814956784248352051e-01
-4.551631212234497070e-02 -3.521454930305480957e-01
5.307930707931518555e-02 7.215923070907592773e-02
-4.207888245582580566e-01 5.880504846572875977e-02
-1.545400023460388184e-01 -2.145518660545349121e-01
3.462061285972595215e-01 4.029181599617004395e-01
4.646613597869873047e-01 1.210087537765502930e-01
