-4.424944519996643066e-01 -2.419310808181762695e-02
1.810072660446166992e-01 -2.844053506851196289e-02
-2.575702071189880371e-01 1.376140117645263672e-01
2.840198278427124023e-01 2.820154428482055664e-01
-4.408631920814514160e-01 5.238032341003417969e-02
3.036140799522399902e-01 -3.301227092742919922e-02
3.851940035820007324e-01 -4.898800849914550781e-01
-1.083613634109497070e-01 -1.656587123870849609e-01
-9.060114622116088867e-02 -3.756821155548095703e-03
1.367651224136352539e-01 4.867374897003173828e-01
-2.946249246597290039e-01 3.546557426452636719e-01
9.756332635879516602e-02 1.639735698699951172e-02
-4.802893996238708496e-01 -2.284681797027587891e-02
4.193776845932006836e-01 3.838180899620056152e-01
-1.341217160224914551e-01 -2.875446677207946777e-01
-1.808701157569885254e-01 -3.033192753791809082e-01
9.487557411193847656e-02 2.189697623252868652e-01
-1.468239426612854004e-01 4.990766048431396484e-01
3.479337692260742188e-02 3.945200443267822266e-01
-2.666406631469726562e-01 3.181131482124328613e-01
-2.506454586982727051e-01 -2.135955095291137695e-01
1.341206431388854980e-01 3.646273612976074219e-01
-3.299869894981384277e-01 2.069234848022460938e-03
-2.891570329666137695e-02 -3.857303857803344727e-01
3.946674466133117676e-01 4.025199413299560547e-01
-4.345275163650512695e-01 -3.486263751983642578e-02
1.174179315567016602e-01 1.919255852699279785e-01
3.491064310073852539e-01 -3.196035027503967285e-01
-3.545945286750793457e-01 -3.229401111602783203e-01
2.286198139190673828e-01 1.207184791564941406e-02
3.550018668174743652e-01 -2.209718823432922363e-01
-2.854902744293212891e-01 -1.977502107620239258e-01
3.215801119804382324e-01 -1.255500316619873047e-02
1.421616077423095703e-01 1.543863415718078613e-01
-4.647815227508544922e-02 -1.419740319252014160e-01
-3.926912546157836914e-01 1.904860734939575195e-01
3.630431294441223145e-01 -9.457927942276000977e-02
-1.488630771636962891e-01 4.079666733741760254e-01
2.007399797439575195e-01 -1.619768738746643066e-01
-1.317567229270935059e-01 -2.475029230117797852e-02
-2.599470615386962891e-01 2.950573563575744629e-01
3.986304998397827148e-02 -5.146610736846923828e-02
4.305537939071655273e-01 2.764989733695983887e-01
4.934742450714111328e-01 2.986441254615783691e-01
-3.858965039253234863e-01 4.235404133796691895e-01
1.185994148254394531e-01 -2.812900543212890625e-01
2.635533809661865234e-01 4.722629785537719727e-01
-3.583824634552001953e-01 1.449763178825378418e-01
-2.357990145683288574e-01 -1.306854486465454102e-01
1.901462674140930176e-01 -4.475618600845336914e-01
1.199800372123718262e-01 -9.186822175979614258e-02
-2.357103228569030762e-01 -2.763899564743041992e-01
2.864891886711120605e-01 -4.758620262145996094e-01
3.399196267127990723e-01 2.008541822433471680e-01
-4.690482616424560547e-01 2.288652658462524414e-01
6.920820474624633789e-02 -3.238857984542846680e-01
-3.269922137260437012e-01 1.971745491027832031e-01
6.934225559234619141e-02 -2.872561216354370117e-01
3.693807721138000488e-01 -2.709584832191467285e-01
-1.503092646598815918e-01 -1.295115947723388672e-01
7.276320457458496094e-02 1.195614933967590332e-01
-4.084980487823486328e-01 2.707714438438415527e-01
-4.780082106590270996e-01 3.687738180160522461e-01
3.405877351760864258e-01 -7.467031478881835938e-03
1.403340101242065430e-01 1.004680991172790527e-01
1.547827720642089844e-01 -2.345646619796752930e-01
1.023587584495544434e-01 4.617923498153686523e-02
-2.638338804244995117e-01 -1.946563720703125000e-01
-2.868000268936157227e-01 3.036857247352600098e-01
3.812528848648071289e-01 -1.915882825851440430e-01
-4.568232297897338867e-01 -2.579015493392944336e-02
-3.871219158172607422e-01 -7.552611827850341797e-02
1.757116317749023438e-01 -2.383089661598205566e-01
-3.237701058387756348e-01 4.182419776916503906e-01
-7.900816202163696289e-02 -1.290319561958312988e-01
-4.782563447952270508e-02 2.366515994071960449e-01
-3.757363557815551758e-01 2.732689380645751953e-01
2.636219859123229980e-01 -1.319185495376586914e-01
-1.378023624420166016e-02 2.866966724395751953e-01
4.970276951789855957e-01 -1.579256057739257812e-01
1.244255900382995605e-01 2.476792931556701660e-01
-4.716999530792236328e-01 -1.110934019088745117e-01
-2.443386912345886230e-01 -1.785514354705810547e-01
3.796426653861999512e-01 -4.931894540786743164e-01
-2.754927873611450195e-01 7.916575670242309570e-02
3.829794526100158691e-01 -1.440783143043518066e-01
-3.361624479293823242e-02 1.105359196662902832e-01
-3.791382908821105957e-01 1.027882099151611328e-03
-4.386626482009887695e-01 -4.607665538787841797e-02
-3.494566679000854492e-01 -1.471844315528869629e-01
5.207651853561401367e-02 4.703282713890075684e-01
4.102483987808227539e-01 -2.252320051193237305e-01
3.486996889114379883e-01 4.942286610603332520e-01
-2.639150023460388184e-01 3.245971798896789551e-01
-1.961892843246459961e-02 -2.152886390686035156e-01
1.018950343132019043e-01 -3.282590508460998535e-01
-1.637244224548339844e-01 3.646321892738342285e-01
-4.955655336380004883e-01 -4.419559836387634277e-01
3.402770757675170898e-01 -3.804344534873962402e-01
-4.500998258590698242e-01 2.008591890335083008e-01
-2.963728904724121094e-01 7.075124979019165039e-02
-9.749972820281982422e-02 3.366731405258178711e-01
1.644119024276733398e-01 2.318984866142272949e-01
4.720526933670043945e-01 4.579442143440246582e-01
-1.488950252532958984e-01 -1.163311600685119629e-01
-3.446328639984130859e-02 -4.453541040420532227e-01
3.976091146469116211e-01 1.172577738761901855e-01
-1.125392913818359375e-01 -3.399915695190429688e-01
2.836279273033142090e-01 -2.675796151161193848e-01
3.535081148147583008e-01 2.683264017105102539e-01
-4.153183698654174805e-01 -2.854720354080200195e-01
6.148147583007812500e-02 -1.424691081047058105e-01
-3.720235824584960938e-01 1.068082451820373535e-01
3.036530017852783203e-01 4.478647708892822266e-01
-1.667428612709045410e-01 4.013196825981140137e-01
-1.719527840614318848e-01 -3.342108130455017090e-01
2.912366390228271484e-02 2.741814851760864258e-01
-2.269114255905151367e-01 3.005017042160034180e-01
1.441840529441833496e-01 2.595210671424865723e-01
3.058697581291198730e-01 -3.922194242477416992e-01
-4.858899712562561035e-01 -3.379753232002258301e-01
1.462429761886596680e-02 1.282337903976440430e-01
-3.706159591674804688e-01 2.504800558090209961e-01
-3.689411878585815430e-01 4.534724950790405273e-01
-3.578132987022399902e-01 -9.146946668624877930e-02
-3.663903474807739258e-01 -1.271820068359375000e-02
2.112631201744079590e-01 -4.951392412185668945e-01
3.624786138534545898e-01 -4.416318535804748535e-01
-1.974545121192932129e-01 5.912858247756958008e-02
4.639202356338500977e-02 -3.222109079360961914e-01
-4.462915658950805664e-02 1.237427592277526855e-01
-6.300419569015502930e-02 1.095591783523559570e-01
-4.458533525466918945e-01 -1.344947814941406250e-01
1.610651612281799316e-01 -3.334725499153137207e-01
2.237896919250488281e-01 3.717465996742248535e-01
-3.354672789573669434e-01 2.532278895378112793e-01
3.612112998962402344e-02 -1.712666749954223633e-01
1.160227060317993164e-01 -2.354562282562255859e-03
1.240919828414916992e-01 1.012213826179504395e-01
3.359150886535644531e-01 -2.332966923713684082e-01
4.844800233840942383e-01 -4.523432254791259766e-01
-4.967528581619262695e-01 -2.108138799667358398e-01
4.915092587471008301e-01 1.462222933769226074e-01
-2.263477444648742676e-01 4.241553544998168945e-01
8.607673645019531250e-02 6.623989343643188477e-02
2.184274792671203613e-01 1.722514629364013672e-01
-2.270061969757080078e-01 -1.919896602630615234e-01
1.095089912414550781e-01 4.651522636413574219e-01
1.443910598754882812e-02 -4.676035046577453613e-01
2.716389298439025879e-01 -1.681231856346130371e-01
-2.083687782287597656e-01 3.855463862419128418e-01
-4.323246479034423828e-01 -1.690772175788879395e-01
2.132576704025268555e-02 -3.147159218788146973e-01
-3.653776645660400391e-01 6.586712598800659180e-02
-3.507033586502075195e-01 -4.673548340797424316e-01
-4.874952435493469238e-01 4.133253693580627441e-01
2.356451749801635742e-02 1.862645149230957031e-03
2.154523134231567383e-01 -2.365880608558654785e-01
-4.471313953399658203e-01 3.649542927742004395e-01
1.932184696197509766e-01 3.188629150390625000e-01
-4.826366901397705078e-02 -1.212132573127746582e-01
1.580649614334106445e-02 -3.552053570747375488e-01
1.585292220115661621e-01 2.697066664695739746e-01
-4.435924291610717773e-01 -7.487660646438598633e-02
2.151914238929748535e-01 8.393341302871704102e-02
-2.797500491142272949e-01 4.656500816345214844e-01
1.514773964881896973e-01 -2.729815244674682617e-02
3.952213525772094727e-01 -1.409219503402709961e-01
3.861094713211059570e-01 -4.737930297851562500e-01
3.505449891090393066e-01 -1.628141403198242188e-01
-2.214313149452209473e-01 -1.787610650062561035e-01
-1.812709569931030273e-01 3.772341012954711914e-01
-4.071044921875000000e-01 4.845483899116516113e-01
-7.989734411239624023e-02 -3.706288933753967285e-01
4.660931229591369629e-01 -5.307555198669433594e-03
-4.219803810119628906e-01 -4.844065308570861816e-01
6.802111864089965820e-02 3.096776604652404785e-01
1.745760440826416016e-02 -6.972658634185791016e-02
3.794341683387756348e-01 1.054641604423522949e-01
2.073189616203308105e-01 -2.277782559394836426e-01
1.433219909667968750e-01 -4.360114336013793945e-01
-2.447178363800048828e-01 -1.642480492591857910e-01
-4.003856182098388672e-01 -3.324477076530456543e-01
-2.040901780128479004e-01 -5.518198013305664062e-02
-4.911921024322509766e-01 -4.977871775627136230e-01
-9.811139106750488281e-02 -2.656157612800598145e-01
5.338078737258911133e-02 -6.292700767517089844e-02
-1.488569974899291992e-01 2.201730608940124512e-01
5.307704210281372070e-02 2.712620496749877930e-01
4.010032415390014648e-01 4.512119293212890625e-02
5.213391780853271484e-02 2.880720496177673340e-01
-2.924013137817382812e-01 -1.599651575088500977e-02
2.302243709564208984e-01 3.477796912193298340e-01
2.086138725280761719e-01 -1.793028712272644043e-01
-2.782206535339355469e-01 1.479288339614868164e-01
-3.359658718109130859e-01 -2.870836853981018066e-01
-2.699295878410339355e-01 4.742591381072998047e-01
-1.104887723922729492e-01 -3.517282009124755859e-01
6.897324323654174805e-02 -2.339826822280883789e-01
1.847595572471618652e-01 -5.115729570388793945e-02
3.130424022674560547e-01 1.025152206420898438e-02
-3.127647042274475098e-01 -9.561657905578613281e-03
5.602431297302246094e-02 4.548543095588684082e-01
-2.433657646179199219e-04 4.872888326644897461e-01
9.914499521255493164e-02 2.546363472938537598e-01
3.517409563064575195e-01 -1.101414561271667480e-01
-4.645290374755859375e-01 6.965959072113037109e-02
1.523102521896362305e-01 -4.039082527160644531e-01
-9.537994861602783203e-02 4.275651574134826660e-01
1.286656260490417480e-01 -1.219857335090637207e-01
-4.746117591857910156e-01 1.583924889564514160e-01
1.465445160865783691e-01 -3.001199960708618164e-01
-7.271617650985717773e-02 5.175292491912841797e-02
4.882224202156066895e-01 -1.033923029899597168e-01
-3.049527406692504883e-01 3.347124457359313965e-01
-1.221221685409545898e-02 3.314698338508605957e-01
-2.467644810676574707e-01 4.311031103134155273e-01
1.869655251502990723e-01 -3.865061402320861816e-01
1.550533175468444824e-01 7.616221904754638672e-03
-2.178103923797607422e-01 3.690367937088012695e-02
4.504029750823974609e-01 -2.371257543563842773e-01
-4.727501869201660156e-01 4.177927970886230469e-03
2.052707076072692871e-01 1.969888210296630859e-01
-1.504018902778625488e-01 -1.367484927177429199e-01
-3.181751370429992676e-01 1.816915273666381836e-01
1.796049475669860840e-01 -2.825023531913757324e-01
-3.751216530799865723e-01 4.156459569931030273e-01
-4.495891332626342773e-01 -1.747980117797851562e-01
-2.546188235282897949e-01 4.181307554244995117e-02
2.986873388290405273e-01 2.162301540374755859e-02
-3.830378651618957520e-01 1.508094072341918945e-01
-3.544515371322631836e-02 -1.158118247985839844e-03
-5.848944187164306641e-03 1.212691068649291992e-01
2.169914245605468750e-01 3.623328804969787598e-01
1.435548663139343262e-01 -2.149348258972167969e-01
-2.299062609672546387e-01 -2.481746673583984375e-02
5.651849508285522461e-02 -3.168684244155883789e-01
1.703621149063110352e-01 2.860409021377563477e-01
-1.202478408813476562e-01 1.238169074058532715e-01
-3.142579793930053711e-01 2.223562598228454590e-01
4.787480831146240234e-02 -3.448798060417175293e-01
6.925576925277709961e-02 -4.971998929977416992e-01
-4.186890125274658203e-01 1.509218215942382812e-01
3.233303427696228027e-01 4.855118393898010254e-01
1.987046003341674805e-02 -3.230181932449340820e-01
-7.147657871246337891e-02 -2.533640861511230469e-01
3.253476023674011230e-01 2.237383723258972168e-01
-3.759779930114746094e-01 -9.095811843872070312e-02
-4.778779149055480957e-01 -9.153455495834350586e-02
4.917113184928894043e-01 6.898242235183715820e-02
-3.422164916992187500e-01 2.021936178207397461e-01
1.372778415679931641e-02 -3.974072933197021484e-01
-2.904799580574035645e-01 5.126094818115234375e-02
8.010149002075195312e-02 -3.157930374145507812e-01
-3.455972075462341309e-01 -2.469691634178161621e-01
1.504002213478088379e-01 -3.291771411895751953e-01
4.301935434341430664e-01 -2.239830493927001953e-01
-8.533483743667602539e-02 1.369486451148986816e-01
-1.248844861984252930e-01 -1.399927139282226562e-01
-4.130551218986511230e-01 3.422752618789672852e-01
-2.268408536911010742e-01 3.194156289100646973e-01
5.338311195373535156e-03 3.462276458740234375e-01
-2.293986082077026367e-01 4.895390868186950684e-01
2.960165143013000488e-01 2.677875757217407227e-02
2.569040060043334961e-01 -2.827101945877075195e-02
4.132282137870788574e-01 3.510658740997314453e-01
4.303788542747497559e-01 -3.932027220726013184e-01
3.643549680709838867e-01 1.751844882965087891e-01
-2.336628437042236328e-01 -4.335249662399291992e-01
4.402782320976257324e-01 -3.525450229644775391e-01
3.610806465148925781e-01 -1.408070921897888184e-01
4.307393431663513184e-01 3.866891264915466309e-01
1.563891172409057617e-01 -3.768464922904968262e-01
3.864166140556335449e-01 2.770991921424865723e-01
2.703443169593811035e-01 4.925006031990051270e-01
1.800697445869445801e-01 7.631242275238037109e-03
2.169393301010131836e-01 6.199020147323608398e-02
9.135806560516357422e-02 4.471125602722167969e-01
3.662139177322387695e-02 -4.227995872497558594e-01
2.293212413787841797e-01 1.403704881668090820e-01
-2.366777658462524414e-01 -1.554521918296813965e-01
-2.802355885505676270e-01 -1.173265576362609863e-01
-2.250491976737976074e-01 1.417444944381713867e-01
2.356513142585754395e-01 2.284672260284423828e-01
-4.921376705169677734e-01 3.396714329719543457e-01
4.477412700653076172e-01 5.001682043075561523e-02
2.995990514755249023e-01 -3.559544682502746582e-01
-1.945024132728576660e-01 -5.540180206298828125e-02
3.948312997817993164e-01 -2.429234385490417480e-01
-2.297630906105041504e-01 -4.816288948059082031e-01
-4.157718420028686523e-01 2.210736274719238281e-04
-2.964548468589782715e-01 -1.262440085411071777e-01
4.272108674049377441e-01 1.508678793907165527e-01
-4.961625933647155762e-01 2.827129960060119629e-01
-1.034969091415405273e-02 2.972196936607360840e-01
-4.391390085220336914e-01 2.087835669517517090e-01
1.417087316513061523e-01 -7.107621431350708008e-02
1.162224411964416504e-01 4.145439267158508301e-01
-4.351044297218322754e-01 -4.333835244178771973e-01
-7.574045658111572266e-02 -4.596099853515625000e-01
-2.517811655998229980e-01 -3.198094964027404785e-01
-7.051885128021240234e-02 -4.600064158439636230e-01
3.906664252281188965e-01 3.768105506896972656e-01
-1.543216109275817871e-01 -1.889191269874572754e-01
1.769657135009765625e-01 -3.642190098762512207e-01
4.280937314033508301e-01 3.654886484146118164e-01
-2.427469491958618164e-01 -4.910892248153686523e-02
2.281661033630371094e-01 2.933190464973449707e-01
3.644897341728210449e-01 2.373012304306030273e-01
4.127278327941894531e-01 -4.842811226844787598e-01
-2.668759822845458984e-01 -3.185726404190063477e-01
-1.399618983268737793e-01 -3.690399527549743652e-01
-7.343780994415283203e-02 4.152939915657043457e-01
-1.530312299728393555e-01 3.205792903900146484e-01
-2.986772656440734863e-01 -3.388344049453735352e-01
-4.447699785232543945e-01 3.720034360885620117e-01
3.619614243507385254e-01 2.582321763038635254e-01
-3.849509954452514648e-01 -2.059261798858642578e-01
4.032208323478698730e-01 -4.487458467483520508e-01
-1.999883055686950684e-01 -8.561223745346069336e-02
-3.973053097724914551e-01 -4.033377170562744141e-01
-2.069709897041320801e-01 1.968008279800415039e-02
3.846257328987121582e-01 -3.363768458366394043e-01
-2.228947281837463379e-01 1.742455363273620605e-01
-7.531654834747314453e-02 -1.665456891059875488e-01
-2.206948399543762207e-01 1.978570222854614258e-01
-3.222692012786865234e-02 3.125554323196411133e-01
-2.472973465919494629e-01 -2.515599131584167480e-01
-3.645950555801391602e-01 -3.023241162300109863e-01
-2.176979184150695801e-01 1.512122154235839844e-02
-3.608102202415466309e-01 1.196857690811157227e-01
-2.448089718818664551e-01 -3.891778588294982910e-01
1.786875128746032715e-01 1.527531147003173828e-01
-5.120724439620971680e-02 2.212052345275878906e-01
-1.125248074531555176e-01 -3.078312277793884277e-01
-2.796951532363891602e-01 2.730156183242797852e-01
1.293541193008422852e-01 -1.050531864166259766e-01
-4.211733341217041016e-01 -2.089740037918090820e-01
2.468286752700805664e-01 -3.306254744529724121e-01
7.109570503234863281e-02 2.425488829612731934e-01
-1.826811432838439941e-01 4.639124274253845215e-01
3.785108923912048340e-01 4.367396831512451172e-01
-1.971274614334106445e-02 -4.828214645385742188e-02
3.314019441604614258e-01 -1.012132167816162109e-01
4.599934220314025879e-01 -1.933532357215881348e-01
3.809803128242492676e-01 3.719202280044555664e-01
6.780356168746948242e-02 4.162240028381347656e-01
-4.338077306747436523e-01 4.728494882583618164e-01
2.855300903320312500e-01 3.778297901153564453e-01
3.910458087921142578e-02 2.800768613815307617e-02
2.558434605598449707e-01 -3.689124584197998047e-01
1.015198826789855957e-01 2.883598208427429199e-01
-3.191862702369689941e-01 2.460896968841552734e-03
4.495248794555664062e-01 -1.945450901985168457e-01
-3.652294874191284180e-01 -1.918266415596008301e-01
1.374926567077636719e-01 1.986254453659057617e-01
2.115559577941894531e-01 -4.370880126953125000e-01
1.934819817543029785e-01 9.544706344604492188e-02
-4.327080845832824707e-01 -2.915185689926147461e-02
-1.491326093673706055e-01 -7.420551776885986328e-02
-3.879117369651794434e-01 1.887579560279846191e-01
4.204949140548706055e-01 4.603093266487121582e-01
-9.006482362747192383e-02 2.931004762649536133e-01
-1.527855992317199707e-01 2.413450479507446289e-01
3.450235724449157715e-01 -2.810576558113098145e-01
-1.993274688720703125e-02 2.617307305335998535e-01
1.413691043853759766e-02 -2.363927364349365234e-01
3.477618098258972168e-01 -1.549044251441955566e-01
4.598118662834167480e-01 2.275524735450744629e-01
8.314406871795654297e-02 -3.210758566856384277e-01
2.552407383918762207e-01 8.668577671051025391e-02
-2.979379296302795410e-01 -4.657886028289794922e-01
3.168868422508239746e-01 3.204699754714965820e-01
4.418275356292724609e-01 -1.659876108169555664e-01
2.970420718193054199e-01 4.433121681213378906e-01
-1.378871798515319824e-01 1.859610676765441895e-01
-3.962684273719787598e-01 -3.887776732444763184e-01
-3.642290830612182617e-02 3.427668809890747070e-01
7.474517822265625000e-02 2.434507012367248535e-01
8.757299184799194336e-02 -4.373361468315124512e-01
9.666496515274047852e-02 -4.767941832542419434e-01
-4.161679744720458984e-02 3.551945090293884277e-01
5.671471357345581055e-02 -4.415774345397949219e-02
-4.500801563262939453e-01 2.861906886100769043e-01
-2.704108357429504395e-01 9.232211112976074219e-02
8.376085758209228516e-02 1.862525939941406250e-03
5.755132436752319336e-02 4.585902690887451172e-01
-4.409078359603881836e-01 2.455486655235290527e-01
1.067801117897033691e-01 9.846389293670654297e-03
1.444594264030456543e-01 2.137624621391296387e-01
2.251466512680053711e-01 1.875531077384948730e-01
-5.288612842559814453e-02 2.059518098831176758e-01
-4.244237542152404785e-01 -4.332427978515625000e-01
3.991429805755615234e-01 -3.774815201759338379e-01
4.110932350158691406e-03 -2.902830243110656738e-01
2.793756723403930664e-01 -2.103160619735717773e-01
-6.558430194854736328e-02 4.661800265312194824e-01
1.127395033836364746e-01 -1.262390613555908203e-02
1.576032042503356934e-01 -4.198372364044189453e-01
2.419023513793945312e-01 3.181350231170654297e-02
-2.498317360877990723e-01 3.067225217819213867e-02
-3.151546716690063477e-01 2.530210018157958984e-01
-4.595153331756591797e-01 -3.012185096740722656e-01
-5.962556600570678711e-02 -4.382377862930297852e-02
6.615930795669555664e-02 -4.594565629959106445e-01
2.053573131561279297e-01 3.474479913711547852e-02
-2.954107522964477539e-02 -9.066063165664672852e-02
-1.322219371795654297e-01 -3.173860907554626465e-01
2.247403264045715332e-01 -2.728104591369628906e-01
3.886113762855529785e-01 3.176192045211791992e-01
-2.213908433914184570e-01 -3.458544015884399414e-01
-4.107256531715393066e-01 -6.531059741973876953e-02
-3.604331612586975098e-01 1.788437366485595703e-03
-3.654980659484863281e-01 1.989231109619140625e-01
-3.065703511238098145e-01 -6.326335668563842773e-02
4.412386417388916016e-01 4.657586216926574707e-01
-2.495107054710388184e-01 -3.512895107269287109e-02
-2.007552385330200195e-01 -3.522107601165771484e-01
2.956916689872741699e-01 1.240913271903991699e-01
-1.332996487617492676e-01 6.041359901428222656e-02
4.595804214477539062e-01 -4.135360121726989746e-01
4.195841550827026367e-01 -4.529177546501159668e-01
1.838721036911010742e-01 1.523265838623046875e-01
4.126782417297363281e-01 4.438698291778564453e-03
-2.155660986900329590e-01 3.424144983291625977e-01
-4.878083467483520508e-01 4.235016107559204102e-01
-3.109521865844726562e-01 -3.922864794731140137e-01
-3.445341587066650391e-01 -7.991373538970947266e-02
-4.349408745765686035e-01 3.879407644271850586e-01
4.195771217346191406e-01 1.324555873870849609e-01
-4.449512362480163574e-01 2.733111977577209473e-01
-4.992895126342773438e-01 2.342666983604431152e-01
1.945282220840454102e-01 -1.390288472175598145e-01
-1.985396146774291992e-01 -1.099181175231933594e-01
2.438418865203857422e-01 3.510805368423461914e-01
4.569557309150695801e-01 3.825213313102722168e-01
-2.348214983940124512e-01 1.306593418121337891e-02
-1.290451288223266602e-01 -5.924665927886962891e-02
4.870635867118835449e-01 -1.358641386032104492e-01
-1.293068528175354004e-01 4.129183888435363770e-01
-3.114745616912841797e-01 -3.215752840042114258e-01
-1.727849245071411133e-02 -2.921562194824218750e-01
-1.762312054634094238e-01 -1.453622579574584961e-01
3.338755369186401367e-01 2.549654841423034668e-01
1.074467897415161133e-01 5.739265680313110352e-02
-4.581950306892395020e-01 -4.861544966697692871e-01
-1.495128870010375977e-02 1.112194061279296875e-01
-1.082584857940673828e-01 2.697773575782775879e-01
-1.845396161079406738e-01 -4.285695552825927734e-01
-4.654159545898437500e-01 4.310814738273620605e-01
2.862677574157714844e-01 6.613683700561523438e-02
-2.303089499473571777e-01 -8.293944597244262695e-02
-1.595421433448791504e-01 4.623028635978698730e-01
4.445447325706481934e-01 2.273959517478942871e-01
-2.895440459251403809e-01 7.285469770431518555e-02
-2.480748891830444336e-01 2.915437817573547363e-01
-6.345564126968383789e-02 2.215514183044433594e-01
1.927611827850341797e-01 -2.090641856193542480e-01
9.474599361419677734e-02 -2.117220163345336914e-01
-2.290199398994445801e-01 1.508728861808776855e-01
3.577555418014526367e-01 -1.196916103363037109e-01
4.204373955726623535e-01 3.615835309028625488e-01
4.856991171836853027e-01 3.575347661972045898e-01
-3.033906221389770508e-02 3.174749612808227539e-01
-3.138495087623596191e-01 -3.927039504051208496e-01
2.202705144882202148e-01 -3.020153641700744629e-01
1.932590007781982422e-01 -1.685062050819396973e-01
-4.481647014617919922e-01 -1.715626716613769531e-01
-4.562957882881164551e-01 2.557423710823059082e-01
-2.149969935417175293e-01 1.383510231971740723e-01
-3.464223146438598633e-01 1.659086346626281738e-01
-9.187376499176025391e-02 4.114233255386352539e-01
2.719172239303588867e-01 -2.901384234428405762e-01
2.618490457534790039e-01 -1.011862158775329590e-01
1.986656785011291504e-01 -2.620483040809631348e-01
-2.532287836074829102e-01 -3.706837892532348633e-01
2.116491794586181641e-01 7.526874542236328125e-04
-3.600512146949768066e-01 2.192176580429077148e-01
2.393738031387329102e-01 -2.264415025711059570e-01
-4.451969265937805176e-01 4.170029759407043457e-01
-1.528943181037902832e-01 1.078202724456787109e-01
1.964939832687377930e-01 1.139424443244934082e-01
-3.099673986434936523e-01 3.074555993080139160e-01
2.183378338813781738e-01 -3.217264413833618164e-01
-3.354882597923278809e-01 -3.790658712387084961e-01
2.530063390731811523e-01 3.918573856353759766e-01
7.271724939346313477e-02 4.351766705513000488e-01
4.865076541900634766e-01 1.529958844184875488e-01
6.164115667343139648e-02 -1.788426637649536133e-01
-2.554007768630981445e-01 -5.729901790618896484e-02
4.166172742843627930e-01 -2.687919139862060547e-02
-1.178986430168151855e-01 1.337445378303527832e-01
3.616212606430053711e-01 2.490712404251098633e-01
4.220271706581115723e-01 -4.062185287475585938e-01
1.437110900878906250e-01 -2.597437500953674316e-01
-7.150536775588989258e-02 2.792337536811828613e-01
-3.316260576248168945e-01 -4.670842885971069336e-01
-3.639747500419616699e-01 -1.772763133049011230e-01
-3.167403340339660645e-01 4.835822582244873047e-01
3.675045967102050781e-01 2.809920907020568848e-01
-4.038808941841125488e-01 -4.905571341514587402e-01
-2.862411737442016602e-01 -3.212230801582336426e-01
-3.756360411643981934e-01 4.763873815536499023e-01
-4.533440470695495605e-01 2.089507579803466797e-01
-3.008276820182800293e-01 -9.878569841384887695e-02
1.653832197189331055e-02 2.196390628814697266e-01
-4.530519843101501465e-01 -4.525180459022521973e-01
-3.803975582122802734e-01 3.237485885620117188e-01
-4.431075453758239746e-01 3.356769084930419922e-01
3.077666759490966797e-01 5.252420902252197266e-02
-3.026211261749267578e-01 -3.948107361793518066e-01
-2.469668984413146973e-01 1.580289602279663086e-01
7.606178522109985352e-02 4.246220588684082031e-01
4.770155549049377441e-01 -1.152220964431762695e-01
1.556590795516967773e-01 -2.875012159347534180e-01
4.422991871833801270e-01 -4.638315439224243164e-01
-4.927526116371154785e-01 1.503950357437133789e-02
1.178511381149291992e-01 3.388325572013854980e-01
-3.917251825332641602e-01 -1.820392608642578125e-01
-2.478510141372680664e-01 4.592021107673645020e-01
1.394468545913696289e-01 -3.378461003303527832e-01
-3.582605123519897461e-01 -3.516594767570495605e-01
-1.002047657966613770e-01 -4.192611575126647949e-01
2.385175228118896484e-02 -4.329074025154113770e-01
2.756195664405822754e-01 3.771888017654418945e-01
3.094716668128967285e-01 4.663962125778198242e-02
-6.392836570739746094e-03 4.173143506050109863e-01
4.293298721313476562e-01 3.669655323028564453e-02
2.522524595260620117e-01 -4.421299099922180176e-01
4.986100196838378906e-01 -1.751260161399841309e-01
-8.154553174972534180e-02 1.421930193901062012e-01
2.877694964408874512e-01 -6.437063217163085938e-03
4.380525350570678711e-01 -1.030201911926269531e-01
-4.674152731895446777e-01 1.434483528137207031e-01
-2.408864498138427734e-01 -8.389562368392944336e-02
-4.419817924499511719e-01 -3.070891499519348145e-01
2.207910418510437012e-01 2.007848024368286133e-02
4.205624461174011230e-01 8.545160293579101562e-03
-1.161144375801086426e-01 -2.093364000320434570e-01
1.882797479629516602e-01 3.488461375236511230e-01
2.433005571365356445e-01 -7.574719190597534180e-02
-2.844535112380981445e-01 -3.745377063751220703e-03
2.144687175750732422e-01 -3.540973663330078125e-01
-2.729036808013916016e-01 -3.011589646339416504e-01
-2.824012041091918945e-01 -4.860723018646240234e-01
1.505759358406066895e-01 1.523766517639160156e-01
1.807068586349487305e-01 -1.365894079208374023e-01
3.482176661491394043e-01 1.160380244255065918e-01
4.546142816543579102e-01 1.166021227836608887e-01
-4.064411520957946777e-01 -3.903173804283142090e-01
-2.177566289901733398e-01 -3.018993139266967773e-01
4.596983790397644043e-01 9.155106544494628906e-02
-1.257621049880981445e-01 7.025617361068725586e-02
-3.684227466583251953e-01 4.157642722129821777e-01
4.023427367210388184e-01 -2.032610177993774414e-01
-4.447198510169982910e-01 3.957799673080444336e-01
2.868829965591430664e-01 2.412847876548767090e-01
-5.437350273132324219e-02 4.295424222946166992e-01
3.928568363189697266e-01 2.591430544853210449e-01
3.863150477409362793e-01 -3.105822205543518066e-01
-2.005075812339782715e-01 -4.417217373847961426e-01
1.781849861145019531e-01 4.811322689056396484e-01
3.217908143997192383e-01 -4.199670553207397461e-01
1.439338922500610352e-01 -4.762686491012573242e-01
2.626808285713195801e-01 -3.275965452194213867e-01
9.299886226654052734e-02 -4.898518919944763184e-01
3.801717758178710938e-01 4.202609062194824219e-01
4.592847228050231934e-01 4.634295105934143066e-01
3.306692838668823242e-01 -7.488232851028442383e-02
4.536141753196716309e-01 -3.121976256370544434e-01
1.606114506721496582e-01 -4.845167398452758789e-01
-3.609802722930908203e-01 -1.694298386573791504e-01
2.826869487762451172e-03 3.483151197433471680e-01
3.352138400077819824e-01 -8.200550079345703125e-02
4.301675558090209961e-01 -3.508871793746948242e-02
1.655120253562927246e-01 2.528578639030456543e-01
-5.625665187835693359e-02 -4.788810014724731445e-02
-2.710986137390136719e-02 4.053525328636169434e-01
3.117370009422302246e-01 -4.433952569961547852e-01
-3.127589821815490723e-01 -2.452316284179687500e-01
7.748097181320190430e-02 1.367938518524169922e-01
1.880443096160888672e-01 -2.141543626785278320e-01
4.330054521560668945e-01 -3.926106095314025879e-01
2.214637994766235352e-01 -3.395842313766479492e-01
-4.089969396591186523e-02 9.422165155410766602e-02
4.561703205108642578e-01 -7.684320211410522461e-02
2.263988852500915527e-01 3.526110053062438965e-01
4.184787273406982422e-01 1.589725613594055176e-01
-2.834005355834960938e-01 1.798633337020874023e-01
3.656297326087951660e-01 -3.378320932388305664e-01
2.936545014381408691e-01 -4.333232641220092773e-01
4.850570559501647949e-01 3.444837331771850586e-01
3.895297646522521973e-01 3.120509982109069824e-01
3.222718834877014160e-01 2.045544981956481934e-01
4.809044003486633301e-01 3.653546571731567383e-01
-9.563010931015014648e-02 -2.420326471328735352e-01
-4.126260280609130859e-01 2.408734560012817383e-01
-3.955275416374206543e-01 -3.278274536132812500e-01
4.028453230857849121e-01 -5.022478103637695312e-02
-2.344776391983032227e-01 -4.020056128501892090e-01
-3.460397720336914062e-01 -2.913951277732849121e-01
4.460741877555847168e-01 -2.623798847198486328e-01
-3.285859227180480957e-01 3.222367167472839355e-01
2.223545312881469727e-01 2.848483920097351074e-01
2.892238497734069824e-01 -3.431251049041748047e-01
3.708369135856628418e-01 2.416035532951354980e-01
1.074451804161071777e-01 3.007004261016845703e-01
2.526057958602905273e-01 2.849196195602416992e-01
2.738121151924133301e-01 3.144052028656005859e-01
2.124019861221313477e-01 2.843186855316162109e-01
-3.786117434501647949e-01 -3.049230575561523438e-01
2.337974905967712402e-01 -3.493507504463195801e-01
1.130458116531372070e-01 3.165960311889648438e-02
4.958857297897338867e-01 -2.464453577995300293e-01
4.015100002288818359e-02 -4.601430892944335938e-02
-2.918165922164916992e-02 -5.009251832962036133e-02
-1.232041716575622559e-01 3.297715187072753906e-01
5.176013708114624023e-02 4.451363086700439453e-01
-2.431156039237976074e-01 3.711159825325012207e-01
-3.962135314941406250e-02 -4.227954745292663574e-01
-3.214931488037109375e-02 3.457034230232238770e-01
-7.289230823516845703e-03 2.236323356628417969e-01
2.282474637031555176e-01 -9.569585323333740234e-03
-3.330194950103759766e-02 1.100755333900451660e-01
-7.430714368820190430e-02 1.858370304107666016e-01
-1.079553961753845215e-01 -1.159512996673583984e-01
-8.043926954269409180e-02 1.552321314811706543e-01
-5.145215988159179688e-02 -1.234179735183715820e-02
-2.832121253013610840e-01 -2.027173638343811035e-01
-3.717390298843383789e-01 4.497700929641723633e-02
-3.232508301734924316e-01 -1.133636832237243652e-01
-4.216808676719665527e-01 4.815295338630676270e-01
1.672708392143249512e-01 -1.544988751411437988e-01
2.436930537223815918e-01 -3.539354801177978516e-01
2.346215844154357910e-01 3.209950327873229980e-01
-4.670940041542053223e-01 1.836122274398803711e-01
4.539997577667236328e-01 -4.861226677894592285e-01
-3.497476577758789062e-01 -7.901132106781005859e-03
4.651924371719360352e-01 2.504933476448059082e-01
4.677622914314270020e-01 -3.354896903038024902e-01
6.823396682739257812e-02 -1.836708784103393555e-01
-5.093795061111450195e-02 4.166998267173767090e-01
-3.269122838973999023e-01 -2.153868675231933594e-01
2.940695881843566895e-01 1.438431143760681152e-01
-9.010529518127441406e-02 -4.456344246864318848e-01
3.627182245254516602e-01 -2.218063473701477051e-01
-3.870062828063964844e-01 2.209326624870300293e-01
-4.432842731475830078e-01 -1.122288107872009277e-01
-3.712117671966552734e-03 6.020039319992065430e-02
3.889170289039611816e-01 3.632395267486572266e-01
-3.546019196510314941e-01 -3.411012291908264160e-01
4.639176130294799805e-01 -2.766987681388854980e-01
-4.302444458007812500e-01 1.457802653312683105e-01
3.857719302177429199e-01 -3.686501383781433105e-01
-3.913867473602294922e-02 -3.751962780952453613e-01
4.465256333351135254e-01 -9.543949365615844727e-02
1.849268674850463867e-01 -1.159948706626892090e-01
4.512125253677368164e-02 -2.402153015136718750e-01
2.884458303451538086e-01 4.250562191009521484e-01
2.465182542800903320e-02 3.762187361717224121e-01
-3.833091855049133301e-01 4.002451896667480469e-01
-2.983372807502746582e-01 4.706060290336608887e-01
-1.140702962875366211e-01 -4.137689471244812012e-01
2.410401105880737305e-01 4.030303955078125000e-01
1.653515100479125977e-01 4.383375048637390137e-01
3.634809851646423340e-01 3.108820319175720215e-01
-1.779269576072692871e-01 -1.580256223678588867e-02
3.303702473640441895e-01 2.574663758277893066e-01
4.285733699798583984e-01 1.422710418701171875e-01
9.980863332748413086e-02 -1.101772189140319824e-01
-1.538563966751098633e-01 2.445396184921264648e-01
-2.603337764739990234e-01 -3.666351437568664551e-01
-9.203684329986572266e-02 8.601391315460205078e-02
-3.803445696830749512e-01 -3.356153368949890137e-01
-1.697915792465209961e-02 1.332795619964599609e-02
-2.315006852149963379e-01 3.401805758476257324e-01
1.957023143768310547e-02 -1.519442796707153320e-01
-1.207839846611022949e-01 4.627200961112976074e-01
1.341889500617980957e-01 -3.719926476478576660e-01
4.535815119743347168e-01 -9.002685546875000000e-02
3.618460893630981445e-01 -6.129920482635498047e-03
-9.108901023864746094e-02 7.777673006057739258e-02
-2.140786051750183105e-01 -2.136157155036926270e-01
7.291340827941894531e-02 4.381192326545715332e-01
4.299703836441040039e-01 4.467008709907531738e-01
-5.569416284561157227e-02 -3.958332538604736328e-01
-3.584327101707458496e-01 -2.432328462600708008e-01
-4.095262289047241211e-02 2.995793223381042480e-01
-5.379909276962280273e-02 2.445083856582641602e-01
-3.484905958175659180e-01 -3.335728049278259277e-01
-3.042928576469421387e-01 1.979445219039916992e-01
-4.176362156867980957e-01 9.603047370910644531e-02
5.578464269638061523e-02 -2.155305743217468262e-01
-1.121649742126464844e-01 2.473468184471130371e-01
-8.313673734664916992e-02 4.163762331008911133e-01
-2.530339360237121582e-01 2.725954055786132812e-01
-4.724341034889221191e-01 3.110445737838745117e-01
-4.934009313583374023e-01 -2.381263971328735352e-01
1.297765970230102539e-02 -1.711082458496093750e-01
6.782662868499755859e-02 -2.192170023918151855e-01
-2.364702224731445312e-01 4.197178483009338379e-01
-5.759274959564208984e-02 3.461264371871948242e-01
2.599622011184692383e-01 -2.462620735168457031e-01
2.919733524322509766e-03 -6.546497344970703125e-03
-3.749614357948303223e-01 3.243479132652282715e-01
1.623074412345886230e-01 -7.199943065643310547e-02
3.023701906204223633e-02 4.986711144447326660e-01
-4.090666770935058594e-04 7.818579673767089844e-02
4.576189517974853516e-01 3.541804552078247070e-01
-4.532889127731323242e-01 -4.039766788482666016e-01
-3.150717616081237793e-01 4.027104377746582031e-02
3.068051338195800781e-01 5.200749635696411133e-02
3.301526904106140137e-01 -2.898428440093994141e-01
-2.012142539024353027e-01 1.531826853752136230e-01
-3.799958825111389160e-01 -4.901456236839294434e-01
-3.068602085113525391e-01 2.805972099304199219e-01
2.695716619491577148e-01 -1.261160969734191895e-01
3.127014636993408203e-01 4.302788972854614258e-01
1.835623979568481445e-01 3.697409033775329590e-01
-1.762178540229797363e-01 5.495911836624145508e-02
1.724244356155395508e-01 -2.982727885246276855e-01
-1.377854347229003906e-01 6.313985586166381836e-02
6.188130378723144531e-02 -6.635010242462158203e-02
-1.558028459548950195e-01 -2.969684600830078125e-01
-4.138216972351074219e-01 -1.232755780220031738e-01
3.427404165267944336e-02 -2.884280085563659668e-01
-2.259519100189208984e-01 -4.599146246910095215e-01
1.389631032943725586e-01 4.438266158103942871e-01
-2.155808806419372559e-01 2.300249338150024414e-01
-3.316327929496765137e-01 1.495656967163085938e-01
2.873992323875427246e-01 -2.629466652870178223e-01
-2.328748106956481934e-01 -2.562646865844726562e-01
3.965577483177185059e-01 1.751294732093811035e-01
3.946894407272338867e-01 1.186911463737487793e-01
3.620185852050781250e-01 -1.148229837417602539e-01
4.552522897720336914e-01 2.327937483787536621e-01
1.907361149787902832e-01 -2.408570051193237305e-02
1.930321455001831055e-01 -3.370870351791381836e-01
4.173570871353149414e-01 -8.642542362213134766e-02
4.260274171829223633e-01 -3.030529022216796875e-01
-1.328628063201904297e-01 2.843390703201293945e-01
-3.417829275131225586e-01 -9.797072410583496094e-02
-7.842922210693359375e-02 -1.108286976814270020e-01
9.539222717285156250e-02 -4.755714535713195801e-01
3.897703886032104492e-01 -2.045819163322448730e-01
2.292238473892211914e-01 -8.893913030624389648e-02
1.595171093940734863e-01 2.862421274185180664e-01
4.844253659248352051e-01 1.524612307548522949e-01
3.344007134437561035e-01 -3.550689220428466797e-01
2.501441240310668945e-01 3.645439743995666504e-01
-8.091229200363159180e-02 1.443856358528137207e-01
1.781898736953735352e-01 3.793913125991821289e-02
-3.983384370803833008e-02 7.842177152633666992e-02
-4.905611872673034668e-01 2.104729413986206055e-01
-3.117580413818359375e-01 -1.807463169097900391e-01
-1.475102901458740234e-01 -3.184173703193664551e-01
1.025403141975402832e-01 3.539993166923522949e-01
2.926208376884460449e-01 -4.893134832382202148e-01
4.200774431228637695e-02 4.964327812194824219e-02
-3.483704328536987305e-01 -7.885694503784179688e-05
-2.085702419281005859e-01 3.432595133781433105e-01
4.305204153060913086e-01 2.372395396232604980e-01
-4.722576737403869629e-01 6.168186664581298828e-03
4.718616604804992676e-01 -2.024945616722106934e-01
-4.563425183296203613e-01 -1.952167749404907227e-01
-2.480196952819824219e-01 -3.055380582809448242e-01
-1.116278767585754395e-01 4.518769383430480957e-01
-2.640039920806884766e-01 2.375805377960205078e-01
-3.424927592277526855e-01 2.643242478370666504e-01
4.266982674598693848e-01 3.628568649291992188e-01
1.237484812736511230e-01 1.098775863647460938e-01
3.362494111061096191e-01 -7.935982942581176758e-02
-2.345359325408935547e-01 -2.952009439468383789e-01
-4.749658703804016113e-01 3.154702186584472656e-01
1.955329179763793945e-01 -3.538745641708374023e-01
5.308759212493896484e-02 1.077885627746582031e-01
-1.641078591346740723e-01 -4.940000176429748535e-01
-2.738519310951232910e-01 3.534175157546997070e-01
2.108345627784729004e-01 3.705859780311584473e-01
8.653485774993896484e-02 -2.909731864929199219e-01
-5.182987451553344727e-02 -2.141203880310058594e-01
-2.675393819808959961e-01 4.878528118133544922e-01
-3.644950389862060547e-01 1.445375084877014160e-01
2.241820693016052246e-01 1.685314178466796875e-01
-3.688856363296508789e-01 2.351887822151184082e-01
8.463406562805175781e-02 2.773350477218627930e-01
-3.859980702400207520e-01 -3.252817988395690918e-01
-1.797556877136230469e-03 -4.456744194030761719e-01
1.124817132949829102e-01 -1.428462266921997070e-01
4.790726304054260254e-01 3.249441385269165039e-01
-4.482608437538146973e-01 3.333344459533691406e-01
-2.228024601936340332e-01 4.951006174087524414e-02
1.910297274589538574e-01 -5.815988779067993164e-02
2.660845518112182617e-01 2.672553062438964844e-03
2.938436269760131836e-01 1.991343498229980469e-02
-4.993109703063964844e-01 -2.024626731872558594e-01
-3.227229118347167969e-01 -3.257310986518859863e-01
-3.789767026901245117e-01 2.491152286529541016e-02
-2.825365662574768066e-01 4.326282143592834473e-01
2.567854523658752441e-01 3.600891828536987305e-01
-1.089995503425598145e-01 -2.465256452560424805e-01
4.206277728080749512e-01 -3.232696652412414551e-01
-3.989570736885070801e-01 -2.218717336654663086e-01
-1.598758697509765625e-01 -4.931668639183044434e-01
1.565932631492614746e-01 1.663558483123779297e-01
1.448659896850585938e-01 -2.970283031463623047e-01
-6.498628854751586914e-02 -2.187976837158203125e-01
2.409339547157287598e-01 -2.303411960601806641e-01
-2.490984201431274414e-01 2.327616214752197266e-01
-9.025096893310546875e-02 3.499775528907775879e-01
-4.222733974456787109e-01 -3.044089674949645996e-01
8.106583356857299805e-02 -7.041561603546142578e-02
-2.552434802055358887e-01 3.127214908599853516e-01
-3.872247934341430664e-01 4.116777777671813965e-01
3.587595820426940918e-01 -3.063111305236816406e-01
4.667003750801086426e-01 2.579441666603088379e-01
2.356263995170593262e-01 1.502032876014709473e-01
3.412366509437561035e-01 -6.766414642333984375e-02
-3.350412249565124512e-01 4.287837147712707520e-01
-3.455073833465576172e-01 1.968461275100708008e-02
1.190232634544372559e-01 -4.828379154205322266e-01
-2.937626242637634277e-01 4.560031294822692871e-01
-1.696708798408508301e-01 -5.477172136306762695e-02
-1.278378963470458984e-01 7.067179679870605469e-02
-3.363047838211059570e-01 3.521090745925903320e-02
-1.845109462738037109e-02 1.246911287307739258e-01
1.317639946937561035e-01 1.261472702026367188e-01
4.186761379241943359e-02 4.165194034576416016e-01
-3.469266891479492188e-01 3.944500088691711426e-01
-3.211822509765625000e-01 4.021921157836914062e-01
2.650139927864074707e-01 -4.702461957931518555e-01
1.528525352478027344e-01 -2.490669488906860352e-01
-3.617502450942993164e-01 3.698606491088867188e-01
4.869838356971740723e-01 1.345300674438476562e-02
4.902930259704589844e-01 3.272017836570739746e-01
-4.601752161979675293e-01 3.685150146484375000e-01
-8.160102367401123047e-02 2.504760622978210449e-01
4.480722546577453613e-01 4.904771447181701660e-01
4.675869941711425781e-01 1.063123941421508789e-01
4.724162817001342773e-01 1.137310862541198730e-01
2.908136248588562012e-01 -4.265564680099487305e-01
-6.371456384658813477e-02 -8.708518743515014648e-02
8.562326431274414062e-02 9.665387868881225586e-02
3.012691140174865723e-01 2.658426165580749512e-01
1.426929235458374023e-02 2.874566912651062012e-01
2.748608589172363281e-02 3.201569914817810059e-01
-1.287848949432373047e-01 -4.146007299423217773e-01
4.215745925903320312e-01 -1.147323846817016602e-02
2.240839600563049316e-01 1.667383909225463867e-01
-1.339794397354125977e-01 1.577354073524475098e-01
-2.006402015686035156e-01 -2.394648194313049316e-01
4.965317249298095703e-02 -4.855967164039611816e-01
1.799501776695251465e-01 -1.590196490287780762e-01
-4.484009742736816406e-01 -1.775525808334350586e-01
-6.566274166107177734e-02 3.224014639854431152e-01
9.811902046203613281e-02 -3.109441995620727539e-01
4.320099949836730957e-01 -1.150453090667724609e-01
-3.653995394706726074e-01 1.579046249389648438e-02
-3.767853379249572754e-01 -2.518937587738037109e-01
4.458857774734497070e-01 1.091070175170898438e-01
-1.603369116783142090e-01 1.933860778808593750e-02
-2.162956595420837402e-01 4.695824980735778809e-01
4.197537899017333984e-02 4.787695407867431641e-02
-4.819847941398620605e-01 4.576724767684936523e-02
-1.853510141372680664e-01 4.046710133552551270e-01
-3.765577673912048340e-01 2.574327588081359863e-01
-4.011906981468200684e-01 -4.972822070121765137e-01
-2.717486619949340820e-01 -3.764449357986450195e-01
3.910263776779174805e-01 -4.749488234519958496e-01
4.076353311538696289e-01 -3.426578640937805176e-01
-1.111011505126953125e-01 -1.198530793190002441e-01
-4.340149760246276855e-01 -1.100938320159912109e-01
-2.962896227836608887e-01 -4.080229401588439941e-01
2.554096579551696777e-01 -2.506815195083618164e-01
2.560403347015380859e-01 -4.924046993255615234e-02
-1.523354649543762207e-01 1.147295832633972168e-01
-2.465677857398986816e-01 -4.844843149185180664e-01
1.954839229583740234e-01 2.446188330650329590e-01
-2.073667049407958984e-01 -3.051396608352661133e-01
-6.656825542449951172e-02 -2.163034677505493164e-02
-1.808196306228637695e-02 8.132678270339965820e-02
2.422799468040466309e-01 5.175739526748657227e-02
-4.758769869804382324e-01 4.983519315719604492e-01
7.523274421691894531e-02 4.866418838500976562e-01
-3.454529643058776855e-01 4.474824666976928711e-02
2.570632696151733398e-01 1.757155060768127441e-01
2.462741136550903320e-01 -4.867020845413208008e-01
-3.646066784858703613e-01 -3.170797228813171387e-01
1.828852891921997070e-01 9.798347949981689453e-03
-1.116572022438049316e-01 -4.735587835311889648e-01
2.177173495292663574e-01 1.403557658195495605e-01
-4.160552620887756348e-01 -4.779649972915649414e-01
1.524162888526916504e-01 -2.426007986068725586e-01
7.015585899353027344e-03 3.363524079322814941e-01
4.225593805313110352e-01 3.129259943962097168e-01
2.853027582168579102e-01 -1.085816025733947754e-01
1.691747903823852539e-01 2.303162813186645508e-01
-6.959033012390136719e-02 -1.431494355201721191e-01
-3.638615012168884277e-01 8.712792396545410156e-02
-2.944584488868713379e-01 3.521932959556579590e-01
-1.124087572097778320e-01 -5.514752864837646484e-02
2.270382642745971680e-01 -2.276341915130615234e-01
6.391102075576782227e-02 -1.387495994567871094e-01
-1.571925282478332520e-01 4.909789562225341797e-02
-2.105718851089477539e-02 -2.139068841934204102e-01
3.668069839477539062e-04 8.913338184356689453e-03
3.189814686775207520e-01 -4.088106155395507812e-01
-9.119904041290283203e-02 2.245860695838928223e-01
2.181121706962585449e-01 1.320006251335144043e-01
-4.828583002090454102e-01 4.593030214309692383e-01
-2.627415657043457031e-01 3.861268758773803711e-01
-3.663980960845947266e-01 2.544133067131042480e-01
-4.956514239311218262e-01 2.850437760353088379e-01
1.648611426353454590e-01 -4.998721480369567871e-01
-5.989301204681396484e-02 3.977423310279846191e-01
-1.143128871917724609e-01 1.658502817153930664e-01
-3.876423835754394531e-02 -2.609971761703491211e-01
3.316438198089599609e-02 -3.074063658714294434e-01
-2.573120594024658203e-02 -4.508287906646728516e-01
1.635389924049377441e-01 -3.679573535919189453e-02
4.592624306678771973e-01 4.089146852493286133e-01
4.291284084320068359e-01 1.063132286071777344e-02
4.877155423164367676e-01 2.562320232391357422e-02
-3.632621169090270996e-01 -8.299112319946289062e-03
4.842741489410400391e-01 4.375263452529907227e-01
-2.124023437500000000e-02 2.807816267013549805e-01
-4.464082717895507812e-01 -2.531242370605468750e-02
-1.365947723388671875e-02 2.158753871917724609e-01
-3.370977044105529785e-01 -5.496042966842651367e-02
-3.017075061798095703e-01 -2.984642982482910156e-01
2.926978468894958496e-01 -2.448241114616394043e-01
-2.239727973937988281e-01 -1.688163876533508301e-01
2.952741384506225586e-01 -2.467687726020812988e-01
-2.169421315193176270e-01 -4.984050393104553223e-01
-4.475356936454772949e-01 -9.622931480407714844e-03
-3.048533797264099121e-01 -2.951288223266601562e-02
2.623602151870727539e-01 3.957604765892028809e-01
-3.501780033111572266e-01 -3.463739156723022461e-01
-2.625713944435119629e-01 -7.863432168960571289e-02
3.599245548248291016e-01 1.660172343254089355e-01
-1.584689021110534668e-01 -2.888589501380920410e-01
2.203931808471679688e-01 7.244533300399780273e-02
3.939843773841857910e-01 -3.739326596260070801e-01
4.803686141967773438e-01 5.417227745056152344e-02
-3.015460968017578125e-01 -1.031480431556701660e-01
5.005854368209838867e-02 -1.680673360824584961e-01
-7.856750488281250000e-02 1.421313881874084473e-01
3.582340478897094727e-02 -1.832473874092102051e-01
-2.929008007049560547e-01 2.616543769836425781e-01
-6.477689743041992188e-02 4.146139025688171387e-01
-2.762484550476074219e-02 -2.890032529830932617e-02
-8.604371547698974609e-02 -3.062520623207092285e-01
5.579072237014770508e-02 -8.323800563812255859e-02
-4.456365108489990234e-01 2.334980964660644531e-01
4.918282628059387207e-01 -3.636806607246398926e-01
-3.643307685852050781e-01 -2.458791732788085938e-01
4.848988652229309082e-01 -8.615309000015258789e-02
2.501603960990905762e-01 4.528705477714538574e-01
-2.285569906234741211e-01 4.475942254066467285e-01
-9.423679113388061523e-02 -4.754833579063415527e-01
2.351647615432739258e-01 -1.063168048858642578e-03
2.009765505790710449e-01 1.764994859695434570e-01
-2.611212730407714844e-01 2.969861030578613281e-03
1.187444925308227539e-01 -5.898183584213256836e-02
-3.184316754341125488e-01 -2.116715312004089355e-01
1.967537403106689453e-02 2.843627929687500000e-01
-3.165006637573242188e-03 3.822791576385498047e-02
-2.215981483459472656e-03 3.662112951278686523e-01
3.266813755035400391e-01 -1.209990978240966797e-01
-3.312996625900268555e-01 -3.447538018226623535e-01
-1.141675710678100586e-01 -3.919839262962341309e-01
3.538165092468261719e-01 4.493595957756042480e-01
-2.103017568588256836e-01 1.017874479293823242e-02
1.393011212348937988e-01 -4.995492696762084961e-01
-2.301533222198486328e-01 -4.021551012992858887e-01
-4.298325777053833008e-01 2.520751953125000000e-01
-3.069404959678649902e-01 2.500310540199279785e-01
-4.678966999053955078e-01 -1.062636375427246094e-01
2.669882178306579590e-01 1.094360947608947754e-01
2.034990787506103516e-01 -4.650091528892517090e-01
2.595717310905456543e-01 -2.496494650840759277e-01
2.170926928520202637e-01 2.798290252685546875e-01
3.413553237915039062e-01 -4.993259906768798828e-02
-3.205553889274597168e-01 4.564445614814758301e-01
-1.177235841751098633e-01 1.054892539978027344e-01
-4.662576913833618164e-01 1.141685247421264648e-02
-3.896207809448242188e-01 -1.655445098876953125e-01
6.654983758926391602e-02 -3.463641405105590820e-01
1.502646803855895996e-01 3.270232677459716797e-01
1.741847991943359375e-01 3.787712454795837402e-01
2.349009513854980469e-01 -3.057783842086791992e-01
-1.434224843978881836e-01 2.371900677680969238e-01
