-4.706449508666992188e-01 3.052240610122680664e-02
-1.168674230575561523e-01 -1.535046100616455078e-02
1.896088123321533203e-01 -3.920515775680541992e-01
1.604586243629455566e-01 4.018489122390747070e-01
4.041046500205993652e-01 2.813895344734191895e-01
3.129591345787048340e-01 2.274063825607299805e-01
1.230188608169555664e-01 -4.483161568641662598e-01
4.387165904045104980e-01 -1.108075976371765137e-01
-4.983788132667541504e-01 3.851354122161865234e-01
-4.675984382629394531e-01 2.221623659133911133e-01
-1.392644643783569336e-01 2.032088637351989746e-01
-1.164281368255615234e-02 -2.500126957893371582e-01
8.193886280059814453e-02 4.001854658126831055e-01
4.499450325965881348e-01 2.415179014205932617e-01
-3.864855766296386719e-01 -6.260091066360473633e-02
-8.900827169418334961e-02 4.549919962882995605e-01
-1.399137973785400391e-01 -3.498644232749938965e-01
-2.160910964012145996e-01 1.994777321815490723e-01
-3.803578019142150879e-01 -1.181172728538513184e-01
-1.902709007263183594e-01 3.179244399070739746e-01
-1.656741499900817871e-01 -3.048180341720581055e-01
2.162327766418457031e-01 -7.367134094238281250e-04
3.551276922225952148e-01 4.285305142402648926e-01
4.248057603836059570e-01 2.160750031471252441e-01
4.209120869636535645e-01 -3.326842784881591797e-01
-4.469597935676574707e-01 3.318784236907958984e-01
3.024478554725646973e-01 4.435535073280334473e-01
-3.554030060768127441e-01 -3.203458189964294434e-01
2.642805576324462891e-01 -4.854575395584106445e-01
2.619522809982299805e-02 1.415526866912841797e-02
-3.178799152374267578e-02 6.895756721496582031e-02
2.297538518905639648e-01 -4.266661405563354492e-02
1.570039987564086914e-02 3.656943440437316895e-01
-2.341088056564331055e-01 7.411015033721923828e-02
-3.223945498466491699e-01 -4.510478973388671875e-01
1.875190734863281250e-01 -4.880821108818054199e-01
-3.107728958129882812e-01 3.282524943351745605e-01
-1.837645769119262695e-01 -1.771171689033508301e-01
-1.977818012237548828e-01 -1.507135629653930664e-01
4.962710738182067871e-01 3.724830746650695801e-01
7.603651285171508789e-02 4.251331090927124023e-01
-4.602552652359008789e-01 3.559550642967224121e-01
4.916667938232421875e-02 4.507680535316467285e-01
-2.095001935958862305e-01 9.552377462387084961e-02
-1.137208938598632812e-01 -8.622723817825317383e-02
2.747905254364013672e-01 2.457241415977478027e-01
-3.449296951293945312e-02 3.981258869171142578e-01
-1.731885075569152832e-01 7.029175758361816406e-04
-5.463600158691406250e-03 1.423428058624267578e-01
1.576458215713500977e-01 -1.021652221679687500e-01
-2.113935947418212891e-01 4.420185089111328125e-01
1.347148418426513672e-02 -1.507180929183959961e-02
-2.561490535736083984e-01 3.083212971687316895e-01
-3.489363193511962891e-01 3.852655887603759766e-01
-7.483428716659545898e-02 -6.143355369567871094e-02
4.981036186218261719e-01 1.437807083129882812e-02
3.963868618011474609e-01 1.282417178153991699e-01
-6.575834751129150391e-02 -3.479408025741577148e-01
-3.241090774536132812e-01 -4.982032775878906250e-01
4.939699172973632812e-01 -4.716451168060302734e-01
4.700933694839477539e-01 -3.417723774909973145e-01
3.769675493240356445e-01 -2.315835952758789062e-01
8.399796485900878906e-02 -4.033691883087158203e-01
4.613972902297973633e-01 1.982280611991882324e-01
-4.682311415672302246e-01 2.958482503890991211e-02
4.947355389595031738e-01 2.927198410034179688e-01
-3.282253146171569824e-01 4.274368286132812500e-03
-3.114575147628784180e-01 4.191432595252990723e-01
-4.597254395484924316e-01 2.236177921295166016e-01
1.722530722618103027e-01 -2.016490697860717773e-01
3.802113533020019531e-01 7.282578945159912109e-02
-3.633715510368347168e-01 -2.999705076217651367e-02
2.489181160926818848e-01 -2.437988519668579102e-01
4.711441993713378906e-01 6.001287698745727539e-02
-1.439199447631835938e-01 -2.440786361694335938e-02
2.855485081672668457e-01 -1.789753437042236328e-01
-3.111794590950012207e-01 5.889844894409179688e-02
-4.959197640419006348e-01 6.758737564086914062e-02
-3.223839998245239258e-01 -1.822570562362670898e-01
5.460500717163085938e-02 2.785024642944335938e-01
1.970475912094116211e-01 4.294508099555969238e-01
-2.587550878524780273e-01 -3.222835659980773926e-01
-1.786447167396545410e-01 -1.565480828285217285e-01
-4.531394243240356445e-01 3.047293424606323242e-01
-2.636631727218627930e-01 -4.265698790550231934e-01
-2.555110454559326172e-01 -2.977726459503173828e-01
-4.076242446899414062e-03 2.258128523826599121e-01
2.167844772338867188e-02 -2.643547058105468750e-01
-4.548209309577941895e-01 -3.727579712867736816e-01
4.414312839508056641e-01 -2.216886281967163086e-01
1.501230597496032715e-01 1.847068667411804199e-01
-3.169530034065246582e-01 -2.196460366249084473e-01
1.230066418647766113e-01 -4.897723197937011719e-01
1.281291246414184570e-01 4.227305650711059570e-01
9.203308820724487305e-02 1.797726750373840332e-01
8.184015750885009766e-03 -9.525954723358154297e-03
-1.007218956947326660e-01 4.209386110305786133e-01
-3.701218366622924805e-01 -2.148297429084777832e-01
1.650874614715576172e-01 -1.879423260688781738e-01
4.458052515983581543e-01 -3.667632341384887695e-01
-3.438026309013366699e-01 3.190052509307861328e-02
5.155068635940551758e-02 -1.552382111549377441e-01
4.127416610717773438e-01 4.725622534751892090e-01
-1.495455503463745117e-01 3.697568178176879883e-01
-2.489506006240844727e-01 4.773100614547729492e-01
1.135830283164978027e-01 2.310890555381774902e-01
3.165984749794006348e-01 -3.340329527854919434e-01
-2.977706789970397949e-01 -1.524451971054077148e-01
4.841930866241455078e-01 2.079373002052307129e-01
-4.163351058959960938e-01 4.723826646804809570e-01
4.211471080780029297e-01 1.939540505409240723e-01
4.607357978820800781e-01 3.540843725204467773e-01
-2.054427266120910645e-01 1.836999058723449707e-01
-1.565579175949096680e-01 4.065337181091308594e-01
-3.757920861244201660e-01 -2.276664972305297852e-01
4.499869942665100098e-01 2.097938656806945801e-01
3.281345963478088379e-01 -2.719427347183227539e-01
1.938756108283996582e-01 4.720409512519836426e-01
-6.178408861160278320e-02 4.715755581855773926e-01
5.582505464553833008e-02 -8.483040332794189453e-02
2.440195083618164062e-01 -2.825790643692016602e-02
-4.624908566474914551e-01 1.838675737380981445e-01
-4.816699028015136719e-01 3.726708889007568359e-01
3.853913545608520508e-01 2.769033908843994141e-01
1.582173109054565430e-01 -1.983320116996765137e-01
-1.918653845787048340e-01 -4.505807161331176758e-01
-1.292393207550048828e-01 -3.076698780059814453e-01
-5.353194475173950195e-02 1.325641870498657227e-01
1.611311435699462891e-01 6.987076997756958008e-02
-3.293160200119018555e-01 3.381739854812622070e-01
2.399713993072509766e-01 -8.374494314193725586e-02
6.306296586990356445e-02 4.935479164123535156e-02
1.843148469924926758e-01 1.884481310844421387e-01
-1.216512322425842285e-01 9.551757574081420898e-02
1.361447572708129883e-01 -2.848865389823913574e-01
-4.555153846740722656e-01 2.799507379531860352e-01
-4.521495103836059570e-01 -3.324270248413085938e-01
2.092172503471374512e-01 -2.510854601860046387e-01
4.038853645324707031e-01 2.970584630966186523e-01
-2.885246276855468750e-02 2.594124078750610352e-01
-9.831941127777099609e-02 4.255505800247192383e-01
-8.626252412796020508e-02 -1.061935424804687500e-01
-2.936363220214843750e-02 -2.777454853057861328e-01
4.159573912620544434e-01 -4.569460153579711914e-01
4.362196326255798340e-01 2.050871849060058594e-01
3.077467679977416992e-01 -4.699636697769165039e-01
4.133407473564147949e-01 1.352403759956359863e-01
-2.322181463241577148e-01 2.243916988372802734e-01
6.179350614547729492e-02 -2.453708648681640625e-02
-2.377963662147521973e-01 -3.739050626754760742e-01
4.607680439949035645e-01 -1.246465444564819336e-01
-2.886946201324462891e-01 6.200367212295532227e-02
2.891394495964050293e-01 1.158287525177001953e-01
2.393434643745422363e-01 1.414464116096496582e-01
7.414650917053222656e-02 -1.796120405197143555e-02
4.951206445693969727e-01 2.361288070678710938e-01
-3.284180164337158203e-01 5.270373821258544922e-02
-2.476396560668945312e-01 -3.683412671089172363e-01
9.803479909896850586e-02 -3.398995995521545410e-01
-3.482770323753356934e-01 -8.096075057983398438e-02
2.264653444290161133e-01 -1.174498796463012695e-01
-3.325050473213195801e-01 -3.787182569503784180e-01
-2.577282786369323730e-01 -3.107005953788757324e-01
1.970361471176147461e-01 4.971534013748168945e-01
7.385319471359252930e-02 1.832944750785827637e-01
2.575987577438354492e-02 2.862472534179687500e-01
2.593673467636108398e-01 -2.103515267372131348e-01
-3.390122652053833008e-01 5.599123239517211914e-02
-8.791989088058471680e-02 -2.714560031890869141e-01
-3.449113368988037109e-01 -3.349071741104125977e-02
-2.905864715576171875e-01 1.855697631835937500e-01
-1.672333478927612305e-01 2.187831997871398926e-01
-3.813170790672302246e-01 3.971189260482788086e-02
3.218960165977478027e-01 4.628844261169433594e-01
3.445082902908325195e-02 -3.104084134101867676e-01
1.108318567276000977e-02 -2.526117563247680664e-01
3.972116708755493164e-01 -5.055332183837890625e-02
4.091483950614929199e-01 -1.120868325233459473e-01
1.724730730056762695e-01 -4.219417572021484375e-01
4.792367815971374512e-01 -2.636598348617553711e-01
2.765694260597229004e-01 3.571494817733764648e-01
2.253312468528747559e-01 -3.772393465042114258e-01
4.235557317733764648e-01 8.371376991271972656e-02
-3.627650141716003418e-01 -1.932340264320373535e-01
9.827136993408203125e-03 -3.379102349281311035e-01
-2.233626246452331543e-01 3.837612867355346680e-01
3.368160128593444824e-01 -2.410082817077636719e-01
-9.111326932907104492e-02 -7.823401689529418945e-02
4.000848531723022461e-01 -2.033699154853820801e-01
-4.195342063903808594e-01 -3.584739565849304199e-01
-4.349220395088195801e-01 -1.298838257789611816e-01
4.116473793983459473e-01 9.531122446060180664e-02
-2.187638878822326660e-01 -1.962618231773376465e-01
4.594757556915283203e-01 4.056770801544189453e-01
4.614543914794921875e-02 -1.347419619560241699e-01
-3.498919010162353516e-01 -4.609069824218750000e-01
-4.067249298095703125e-01 -2.562198638916015625e-01
9.528231620788574219e-02 -3.010099530220031738e-01
1.916718482971191406e-01 2.831470370292663574e-01
-2.387478947639465332e-01 4.644113779067993164e-01
3.030611276626586914e-01 -3.258276581764221191e-01
3.055745363235473633e-01 -1.200957298278808594e-01
8.925133943557739258e-02 -3.915943503379821777e-01
2.758738994598388672e-01 -2.586686611175537109e-01
-1.390380263328552246e-01 -4.349112510681152344e-02
-3.587137460708618164e-01 -1.196369528770446777e-01
-4.543852806091308594e-01 3.087230920791625977e-01
-1.872279644012451172e-01 3.307033181190490723e-01
-6.366401910781860352e-02 2.923335433006286621e-01
1.954545378684997559e-01 -4.247170686721801758e-02
-1.980131268501281738e-01 -8.956670761108398438e-02
4.108852744102478027e-01 -1.165188550949096680e-01
1.436447501182556152e-01 1.355527043342590332e-01
-1.517719030380249023e-01 -5.451303720474243164e-02
-1.212239265441894531e-02 -3.836904168128967285e-01
2.255192399024963379e-01 -2.595941424369812012e-01
1.899757385253906250e-01 -3.882211446762084961e-02
4.513885378837585449e-01 3.050493001937866211e-01
-4.280683994293212891e-01 2.311353087425231934e-01
-1.399478912353515625e-01 -3.869702816009521484e-01
5.963706970214843750e-02 2.601907849311828613e-01
3.500590920448303223e-01 2.777749300003051758e-02
-2.690552473068237305e-01 -1.260792016983032227e-01
-2.090430259704589844e-02 1.847183108329772949e-01
-1.809272170066833496e-01 4.351556897163391113e-01
1.425281167030334473e-01 -2.438865900039672852e-01
4.126414656639099121e-01 -2.888441681861877441e-01
1.912930607795715332e-01 3.112426996231079102e-01
3.909487724304199219e-01 2.137859463691711426e-01
4.890400171279907227e-02 -6.938356161117553711e-02
-2.114939689636230469e-01 -3.721038699150085449e-01
2.957224845886230469e-02 -4.908999800682067871e-01
3.629996776580810547e-01 4.108613729476928711e-01
4.818657636642456055e-01 -3.777755498886108398e-01
1.582115888595581055e-01 2.934656739234924316e-01
-4.513099789619445801e-01 -4.716363549232482910e-01
-1.776403188705444336e-01 4.208447933197021484e-01
-7.014757394790649414e-02 4.390182495117187500e-01
-2.832179069519042969e-01 4.706873297691345215e-01
-2.945916056632995605e-01 -4.347752332687377930e-01
-4.525643587112426758e-01 -2.855390906333923340e-01
-2.513766288757324219e-02 3.846506476402282715e-01
-7.830661535263061523e-02 4.670758247375488281e-01
2.324750423431396484e-01 4.465240836143493652e-01
4.260736107826232910e-01 8.598119020462036133e-02
-3.952590227127075195e-01 1.579529643058776855e-01
-2.025623917579650879e-01 -8.544772863388061523e-02
-3.352054953575134277e-01 -2.911647558212280273e-01
-9.746682643890380859e-02 2.424091696739196777e-01
6.872516870498657227e-02 -3.288515210151672363e-01
3.817570209503173828e-02 4.949010014533996582e-01
-3.611730337142944336e-01 2.278470396995544434e-01
4.867274761199951172e-01 -1.121115684509277344e-02
-1.598877310752868652e-01 -3.202158808708190918e-01
-5.887961387634277344e-02 2.912840843200683594e-01
1.755597591400146484e-01 -2.165160775184631348e-01
-1.692562103271484375e-01 -4.421458244323730469e-01
4.884989857673645020e-01 3.831087350845336914e-01
1.872657537460327148e-01 3.891471624374389648e-01
4.655497074127197266e-01 1.279128789901733398e-01
2.604706883430480957e-01 -4.845179319381713867e-01
-4.655149579048156738e-01 6.990623474121093750e-02
-4.539874792098999023e-01 -2.817759513854980469e-01
-3.528347611427307129e-01 -4.853677749633789062e-02
-2.347583174705505371e-01 7.196372747421264648e-02
4.695554375648498535e-01 -3.171472549438476562e-01
3.940374851226806641e-01 -1.207518577575683594e-02
-3.818697929382324219e-01 3.006563186645507812e-01
3.775674700736999512e-01 -1.246273517608642578e-03
1.531063318252563477e-01 -1.549605131149291992e-01
-2.700984477996826172e-02 4.536380767822265625e-01
3.556326031684875488e-01 -8.393460512161254883e-02
-3.297186493873596191e-01 4.677315950393676758e-01
-6.985414028167724609e-02 4.454787373542785645e-01
4.866282939910888672e-01 2.131114006042480469e-01
-1.176327466964721680e-01 -2.560424208641052246e-01
-3.121847510337829590e-01 2.218677401542663574e-01
2.070656418800354004e-01 3.684597015380859375e-01
-3.985887169837951660e-01 -4.421238303184509277e-01
-2.680015563964843750e-01 1.129145026206970215e-01
4.460251331329345703e-02 -3.319123983383178711e-01
3.412982821464538574e-01 1.572982668876647949e-01
3.189557790756225586e-01 -3.862985968589782715e-01
-4.107943177223205566e-01 2.706070542335510254e-01
-3.506660461425781250e-01 3.696550726890563965e-01
1.978088617324829102e-01 9.485858678817749023e-02
-3.477451801300048828e-01 -2.000053524971008301e-01
-1.577405929565429688e-01 -1.365448236465454102e-01
3.370006084442138672e-01 2.519612908363342285e-01
1.394325494766235352e-01 2.316913008689880371e-01
-4.790559411048889160e-01 -3.412054181098937988e-01
-4.392449855804443359e-01 -3.041653633117675781e-01
-4.279050827026367188e-01 -4.268516302108764648e-01
-3.684872984886169434e-01 1.436996459960937500e-02
-1.833221912384033203e-01 -7.714045047760009766e-02
-3.975574374198913574e-01 -4.056928753852844238e-01
2.373439073562622070e-02 2.960989475250244141e-01
3.500419259071350098e-01 1.923990249633789062e-02
-3.372853994369506836e-01 2.685053348541259766e-01
4.527027010917663574e-01 -4.816997051239013672e-01
1.489292979240417480e-01 -2.435427904129028320e-02
1.748259663581848145e-01 2.889963984489440918e-01
3.902381658554077148e-01 1.316956877708435059e-01
1.003053784370422363e-01 4.608466029167175293e-01
-4.055594205856323242e-01 -4.172294735908508301e-01
8.308905363082885742e-02 -3.761791586875915527e-01
-2.556633949279785156e-02 -1.776259541511535645e-01
-4.289882183074951172e-01 -3.226937651634216309e-01
-1.144211888313293457e-01 -1.724686026573181152e-01
-9.251481294631958008e-02 3.672791123390197754e-01
-4.069352149963378906e-02 2.362449765205383301e-01
-1.107656955718994141e-02 -2.979015111923217773e-01
-3.448349237442016602e-01 -3.948264122009277344e-01
2.156497836112976074e-01 6.370699405670166016e-02
1.748887300491333008e-01 -4.067971706390380859e-01
-4.028648138046264648e-01 2.562421560287475586e-02
2.844198346138000488e-01 -2.276428341865539551e-01
-1.266162991523742676e-01 4.033758044242858887e-01
1.547811031341552734e-01 1.660674810409545898e-02
-2.707263231277465820e-01 -3.584571480751037598e-01
-4.043247103691101074e-01 -1.043700575828552246e-01
3.977440595626831055e-01 3.819160461425781250e-01
-2.183027863502502441e-01 -6.366515159606933594e-02
4.780173301696777344e-01 2.379320263862609863e-01
4.087087512016296387e-01 -3.603376150131225586e-01
2.699731588363647461e-01 4.161252379417419434e-01
1.382939815521240234e-01 4.091906547546386719e-02
-1.611153483390808105e-01 -1.860303282737731934e-01
1.347923278808593750e-02 -1.289119720458984375e-01
-4.959743022918701172e-01 4.378277063369750977e-02
-2.514916658401489258e-02 1.457333564758300781e-01
2.582573890686035156e-01 -8.364826440811157227e-02
1.919078826904296875e-02 3.999015688896179199e-01
-4.161313176155090332e-01 -3.018263578414916992e-01
1.875984668731689453e-02 -9.932988882064819336e-02
-3.583062887191772461e-01 2.203550934791564941e-01
2.499790787696838379e-01 1.316139101982116699e-01
-2.953845858573913574e-01 -1.585640907287597656e-01
3.495487570762634277e-01 2.505653500556945801e-01
1.800382137298583984e-02 -8.261114358901977539e-02
4.434347152709960938e-02 -2.795135974884033203e-01
-3.763643503189086914e-01 -1.559559702873229980e-01
5.475157499313354492e-02 -3.340166807174682617e-01
1.652155518531799316e-01 3.047956228256225586e-01
-1.835795044898986816e-01 2.620767354965209961e-01
-4.568052887916564941e-01 2.767708897590637207e-01
-2.580649852752685547e-01 2.396878004074096680e-01
4.622261524200439453e-01 1.580145955085754395e-01
-1.306074857711791992e-01 4.274060726165771484e-01
-7.245433330535888672e-02 -3.983818292617797852e-01
1.983933448791503906e-01 -4.084506630897521973e-01
-1.930549740791320801e-01 -1.692820787429809570e-01
-2.309483885765075684e-01 -8.804237842559814453e-02
1.757952570915222168e-01 2.359467148780822754e-01
2.659795880317687988e-01 -6.743758916854858398e-02
-2.176606059074401855e-01 9.832918643951416016e-02
-1.372966170310974121e-01 -1.415016651153564453e-01
5.133211612701416016e-03 4.808387160301208496e-01
-4.965567588806152344e-02 -1.913602948188781738e-01
-2.028147578239440918e-01 1.318616867065429688e-01
-2.098772525787353516e-01 -8.983051776885986328e-02
-4.337211847305297852e-01 2.163454890251159668e-01
-3.700444698333740234e-01 3.721641898155212402e-01
2.663424015045166016e-01 2.378923892974853516e-01
2.607857584953308105e-01 -2.683399915695190430e-01
-1.606835722923278809e-01 4.576849937438964844e-02
-4.963044524192810059e-01 1.720494031906127930e-02
-4.183813929557800293e-01 -1.312519311904907227e-01
3.574682474136352539e-01 -4.458095431327819824e-01
9.703010320663452148e-02 -4.108482003211975098e-01
-4.925291538238525391e-01 3.939713239669799805e-01
3.081571459770202637e-01 2.585625648498535156e-02
4.596318602561950684e-01 4.107575416564941406e-01
-4.376153349876403809e-01 1.073976159095764160e-01
-9.351027011871337891e-02 2.489706277847290039e-01
1.297142505645751953e-01 -4.906216263771057129e-01
-4.538304805755615234e-01 -1.954881548881530762e-01
-4.507899284362792969e-03 -4.091268777847290039e-01
2.861304879188537598e-01 -2.143854498863220215e-01
4.744347333908081055e-01 4.766032099723815918e-01
-6.647974252700805664e-02 2.958304286003112793e-01
-2.645968794822692871e-01 -3.412961959838867188e-03
-2.013099193572998047e-01 3.246358633041381836e-01
-2.585346102714538574e-01 5.460697412490844727e-02
3.385139703750610352e-01 -3.318059444427490234e-02
8.415454626083374023e-02 -4.380015730857849121e-01
2.933745980262756348e-01 -2.625609636306762695e-01
4.765367507934570312e-02 -2.290459275245666504e-01
1.490348577499389648e-01 -8.797001838684082031e-02
4.926365017890930176e-01 4.630900621414184570e-01
1.454262137413024902e-01 1.486705541610717773e-01
-4.059601426124572754e-01 4.034631848335266113e-01
-6.863296031951904297e-02 -1.578602790832519531e-01
-4.463986754417419434e-01 1.849415302276611328e-01
-1.008349061012268066e-01 1.967449784278869629e-01
-3.321266174316406250e-02 4.551713466644287109e-01
-3.561776876449584961e-01 1.517683267593383789e-02
-1.007210016250610352e-01 8.082473278045654297e-02
8.292901515960693359e-02 -2.497839331626892090e-01
-6.170141696929931641e-02 2.266620397567749023e-01
1.472693681716918945e-02 2.746560573577880859e-01
3.579675555229187012e-01 -3.684255480766296387e-01
2.406618595123291016e-01 -4.293805360794067383e-02
2.887575626373291016e-01 1.697131991386413574e-01
2.015380263328552246e-01 -3.823242187500000000e-01
-2.104970216751098633e-01 4.863023757934570312e-03
-2.927585840225219727e-01 -1.693115234375000000e-01
1.069364547729492188e-01 3.529696464538574219e-01
1.682468056678771973e-01 -1.403264403343200684e-01
9.276074171066284180e-02 -3.665435314178466797e-02
4.366342425346374512e-01 -2.737972140312194824e-01
1.857904791831970215e-01 2.104505300521850586e-01
3.762503862380981445e-01 4.102683067321777344e-02
4.530330300331115723e-01 4.992408156394958496e-01
2.158210873603820801e-01 9.325259923934936523e-02
4.893334507942199707e-01 2.231200933456420898e-01
-3.757530450820922852e-01 1.223163604736328125e-01
4.826321005821228027e-01 3.496484160423278809e-01
1.619976162910461426e-01 -4.750939011573791504e-01
9.744131565093994141e-02 -3.261617422103881836e-01
1.478558778762817383e-01 3.690600395202636719e-03
-2.699092626571655273e-01 2.195867896080017090e-01
-1.684625744819641113e-01 -4.655563831329345703e-02
-4.754795432090759277e-01 -2.278509736061096191e-01
2.563629746437072754e-01 3.720891475677490234e-01
-4.723935723304748535e-01 -6.406557559967041016e-02
3.802962303161621094e-01 4.190504550933837891e-02
-4.902840852737426758e-01 -1.342976689338684082e-01
-3.685083389282226562e-01 2.609241604804992676e-01
-3.793975710868835449e-01 -4.928909540176391602e-01
-4.723644256591796875e-02 2.318015694618225098e-01
4.310057759284973145e-01 -2.374057173728942871e-01
-3.533880114555358887e-01 2.789775729179382324e-01
-4.209212660789489746e-01 -5.723887681961059570e-02
-4.451729059219360352e-01 -4.501772522926330566e-01
3.309162855148315430e-01 -3.331906795501708984e-01
1.768182516098022461e-01 -5.986380577087402344e-02
2.804425954818725586e-01 -3.449839949607849121e-01
-1.725497841835021973e-01 4.425091147422790527e-01
4.905177354812622070e-01 1.021033525466918945e-02
-1.586328148841857910e-01 -4.221445322036743164e-02
2.492666840553283691e-01 -3.833540678024291992e-01
4.149183034896850586e-01 -4.660804867744445801e-01
3.936591744422912598e-01 3.457160592079162598e-01
-3.765435218811035156e-01 4.652003049850463867e-01
-4.477441310882568359e-01 2.138648033142089844e-01
3.362366557121276855e-01 -2.107892632484436035e-01
-1.443645358085632324e-01 -1.423414945602416992e-01
-4.384243488311767578e-02 -3.367301821708679199e-01
1.038970947265625000e-01 9.272277355194091797e-02
-1.248645782470703125e-02 2.093825936317443848e-01
-4.955343604087829590e-01 3.971934318542480469e-01
2.029667496681213379e-01 -1.252330541610717773e-01
2.006493210792541504e-01 4.169068336486816406e-01
-2.064396142959594727e-01 -4.309939146041870117e-01
-1.601885557174682617e-01 4.588817954063415527e-01
3.753256201744079590e-01 1.371912956237792969e-01
-4.228124022483825684e-01 4.195060729980468750e-01
-8.802467584609985352e-02 5.617916584014892578e-02
1.924732327461242676e-01 -2.050940394401550293e-01
3.922750949859619141e-01 1.670449972152709961e-02
4.083325862884521484e-01 2.250829935073852539e-01
-4.977560639381408691e-01 -1.008401513099670410e-01
4.567435979843139648e-01 -4.356834292411804199e-01
1.329414844512939453e-01 -4.877362251281738281e-01
4.170567989349365234e-01 4.744929075241088867e-01
-3.341315388679504395e-01 -1.512929201126098633e-01
-4.757690429687500000e-01 -4.245734214782714844e-01
-2.960467338562011719e-02 2.052112221717834473e-01
1.222380399703979492e-01 -1.315690875053405762e-01
-2.296924591064453125e-01 -4.582953453063964844e-02
-1.395267248153686523e-01 1.058156490325927734e-01
1.459321379661560059e-01 -1.395807862281799316e-01
1.134870052337646484e-01 -3.720214366912841797e-01
1.594867706298828125e-01 4.725154042243957520e-01
-3.548731803894042969e-01 1.957668662071228027e-01
-4.160273671150207520e-01 4.732967615127563477e-01
3.175526261329650879e-01 -4.483759999275207520e-01
1.317330598831176758e-01 -1.294782757759094238e-01
4.672120809555053711e-01 -1.765482425689697266e-01
4.198305606842041016e-01 1.633092164993286133e-01
4.140626788139343262e-01 3.060356974601745605e-01
1.117036938667297363e-01 -2.816995978355407715e-01
2.639009356498718262e-01 2.514503002166748047e-01
3.934605717658996582e-01 1.121185421943664551e-01
8.062839508056640625e-02 2.104483842849731445e-01
-8.089321851730346680e-02 1.114453077316284180e-01
-4.328393340110778809e-01 -4.053043127059936523e-01
2.179979085922241211e-01 4.671580195426940918e-01
3.918116092681884766e-01 3.373631834983825684e-01
-1.903621554374694824e-01 3.859099149703979492e-01
-7.487702369689941406e-02 -4.605816006660461426e-01
-4.717657566070556641e-01 2.967888116836547852e-02
-2.584270834922790527e-01 1.326264142990112305e-01
-5.933237075805664062e-02 -3.755006194114685059e-01
-9.767210483551025391e-02 -2.666215300559997559e-01
4.981368184089660645e-01 -2.977365255355834961e-01
8.345317840576171875e-02 -2.050421833992004395e-01
3.461313247680664062e-02 4.595518112182617188e-01
-2.946650981903076172e-02 1.023110151290893555e-01
4.778506755828857422e-01 -4.011971354484558105e-01
2.896229624748229980e-01 3.348687887191772461e-01
2.184361219406127930e-01 6.701493263244628906e-02
-2.612261772155761719e-01 1.952677369117736816e-01
2.579777240753173828e-01 4.704070687294006348e-01
4.893425107002258301e-01 4.155669212341308594e-01
2.026840448379516602e-01 -3.747084140777587891e-01
3.040748834609985352e-02 3.815613389015197754e-01
2.509458065032958984e-01 3.929755091667175293e-01
2.944514751434326172e-01 -5.040419101715087891e-02
-8.809697628021240234e-02 -1.561037898063659668e-01
-3.304439187049865723e-01 2.319475412368774414e-01
-4.691997766494750977e-01 -2.486465573310852051e-01
1.206303238868713379e-01 -4.529615640640258789e-01
1.472097039222717285e-01 -2.805196046829223633e-01
-2.247555851936340332e-01 3.074487447738647461e-01
4.733332991600036621e-01 1.504632830619812012e-01
1.298193335533142090e-01 1.232922077178955078e-01
4.307194948196411133e-01 1.501613259315490723e-01
-4.191026687622070312e-01 -4.248624444007873535e-01
-1.756119728088378906e-01 4.132137894630432129e-01
2.156146168708801270e-01 -3.887060284614562988e-01
8.980470895767211914e-02 2.950108051300048828e-01
-2.967929840087890625e-01 1.694201827049255371e-01
4.231117963790893555e-01 3.233268260955810547e-01
2.237092852592468262e-01 -2.895461916923522949e-01
5.267030000686645508e-02 1.883220672607421875e-02
4.276062846183776855e-01 -3.188118338584899902e-01
2.729898691177368164e-02 2.946808338165283203e-01
-4.390901327133178711e-02 9.188807010650634766e-02
2.484016418457031250e-01 3.357958793640136719e-02
4.577016234397888184e-01 -2.174210548400878906e-02
-1.526864767074584961e-01 3.026705980300903320e-02
-3.820674419403076172e-01 2.942394018173217773e-01
-1.308258175849914551e-01 3.910350799560546875e-02
-3.166048526763916016e-01 5.968165397644042969e-02
2.055284976959228516e-01 8.556431531906127930e-02
-2.950683236122131348e-01 -2.021285891532897949e-01
-3.116822838783264160e-01 -2.685108780860900879e-01
3.845350146293640137e-01 -2.067573070526123047e-01
6.732249259948730469e-02 -3.948372006416320801e-01
-6.710386276245117188e-02 1.294612884521484375e-04
2.378100156784057617e-02 3.361760377883911133e-01
-3.125124573707580566e-01 -1.251799464225769043e-01
3.631574511528015137e-01 -4.021044969558715820e-01
-4.687210917472839355e-01 -1.779041886329650879e-01
-2.238430976867675781e-01 4.082193970680236816e-01
2.193924784660339355e-01 -7.922667264938354492e-02
1.662989854812622070e-01 -1.643982529640197754e-01
3.958470225334167480e-01 4.791452884674072266e-01
-2.847185134887695312e-01 4.860204458236694336e-02
-1.822613477706909180e-01 -1.898684501647949219e-01
-3.828138113021850586e-01 -2.854322791099548340e-01
2.961563467979431152e-01 2.862313389778137207e-01
-5.343675613403320312e-02 -2.913098335266113281e-01
-2.668589353561401367e-02 -3.123648166656494141e-01
4.346551895141601562e-01 3.362185359001159668e-01
-9.047085046768188477e-02 -2.273507118225097656e-01
1.163293123245239258e-01 2.938485145568847656e-01
3.522351980209350586e-01 3.222028613090515137e-01
-2.104187011718750000e-01 3.017827272415161133e-01
-6.193870306015014648e-02 -4.954283833503723145e-01
3.303033113479614258e-02 7.105326652526855469e-02
-1.484847068786621094e-01 -8.397418260574340820e-02
3.435150384902954102e-01 9.408354759216308594e-02
-1.960453391075134277e-01 -2.103372812271118164e-01
1.959072947502136230e-01 2.450693249702453613e-01
3.331366181373596191e-01 -1.890029907226562500e-01
-2.688425183296203613e-01 -3.530741333961486816e-01
2.479240894317626953e-01 -2.744722366333007812e-02
-4.037164449691772461e-01 3.423533439636230469e-01
-7.103443145751953125e-02 3.007366657257080078e-01
-4.523984789848327637e-01 1.571182608604431152e-01
5.276745557785034180e-02 3.178682327270507812e-01
-9.245330095291137695e-02 3.835690021514892578e-02
-1.432173252105712891e-01 4.408198595046997070e-01
4.909592270851135254e-01 1.607012152671813965e-01
-3.307372331619262695e-02 -3.493058681488037109e-01
4.293207526206970215e-01 4.674438834190368652e-01
3.069788813591003418e-01 -3.830574750900268555e-01
-3.826133012771606445e-01 5.920761823654174805e-02
-1.746535301208496094e-03 3.250625729560852051e-01
-2.855898737907409668e-01 -4.756417274475097656e-01
-1.056718230247497559e-01 1.008011698722839355e-01
-1.350086331367492676e-01 7.645857334136962891e-02
4.576170444488525391e-01 6.408393383026123047e-02
-4.717481732368469238e-01 -2.907724380493164062e-01
-2.451968193054199219e-01 -1.933534145355224609e-01
3.222979307174682617e-01 -9.987431764602661133e-02
4.575294256210327148e-02 3.753924369812011719e-01
-2.166011333465576172e-01 -1.131691932678222656e-01
1.504572629928588867e-01 3.034777045249938965e-01
-1.184753179550170898e-01 -3.782345056533813477e-01
-9.756642580032348633e-02 -2.518950700759887695e-01
1.808875203132629395e-01 -2.346232533454895020e-01
-9.927988052368164062e-02 -4.588670134544372559e-01
-5.593729019165039062e-02 1.873824596405029297e-01
1.297914981842041016e-02 3.192561268806457520e-01
-3.067682385444641113e-01 -4.878826737403869629e-01
-4.772310853004455566e-01 4.842802882194519043e-01
-4.723346829414367676e-01 -4.963066577911376953e-01
-4.034648537635803223e-01 -2.044090628623962402e-01
8.642214536666870117e-02 3.533632159233093262e-01
4.834568500518798828e-02 2.262394428253173828e-01
-3.020763397216796875e-01 -2.793182134628295898e-01
-2.081717848777770996e-01 1.781809329986572266e-02
3.140262365341186523e-01 3.943867087364196777e-01
-1.002748012542724609e-01 -4.412869811058044434e-01
7.081854343414306641e-02 -2.530187368392944336e-01
2.844866514205932617e-01 4.625816345214843750e-01
-1.997388005256652832e-01 1.448647975921630859e-01
3.643919825553894043e-01 -4.549331665039062500e-01
-3.470945358276367188e-01 4.958780407905578613e-01
-2.377837896347045898e-01 -1.439352631568908691e-01
4.510550498962402344e-01 1.467104554176330566e-01
3.331782221794128418e-01 -3.890891075134277344e-01
4.914397001266479492e-02 2.981789708137512207e-01
9.644228219985961914e-02 -3.633889555931091309e-01
1.392827630043029785e-01 5.880302190780639648e-02
-4.043570160865783691e-01 -2.010010480880737305e-01
-9.795618057250976562e-02 2.938202619552612305e-01
3.007591962814331055e-01 1.354535222053527832e-01
7.061368227005004883e-02 1.681025624275207520e-01
1.423220634460449219e-01 2.965152263641357422e-03
5.757534503936767578e-02 -1.987123489379882812e-02
-6.483399868011474609e-02 -1.572685241699218750e-01
2.694416046142578125e-02 1.802534461021423340e-01
9.309130907058715820e-02 2.677878737449645996e-01
-3.216232061386108398e-01 2.361251115798950195e-01
9.022641181945800781e-02 -1.673750877380371094e-01
9.876590967178344727e-02 -3.582435846328735352e-01
-3.016439080238342285e-01 2.600511908531188965e-01
4.431860446929931641e-01 -4.281507134437561035e-01
1.721446514129638672e-01 3.320585489273071289e-01
1.509006023406982422e-01 -1.006526350975036621e-01
-5.852645635604858398e-02 1.934974193572998047e-01
5.063217878341674805e-02 6.111085414886474609e-02
2.014204263687133789e-01 2.662101387977600098e-01
2.365168333053588867e-01 1.391835212707519531e-01
2.831513881683349609e-01 -3.700834512710571289e-02
-6.314313411712646484e-02 -9.180450439453125000e-02
4.679481983184814453e-01 1.699340939521789551e-01
-4.624443650245666504e-01 2.216151952743530273e-01
-7.360452413558959961e-02 2.535730004310607910e-01
-3.497590422630310059e-01 -4.416860938072204590e-01
4.538061618804931641e-01 3.008370995521545410e-01
4.315009713172912598e-01 -4.635595679283142090e-01
-9.187424182891845703e-02 3.848512768745422363e-01
4.575288295745849609e-02 -4.689199924468994141e-01
1.440535187721252441e-01 -2.488324046134948730e-01
1.793531179428100586e-01 -2.189841270446777344e-01
3.198922276496887207e-01 -4.990302324295043945e-01
2.350376844406127930e-01 -4.546937346458435059e-01
4.614164829254150391e-01 5.063772201538085938e-03
4.626007080078125000e-01 -1.227778792381286621e-01
-2.169430255889892578e-01 5.622446537017822266e-02
-4.153175950050354004e-01 -2.755434513092041016e-01
2.719551920890808105e-01 -1.901160478591918945e-01
1.292155385017395020e-01 3.076541423797607422e-02
-5.604618787765502930e-02 3.405053615570068359e-01
-3.394771218299865723e-01 -3.684729933738708496e-01
1.372735500335693359e-01 1.440595388412475586e-01
-8.135914802551269531e-02 -8.714151382446289062e-02
-2.555350065231323242e-01 4.396862983703613281e-01
1.169751286506652832e-01 -1.587752103805541992e-01
-3.935827612876892090e-01 3.231328129768371582e-01
-1.709228754043579102e-01 -4.925130605697631836e-01
4.579367637634277344e-01 4.722260236740112305e-01
4.828774929046630859e-01 2.855217456817626953e-02
4.568384289741516113e-01 4.793993830680847168e-01
4.371379613876342773e-01 -2.353774905204772949e-01
1.693020462989807129e-01 -2.126547694206237793e-01
7.642829418182373047e-02 -1.248527765274047852e-01
-4.397343397140502930e-01 8.619111776351928711e-02
4.816167950630187988e-01 1.979567408561706543e-01
3.532475233078002930e-02 -4.536338448524475098e-01
1.924515366554260254e-01 -1.821239590644836426e-01
-1.984465122222900391e-02 -1.686118841171264648e-01
1.091659665107727051e-01 -3.690621256828308105e-01
6.026494503021240234e-02 -3.592175841331481934e-01
-3.072571754455566406e-01 1.574404239654541016e-01
-4.977017045021057129e-01 2.916030287742614746e-01
2.657758593559265137e-01 2.862440943717956543e-01
4.827474951744079590e-01 -2.308453321456909180e-01
2.549731731414794922e-02 -8.453941345214843750e-02
-1.947572827339172363e-01 2.031132578849792480e-01
-4.342067241668701172e-02 1.355360150337219238e-01
3.342767357826232910e-01 -9.200167655944824219e-02
-7.122039794921875000e-03 -7.745206356048583984e-03
-4.524627327919006348e-01 8.911508321762084961e-02
-2.259445190429687500e-01 3.731371760368347168e-01
-2.988033294677734375e-01 2.812215089797973633e-01
-4.919211268424987793e-01 -2.069393992424011230e-01
-2.950813174247741699e-01 4.724445939064025879e-01
-3.105999231338500977e-01 4.024341702461242676e-01
-8.043974637985229492e-02 -3.222281336784362793e-01
-8.845281600952148438e-02 5.258524417877197266e-02
4.982234239578247070e-01 3.644492030143737793e-01
3.464026451110839844e-01 -4.583917856216430664e-01
1.525951623916625977e-01 -4.261034727096557617e-01
2.035967707633972168e-01 -4.446151256561279297e-01
-9.304732084274291992e-02 -4.838805198669433594e-01
-4.547045230865478516e-01 -3.012003898620605469e-01
3.361994624137878418e-01 1.850482225418090820e-01
9.998917579650878906e-02 -3.035269975662231445e-01
2.796925902366638184e-01 8.491069078445434570e-02
2.696318626403808594e-01 -2.549790143966674805e-01
-1.253973841667175293e-01 -3.097176551818847656e-02
-8.130103349685668945e-02 2.138399481773376465e-01
-1.621776819229125977e-02 9.695017337799072266e-02
1.735024452209472656e-01 -4.555821418762207031e-01
1.499307751655578613e-01 -4.981092810630798340e-01
2.339722514152526855e-01 2.244665026664733887e-01
-1.361224651336669922e-01 3.011174798011779785e-01
-4.669689536094665527e-01 -4.347294569015502930e-02
-3.478991985321044922e-01 -2.211714386940002441e-01
2.371218204498291016e-01 -3.711276650428771973e-01
-4.085626602172851562e-01 -4.783964753150939941e-01
-2.789056301116943359e-01 4.286330938339233398e-02
-4.998375177383422852e-01 4.119658470153808594e-02
2.710395455360412598e-01 -4.409186840057373047e-01
4.219141602516174316e-01 4.372401833534240723e-01
-2.224684953689575195e-01 4.913709759712219238e-01
3.911387324333190918e-01 1.640831828117370605e-01
4.387342929840087891e-01 -3.249756693840026855e-01
-3.141682147979736328e-01 2.227598428726196289e-02
3.832212686538696289e-01 -3.913074731826782227e-02
1.089065670967102051e-01 -1.305083036422729492e-01
-3.798062801361083984e-01 -3.005475997924804688e-01
-6.934285163879394531e-02 6.254434585571289062e-02
4.939520955085754395e-01 3.823727965354919434e-01
-1.654961109161376953e-01 -8.142083883285522461e-02
2.599286437034606934e-01 -4.129085540771484375e-01
4.805929064750671387e-01 3.252286911010742188e-01
7.602679729461669922e-02 -1.786184906959533691e-01
2.220427989959716797e-02 -4.813691377639770508e-01
8.699494600296020508e-02 -2.819541692733764648e-01
4.233127236366271973e-01 2.075710296630859375e-01
-1.520981788635253906e-01 -2.897337675094604492e-01
-4.166743755340576172e-01 -2.510443329811096191e-01
-3.703296184539794922e-03 3.219986557960510254e-01
2.562938332557678223e-01 -5.732303857803344727e-02
3.651911020278930664e-01 8.710741996765136719e-03
2.456137537956237793e-01 -1.225499510765075684e-01
-2.577980160713195801e-01 -1.172024011611938477e-02
4.804797768592834473e-01 -3.094943761825561523e-01
-6.750583648681640625e-02 -3.965914845466613770e-01
-1.529899239540100098e-01 4.831367731094360352e-02
1.911325454711914062e-01 -2.236887216567993164e-01
8.271205425262451172e-02 -4.858487844467163086e-02
3.719923496246337891e-01 -3.465520143508911133e-01
1.254292130470275879e-01 -2.531402111053466797e-01
-8.036756515502929688e-02 3.551716804504394531e-01
2.740533947944641113e-01 -7.657867670059204102e-02
-2.389171123504638672e-01 -1.563711166381835938e-01
-1.960057020187377930e-01 7.555186748504638672e-03
2.580928802490234375e-01 2.990180850028991699e-01
-3.095060586929321289e-01 2.590000033378601074e-01
2.374803423881530762e-01 -5.977159738540649414e-02
-3.692787885665893555e-02 1.749314665794372559e-01
-2.582163810729980469e-01 1.127770543098449707e-01
1.414924263954162598e-01 -3.121817111968994141e-02
8.088558912277221680e-02 -3.331400752067565918e-01
4.503202438354492188e-02 -9.324544668197631836e-02
-2.503052949905395508e-01 2.891325950622558594e-01
-3.790076971054077148e-01 -2.828704118728637695e-01
-5.423343181610107422e-02 2.399778962135314941e-01
4.586467146873474121e-01 1.590963006019592285e-01
-9.431189298629760742e-02 -3.710648417472839355e-01
-4.353932142257690430e-01 4.316002726554870605e-01
3.353649377822875977e-01 2.959284186363220215e-01
1.406471133232116699e-01 2.501604557037353516e-01
-2.697408199310302734e-02 -4.138088226318359375e-01
-1.568565368652343750e-01 2.143850326538085938e-01
2.532316446304321289e-01 1.626423001289367676e-01
2.301599979400634766e-01 -3.967608213424682617e-01
4.690473079681396484e-01 -1.906575560569763184e-01
5.966979265213012695e-02 -3.445669412612915039e-01
-4.635561108589172363e-01 4.957846999168395996e-01
2.678024172782897949e-01 2.629189491271972656e-01
-4.020670652389526367e-01 -1.419344544410705566e-01
-3.032262921333312988e-01 -2.888820767402648926e-01
-2.625135183334350586e-01 1.413612365722656250e-01
1.912051439285278320e-01 1.693665981292724609e-03
-3.763343691825866699e-01 5.151152610778808594e-03
-1.224389076232910156e-01 -2.223519086837768555e-01
3.608573079109191895e-01 -2.108486294746398926e-01
2.888488769531250000e-02 -4.784417152404785156e-02
-2.458839416503906250e-01 3.940744996070861816e-01
-3.979675173759460449e-01 4.075356125831604004e-01
-1.941118836402893066e-01 -3.764270544052124023e-01
-9.395605325698852539e-02 -4.608167409896850586e-01
5.532085895538330078e-03 -4.917562603950500488e-01
2.851389050483703613e-01 -4.058716297149658203e-01
-4.696530699729919434e-01 -3.160319328308105469e-01
-7.340073585510253906e-03 -5.724877119064331055e-02
-1.165267825126647949e-01 4.269731640815734863e-01
1.097414493560791016e-01 -3.230479359626770020e-01
2.730488777160644531e-01 1.536518931388854980e-01
2.132794260978698730e-01 -1.666505932807922363e-01
-4.289714694023132324e-01 3.589897751808166504e-01
3.516309857368469238e-01 4.583073854446411133e-01
-4.304163455963134766e-01 3.637860417366027832e-01
4.615269899368286133e-01 9.290665388107299805e-02
4.236369132995605469e-01 -6.316494941711425781e-02
-2.953294515609741211e-01 1.378537416458129883e-01
4.201554656028747559e-01 2.086160778999328613e-01
-4.316729903221130371e-01 -1.277500391006469727e-02
-3.170279264450073242e-01 -8.615022897720336914e-02
2.313446998596191406e-02 4.526398181915283203e-01
-1.820320487022399902e-01 5.811923742294311523e-02
-1.028463244438171387e-01 -8.016443252563476562e-02
-6.265062093734741211e-02 -4.625254869461059570e-02
1.479391455650329590e-01 -8.175486326217651367e-02
-3.484140634536743164e-01 -1.243979930877685547e-01
-3.919290304183959961e-01 -2.227417826652526855e-01
-2.221428751945495605e-01 2.656796574592590332e-01
4.008316993713378906e-01 -4.563356041908264160e-01
-2.012627720832824707e-01 2.286220788955688477e-01
2.506501674652099609e-01 -3.256412148475646973e-01
2.566529512405395508e-01 1.490116119384765625e-01
2.570000886917114258e-01 1.222370862960815430e-01
-4.074019789695739746e-01 4.616039991378784180e-02
2.438294887542724609e-01 -4.282158017158508301e-01
-1.114782691001892090e-01 -3.900445699691772461e-01
4.801676869392395020e-01 4.315320253372192383e-01
4.800817966461181641e-01 4.689748287200927734e-01
3.992414474487304688e-01 9.805303812026977539e-02
3.085060715675354004e-01 -4.773997068405151367e-01
-6.219953298568725586e-02 -1.149228811264038086e-01
-2.227019667625427246e-01 -1.011236310005187988e-01
-4.798774123191833496e-01 4.914205074310302734e-01
4.982209205627441406e-02 -5.221974849700927734e-02
4.254853725433349609e-02 -3.065416812896728516e-01
-2.370798587799072266e-01 -1.501122117042541504e-01
3.700935840606689453e-01 2.470436692237854004e-01
-1.769762635231018066e-01 -2.634915709495544434e-01
2.670342922210693359e-01 7.325059175491333008e-02
1.328412294387817383e-01 2.891163229942321777e-01
2.174044251441955566e-01 -1.886291503906250000e-01
1.657627224922180176e-01 2.752227187156677246e-01
-4.430771470069885254e-01 -2.148525714874267578e-01
-1.408709287643432617e-01 -2.386896014213562012e-01
-3.097160458564758301e-01 -3.159762620925903320e-01
7.442176342010498047e-02 2.585760354995727539e-01
-4.962956905364990234e-02 1.604616641998291016e-03
4.140855073928833008e-01 3.438845276832580566e-01
9.147107601165771484e-02 -4.188940525054931641e-01
4.799579977989196777e-01 3.440106511116027832e-01
-1.980583071708679199e-01 2.634214162826538086e-01
2.784153819084167480e-01 1.490536928176879883e-01
4.015978574752807617e-01 -3.982464671134948730e-01
-4.646319150924682617e-02 3.426253795623779297e-03
3.495070934295654297e-01 -2.699056267738342285e-01
-4.765415191650390625e-02 3.947234153747558594e-01
3.654380440711975098e-01 -1.837058067321777344e-01
-2.410091757774353027e-01 3.813422322273254395e-01
1.296561956405639648e-02 -4.367715716361999512e-01
-1.560004949569702148e-01 1.161046028137207031e-01
-9.833443164825439453e-02 3.582473993301391602e-01
-1.399661302566528320e-01 1.971530914306640625e-02
-2.842869162559509277e-01 -3.959888815879821777e-01
-3.043923377990722656e-01 3.800993561744689941e-01
-1.707603335380554199e-01 -1.968378424644470215e-01
-3.183408975601196289e-01 -8.946621417999267578e-02
-3.061866760253906250e-01 9.674012660980224609e-03
-3.291004896163940430e-02 1.646459102630615234e-02
-1.634870767593383789e-01 -1.429647207260131836e-01
-6.531101465225219727e-02 -3.652716279029846191e-01
5.476582050323486328e-02 1.080453395843505859e-03
1.197801828384399414e-01 -3.748440742492675781e-02
3.028698563575744629e-01 -2.058995962142944336e-01
-1.170660257339477539e-01 -3.366780281066894531e-02
-3.758974075317382812e-01 -3.792849183082580566e-01
-3.823114037513732910e-01 4.577775597572326660e-01
-3.456783294677734375e-01 -4.658205509185791016e-01
-4.349858164787292480e-01 4.005679488182067871e-01
-4.436120390892028809e-01 2.754796147346496582e-01
-3.180068731307983398e-02 -2.470559477806091309e-01
9.770840406417846680e-02 -1.579552888870239258e-01
1.004388332366943359e-01 3.432813286781311035e-01
-4.422449469566345215e-01 3.167394995689392090e-01
3.009249567985534668e-01 2.865514159202575684e-01
-2.150177955627441406e-01 -3.355380892753601074e-01
-2.200551033020019531e-01 3.712259531021118164e-01
1.188837885856628418e-01 -2.945524454116821289e-01
1.053121685981750488e-01 -3.870250582695007324e-01
-1.965648531913757324e-01 4.272845983505249023e-01
-8.561253547668457031e-02 3.818774223327636719e-01
7.416540384292602539e-02 -4.267839193344116211e-01
-6.983953714370727539e-02 1.169953942298889160e-01
-2.860013842582702637e-01 -8.096098899841308594e-03
3.411870002746582031e-01 4.962813258171081543e-01
2.620043158531188965e-01 2.029614448547363281e-01
-8.677726984024047852e-02 4.257630705833435059e-01
-3.685537576675415039e-01 9.290593862533569336e-02
-2.112624645233154297e-01 -2.172335386276245117e-01
4.267346858978271484e-02 3.758813142776489258e-01
2.243166565895080566e-01 -1.227734088897705078e-01
4.160169959068298340e-01 4.565098881721496582e-01
2.206657528877258301e-01 1.135784983634948730e-01
2.932355403900146484e-01 4.206185936927795410e-01
4.643809199333190918e-01 4.051265716552734375e-01
7.932341098785400391e-02 4.036044478416442871e-01
3.197782039642333984e-01 -2.676725983619689941e-01
-1.234256029129028320e-01 2.683047056198120117e-01
-3.026431798934936523e-01 -1.528856754302978516e-01
-1.099669933319091797e-01 2.215616703033447266e-01
-1.204218864440917969e-01 3.738142251968383789e-01
-1.295157670974731445e-01 3.754749894142150879e-01
1.630052924156188965e-01 -4.627805948257446289e-01
-1.193881630897521973e-01 1.901119947433471680e-02
-3.439984917640686035e-01 2.864915132522583008e-02
6.730222702026367188e-02 2.088187932968139648e-01
2.734750509262084961e-02 1.861612796783447266e-01
-4.712426066398620605e-01 -7.012933492660522461e-02
2.860766649246215820e-01 9.539252519607543945e-02
-2.734237909317016602e-01 1.069712638854980469e-01
4.831931591033935547e-01 -1.270615458488464355e-01
1.877621412277221680e-01 4.239435791969299316e-01
-3.398336172103881836e-01 -4.620718955993652344e-02
3.947941064834594727e-01 -2.161813974380493164e-01
-6.308317184448242188e-02 8.956062793731689453e-02
4.817759990692138672e-02 -1.730711460113525391e-01
-4.200614094734191895e-01 -1.113534569740295410e-01
-4.684873819351196289e-01 3.267318606376647949e-01
-4.124884009361267090e-01 -5.632758140563964844e-03
4.904732108116149902e-01 5.434370040893554688e-02
4.226338863372802734e-01 -5.431097745895385742e-02
2.905358672142028809e-01 3.019269108772277832e-01
-2.646102905273437500e-01 2.375511527061462402e-01
3.408315181732177734e-01 -2.630473375320434570e-01
4.879933595657348633e-02 -2.181112766265869141e-01
3.402980566024780273e-01 1.022742390632629395e-01
-1.975526809692382812e-01 -2.430776357650756836e-01
7.225769758224487305e-02 -1.707245707511901855e-01
-4.595376849174499512e-01 4.742278456687927246e-01
-2.676677107810974121e-01 -7.935422658920288086e-02
-2.574419975280761719e-01 3.285923004150390625e-01
3.473106026649475098e-01 -4.243891835212707520e-01
3.625581860542297363e-01 -2.555089592933654785e-01
6.798702478408813477e-02 -3.236948847770690918e-01
-4.844742417335510254e-01 4.013878703117370605e-01
-2.950983643531799316e-01 5.483293533325195312e-02
3.923050761222839355e-01 -1.210559606552124023e-01
-3.291792273521423340e-01 2.237147092819213867e-02
-3.317539095878601074e-01 -5.531370639801025391e-03
4.184734821319580078e-01 3.924000263214111328e-01
-3.942936658859252930e-01 2.163477540016174316e-01
-2.381745576858520508e-01 -4.734241366386413574e-01
1.261677145957946777e-01 -3.049243688583374023e-01
-4.561630487442016602e-01 3.467869162559509277e-01
-1.669052839279174805e-01 -9.294807910919189453e-02
-2.343065738677978516e-01 2.982735633850097656e-02
4.918283820152282715e-01 7.608413696289062500e-02
4.660474658012390137e-01 2.902948260307312012e-01
-3.381603956222534180e-02 2.033007144927978516e-01
-3.761292099952697754e-01 9.983044862747192383e-02
-3.898983597755432129e-01 -5.157315731048583984e-02
-2.996313571929931641e-02 -9.488117694854736328e-02
-5.902343988418579102e-02 2.904946804046630859e-01
-2.139902710914611816e-01 -2.607302665710449219e-01
-1.355108022689819336e-01 -2.911574840545654297e-01
4.504268169403076172e-01 8.480250835418701172e-02
-2.410879731178283691e-01 1.873171925544738770e-01
1.284471750259399414e-01 -4.339067339897155762e-01
-4.716334342956542969e-01 1.668117046356201172e-01
2.099874615669250488e-01 -3.685089349746704102e-01
2.635281682014465332e-01 2.487047314643859863e-01
4.851430654525756836e-02 -4.571543335914611816e-01
-3.817048072814941406e-01 -3.864461183547973633e-01
4.926919341087341309e-01 -2.186795473098754883e-01
-4.871641993522644043e-01 3.713003993034362793e-01
2.304742336273193359e-01 1.680150032043457031e-01
2.357798814773559570e-02 -4.406894445419311523e-01
6.190437078475952148e-02 -3.085505962371826172e-01
3.565412759780883789e-02 2.504944801330566406e-02
4.895205497741699219e-01 5.741906166076660156e-02
-1.622821092605590820e-01 9.861415624618530273e-02
-2.870384454727172852e-01 2.814727425575256348e-01
-1.533195376396179199e-01 -3.002803921699523926e-01
-1.537169814109802246e-01 3.822699189186096191e-01
3.354239463806152344e-02 -2.857204675674438477e-01
9.916526079177856445e-02 -2.440472841262817383e-01
4.301564097404479980e-01 -4.659908413887023926e-01
2.585719227790832520e-01 -8.499419689178466797e-02
1.743351221084594727e-01 -1.858065128326416016e-01
1.696031689643859863e-01 4.893481731414794922e-01
-7.734429836273193359e-02 4.215645194053649902e-01
4.713751077651977539e-01 -7.127463817596435547e-02
-4.216613769531250000e-01 2.478498220443725586e-01
3.960741758346557617e-01 1.872095465660095215e-01
