9.482640027999877930e-02 6.549918651580810547e-02
2.985391616821289062e-01 4.961963891983032227e-01
-3.205232024192810059e-01 1.995081305503845215e-01
4.929221868515014648e-01 3.508689999580383301e-01
-3.199192881584167480e-01 -1.663975119590759277e-01
-4.380556941032409668e-01 3.904369473457336426e-01
-7.943570613861083984e-03 2.631986141204833984e-01
-8.197659254074096680e-02 2.844038605690002441e-01
4.700677990913391113e-01 1.185008883476257324e-01
-1.707990169525146484e-01 4.314474463462829590e-01
3.895320892333984375e-01 4.408341646194458008e-01
-4.203572869300842285e-01 -5.053025484085083008e-02
-4.537153244018554688e-01 3.975989818572998047e-01
4.586408138275146484e-01 3.064243197441101074e-01
-3.624124526977539062e-01 -4.620534181594848633e-01
-3.102751374244689941e-01 1.401280164718627930e-01
8.749341964721679688e-02 3.381600975990295410e-01
4.899908900260925293e-01 2.620483040809631348e-01
-2.789415717124938965e-01 -6.405162811279296875e-02
2.106448411941528320e-01 1.948549747467041016e-01
-5.238598585128784180e-02 -3.147510290145874023e-01
-2.569234371185302734e-02 3.757327795028686523e-02
-4.793515205383300781e-01 3.295764923095703125e-01
4.281871914863586426e-01 2.745846509933471680e-01
-1.013898849487304688e-02 1.867990493774414062e-01
-5.114865303039550781e-02 -1.236591935157775879e-01
1.436391472816467285e-01 2.468931674957275391e-02
4.268770217895507812e-01 -1.816428303718566895e-01
1.474595069885253906e-02 1.942961215972900391e-01
6.316268444061279297e-02 6.721413135528564453e-02
-8.603286743164062500e-02 1.613786816596984863e-01
-4.912747144699096680e-01 -4.085260033607482910e-01
-3.620545864105224609e-01 3.374428153038024902e-01
4.056934118270874023e-01 -5.822426080703735352e-02
4.213875532150268555e-01 1.741344928741455078e-01
-4.182392358779907227e-02 -6.447815895080566406e-02
-4.992192387580871582e-01 4.217609763145446777e-01
-3.115081191062927246e-01 1.859925985336303711e-01
-1.128199100494384766e-01 3.186445236206054688e-01
-4.802258610725402832e-01 3.076755404472351074e-01
-2.042478919029235840e-01 -3.934333324432373047e-01
-3.192276358604431152e-01 -5.348116159439086914e-02
-4.037234783172607422e-01 -5.276024341583251953e-03
2.939338088035583496e-01 -1.591088175773620605e-01
-4.811340570449829102e-01 4.599613547325134277e-01
-4.575226902961730957e-01 6.267964839935302734e-02
-1.740502119064331055e-01 2.883315086364746094e-01
-9.983760118484497070e-02 2.364909648895263672e-02
4.564255475997924805e-01 -4.469379186630249023e-01
-3.965502381324768066e-01 -8.880186080932617188e-02
-3.051393032073974609e-01 -3.527532219886779785e-01
-1.038590073585510254e-01 4.451864957809448242e-02
2.685052156448364258e-02 -2.212725281715393066e-01
-4.716203212738037109e-01 -3.476769924163818359e-01
8.856660127639770508e-02 -4.000638127326965332e-01
-1.167817711830139160e-01 2.600809931755065918e-01
-3.528207540512084961e-01 4.104318022727966309e-01
4.767621159553527832e-01 -2.816545367240905762e-01
3.261572122573852539e-02 1.278246641159057617e-01
-4.868335723876953125e-01 4.265230894088745117e-02
6.430631875991821289e-02 -1.942501068115234375e-01
-3.050997257232666016e-01 -1.397132277488708496e-01
1.527190208435058594e-03 -2.691844105720520020e-01
4.873107075691223145e-01 4.062616825103759766e-02
-1.068975925445556641e-01 3.461542129516601562e-01
3.879877328872680664e-01 2.461456060409545898e-01
4.859196543693542480e-01 -4.013373851776123047e-01
3.193184733390808105e-01 -2.406423091888427734e-01
3.332291245460510254e-01 2.940362095832824707e-01
-5.217528343200683594e-02 1.764445304870605469e-01
-3.324866294860839844e-01 3.385240435600280762e-01
-2.060208320617675781e-01 7.236003875732421875e-02
-9.890860319137573242e-02 -3.525331020355224609e-01
-3.751500248908996582e-01 -3.015862107276916504e-01
4.096929430961608887e-01 -4.044603705406188965e-01
-1.416887640953063965e-01 -8.350986242294311523e-02
2.138890624046325684e-01 3.704215288162231445e-01
4.139293432235717773e-01 -1.550181508064270020e-01
-2.804082632064819336e-01 -2.585681676864624023e-01
1.633606553077697754e-01 3.779848217964172363e-01
-3.339964151382446289e-01 -6.960749626159667969e-03
-2.120857834815979004e-01 -4.201853275299072266e-01
-3.070151805877685547e-01 -4.109799861907958984e-01
3.346063494682312012e-01 5.369848012924194336e-02
-4.322040677070617676e-01 6.097912788391113281e-03
-4.716317653656005859e-01 1.701307296752929688e-01
-4.087521433830261230e-01 3.790333271026611328e-01
-3.293520212173461914e-01 -3.809759020805358887e-01
-2.780448794364929199e-01 5.998486280441284180e-02
-4.047018289566040039e-02 -4.291969537734985352e-02
-1.732145547866821289e-01 3.087339401245117188e-01
-9.705913066864013672e-02 -4.543657302856445312e-01
3.348491191864013672e-01 1.806370615959167480e-01
3.601644039154052734e-01 5.138760805130004883e-02
-3.968796730041503906e-01 -2.115131616592407227e-01
3.907799720764160156e-01 1.595163345336914062e-01
4.134685993194580078e-01 -3.267961144447326660e-01
2.969679832458496094e-01 4.761284589767456055e-02
8.641338348388671875e-02 -3.612590432167053223e-01
3.727729916572570801e-01 -1.000002622604370117e-01
3.796007633209228516e-01 4.550505876541137695e-01
3.443326354026794434e-01 1.823305487632751465e-01
4.055595397949218750e-02 4.750070571899414062e-01
4.364932775497436523e-01 2.452747225761413574e-01
-4.594224095344543457e-01 -4.726923108100891113e-01
-2.629646658897399902e-01 -4.844356775283813477e-01
2.812278866767883301e-01 2.056270837783813477e-01
3.762921094894409180e-01 -3.974425196647644043e-01
1.709692478179931641e-01 -1.682369112968444824e-01
3.004339933395385742e-01 1.143386960029602051e-01
1.117483377456665039e-01 1.568788886070251465e-01
-2.495568990707397461e-02 1.426887512207031250e-01
3.885060548782348633e-01 -4.739826917648315430e-01
-2.652167081832885742e-01 5.449348688125610352e-02
-1.879604458808898926e-01 4.638560414314270020e-01
2.093534469604492188e-01 -9.887099266052246094e-03
-8.819913864135742188e-02 -3.902578949928283691e-01
2.467379570007324219e-01 4.925111532211303711e-01
-3.687828183174133301e-01 4.001321792602539062e-01
4.551207423210144043e-01 1.402080655097961426e-01
2.240788936614990234e-02 3.063145875930786133e-01
9.654569625854492188e-02 -4.113441705703735352e-01
5.814737081527709961e-02 -4.711500406265258789e-01
-2.660130262374877930e-01 -5.491423606872558594e-02
-2.585299015045166016e-01 7.292401790618896484e-02
-6.182265281677246094e-02 -4.039293527603149414e-02
-1.663244366645812988e-01 3.934289216995239258e-01
-3.503986597061157227e-01 4.477559328079223633e-01
6.228095293045043945e-02 -2.745398283004760742e-01
2.650682926177978516e-01 1.277389526367187500e-01
-3.024393916130065918e-01 4.762272834777832031e-01
-4.314655065536499023e-02 1.378548145294189453e-02
4.779045581817626953e-01 -4.380307793617248535e-01
-1.223406791687011719e-01 4.805174469947814941e-01
-3.045251965522766113e-01 -6.740486621856689453e-02
3.295130133628845215e-01 -1.461341977119445801e-01
7.177865505218505859e-02 2.390419840812683105e-01
4.360862374305725098e-01 -1.323056817054748535e-01
-9.224718809127807617e-02 -2.374231815338134766e-02
4.426122903823852539e-01 -3.442640304565429688e-01
2.302218079566955566e-01 -2.369447350502014160e-01
-9.352225065231323242e-02 1.320797801017761230e-01
-2.233331799507141113e-01 2.809280157089233398e-01
-1.891243457794189453e-01 2.267917394638061523e-01
-4.456548094749450684e-01 4.975839257240295410e-01
1.385504007339477539e-02 -2.718955278396606445e-02
-4.119791388511657715e-01 -1.378229260444641113e-01
-4.826965332031250000e-01 2.839797735214233398e-01
-4.829710721969604492e-01 -1.002432703971862793e-01
3.072556257247924805e-01 3.463968634605407715e-01
2.415874600410461426e-01 -4.261345267295837402e-01
-1.230275630950927734e-01 3.099646568298339844e-01
-4.523056745529174805e-02 -3.006913661956787109e-01
3.422009944915771484e-02 3.910052776336669922e-01
-4.943209886550903320e-01 1.219305396080017090e-01
4.159829616546630859e-01 -3.800767064094543457e-01
-3.260676860809326172e-01 3.058629631996154785e-01
2.122492790222167969e-01 2.283579707145690918e-01
-4.251849055290222168e-01 -7.495903968811035156e-02
1.139296889305114746e-01 4.020351767539978027e-01
-3.300575613975524902e-01 3.861451745033264160e-01
-3.745741844177246094e-01 2.615059018135070801e-01
3.980268836021423340e-01 1.315051317214965820e-02
4.540908336639404297e-01 4.477220177650451660e-01
4.869537949562072754e-01 -5.276829004287719727e-02
-4.116207361221313477e-01 -1.405121088027954102e-01
-3.651713132858276367e-01 -3.212386965751647949e-01
-2.842509746551513672e-02 4.628299474716186523e-01
-4.684432744979858398e-01 2.191179990768432617e-01
-2.560000419616699219e-01 1.659788489341735840e-01
8.626222610473632812e-03 -2.216047644615173340e-01
-3.965164422988891602e-01 -1.562845110893249512e-01
6.347298622131347656e-03 5.371731519699096680e-02
-4.385417699813842773e-02 7.656830549240112305e-02
3.202117085456848145e-01 4.208568930625915527e-01
-6.626129150390625000e-03 -1.467758417129516602e-02
-2.508358359336853027e-01 -2.954828739166259766e-01
-1.507079601287841797e-01 -5.258202552795410156e-03
3.167918920516967773e-01 3.930433988571166992e-01
-2.032166719436645508e-02 -1.711171865463256836e-01
-3.661603927612304688e-01 6.277132034301757812e-02
4.604945182800292969e-01 1.543939113616943359e-01
3.661257624626159668e-01 -7.552814483642578125e-02
-3.495825529098510742e-01 -2.241699099540710449e-01
-2.514026165008544922e-01 -8.247411251068115234e-02
-1.826954483985900879e-01 3.795969486236572266e-02
3.921754956245422363e-01 -7.754027843475341797e-02
-4.127510786056518555e-01 4.465110898017883301e-01
-4.638657569885253906e-01 3.204551935195922852e-01
8.678466081619262695e-02 -4.147614836692810059e-01
-1.904835104942321777e-01 -4.198468327522277832e-01
-2.061924934387207031e-01 1.143275499343872070e-01
-3.426154851913452148e-01 -1.054487228393554688e-01
-1.071348190307617188e-01 1.484394669532775879e-01
2.627466917037963867e-01 1.384803056716918945e-01
-6.594181060791015625e-03 4.905911684036254883e-01
-8.868449926376342773e-02 -2.515249848365783691e-01
4.930969476699829102e-01 -1.438450217247009277e-01
-3.688668012619018555e-01 -3.785879611968994141e-01
-4.043043851852416992e-01 3.201971650123596191e-01
4.625728726387023926e-01 -4.542704224586486816e-01
1.618087291717529297e-03 -2.412595748901367188e-01
-4.365077614784240723e-01 1.214175820350646973e-01
-4.980105161666870117e-02 1.760089397430419922e-02
-1.777483224868774414e-01 2.150036692619323730e-01
-3.161169886589050293e-01 -1.391581296920776367e-01
-2.714255452156066895e-01 -4.389249682426452637e-01
-5.832010507583618164e-02 -3.454998731613159180e-01
1.385879516601562500e-01 -3.132566809654235840e-01
3.998112678527832031e-01 4.523504376411437988e-01
-1.034675240516662598e-01 3.145335316658020020e-01
1.408699750900268555e-01 -1.914778351783752441e-01
3.461733460426330566e-01 7.128679752349853516e-02
1.751298308372497559e-01 3.155012130737304688e-01
-4.355990290641784668e-01 1.957616806030273438e-01
2.264129519462585449e-01 -3.309679031372070312e-01
2.518554925918579102e-01 -1.493152976036071777e-01
1.589191555976867676e-01 4.595172405242919922e-01
2.025139927864074707e-01 -3.617727160453796387e-01
-4.295231103897094727e-01 1.076641082763671875e-01
2.552663087844848633e-01 -2.926829457283020020e-01
-1.052996516227722168e-01 -9.549897909164428711e-02
7.704025506973266602e-02 -9.070986509323120117e-02
-1.139910817146301270e-01 -1.995140314102172852e-02
-2.453345060348510742e-02 7.833242416381835938e-02
-1.509077548980712891e-01 1.932753324508666992e-01
-4.436248540878295898e-02 -3.010618686676025391e-02
-3.507153391838073730e-01 3.391595482826232910e-01
-2.220243215560913086e-01 3.596146106719970703e-01
1.101936697959899902e-01 1.921547055244445801e-01
1.520500779151916504e-01 3.501445651054382324e-01
1.715610623359680176e-01 3.707276582717895508e-01
-3.690401315689086914e-01 6.837326288223266602e-02
-4.429417848587036133e-01 3.858079910278320312e-01
1.410179138183593750e-01 -3.563076257705688477e-01
1.670266389846801758e-01 -2.958956360816955566e-01
-4.841638207435607910e-01 -1.500681638717651367e-01
-2.584487199783325195e-01 -1.418845057487487793e-01
-2.461195588111877441e-01 4.689436554908752441e-01
-2.344167232513427734e-01 1.397693753242492676e-01
3.680700063705444336e-01 4.040539860725402832e-01
1.955561041831970215e-01 -4.783552289009094238e-01
-5.924081802368164062e-02 -2.717397212982177734e-01
-6.225383281707763672e-02 3.565233349800109863e-01
-3.169247508049011230e-01 3.506906032562255859e-01
4.407316446304321289e-01 1.368197798728942871e-01
2.726856470108032227e-01 -1.724843382835388184e-01
-3.617132306098937988e-01 1.348960995674133301e-01
3.899640440940856934e-01 3.813614249229431152e-01
3.231955170631408691e-01 -4.989326000213623047e-02
-2.308264374732971191e-01 4.640231728553771973e-01
-4.404007792472839355e-01 -4.100818634033203125e-01
-2.830328941345214844e-01 2.507773637771606445e-01
9.468674659729003906e-03 2.823360562324523926e-01
4.052559137344360352e-01 -1.896493434906005859e-01
-1.392658948898315430e-01 3.280113339424133301e-01
-1.779196262359619141e-01 -2.349721193313598633e-01
2.811767458915710449e-01 4.165630936622619629e-01
-1.438382863998413086e-01 3.042044043540954590e-01
-3.552567362785339355e-01 8.024179935455322266e-02
4.672164916992187500e-01 -6.907325983047485352e-02
-1.146699786186218262e-01 -3.531640768051147461e-02
-8.046919107437133789e-02 -3.015160560607910156e-02
-4.108906388282775879e-01 -4.205048084259033203e-01
3.651977181434631348e-01 1.406687498092651367e-01
2.123070359230041504e-01 4.554359316825866699e-01
-1.049287319183349609e-01 -2.142715454101562500e-01
-1.572928428649902344e-01 4.258432984352111816e-01
-4.998363256454467773e-01 -3.550059795379638672e-01
4.761193990707397461e-01 -2.628785371780395508e-01
1.126245856285095215e-01 8.770430088043212891e-02
2.172068953514099121e-01 1.591794490814208984e-01
3.995430469512939453e-02 -3.179812431335449219e-02
4.217092394828796387e-01 -4.633351564407348633e-01
-2.346644997596740723e-01 4.414296150207519531e-01
-2.370687127113342285e-01 -4.080685377120971680e-01
-8.098912239074707031e-02 -3.773646354675292969e-01
-1.455324888229370117e-02 -2.334474325180053711e-01
-9.369558095932006836e-02 -4.970287680625915527e-01
9.370517730712890625e-02 2.716243863105773926e-01
-2.338137626647949219e-01 -1.818610429763793945e-01
-6.079173088073730469e-02 -4.674268364906311035e-01
-9.621703624725341797e-02 -1.182218790054321289e-01
2.338660955429077148e-01 4.240882396697998047e-01
3.561486601829528809e-01 -1.640995740890502930e-01
-1.583798527717590332e-01 2.864916920661926270e-01
-4.169888496398925781e-01 2.040588855743408203e-01
-6.217926740646362305e-02 -2.492039203643798828e-01
3.782668113708496094e-01 -1.496195793151855469e-02
3.196889758110046387e-01 6.695312261581420898e-02
1.325076222419738770e-01 -2.304131388664245605e-01
3.778311610221862793e-01 2.322492599487304688e-01
4.524027109146118164e-01 -7.047820091247558594e-02
-1.612092256546020508e-01 -1.760381460189819336e-01
3.299323916435241699e-01 -2.124818563461303711e-01
2.358438968658447266e-01 2.826173901557922363e-01
4.209506511688232422e-01 1.550995707511901855e-01
4.867526292800903320e-01 -3.128651976585388184e-01
-8.638453483581542969e-02 -1.664374470710754395e-01
4.511457085609436035e-01 -4.271315932273864746e-01
-1.879454851150512695e-01 -2.499611377716064453e-01
-5.292379856109619141e-02 -3.386451005935668945e-01
2.125895023345947266e-01 -4.548779129981994629e-01
-9.602284431457519531e-02 4.948018789291381836e-01
-2.727747559547424316e-01 -2.338107824325561523e-01
2.377872467041015625e-01 3.731474280357360840e-01
1.456781029701232910e-01 -2.289742231369018555e-02
-2.097858190536499023e-01 -2.973686456680297852e-01
1.175187826156616211e-01 -4.102230072021484375e-02
2.471778392791748047e-01 -2.239087224006652832e-01
3.851999640464782715e-01 4.963448047637939453e-01
-8.125215768814086914e-02 -1.395106315612792969e-03
1.304808259010314941e-01 -8.591473102569580078e-02
-2.799607515335083008e-01 1.886844635009765625e-02
-4.239629507064819336e-01 1.913294792175292969e-01
-2.020466327667236328e-01 4.382809996604919434e-01
-3.378099203109741211e-02 4.083403944969177246e-01
-1.427034139633178711e-01 2.281382083892822266e-01
-2.007731795310974121e-01 3.435941338539123535e-01
4.235612750053405762e-01 3.782715201377868652e-01
1.978151202201843262e-01 -2.016603946685791016e-02
3.838367462158203125e-01 -2.877045273780822754e-01
-1.021697521209716797e-01 2.138774991035461426e-01
6.443518400192260742e-02 -4.995777010917663574e-01
-4.391909837722778320e-01 -3.983035683631896973e-01
4.719606041908264160e-01 2.682547569274902344e-01
-3.989657759666442871e-01 -3.716458082199096680e-01
-2.771757841110229492e-01 -2.614229917526245117e-01
-1.793384552001953125e-01 -2.106060385704040527e-01
2.388497591018676758e-01 4.316145181655883789e-01
1.249132156372070312e-01 4.615968465805053711e-02
-2.423848509788513184e-01 -3.951568007469177246e-01
3.006636500358581543e-01 -4.533159136772155762e-01
-3.947906494140625000e-01 -4.939198493957519531e-02
2.789409756660461426e-01 -6.264340877532958984e-02
3.954893350601196289e-02 4.940753579139709473e-01
4.874515533447265625e-02 -3.279180526733398438e-01
1.978708505630493164e-01 3.646897077560424805e-01
4.402307868003845215e-01 -4.673939347267150879e-01
-2.696492075920104980e-01 4.209617376327514648e-01
-4.278709888458251953e-01 -1.870388388633728027e-01
1.597655415534973145e-01 -3.785883188247680664e-01
4.873043894767761230e-01 -9.552955627441406250e-03
1.286572217941284180e-02 -2.511810660362243652e-01
-4.672676324844360352e-01 2.891264557838439941e-01
1.341747641563415527e-01 3.555620312690734863e-01
2.875925898551940918e-01 4.634752273559570312e-01
-1.851507425308227539e-01 1.507159471511840820e-01
-2.411890625953674316e-01 -1.508224010467529297e-02
-1.164700388908386230e-01 -1.869561076164245605e-01
3.886268138885498047e-01 -3.172139525413513184e-01
-7.737636566162109375e-02 6.846404075622558594e-02
1.611161828041076660e-01 -3.106389641761779785e-01
1.006055474281311035e-01 3.765651583671569824e-01
-4.570639133453369141e-02 6.388872861862182617e-02
4.031322598457336426e-01 -4.113031029701232910e-01
2.729026079177856445e-01 -3.761879205703735352e-01
4.403477907180786133e-02 -4.514962434768676758e-02
-1.347686052322387695e-01 2.532505393028259277e-01
1.944231986999511719e-01 4.115439057350158691e-01
-4.808675646781921387e-01 3.371440768241882324e-01
-2.648242115974426270e-01 4.461141228675842285e-01
3.193275928497314453e-01 3.845115900039672852e-01
1.223498582839965820e-02 3.669222593307495117e-01
-3.589230179786682129e-01 3.850921392440795898e-01
5.810660123825073242e-02 -3.631831407546997070e-01
3.928659558296203613e-01 3.752399682998657227e-01
4.487356543540954590e-01 -1.461725234985351562e-01
-6.014019250869750977e-02 4.198027253150939941e-01
-4.928419589996337891e-01 3.147438168525695801e-01
-1.493537425994873047e-01 1.661322712898254395e-01
-1.397861838340759277e-01 -7.692217826843261719e-03
1.034506559371948242e-01 3.297193646430969238e-01
-1.040568947792053223e-01 -8.653974533081054688e-02
-4.502767920494079590e-01 -1.636924743652343750e-01
2.573831677436828613e-01 1.139003038406372070e-01
2.780020833015441895e-01 -3.493576645851135254e-01
1.342130899429321289e-01 -2.323424816131591797e-01
1.516134142875671387e-01 -3.161226511001586914e-01
-3.231657147407531738e-01 -2.501626014709472656e-01
-3.152159452438354492e-01 -3.105943799018859863e-01
4.370318651199340820e-01 1.801734566688537598e-01
2.018317580223083496e-01 -2.787501215934753418e-01
7.634824514389038086e-02 2.911837100982666016e-01
4.776108264923095703e-01 -3.451855778694152832e-01
1.438385248184204102e-01 -1.229581236839294434e-01
-4.557050466537475586e-01 -3.163460493087768555e-01
2.012475728988647461e-01 -3.884840011596679688e-02
2.052999138832092285e-01 9.243112802505493164e-02
1.524129509925842285e-01 -4.520598649978637695e-01
2.859617471694946289e-01 -1.283723711967468262e-01
-1.007691621780395508e-01 -3.012792468070983887e-01
-3.542706966400146484e-01 -2.154806256294250488e-01
-1.499451398849487305e-01 -8.763700723648071289e-02
-1.613083481788635254e-01 -1.764410138130187988e-01
3.574508428573608398e-02 -2.990804314613342285e-01
3.369474411010742188e-01 -2.961060404777526855e-01
-2.080577611923217773e-02 3.092804551124572754e-01
-4.043757915496826172e-02 4.986050128936767578e-01
2.908274531364440918e-01 -1.989125013351440430e-01
1.035398840904235840e-01 1.696200966835021973e-01
-1.115602850914001465e-01 2.081562876701354980e-01
4.684825539588928223e-01 2.633303403854370117e-01
1.945263147354125977e-02 4.415883421897888184e-01
2.304533720016479492e-01 -3.882229328155517578e-02
3.364096283912658691e-01 4.949068427085876465e-01
-9.167200326919555664e-02 -1.006053686141967773e-01
-1.334892511367797852e-01 3.340349793434143066e-01
-3.493229746818542480e-01 -1.048702001571655273e-01
3.651046156883239746e-01 -1.083340048789978027e-01
-1.600560545921325684e-01 3.157774209976196289e-01
2.943075299263000488e-01 3.066490292549133301e-01
-2.159333825111389160e-01 3.895252346992492676e-01
-4.757988452911376953e-02 -3.407875895500183105e-01
2.245128154754638672e-03 2.788019180297851562e-01
-6.771636009216308594e-02 -1.811683773994445801e-01
-1.544786691665649414e-01 -3.754394650459289551e-01
-3.800344467163085938e-02 -2.143803238868713379e-01
-4.071223735809326172e-01 -3.123546242713928223e-01
1.600058078765869141e-01 4.897674918174743652e-01
1.031118035316467285e-01 2.237033247947692871e-01
3.353289365768432617e-01 3.920312523841857910e-01
-2.283513545989990234e-03 -1.885681152343750000e-01
2.337549924850463867e-01 3.254070281982421875e-01
8.660650253295898438e-02 9.895783662796020508e-02
3.447655439376831055e-01 -3.293704986572265625e-02
-4.149050116539001465e-01 2.011704444885253906e-02
-4.801432490348815918e-01 3.162146806716918945e-01
1.244797110557556152e-01 -1.788147091865539551e-01
-2.654695510864257812e-01 2.308429479598999023e-01
-3.526044487953186035e-01 -4.552984237670898438e-01
2.867192029953002930e-02 -3.732227683067321777e-01
1.274741291999816895e-01 4.223577380180358887e-01
-4.211954474449157715e-01 -3.396507501602172852e-01
2.305635213851928711e-01 -1.035876870155334473e-01
2.613779306411743164e-01 -1.897473931312561035e-01
2.908366918563842773e-01 -3.687710762023925781e-01
-4.470372200012207031e-01 1.403605937957763672e-02
-7.100391387939453125e-02 -3.206141591072082520e-01
2.626969218254089355e-01 4.026083946228027344e-01
-1.941426396369934082e-01 3.347491025924682617e-01
6.436794996261596680e-02 4.957705140113830566e-01
-2.756499052047729492e-01 -2.332023978233337402e-01
1.193466782569885254e-01 4.242195487022399902e-01
1.250256896018981934e-01 4.626945853233337402e-01
-2.334517836570739746e-01 2.878642082214355469e-02
-2.453865408897399902e-01 2.266225218772888184e-01
4.874094724655151367e-01 1.541812419891357422e-01
-6.886589527130126953e-02 3.399614691734313965e-01
4.301668405532836914e-01 1.358094215393066406e-01
4.682958722114562988e-01 1.371710896492004395e-01
-3.769724369049072266e-01 -3.047400712966918945e-01
3.677393794059753418e-01 2.651978731155395508e-01
1.314794421195983887e-01 -1.344440579414367676e-01
2.393364906311035156e-03 4.243880510330200195e-02
-1.396837830543518066e-01 -3.901154994964599609e-01
-3.162391185760498047e-01 4.506164789199829102e-01
-4.113662838935852051e-01 -1.129966974258422852e-02
2.629901766777038574e-01 -7.166725397109985352e-02
-4.719606041908264160e-01 1.041222214698791504e-01
-2.395140528678894043e-01 2.404450178146362305e-01
-3.338984251022338867e-01 6.408363580703735352e-02
4.659265875816345215e-01 2.027098536491394043e-01
4.621234536170959473e-01 -2.072393298149108887e-01
-1.985984444618225098e-01 5.377852916717529297e-02
-2.613456845283508301e-01 -1.279950737953186035e-01
-5.298048257827758789e-02 3.870019316673278809e-01
-1.921622753143310547e-01 -4.153565168380737305e-01
-1.145033240318298340e-01 3.399103283882141113e-01
2.992746829986572266e-01 2.215449810028076172e-01
7.044333219528198242e-02 -3.365519642829895020e-01
-2.293763160705566406e-01 -1.452546119689941406e-01
-1.041111350059509277e-01 -3.582799434661865234e-02
-1.833039522171020508e-01 3.052942752838134766e-01
-3.147663474082946777e-01 -8.172577619552612305e-02
-4.812176823616027832e-01 -1.555373668670654297e-01
1.208573579788208008e-02 -3.322539329528808594e-01
1.421815752983093262e-01 2.714383602142333984e-02
7.954251766204833984e-02 -4.826727509498596191e-01
4.987809062004089355e-01 -2.634654045104980469e-01
-3.460510373115539551e-01 9.151244163513183594e-02
4.539324045181274414e-01 4.213809967041015625e-03
4.595822095870971680e-01 -3.579255342483520508e-01
-1.932198405265808105e-01 -1.555249094963073730e-01
-3.504342436790466309e-01 -5.003869533538818359e-03
2.751447558403015137e-01 1.703694462776184082e-01
3.424761295318603516e-01 -4.477297067642211914e-01
6.615275144577026367e-02 1.964814066886901855e-01
-7.858109474182128906e-02 -3.169355392456054688e-01
-4.282261729240417480e-01 3.966661691665649414e-01
5.803507566452026367e-02 -4.640849232673645020e-01
-4.149234294891357422e-02 -1.298846006393432617e-01
-1.671857237815856934e-01 -3.043405413627624512e-01
4.734896421432495117e-01 -4.382163286209106445e-01
-4.334354996681213379e-01 -1.717255711555480957e-01
-3.020501136779785156e-02 -4.140501618385314941e-01
2.254345417022705078e-01 -4.276084899902343750e-01
4.287168383598327637e-01 2.174641489982604980e-01
4.955064058303833008e-01 4.419081807136535645e-01
4.817134141921997070e-01 -3.499355316162109375e-01
5.794441699981689453e-02 -3.295035958290100098e-01
-3.501213192939758301e-01 1.642344594001770020e-01
9.490847587585449219e-02 -2.618351578712463379e-01
-2.505308985710144043e-01 -3.837400674819946289e-01
-6.650590896606445312e-02 4.977554082870483398e-01
-1.079027056694030762e-01 4.618412256240844727e-01
3.038491010665893555e-01 2.335819602012634277e-01
-1.086253523826599121e-01 -4.968546628952026367e-01
6.644546985626220703e-02 3.020330071449279785e-01
2.376604676246643066e-01 1.760727167129516602e-01
2.648342251777648926e-01 -4.818245768547058105e-01
-3.546468615531921387e-01 3.805642127990722656e-01
-3.134782314300537109e-01 2.380884885787963867e-01
-3.192633390426635742e-02 2.946552634239196777e-01
1.704392433166503906e-01 1.836642026901245117e-01
-2.743300795555114746e-01 -6.657361984252929688e-03
-4.292913675308227539e-01 -9.761983156204223633e-02
-8.415299654006958008e-02 -1.323277354240417480e-01
-6.041437387466430664e-02 4.403300285339355469e-01
-2.728709578514099121e-01 2.592548131942749023e-01
-1.927673816680908203e-03 -2.171039581298828125e-02
2.935491204261779785e-01 9.870141744613647461e-02
7.268255949020385742e-02 2.322779297828674316e-01
-1.152775287628173828e-01 -8.955341577529907227e-02
-2.221526503562927246e-01 -4.611656069755554199e-01
4.978746771812438965e-01 4.566848278045654297e-01
4.360293149948120117e-01 1.640027165412902832e-01
-3.209928274154663086e-01 8.787989616394042969e-03
-4.561622738838195801e-01 2.827525734901428223e-01
4.108101129531860352e-01 -1.971918344497680664e-02
6.745529174804687500e-02 -4.656043648719787598e-01
3.971364498138427734e-01 -2.117223143577575684e-01
1.850962042808532715e-01 2.751398682594299316e-01
-3.881164193153381348e-01 4.769267439842224121e-01
-3.705734610557556152e-01 3.100897669792175293e-01
-2.074112892150878906e-01 7.955437898635864258e-02
2.085629105567932129e-01 -7.911199331283569336e-02
9.598612785339355469e-02 -1.658654212951660156e-01
-4.710184931755065918e-01 1.168935894966125488e-01
1.893145442008972168e-01 -1.781342029571533203e-01
-2.986713051795959473e-01 -1.043018698692321777e-01
3.374791145324707031e-01 3.297669887542724609e-01
3.638009428977966309e-01 -4.843455553054809570e-02
3.760701417922973633e-02 -4.758976697921752930e-01
2.408248186111450195e-01 -3.015586733818054199e-01
4.377633333206176758e-02 -3.567039966583251953e-03
-1.882976889610290527e-01 -4.895815849304199219e-01
-3.358003497123718262e-01 -3.179653286933898926e-01
1.213892698287963867e-01 2.597545385360717773e-01
2.570391893386840820e-01 -1.441370844841003418e-01
-8.421099185943603516e-02 -4.837947487831115723e-01
2.887083292007446289e-01 4.672876596450805664e-01
2.105936408042907715e-01 1.187505722045898438e-01
2.565591931343078613e-01 -4.236205220222473145e-01
4.676951169967651367e-01 -4.597709774971008301e-01
1.837111711502075195e-01 2.238705754280090332e-01
4.579921364784240723e-01 3.186724781990051270e-01
-1.075626015663146973e-01 -1.072087287902832031e-01
4.149094820022583008e-01 2.336712479591369629e-01
-4.184254407882690430e-01 1.128376126289367676e-01
2.254416346549987793e-01 -2.346171736717224121e-01
-2.854690551757812500e-01 -4.575321078300476074e-01
6.269931793212890625e-03 3.105700016021728516e-01
-4.891921877861022949e-01 -2.637810111045837402e-01
3.991695642471313477e-01 2.395083904266357422e-01
-1.786755919456481934e-01 -4.193461537361145020e-01
3.481447696685791016e-01 -8.877652883529663086e-02
-3.852761983871459961e-01 -4.643508195877075195e-01
1.413170099258422852e-01 3.586816787719726562e-01
-3.779408335685729980e-01 -1.088846921920776367e-01
-4.612709879875183105e-01 3.041376471519470215e-01
9.203946590423583984e-02 4.998528957366943359e-01
7.620674371719360352e-02 4.226720333099365234e-01
-3.119562864303588867e-01 -1.612449288368225098e-01
2.677528858184814453e-01 -4.342908263206481934e-01
-1.898302435874938965e-01 -4.512109160423278809e-01
3.055594563484191895e-01 1.576728224754333496e-01
-1.738783717155456543e-01 8.892416954040527344e-04
-4.382653236389160156e-01 5.045533180236816406e-03
-1.013972759246826172e-01 2.780867218971252441e-01
4.385250806808471680e-01 2.765800952911376953e-01
4.481807351112365723e-01 -1.280396580696105957e-01
2.943376898765563965e-01 2.252935767173767090e-01
4.470374584197998047e-01 4.697203636169433594e-02
9.957748651504516602e-02 1.124518513679504395e-01
-2.040076851844787598e-01 7.028096914291381836e-02
1.051006913185119629e-01 6.394785642623901367e-02
-4.941030144691467285e-01 4.997992515563964844e-01
2.680147290229797363e-01 4.438126087188720703e-01
4.558480381965637207e-01 -1.987397670745849609e-01
5.083990097045898438e-02 -2.765923738479614258e-02
3.822286128997802734e-01 -3.863036632537841797e-01
-1.445753574371337891e-01 3.611570596694946289e-02
-3.147891759872436523e-01 2.066287994384765625e-01
-2.247396111488342285e-01 2.759598493576049805e-01
3.674914240837097168e-01 -1.362456679344177246e-01
3.643522858619689941e-01 4.365674853324890137e-01
2.222411036491394043e-01 1.817277073860168457e-01
1.906688809394836426e-01 -1.035332083702087402e-01
-3.120692372322082520e-01 -2.574847340583801270e-01
1.150105595588684082e-01 3.641153573989868164e-01
-3.398840427398681641e-01 2.948251366615295410e-01
-3.172567486763000488e-01 -4.249837994575500488e-01
1.163845658302307129e-01 -4.980242252349853516e-01
-4.566426277160644531e-01 3.847817182540893555e-01
-4.329452514648437500e-01 2.163635492324829102e-01
4.723517298698425293e-01 7.757860422134399414e-02
3.732343912124633789e-01 3.843406438827514648e-01
8.107906579971313477e-02 3.476499319076538086e-01
-2.605055570602416992e-01 -4.237990379333496094e-01
-2.409611940383911133e-01 8.723407983779907227e-02
-4.661524295806884766e-01 1.378906369209289551e-01
-4.098773598670959473e-01 3.628213405609130859e-01
3.783141970634460449e-01 -3.237105607986450195e-01
3.103695511817932129e-01 -2.175569534301757812e-01
-4.356864094734191895e-01 4.831134676933288574e-01
3.552660942077636719e-01 -5.157744884490966797e-02
-1.731054782867431641e-01 4.950426220893859863e-01
-5.306917428970336914e-02 -5.057615041732788086e-02
-4.323715567588806152e-01 -1.916376948356628418e-01
-3.810483217239379883e-02 -3.820770382881164551e-01
-1.961916685104370117e-02 2.328324913978576660e-01
-6.493389606475830078e-03 1.117088198661804199e-01
4.754147529602050781e-01 -3.593158721923828125e-02
1.787024736404418945e-02 -2.548104524612426758e-02
-1.342657804489135742e-01 4.297950267791748047e-01
2.982079386711120605e-01 3.479316830635070801e-01
1.419932246208190918e-01 3.434638381004333496e-01
3.379721641540527344e-01 -4.489413499832153320e-01
3.999632000923156738e-01 6.284743547439575195e-02
4.334633350372314453e-01 -1.592302322387695312e-02
4.834252595901489258e-01 3.640018701553344727e-01
-4.200768470764160156e-01 -4.291117191314697266e-01
-2.456277608871459961e-01 1.766586303710937500e-02
1.811321973800659180e-01 -1.807957887649536133e-01
4.487704634666442871e-01 -3.911157846450805664e-01
-3.379386663436889648e-02 7.426983118057250977e-02
2.740943431854248047e-02 8.260762691497802734e-02
-1.064746379852294922e-01 7.590430974960327148e-02
-3.369504809379577637e-01 -4.993702173233032227e-01
-1.854874491691589355e-01 4.720790982246398926e-01
1.311392784118652344e-01 -3.885934948921203613e-01
-8.504688739776611328e-03 -3.091659545898437500e-01
-1.829686164855957031e-01 -6.459975242614746094e-02
1.131933927536010742e-02 -2.121488451957702637e-01
-1.433787345886230469e-01 -1.457037925720214844e-01
9.141683578491210938e-02 -4.554639458656311035e-01
-4.139853119850158691e-01 1.499961018562316895e-01
-2.152115106582641602e-02 -4.927500486373901367e-01
4.848092794418334961e-01 1.490170359611511230e-01
-2.706643342971801758e-01 -9.429764747619628906e-02
-2.536201477050781250e-01 3.383910655975341797e-01
1.257913708686828613e-01 4.926338195800781250e-01
3.590363264083862305e-02 2.282074689865112305e-01
-2.311736345291137695e-02 7.399928569793701172e-02
3.530711531639099121e-01 -1.515077948570251465e-01
2.353329658508300781e-01 -4.360354542732238770e-01
-2.553896307945251465e-01 2.830665707588195801e-01
4.302841424942016602e-02 1.854530572891235352e-01
4.887259602546691895e-01 -2.697225213050842285e-01
3.635512590408325195e-01 -1.775998473167419434e-01
-4.101836085319519043e-01 -9.295463562011718750e-02
-4.201220273971557617e-01 4.349268674850463867e-01
8.167433738708496094e-02 -4.268139004707336426e-01
-4.936874508857727051e-01 -3.062288761138916016e-01
-2.293574810028076172e-02 -2.764809727668762207e-01
-4.651578068733215332e-01 4.641351699829101562e-01
3.098602294921875000e-01 -1.554493904113769531e-01
3.215074539184570312e-01 -1.214244961738586426e-01
2.688920497894287109e-01 -3.872531056404113770e-01
4.079968333244323730e-01 5.552101135253906250e-02
-2.564656734466552734e-01 -4.962766766548156738e-01
1.154598593711853027e-01 1.503394842147827148e-01
3.560424447059631348e-01 -4.456151723861694336e-01
-4.505850672721862793e-01 5.449181795120239258e-02
-1.046477556228637695e-01 1.803079843521118164e-01
2.083734869956970215e-01 -6.092351675033569336e-02
4.587329030036926270e-01 -7.559627294540405273e-02
4.999190568923950195e-02 3.223858475685119629e-01
-3.893364071846008301e-01 -3.975421190261840820e-02
2.001978754997253418e-01 2.228791117668151855e-01
4.691241383552551270e-01 -7.919609546661376953e-03
-2.423033118247985840e-01 -1.967366933822631836e-01
3.001486063003540039e-01 -3.213111758232116699e-01
-4.256777167320251465e-01 -1.288238167762756348e-01
-3.729577064514160156e-01 -2.050113081932067871e-01
-1.360651850700378418e-01 -1.153677105903625488e-01
3.624856472015380859e-01 -3.339599967002868652e-01
1.349151134490966797e-03 -4.037469029426574707e-01
4.238267540931701660e-01 -5.534327030181884766e-02
-2.340325713157653809e-01 -4.574728608131408691e-01
-8.577108383178710938e-03 3.587478995323181152e-01
-4.575705528259277344e-01 -3.730701208114624023e-01
-7.882350683212280273e-02 1.038233637809753418e-01
1.640264987945556641e-01 -2.064343094825744629e-01
-2.688362598419189453e-01 3.063723444938659668e-01
-1.210418343544006348e-01 -2.774210572242736816e-01
1.972127556800842285e-01 2.750202417373657227e-01
-3.557670116424560547e-02 -1.972980499267578125e-01
3.106995820999145508e-01 -1.079140305519104004e-01
4.798974394798278809e-01 1.177502274513244629e-01
1.004281640052795410e-01 2.086542248725891113e-01
-1.356325149536132812e-01 2.195458412170410156e-01
-1.740801334381103516e-01 3.396750092506408691e-01
-4.235326647758483887e-01 4.718320965766906738e-01
2.934632301330566406e-01 -5.748063325881958008e-02
1.448677182197570801e-01 8.422482013702392578e-02
-2.596825361251831055e-02 7.624149322509765625e-02
-1.818473935127258301e-01 -2.776634693145751953e-02
4.943182468414306641e-01 -4.101937413215637207e-01
-7.121717929840087891e-02 -3.850390315055847168e-01
1.090380549430847168e-01 1.974614858627319336e-01
4.682764410972595215e-01 4.601864218711853027e-01
-6.362932920455932617e-02 -4.316678047180175781e-01
-4.376137256622314453e-01 -4.920884370803833008e-01
2.219647169113159180e-01 -4.838848710060119629e-01
2.634826898574829102e-01 -4.715160131454467773e-01
-2.252815365791320801e-01 1.911000013351440430e-01
-1.427138447761535645e-01 -1.559705138206481934e-01
-3.467581868171691895e-01 4.653076529502868652e-01
-4.740218520164489746e-01 -3.083125948905944824e-01
-4.812093973159790039e-01 1.429609060287475586e-01
-3.965316414833068848e-01 -4.349430203437805176e-01
-1.619998216629028320e-01 2.705526947975158691e-01
2.494015693664550781e-01 -2.388775348663330078e-01
-2.079695463180541992e-01 3.899412751197814941e-01
4.199027419090270996e-01 1.348475217819213867e-01
3.569036126136779785e-01 -2.217876315116882324e-01
-1.294181942939758301e-01 2.732355594635009766e-01
1.860451698303222656e-01 4.062650203704833984e-01
1.527904272079467773e-01 1.613526940345764160e-01
-4.992043375968933105e-01 2.789628505706787109e-01
-1.244904994964599609e-01 8.262872695922851562e-02
3.620831966400146484e-01 -1.445076465606689453e-01
-2.765241861343383789e-01 -9.920102357864379883e-02
3.125290870666503906e-01 1.616235971450805664e-01
-4.526742696762084961e-01 1.080723404884338379e-01
-1.309174299240112305e-01 3.500704169273376465e-01
4.711617231369018555e-01 -1.692092418670654297e-01
4.634284377098083496e-01 -1.311045885086059570e-02
2.599093317985534668e-01 -1.407677531242370605e-01
3.889226913452148438e-02 1.004294753074645996e-01
-5.160975456237792969e-02 -1.430904865264892578e-02
-4.251376986503601074e-01 4.376306533813476562e-01
-3.756593465805053711e-01 -1.118921637535095215e-01
3.434299826622009277e-01 3.251011371612548828e-01
-2.153424024581909180e-01 -4.813319444656372070e-02
3.598428964614868164e-01 2.427951097488403320e-01
2.846766114234924316e-01 3.461354970932006836e-01
-8.572059869766235352e-02 -3.259386420249938965e-01
-1.738340854644775391e-01 -1.583788394927978516e-01
4.316533803939819336e-01 1.515507698059082031e-01
-1.073245406150817871e-01 -3.933681249618530273e-01
-3.270523548126220703e-01 -4.280351400375366211e-01
-4.567486643791198730e-01 3.993791341781616211e-01
4.092097282409667969e-03 2.371081113815307617e-01
-2.542579770088195801e-01 -3.464186191558837891e-02
4.818843603134155273e-01 -1.831103563308715820e-01
-3.474172949790954590e-01 -2.438699007034301758e-01
-2.930851578712463379e-01 4.845004081726074219e-01
3.208815455436706543e-01 2.312176823616027832e-01
-7.288885116577148438e-02 4.746823310852050781e-01
2.802833318710327148e-01 -4.473963379859924316e-01
1.254206895828247070e-01 4.981794357299804688e-01
-1.004055738449096680e-01 1.124746799468994141e-01
-1.037622690200805664e-01 2.457562088966369629e-01
6.220626831054687500e-02 6.092190742492675781e-04
4.290609955787658691e-01 1.840735077857971191e-01
5.220681428909301758e-02 -3.922320008277893066e-01
-8.605027198791503906e-02 2.385746240615844727e-01
4.673156142234802246e-01 -1.011540889739990234e-01
-2.795339822769165039e-01 2.650237083435058594e-01
3.705734014511108398e-01 5.272728204727172852e-02
2.310112118721008301e-01 -3.893789052963256836e-01
4.469096660614013672e-01 -1.036775112152099609e-01
3.507350087165832520e-01 -4.969699978828430176e-01
-1.874663829803466797e-01 4.972779154777526855e-01
1.483232975006103516e-01 3.134115934371948242e-01
1.819461584091186523e-02 2.835685014724731445e-02
4.860615134239196777e-01 1.004369854927062988e-01
4.567885994911193848e-01 4.348695278167724609e-03
2.222010493278503418e-01 8.302360773086547852e-02
8.043110370635986328e-03 -4.259908199310302734e-01
3.756062984466552734e-01 -3.149572014808654785e-01
9.693837165832519531e-02 2.033094167709350586e-01
4.024419188499450684e-01 1.160701513290405273e-01
3.304198980331420898e-01 4.095730185508728027e-01
-4.000237584114074707e-01 -5.497336387634277344e-04
3.467101454734802246e-01 -2.631170749664306641e-01
-7.071107625961303711e-02 -4.516671895980834961e-01
2.685598731040954590e-01 4.789075255393981934e-01
3.781340718269348145e-01 1.204378008842468262e-01
-5.933427810668945312e-02 -1.360245347023010254e-01
3.284737467765808105e-01 -4.433159828186035156e-01
5.861496925354003906e-02 -4.631741046905517578e-01
-2.138240337371826172e-01 1.902903318405151367e-01
9.789890050888061523e-02 3.788979053497314453e-01
-2.625747323036193848e-01 -3.277461528778076172e-01
1.159241199493408203e-01 1.116856932640075684e-01
-7.506549358367919922e-02 -4.887046217918395996e-01
-2.383565902709960938e-01 -7.033812999725341797e-02
3.045376539230346680e-01 -1.791254281997680664e-01
-1.832944154739379883e-01 3.637452721595764160e-01
-1.478765010833740234e-01 -5.620473623275756836e-02
6.941783428192138672e-02 -3.154152035713195801e-01
6.839871406555175781e-02 3.643031716346740723e-01
-2.174853682518005371e-01 -2.586305141448974609e-01
3.613072633743286133e-01 1.470485329627990723e-01
2.094469070434570312e-01 4.848799705505371094e-01
-1.247264742851257324e-01 1.356651186943054199e-01
3.472365140914916992e-01 -3.636592626571655273e-02
-3.376382589340209961e-01 -2.528099417686462402e-01
2.675552368164062500e-01 1.015417575836181641e-01
-4.219464063644409180e-01 -1.501739025115966797e-03
-9.027421474456787109e-03 -2.811571955680847168e-01
-3.292582631111145020e-01 -4.395123124122619629e-01
-3.417342901229858398e-02 2.664547562599182129e-01
1.671601533889770508e-01 -2.752578258514404297e-01
-3.783193826675415039e-01 -4.834309816360473633e-01
-5.239319801330566406e-02 -2.869927883148193359e-02
-1.305532455444335938e-02 3.230946660041809082e-01
1.557755470275878906e-02 4.860802888870239258e-01
-1.518884897232055664e-01 -4.415729045867919922e-01
-3.749673366546630859e-01 -3.105100393295288086e-01
-2.352648973464965820e-01 -2.178658843040466309e-01
8.764153718948364258e-02 1.041842699050903320e-01
4.439007043838500977e-01 -3.135074973106384277e-01
4.392606019973754883e-01 3.894913196563720703e-02
7.815086841583251953e-02 3.752961754798889160e-01
2.078853845596313477e-01 -1.967858076095581055e-01
2.634188532829284668e-01 3.448788523674011230e-01
-2.585768699645996094e-01 2.473731637001037598e-01
-8.339315652847290039e-02 4.910343885421752930e-01
-4.322893023490905762e-01 1.753808259963989258e-01
-2.106889486312866211e-01 -3.536276817321777344e-01
3.636061549186706543e-01 -1.859577298164367676e-01
-2.896548509597778320e-01 -2.683945298194885254e-01
4.061829447746276855e-01 2.104731798171997070e-01
4.982201457023620605e-01 1.136999726295471191e-01
-2.798979878425598145e-01 5.209261178970336914e-02
7.125878334045410156e-02 2.687591314315795898e-02
-4.801881909370422363e-01 2.822357416152954102e-01
4.297178983688354492e-01 2.243763208389282227e-02
-1.688055992126464844e-01 -7.990860939025878906e-02
-3.035976886749267578e-01 3.002831339836120605e-01
-3.013048171997070312e-01 5.115991830825805664e-02
2.830245494842529297e-01 4.695001840591430664e-01
1.797962188720703125e-01 1.058299541473388672e-01
-1.061329841613769531e-01 4.786288738250732422e-01
1.525661349296569824e-01 -1.341723799705505371e-01
-2.001373171806335449e-01 2.992190122604370117e-01
2.271509170532226562e-02 -4.189268350601196289e-01
2.259343862533569336e-01 -4.562705755233764648e-01
4.439703226089477539e-01 -5.862838029861450195e-02
3.338276743888854980e-01 2.504752278327941895e-01
2.741391658782958984e-01 3.000319600105285645e-01
3.794598579406738281e-02 -8.299565315246582031e-02
-4.875305891036987305e-01 2.479681372642517090e-01
-2.128835916519165039e-01 -1.971812844276428223e-01
4.548639059066772461e-01 3.515934944152832031e-01
-2.812573909759521484e-01 -3.851860761642456055e-01
1.420321464538574219e-01 -2.238131761550903320e-01
3.831764459609985352e-01 -1.004481911659240723e-01
-1.806861758232116699e-01 4.259246587753295898e-01
-7.889276742935180664e-02 -8.898335695266723633e-02
-1.651794314384460449e-01 -4.332727789878845215e-01
-2.688687443733215332e-01 6.759107112884521484e-03
-1.121783256530761719e-02 4.278876185417175293e-01
-3.343490362167358398e-01 -8.874589204788208008e-02
9.119969606399536133e-02 4.974814057350158691e-01
9.485369920730590820e-02 2.640072703361511230e-01
4.294356703758239746e-01 -5.893999338150024414e-02
-9.552919864654541016e-02 -7.659894227981567383e-02
-9.185773134231567383e-02 -2.319700121879577637e-01
1.148253679275512695e-01 4.355323910713195801e-01
2.407457232475280762e-01 5.097323656082153320e-02
3.243178129196166992e-01 1.210489273071289062e-01
-2.446423172950744629e-01 4.711714982986450195e-01
5.142557621002197266e-02 -4.426696300506591797e-01
4.035257101058959961e-01 -6.494981050491333008e-02
-3.896840214729309082e-01 4.866754412651062012e-01
9.342688322067260742e-02 5.463778972625732422e-03
3.435690402984619141e-01 7.469868659973144531e-02
4.078803658485412598e-01 -2.716205716133117676e-01
1.079385876655578613e-01 -4.663105607032775879e-01
1.879811286926269531e-02 4.973658919334411621e-01
-1.570361852645874023e-01 4.526063799858093262e-01
-2.743458747863769531e-01 1.799430847167968750e-01
-1.868881583213806152e-01 1.036300063133239746e-01
8.707380294799804688e-02 3.043448925018310547e-01
-1.516597867012023926e-01 -3.817031979560852051e-01
-9.693109989166259766e-02 8.727574348449707031e-02
1.207892894744873047e-01 -2.537930607795715332e-01
-4.489599466323852539e-01 -2.761259078979492188e-01
1.510152816772460938e-01 -2.965666651725769043e-01
4.152978658676147461e-01 -1.997046470642089844e-01
-2.955141067504882812e-01 2.918746471405029297e-01
3.606642484664916992e-01 1.243787407875061035e-01
-3.585904836654663086e-01 -3.177176117897033691e-01
-2.526678442955017090e-01 -4.668515324592590332e-01
4.751234650611877441e-01 3.597790002822875977e-01
1.638739705085754395e-01 -4.428825974464416504e-01
-3.832501769065856934e-01 3.445768952369689941e-01
-2.614775896072387695e-01 -2.125169038772583008e-01
1.361488103866577148e-01 4.170489907264709473e-01
-1.994574069976806641e-02 -3.219527602195739746e-01
2.752104997634887695e-01 4.790910482406616211e-01
-3.967106342315673828e-01 3.961812853813171387e-01
-1.512247323989868164e-01 -3.345630764961242676e-01
-5.986487865447998047e-02 4.471362829208374023e-01
2.664500474929809570e-01 -1.911075711250305176e-01
3.424275517463684082e-01 -3.766902685165405273e-01
-9.454333782196044922e-02 1.482729911804199219e-01
-3.061553835868835449e-01 -4.729637503623962402e-01
1.560772061347961426e-01 1.070464253425598145e-01
1.748523116111755371e-01 3.414804935455322266e-01
4.836066365242004395e-01 7.481485605239868164e-02
1.031625270843505859e-01 2.901409268379211426e-01
-3.616777658462524414e-01 2.978650927543640137e-01
3.486555814743041992e-02 -5.920469760894775391e-02
-2.503141760826110840e-01 1.402345299720764160e-01
2.828514575958251953e-01 -1.457864046096801758e-01
-7.110595703125000000e-02 -3.830589056015014648e-01
1.618416309356689453e-01 -1.653440594673156738e-01
4.130880832672119141e-01 -9.817045927047729492e-02
-4.573157429695129395e-01 3.454244732856750488e-01
1.953966021537780762e-01 -2.505135536193847656e-02
-4.407173395156860352e-01 -9.328126907348632812e-04
-4.187263846397399902e-01 -4.445856213569641113e-01
-2.586848735809326172e-01 -2.404030561447143555e-01
1.465898156166076660e-01 1.648853421211242676e-01
8.032625913619995117e-02 -4.269932508468627930e-01
1.265211105346679688e-01 2.117935419082641602e-01
3.134423494338989258e-01 -2.109038233757019043e-01
-3.334110379219055176e-01 -2.282750606536865234e-02
1.759396195411682129e-01 -6.433230638504028320e-02
2.843254804611206055e-01 -1.996740698814392090e-01
-4.991024136543273926e-01 -3.200631737709045410e-01
1.101773381233215332e-01 -1.540577411651611328e-02
2.152477502822875977e-01 4.759556651115417480e-01
3.853390216827392578e-01 -1.115127205848693848e-01
-2.482642531394958496e-01 3.252459764480590820e-01
1.545557975769042969e-01 -4.247185587882995605e-01
2.855275273323059082e-01 -2.724540233612060547e-01
4.447692036628723145e-01 1.197801828384399414e-01
-3.553603887557983398e-01 1.521711349487304688e-01
2.049038410186767578e-01 4.336676597595214844e-01
-8.644753694534301758e-02 -4.090566635131835938e-01
-3.088579177856445312e-01 -3.749671578407287598e-01
3.214088678359985352e-01 3.879560828208923340e-01
2.576375603675842285e-01 -1.831346750259399414e-02
-4.449802637100219727e-02 1.663899421691894531e-02
1.452358961105346680e-01 3.706938028335571289e-01
7.175207138061523438e-03 -4.286803603172302246e-01
-8.547461032867431641e-02 6.252986192703247070e-02
-9.273529052734375000e-03 -3.703109025955200195e-01
-2.815620303153991699e-01 -1.397258043289184570e-01
-3.402382135391235352e-02 2.754291892051696777e-01
-1.204401254653930664e-01 4.210381507873535156e-01
-4.762254357337951660e-01 3.396176695823669434e-01
2.364411354064941406e-01 -1.292678117752075195e-01
-3.733175992965698242e-02 1.238535046577453613e-01
2.466463446617126465e-01 2.822991609573364258e-01
-1.565020680427551270e-01 2.231214642524719238e-01
-3.759890794754028320e-02 -1.317583918571472168e-01
-1.342571973800659180e-01 -4.163551926612854004e-01
-1.987411975860595703e-01 -2.453292012214660645e-01
8.847820758819580078e-02 -2.044711112976074219e-01
-2.599381804466247559e-01 4.922909736633300781e-01
-2.109096646308898926e-01 1.885169744491577148e-01
3.993844985961914062e-02 -3.287070989608764648e-01
-3.324090838432312012e-01 -2.674811482429504395e-01
4.508302807807922363e-01 1.872421503067016602e-01
-7.715141773223876953e-02 -4.329879879951477051e-01
-1.232068538665771484e-01 -3.820512890815734863e-01
1.702266335487365723e-01 1.911159753799438477e-01
2.520636916160583496e-01 1.859863400459289551e-01
4.708245396614074707e-01 3.885155916213989258e-01
-1.834515929222106934e-01 -4.277850985527038574e-01
2.215424180030822754e-01 7.765352725982666016e-02
-7.332575321197509766e-02 3.654708862304687500e-01
4.605150222778320312e-01 8.340477943420410156e-04
3.539705276489257812e-01 -4.118643999099731445e-01
-5.380713939666748047e-02 3.759833574295043945e-01
-2.095753550529479980e-01 1.553261876106262207e-01
-3.583667278289794922e-01 1.229523420333862305e-01
1.541669368743896484e-01 3.582419753074645996e-01
2.514891028404235840e-01 2.363885045051574707e-01
1.203295588493347168e-01 -4.175727367401123047e-01
-6.562805175781250000e-02 4.011870026588439941e-01
2.747008800506591797e-01 2.122915983200073242e-01
3.775638341903686523e-02 -7.526934146881103516e-02
