7.324070930480957031e-01 3.970374166965484619e-01
7.687415480613708496e-01 5.995010733604431152e-01
6.544031500816345215e-01 4.786455929279327393e-01
5.497831106185913086e-01 3.374063372611999512e-01
5.678073167800903320e-01 4.564402401447296143e-01
7.858941555023193359e-01 4.850777685642242432e-01
5.069370865821838379e-01 6.699911952018737793e-01
7.171351909637451172e-01 6.005330681800842285e-01
7.127240896224975586e-01 4.863764345645904541e-01
4.934125244617462158e-01 4.900012910366058350e-01
6.930590867996215820e-01 7.703163027763366699e-01
5.359179973602294922e-01 5.106288194656372070e-01
6.672649979591369629e-01 5.506952404975891113e-01
4.912082850933074951e-01 5.767039060592651367e-01
7.176463603973388672e-01 6.395458579063415527e-01
7.139085531234741211e-01 5.762960910797119141e-01
6.752505302429199219e-01 5.725468397140502930e-01
4.978305995464324951e-01 5.094094872474670410e-01
7.788062691688537598e-01 6.265633702278137207e-01
7.120473980903625488e-01 4.428185224533081055e-01
7.112563848495483398e-01 6.702466011047363281e-01
5.969262123107910156e-01 7.996866703033447266e-01
6.376032233238220215e-01 4.289855957031250000e-01
7.024653553962707520e-01 6.178729534149169922e-01
5.771023631095886230e-01 5.959684252738952637e-01
6.906421780586242676e-01 7.249096632003784180e-01
7.617632150650024414e-01 7.188451290130615234e-01
5.305845141410827637e-01 5.161743760108947754e-01
6.528648734092712402e-01 6.295801997184753418e-01
6.005425453186035156e-01 4.485400021076202393e-01
5.143862962722778320e-01 5.353724956512451172e-01
5.938166379928588867e-01 6.623079776763916016e-01
5.227424502372741699e-01 6.562951207160949707e-01
4.830231368541717529e-01 3.694369196891784668e-01
6.221947669982910156e-01 5.562343597412109375e-01
8.139410018920898438e-01 6.674965023994445801e-01
5.236237049102783203e-01 4.322805702686309814e-01
7.126446962356567383e-01 6.339590549468994141e-01
5.905426144599914551e-01 4.356190860271453857e-01
5.408692359924316406e-01 5.319233536720275879e-01
6.333891749382019043e-01 7.064579725265502930e-01
7.044869065284729004e-01 4.945578873157501221e-01
5.773589611053466797e-01 7.181453108787536621e-01
6.807735562324523926e-01 6.091785430908203125e-01
6.986269354820251465e-01 4.672260284423828125e-01
5.651205778121948242e-01 7.048583626747131348e-01
5.810027718544006348e-01 7.710978984832763672e-01
5.802950859069824219e-01 5.601642131805419922e-01
6.880900263786315918e-01 6.400611400604248047e-01
7.299472093582153320e-01 6.995755434036254883e-01
7.298336625099182129e-01 5.857874155044555664e-01
7.355414032936096191e-01 4.357762634754180908e-01
6.116524934768676758e-01 3.977415263652801514e-01
6.054364442825317383e-01 5.743094682693481445e-01
6.597777605056762695e-01 6.430929899215698242e-01
6.093783378601074219e-01 5.738496184349060059e-01
4.886384010314941406e-01 6.314914822578430176e-01
5.466945171356201172e-01 5.992281436920166016e-01
7.575699090957641602e-01 7.076056003570556641e-01
6.708449721336364746e-01 6.134049296379089355e-01
6.862318515777587891e-01 5.014038085937500000e-01
7.313845157623291016e-01 5.296552777290344238e-01
6.852747201919555664e-01 7.122715711593627930e-01
7.410022020339965820e-01 7.953847646713256836e-01
4.653766453266143799e-01 5.776313543319702148e-01
7.392923831939697266e-01 4.746056199073791504e-01
6.797232627868652344e-01 4.559292793273925781e-01
6.924216747283935547e-01 5.836851596832275391e-01
6.905330419540405273e-01 5.934855937957763672e-01
7.935849428176879883e-01 5.330374836921691895e-01
4.631732404232025146e-01 6.515305638313293457e-01
6.944444179534912109e-01 7.008241415023803711e-01
5.901551246643066406e-01 6.107769012451171875e-01
7.116184234619140625e-01 6.642459630966186523e-01
8.067965507507324219e-01 6.510541439056396484e-01
7.285391688346862793e-01 6.819741129875183105e-01
6.552020311355590820e-01 7.110106945037841797e-01
5.288990139961242676e-01 7.447116971015930176e-01
6.584867238998413086e-01 5.812841653823852539e-01
6.610108017921447754e-01 5.609059929847717285e-01
7.490950822830200195e-01 5.394783020019531250e-01
7.294010519981384277e-01 4.772990643978118896e-01
6.179352998733520508e-01 6.814665198326110840e-01
5.156434178352355957e-01 4.972904622554779053e-01
7.526174187660217285e-01 5.249468088150024414e-01
6.542243361473083496e-01 7.340489029884338379e-01
6.623999476432800293e-01 5.883527994155883789e-01
8.323047161102294922e-01 4.583081901073455811e-01
6.939470171928405762e-01 6.135034561157226562e-01
7.264327406883239746e-01 4.883973598480224609e-01
5.204962491989135742e-01 3.802745640277862549e-01
7.471008300781250000e-01 5.882980823516845703e-01
6.972027420997619629e-01 6.172133088111877441e-01
7.272940874099731445e-01 4.471743404865264893e-01
7.792081832885742188e-01 5.841987729072570801e-01
6.552659869194030762e-01 5.952841043472290039e-01
5.410071015357971191e-01 5.380697250366210938e-01
5.945295095443725586e-01 5.635068416595458984e-01
6.773782968521118164e-01 4.333779215812683105e-01
6.196915507316589355e-01 7.560322284698486328e-01
6.116958260536193848e-01 7.119860649108886719e-01
6.135194897651672363e-01 7.173268198966979980e-01
6.773094534873962402e-01 5.503325462341308594e-01
5.374053716659545898e-01 4.726516902446746826e-01
6.409264802932739258e-01 4.841298758983612061e-01
7.351306676864624023e-01 8.088131546974182129e-01
5.583871603012084961e-01 4.691459536552429199e-01
5.623505115509033203e-01 5.858350992202758789e-01
5.325733423233032227e-01 6.345595121383666992e-01
5.405460596084594727e-01 6.154752969741821289e-01
7.026091814041137695e-01 5.219280719757080078e-01
5.861352682113647461e-01 6.698319911956787109e-01
7.101282477378845215e-01 8.254359364509582520e-01
7.651479244232177734e-01 6.876117587089538574e-01
6.555029749870300293e-01 7.276250720024108887e-01
7.970666289329528809e-01 3.880830705165863037e-01
7.191151380538940430e-01 7.067765593528747559e-01
5.760982036590576172e-01 6.256467700004577637e-01
7.563593983650207520e-01 6.369827985763549805e-01
8.065849542617797852e-01 4.662497043609619141e-01
6.519472599029541016e-01 5.175080299377441406e-01
5.213142037391662598e-01 6.098286509513854980e-01
6.807368397712707520e-01 4.942498803138732910e-01
7.016665935516357422e-01 6.685250401496887207e-01
6.573698520660400391e-01 6.538187861442565918e-01
8.036561012268066406e-01 4.987815916538238525e-01
5.375390648841857910e-01 6.177710890769958496e-01
6.180559992790222168e-01 4.826699495315551758e-01
7.175836563110351562e-01 6.106618046760559082e-01
5.859917402267456055e-01 4.669613838195800781e-01
7.930966615676879883e-01 5.046546459197998047e-01
6.071096062660217285e-01 4.850511848926544189e-01
5.594404339790344238e-01 3.623971343040466309e-01
8.485069274902343750e-01 4.940680861473083496e-01
7.273384928703308105e-01 7.341312170028686523e-01
7.942192554473876953e-01 5.112383365631103516e-01
6.253662705421447754e-01 6.589177846908569336e-01
7.082871794700622559e-01 5.931648612022399902e-01
6.085595488548278809e-01 4.825978279113769531e-01
5.285046100616455078e-01 5.999925136566162109e-01
7.619607448577880859e-01 5.650029182434082031e-01
7.014090418815612793e-01 5.813689231872558594e-01
5.772377252578735352e-01 6.894156336784362793e-01
6.519742012023925781e-01 6.594353318214416504e-01
4.404940903186798096e-01 6.201897859573364258e-01
4.855739772319793701e-01 5.507240891456604004e-01
7.547578215599060059e-01 5.674062967300415039e-01
7.603648304939270020e-01 6.823209524154663086e-01
5.511839389801025391e-01 5.882346034049987793e-01
7.859215140342712402e-01 5.930140018463134766e-01
6.998964548110961914e-01 6.370415687561035156e-01
6.402545571327209473e-01 6.808802485466003418e-01
6.286267638206481934e-01 4.222189784049987793e-01
5.617442131042480469e-01 3.938460946083068848e-01
7.925866246223449707e-01 4.779273271560668945e-01
7.626389861106872559e-01 5.164581537246704102e-01
6.917117834091186523e-01 6.708931326866149902e-01
5.974109768867492676e-01 6.975258588790893555e-01
6.356208920478820801e-01 5.070438981056213379e-01
5.006599426269531250e-01 5.877832770347595215e-01
7.185316085815429688e-01 6.957531571388244629e-01
6.422189474105834961e-01 4.229299128055572510e-01
5.477555394172668457e-01 4.804846644401550293e-01
6.056418418884277344e-01 5.419242978096008301e-01
6.126790642738342285e-01 7.822591662406921387e-01
6.901925802230834961e-01 4.836422502994537354e-01
6.018716692924499512e-01 5.787433385848999023e-01
6.055693626403808594e-01 6.953940987586975098e-01
5.623711347579956055e-01 5.911043286323547363e-01
5.703921318054199219e-01 6.381676197052001953e-01
4.462135732173919678e-01 5.331283211708068848e-01
6.107060909271240234e-01 7.055626511573791504e-01
6.788585782051086426e-01 5.128375291824340820e-01
6.211512684822082520e-01 5.648267269134521484e-01
7.151818275451660156e-01 5.266978740692138672e-01
7.015484571456909180e-01 5.106709003448486328e-01
5.483161807060241699e-01 5.138038992881774902e-01
5.594693422317504883e-01 5.965389609336853027e-01
7.194728255271911621e-01 5.123069286346435547e-01
5.645120739936828613e-01 3.550186753273010254e-01
5.308076143264770508e-01 6.263144612312316895e-01
7.869433760643005371e-01 6.807719469070434570e-01
6.588365435600280762e-01 6.874336600303649902e-01
5.241145491600036621e-01 5.642071962356567383e-01
7.000328302383422852e-01 5.056741237640380859e-01
6.763368248939514160e-01 5.438289046287536621e-01
6.086459159851074219e-01 5.813350081443786621e-01
7.884063124656677246e-01 6.871336698532104492e-01
8.052678704261779785e-01 4.834590852260589600e-01
7.234420180320739746e-01 6.120199561119079590e-01
6.587877273559570312e-01 4.209329187870025635e-01
5.694825053215026855e-01 6.025639176368713379e-01
6.229981184005737305e-01 6.190767884254455566e-01
6.862865090370178223e-01 4.367008209228515625e-01
6.355206370353698730e-01 4.999749660491943359e-01
6.683539748191833496e-01 6.475799679756164551e-01
5.304879546165466309e-01 7.033548355102539062e-01
5.902423858642578125e-01 6.824195981025695801e-01
6.016316413879394531e-01 4.452831745147705078e-01
7.509807944297790527e-01 4.096176624298095703e-01
7.270762920379638672e-01 6.352922320365905762e-01
7.474889159202575684e-01 6.025245785713195801e-01
6.137983798980712891e-01 5.766661167144775391e-01
8.201741576194763184e-01 5.165911316871643066e-01
5.553942322731018066e-01 5.428643822669982910e-01
7.576979398727416992e-01 6.279237866401672363e-01
7.657777667045593262e-01 5.245913863182067871e-01
5.448452830314636230e-01 6.422318220138549805e-01
7.979372143745422363e-01 6.109789609909057617e-01
8.516414165496826172e-01 4.614628553390502930e-01
4.924965202808380127e-01 5.247718691825866699e-01
6.223036050796508789e-01 6.827397346496582031e-01
7.463258504867553711e-01 5.169413089752197266e-01
6.051745414733886719e-01 8.371854424476623535e-01
5.729883909225463867e-01 5.325947999954223633e-01
7.801818847656250000e-01 7.055642008781433105e-01
7.237387299537658691e-01 7.009634375572204590e-01
6.572982072830200195e-01 6.875912547111511230e-01
5.586950778961181641e-01 6.788454055786132812e-01
7.662575244903564453e-01 6.632295250892639160e-01
5.851569175720214844e-01 5.128672719001770020e-01
5.920984148979187012e-01 6.987023949623107910e-01
6.236559748649597168e-01 7.759023904800415039e-01
6.356506347656250000e-01 6.234568357467651367e-01
6.607198119163513184e-01 4.102067053318023682e-01
7.885189652442932129e-01 5.435912013053894043e-01
6.520904898643493652e-01 6.950720548629760742e-01
7.189971804618835449e-01 5.183036327362060547e-01
5.218337774276733398e-01 5.781193971633911133e-01
5.659322142601013184e-01 7.852462530136108398e-01
6.895532011985778809e-01 5.635783672332763672e-01
6.184128522872924805e-01 6.867851614952087402e-01
7.321231961250305176e-01 4.638350605964660645e-01
5.580148696899414062e-01 4.682100117206573486e-01
6.061353683471679688e-01 5.840871334075927734e-01
7.093967199325561523e-01 7.519755959510803223e-01
6.321473717689514160e-01 5.574424266815185547e-01
6.636578440666198730e-01 5.698968768119812012e-01
6.467669606208801270e-01 5.650624036788940430e-01
7.334495186805725098e-01 6.823143362998962402e-01
6.913302540779113770e-01 6.240774393081665039e-01
7.352894544601440430e-01 7.561405897140502930e-01
7.422464489936828613e-01 5.646791458129882812e-01
7.918833494186401367e-01 5.234516263008117676e-01
6.322890520095825195e-01 3.751178979873657227e-01
4.999364614486694336e-01 5.252268910408020020e-01
6.802020072937011719e-01 5.577283501625061035e-01
6.455614566802978516e-01 3.587717115879058838e-01
7.788120508193969727e-01 6.783158183097839355e-01
6.400521397590637207e-01 7.747973203659057617e-01
6.895728707313537598e-01 7.409288883209228516e-01
7.510556578636169434e-01 6.389499902725219727e-01
6.341407895088195801e-01 5.810196995735168457e-01
8.092823028564453125e-01 5.835508108139038086e-01
6.698971390724182129e-01 7.720326781272888184e-01
7.277618646621704102e-01 5.005711913108825684e-01
6.161825060844421387e-01 8.121033310890197754e-01
7.257409691810607910e-01 6.430336236953735352e-01
7.321500182151794434e-01 8.074121475219726562e-01
7.645062804222106934e-01 6.363202929496765137e-01
6.650927662849426270e-01 5.367752909660339355e-01
6.929310560226440430e-01 5.702570080757141113e-01
6.103896498680114746e-01 5.203498005867004395e-01
5.394325256347656250e-01 5.662927031517028809e-01
6.760896444320678711e-01 5.192354321479797363e-01
8.028462529182434082e-01 5.452544093132019043e-01
6.692818403244018555e-01 7.061644196510314941e-01
5.946325659751892090e-01 4.983746707439422607e-01
6.936861872673034668e-01 7.049772143363952637e-01
7.308908104896545410e-01 5.474939942359924316e-01
5.891295671463012695e-01 5.109171271324157715e-01
6.011549234390258789e-01 4.413260519504547119e-01
6.853212118148803711e-01 6.557285189628601074e-01
6.367059946060180664e-01 4.072952270507812500e-01
6.560981869697570801e-01 6.882510781288146973e-01
6.445320844650268555e-01 7.744409441947937012e-01
7.616610527038574219e-01 6.825683712959289551e-01
8.014952540397644043e-01 4.199500679969787598e-01
6.501549482345581055e-01 6.620851755142211914e-01
6.136665344238281250e-01 3.896585106849670410e-01
8.089042305946350098e-01 4.821770191192626953e-01
5.938138365745544434e-01 5.845661163330078125e-01
7.496483325958251953e-01 6.686568856239318848e-01
5.299766063690185547e-01 5.223473906517028809e-01
5.408141016960144043e-01 3.618673980236053467e-01
7.313705682754516602e-01 4.318796098232269287e-01
6.849991083145141602e-01 4.503923654556274414e-01
6.480224132537841797e-01 5.416601896286010742e-01
7.500903010368347168e-01 5.089218020439147949e-01
5.292209982872009277e-01 5.569296479225158691e-01
7.358076572418212891e-01 5.330509543418884277e-01
8.080352544784545898e-01 5.558469295501708984e-01
6.527642607688903809e-01 4.486963748931884766e-01
6.779763698577880859e-01 6.806301474571228027e-01
7.650632858276367188e-01 6.715293526649475098e-01
8.283414840698242188e-01 5.617847442626953125e-01
6.193947196006774902e-01 6.044028997421264648e-01
7.570163011550903320e-01 5.376911759376525879e-01
8.171486854553222656e-01 5.155300498008728027e-01
7.551931738853454590e-01 6.927622556686401367e-01
7.403290271759033203e-01 7.048031687736511230e-01
5.670728087425231934e-01 4.133392274379730225e-01
7.934654951095581055e-01 6.102207899093627930e-01
6.229878067970275879e-01 5.730716586112976074e-01
6.581829786300659180e-01 4.631275236606597900e-01
6.638439893722534180e-01 5.411983728408813477e-01
8.149811029434204102e-01 5.267133712768554688e-01
7.513948082923889160e-01 6.329135894775390625e-01
5.993672013282775879e-01 6.329099535942077637e-01
7.093662023544311523e-01 6.404262781143188477e-01
7.044939994812011719e-01 5.220587253570556641e-01
7.469064593315124512e-01 6.935659646987915039e-01
6.946961879730224609e-01 5.886040925979614258e-01
5.863196253776550293e-01 6.360046267509460449e-01
7.690297365188598633e-01 5.169638395309448242e-01
7.667696475982666016e-01 4.979164600372314453e-01
7.509152889251708984e-01 7.211376428604125977e-01
7.033175230026245117e-01 5.666719079017639160e-01
6.608436107635498047e-01 6.327101588249206543e-01
7.522858381271362305e-01 4.980607330799102783e-01
7.949408292770385742e-01 4.455520212650299072e-01
7.862524986267089844e-01 5.756075978279113770e-01
5.717999935150146484e-01 5.692938566207885742e-01
6.422634720802307129e-01 5.319470763206481934e-01
6.625559926033020020e-01 4.386548101902008057e-01
8.005019426345825195e-01 5.994137525558471680e-01
5.576718449592590332e-01 6.508447527885437012e-01
6.598238348960876465e-01 6.385591626167297363e-01
7.427562475204467773e-01 5.745816230773925781e-01
7.891423106193542480e-01 5.073425173759460449e-01
7.430830001831054688e-01 5.701682567596435547e-01
7.702481150627136230e-01 5.540332794189453125e-01
6.857483386993408203e-01 5.817110538482666016e-01
7.572785615921020508e-01 7.633628845214843750e-01
8.250602483749389648e-01 4.566780924797058105e-01
5.027080178260803223e-01 6.665827631950378418e-01
7.333741188049316406e-01 6.961780786514282227e-01
7.985198497772216797e-01 4.737151265144348145e-01
8.427495360374450684e-01 5.162042379379272461e-01
7.370224595069885254e-01 7.653937339782714844e-01
7.286453843116760254e-01 5.643982291221618652e-01
8.147163391113281250e-01 6.497732996940612793e-01
8.507833480834960938e-01 5.290063619613647461e-01
4.994903504848480225e-01 3.155535459518432617e-01
5.889954566955566406e-01 5.856642127037048340e-01
5.631728172302246094e-01 5.888860225677490234e-01
5.191596150398254395e-01 6.722335815429687500e-01
5.171269178390502930e-01 5.843012928962707520e-01
8.177638053894042969e-01 5.277468562126159668e-01
7.458460927009582520e-01 7.265249490737915039e-01
7.082494497299194336e-01 5.114765167236328125e-01
6.123581528663635254e-01 5.409216284751892090e-01
6.864326596260070801e-01 7.104663848876953125e-01
6.644486784934997559e-01 6.128295063972473145e-01
6.895390748977661133e-01 4.755965471267700195e-01
5.993649959564208984e-01 5.293149948120117188e-01
5.786352157592773438e-01 4.865235388278961182e-01
6.490554809570312500e-01 5.932157039642333984e-01
7.065443992614746094e-01 5.383326411247253418e-01
5.650915503501892090e-01 3.992034792900085449e-01
7.068244218826293945e-01 5.684862136840820312e-01
7.442013025283813477e-01 6.698926091194152832e-01
7.983914613723754883e-01 5.151438713073730469e-01
6.160346865653991699e-01 4.741813242435455322e-01
6.427218914031982422e-01 4.303217828273773193e-01
6.878982782363891602e-01 6.488113999366760254e-01
4.129024446010589600e-01 5.977662801742553711e-01
5.609503388404846191e-01 7.077799439430236816e-01
8.114375472068786621e-01 5.384570360183715820e-01
7.412201762199401855e-01 6.029841303825378418e-01
4.679298996925354004e-01 6.684706211090087891e-01
7.533745765686035156e-01 7.093286514282226562e-01
5.559580922126770020e-01 5.293011665344238281e-01
6.399245262145996094e-01 6.790372133255004883e-01
5.954592823982238770e-01 3.500607311725616455e-01
4.865671694278717041e-01 6.818428039550781250e-01
6.154336333274841309e-01 4.932802915573120117e-01
5.654226541519165039e-01 4.498123526573181152e-01
7.623434662818908691e-01 4.430904984474182129e-01
5.982149839401245117e-01 5.669303536415100098e-01
5.212249755859375000e-01 5.519411563873291016e-01
8.234729170799255371e-01 5.937243700027465820e-01
6.208769679069519043e-01 7.465230822563171387e-01
5.295279622077941895e-01 5.864774584770202637e-01
6.240921020507812500e-01 5.430126786231994629e-01
7.047008275985717773e-01 6.449975967407226562e-01
6.555699706077575684e-01 7.855802774429321289e-01
8.206278085708618164e-01 6.023657917976379395e-01
7.805437445640563965e-01 5.680727958679199219e-01
7.221018671989440918e-01 6.612878441810607910e-01
6.925557851791381836e-01 6.098312139511108398e-01
8.137559294700622559e-01 5.330508947372436523e-01
6.170213818550109863e-01 5.125402212142944336e-01
6.786427497863769531e-01 5.132747292518615723e-01
7.723857164382934570e-01 6.377189755439758301e-01
6.979445219039916992e-01 4.314735829830169678e-01
6.762999892234802246e-01 6.807177066802978516e-01
6.499912738800048828e-01 7.504859566688537598e-01
7.703430056571960449e-01 4.164670109748840332e-01
7.155950069427490234e-01 8.295155763626098633e-01
7.797592282295227051e-01 5.006126165390014648e-01
6.374443173408508301e-01 7.310119867324829102e-01
7.020615935325622559e-01 4.740381836891174316e-01
8.345016241073608398e-01 4.957474470138549805e-01
5.678883790969848633e-01 3.467182815074920654e-01
7.318155765533447266e-01 7.135017514228820801e-01
7.800609469413757324e-01 5.983224511146545410e-01
6.386185884475708008e-01 5.240899920463562012e-01
8.252321481704711914e-01 4.370471239089965820e-01
6.556417942047119141e-01 6.287292242050170898e-01
6.425721049308776855e-01 7.369685769081115723e-01
6.505437493324279785e-01 4.021722674369812012e-01
6.386173963546752930e-01 4.885786175727844238e-01
5.697112679481506348e-01 6.822721958160400391e-01
6.664664149284362793e-01 4.813067615032196045e-01
5.452427268028259277e-01 4.805215001106262207e-01
6.645298004150390625e-01 4.845985472202301025e-01
6.412594318389892578e-01 5.622779726982116699e-01
7.473377585411071777e-01 7.142540812492370605e-01
6.839476227760314941e-01 5.278958678245544434e-01
6.796573400497436523e-01 6.893656253814697266e-01
7.966466546058654785e-01 4.634150862693786621e-01
6.539018750190734863e-01 5.446695685386657715e-01
5.561842322349548340e-01 5.802632570266723633e-01
7.954974770545959473e-01 4.790162146091461182e-01
7.043078541755676270e-01 5.248289108276367188e-01
5.025406479835510254e-01 5.258557200431823730e-01
6.828509569168090820e-01 5.839380025863647461e-01
6.723425388336181641e-01 4.220442473888397217e-01
7.049832940101623535e-01 4.445206820964813232e-01
7.445481419563293457e-01 5.412984490394592285e-01
8.244525790214538574e-01 5.638913512229919434e-01
4.509458839893341064e-01 5.791348814964294434e-01
6.005770564079284668e-01 5.923058390617370605e-01
5.116776823997497559e-01 5.392090082168579102e-01
5.843338966369628906e-01 4.752347171306610107e-01
8.454021811485290527e-01 5.717332959175109863e-01
6.552370190620422363e-01 3.862824738025665283e-01
4.384729266166687012e-01 6.368240118026733398e-01
6.009724736213684082e-01 7.498041391372680664e-01
5.719230771064758301e-01 6.012025475502014160e-01
6.936323046684265137e-01 6.817501783370971680e-01
4.352940618991851807e-01 5.936218500137329102e-01
7.455986738204956055e-01 7.710296511650085449e-01
7.893829941749572754e-01 7.662290334701538086e-01
7.951071858406066895e-01 5.718826651573181152e-01
8.094679117202758789e-01 5.855200886726379395e-01
6.437695622444152832e-01 7.327784299850463867e-01
7.853587269783020020e-01 7.723736166954040527e-01
7.919741868972778320e-01 4.652613997459411621e-01
5.938376784324645996e-01 4.793951809406280518e-01
6.115607023239135742e-01 4.112668335437774658e-01
6.849806904792785645e-01 5.031495690345764160e-01
7.215432524681091309e-01 5.057475566864013672e-01
6.285771727561950684e-01 7.893606424331665039e-01
6.103502511978149414e-01 5.603478550910949707e-01
7.950362563133239746e-01 6.643772721290588379e-01
7.185831069946289062e-01 4.299771189689636230e-01
8.024777770042419434e-01 5.029839277267456055e-01
5.531544089317321777e-01 3.591104745864868164e-01
7.798997759819030762e-01 7.134326696395874023e-01
6.671456694602966309e-01 5.374792218208312988e-01
8.530942201614379883e-01 5.995419025421142578e-01
6.028814911842346191e-01 4.402299523353576660e-01
4.510107636451721191e-01 5.510146617889404297e-01
5.854901671409606934e-01 7.603503465652465820e-01
7.642602324485778809e-01 4.492101967334747314e-01
5.935996174812316895e-01 7.223042249679565430e-01
7.990140914916992188e-01 5.554184913635253906e-01
6.350252628326416016e-01 5.253016948699951172e-01
5.172041654586791992e-01 5.392637848854064941e-01
7.399196624755859375e-01 4.166916310787200928e-01
7.225046157836914062e-01 7.290903925895690918e-01
7.743364572525024414e-01 7.393227219581604004e-01
7.734308242797851562e-01 5.509781837463378906e-01
7.447967529296875000e-01 5.193575024604797363e-01
6.640630960464477539e-01 5.240936875343322754e-01
5.953531265258789062e-01 6.320784687995910645e-01
7.690135836601257324e-01 7.124096155166625977e-01
7.167634367942810059e-01 6.715078949928283691e-01
8.453964591026306152e-01 5.472677946090698242e-01
6.751034259796142578e-01 5.665478706359863281e-01
7.650759816169738770e-01 5.702403783798217773e-01
7.583180069923400879e-01 5.434545874595642090e-01
8.175462484359741211e-01 5.538800358772277832e-01
7.136767506599426270e-01 7.123497128486633301e-01
5.969445109367370605e-01 5.239126682281494141e-01
6.013645529747009277e-01 3.520770072937011719e-01
7.395759224891662598e-01 4.654533863067626953e-01
6.388447880744934082e-01 7.206577062606811523e-01
6.515443325042724609e-01 7.688231468200683594e-01
6.130471825599670410e-01 6.404566168785095215e-01
6.955935359001159668e-01 7.742223739624023438e-01
6.166025400161743164e-01 4.070513844490051270e-01
7.681580781936645508e-01 6.959180235862731934e-01
7.767819166183471680e-01 4.944714307785034180e-01
5.779355764389038086e-01 5.646221637725830078e-01
4.772076308727264404e-01 4.433520436286926270e-01
5.658370852470397949e-01 3.837876021862030029e-01
6.824923753738403320e-01 4.650425612926483154e-01
6.872168779373168945e-01 6.231026649475097656e-01
6.286857724189758301e-01 6.617743372917175293e-01
7.825978994369506836e-01 4.754209220409393311e-01
6.320194602012634277e-01 5.848979353904724121e-01
7.985243797302246094e-01 6.266439557075500488e-01
7.365101575851440430e-01 8.141345381736755371e-01
5.693782567977905273e-01 6.988834142684936523e-01
7.439902424812316895e-01 7.068110704421997070e-01
6.934613585472106934e-01 6.448816657066345215e-01
6.667149662971496582e-01 5.204606652259826660e-01
6.864121556282043457e-01 6.576573252677917480e-01
6.380985975265502930e-01 4.884356558322906494e-01
7.775154113769531250e-01 6.409385204315185547e-01
6.408255696296691895e-01 5.248862504959106445e-01
6.944676041603088379e-01 6.157137751579284668e-01
7.975637912750244141e-01 7.116955518722534180e-01
8.189939260482788086e-01 4.836815893650054932e-01
7.451321482658386230e-01 5.926510095596313477e-01
5.355700850486755371e-01 3.797407150268554688e-01
7.880853414535522461e-01 6.577314734458923340e-01
7.322340607643127441e-01 6.885496973991394043e-01
6.969946026802062988e-01 4.348565638065338135e-01
7.713534235954284668e-01 6.496800184249877930e-01
7.899948358535766602e-01 5.733282566070556641e-01
5.526546239852905273e-01 5.093610882759094238e-01
7.217510938644409180e-01 6.591722369194030762e-01
7.524547576904296875e-01 5.300182104110717773e-01
5.670989155769348145e-01 4.655569493770599365e-01
6.933035254478454590e-01 5.225499868392944336e-01
7.170970439910888672e-01 5.799788832664489746e-01
7.626703381538391113e-01 3.945323228836059570e-01
6.474526524543762207e-01 6.066601872444152832e-01
5.011743903160095215e-01 5.940309762954711914e-01
6.831952929496765137e-01 4.966104328632354736e-01
6.770304441452026367e-01 4.507502019405364990e-01
7.512167096138000488e-01 6.050670146942138672e-01
5.056384801864624023e-01 5.246834754943847656e-01
8.381589055061340332e-01 6.192525029182434082e-01
6.505399942398071289e-01 5.752456188201904297e-01
6.081039905548095703e-01 4.698208868503570557e-01
5.981492400169372559e-01 6.718951463699340820e-01
7.434512376785278320e-01 7.167923450469970703e-01
6.564519405364990234e-01 5.587219595909118652e-01
4.915313422679901123e-01 6.566967368125915527e-01
6.309817433357238770e-01 5.129330158233642578e-01
6.504064202308654785e-01 6.965442895889282227e-01
7.374722957611083984e-01 5.063223242759704590e-01
6.359696984291076660e-01 5.369895696640014648e-01
7.201244235038757324e-01 6.374216079711914062e-01
8.346866965293884277e-01 5.034526586532592773e-01
5.573443770408630371e-01 5.017035603523254395e-01
6.796019077301025391e-01 5.773385763168334961e-01
7.342284917831420898e-01 5.205922126770019531e-01
7.464423775672912598e-01 6.214656233787536621e-01
6.907656788825988770e-01 5.799424648284912109e-01
7.405247092247009277e-01 7.187653779983520508e-01
5.763332843780517578e-01 6.196233034133911133e-01
8.290169239044189453e-01 4.521385431289672852e-01
6.473839879035949707e-01 6.510848402976989746e-01
5.508714318275451660e-01 4.162304997444152832e-01
6.218492984771728516e-01 6.049206256866455078e-01
6.621121764183044434e-01 5.322089195251464844e-01
7.510517835617065430e-01 5.045830607414245605e-01
6.884393692016601562e-01 5.849024057388305664e-01
7.323685288429260254e-01 4.412069916725158691e-01
8.258079290390014648e-01 4.932100176811218262e-01
7.139455080032348633e-01 6.676565408706665039e-01
5.849521160125732422e-01 3.976637721061706543e-01
6.149132251739501953e-01 6.993942260742187500e-01
7.705003023147583008e-01 5.402401685714721680e-01
6.096306443214416504e-01 5.752409100532531738e-01
8.157871365547180176e-01 4.575210511684417725e-01
7.150968909263610840e-01 6.324149966239929199e-01
7.436204552650451660e-01 6.103473305702209473e-01
6.449131965637207031e-01 4.438647627830505371e-01
5.946037173271179199e-01 5.179958343505859375e-01
6.460332870483398438e-01 5.599302649497985840e-01
7.513861656188964844e-01 5.595968365669250488e-01
6.305483579635620117e-01 4.809333980083465576e-01
5.439335107803344727e-01 5.186667442321777344e-01
8.434670567512512207e-01 4.919606447219848633e-01
6.044337153434753418e-01 6.203257441520690918e-01
6.745075583457946777e-01 7.899451851844787598e-01
7.354368567466735840e-01 5.690730214118957520e-01
6.059890985488891602e-01 5.404483079910278320e-01
5.222226977348327637e-01 6.654776334762573242e-01
7.293449044227600098e-01 7.751218080520629883e-01
6.316365599632263184e-01 5.592465996742248535e-01
6.301303505897521973e-01 5.879936218261718750e-01
7.549695372581481934e-01 5.381147861480712891e-01
7.326740026473999023e-01 6.408188939094543457e-01
6.527934670448303223e-01 6.301341652870178223e-01
6.247419118881225586e-01 7.585685849189758301e-01
8.129742741584777832e-01 6.592717766761779785e-01
7.405213713645935059e-01 6.527101397514343262e-01
6.680222749710083008e-01 3.976457417011260986e-01
7.925220727920532227e-01 4.657780528068542480e-01
7.601604461669921875e-01 5.578911900520324707e-01
8.115345835685729980e-01 5.075354576110839844e-01
5.797063708305358887e-01 4.730616211891174316e-01
6.633681058883666992e-01 5.309612154960632324e-01
6.256241202354431152e-01 8.039910197257995605e-01
6.764737963676452637e-01 6.103250384330749512e-01
8.141364455223083496e-01 4.835282266139984131e-01
7.237569093704223633e-01 6.991617083549499512e-01
7.462722659111022949e-01 6.010300517082214355e-01
8.080149292945861816e-01 7.566029429435729980e-01
6.538907885551452637e-01 4.086284339427947998e-01
6.657776832580566406e-01 6.586946249008178711e-01
6.101293563842773438e-01 6.401762962341308594e-01
6.476705670356750488e-01 5.680490136146545410e-01
7.883160114288330078e-01 4.106865525245666504e-01
8.178175091743469238e-01 4.702532887458801270e-01
6.192236542701721191e-01 6.493005156517028809e-01
8.411453366279602051e-01 4.480515420436859131e-01
7.095019817352294922e-01 8.021641373634338379e-01
6.007478833198547363e-01 5.055819153785705566e-01
5.769897699356079102e-01 5.588322281837463379e-01
7.954872846603393555e-01 5.279553532600402832e-01
7.200272679328918457e-01 4.531883597373962402e-01
5.982329845428466797e-01 7.303264737129211426e-01
7.320197820663452148e-01 4.660651385784149170e-01
7.377765774726867676e-01 4.150841236114501953e-01
7.272034287452697754e-01 8.576388359069824219e-01
8.570639491081237793e-01 4.145415127277374268e-01
7.728502750396728516e-01 6.813804507255554199e-01
7.026283740997314453e-01 6.532638072967529297e-01
6.090797185897827148e-01 7.138350605964660645e-01
6.731988191604614258e-01 3.803980052471160889e-01
7.092119455337524414e-01 5.092682838439941406e-01
6.872608065605163574e-01 4.859370291233062744e-01
7.652800083160400391e-01 5.095742344856262207e-01
8.454734683036804199e-01 4.443863928318023682e-01
8.150536417961120605e-01 6.044213771820068359e-01
7.482341527938842773e-01 5.558338761329650879e-01
6.742388606071472168e-01 4.502442479133605957e-01
6.060141921043395996e-01 7.668738961219787598e-01
4.566864967346191406e-01 6.219248771667480469e-01
7.162292003631591797e-01 6.602821350097656250e-01
7.019115686416625977e-01 5.646343827247619629e-01
7.786178588867187500e-01 6.848055124282836914e-01
7.005649805068969727e-01 5.055956840515136719e-01
7.695140242576599121e-01 7.163292765617370605e-01
8.494764566421508789e-01 4.746242165565490723e-01
7.815982699394226074e-01 5.128764510154724121e-01
8.166576623916625977e-01 7.203470468521118164e-01
7.267125844955444336e-01 5.613184571266174316e-01
8.453217744827270508e-01 5.044692754745483398e-01
7.930878400802612305e-01 5.645570158958435059e-01
8.384599089622497559e-01 6.179677844047546387e-01
6.532893776893615723e-01 6.138308048248291016e-01
7.450879216194152832e-01 6.113396286964416504e-01
7.159790992736816406e-01 6.680844426155090332e-01
7.464967966079711914e-01 5.494388937950134277e-01
7.966023683547973633e-01 5.598157644271850586e-01
6.761019229888916016e-01 5.851659774780273438e-01
6.899014115333557129e-01 5.999168157577514648e-01
6.016014218330383301e-01 6.892723441123962402e-01
7.421362996101379395e-01 8.176463842391967773e-01
8.211828470230102539e-01 7.197336554527282715e-01
7.930737733840942383e-01 6.374651193618774414e-01
6.772124171257019043e-01 5.646447539329528809e-01
6.138771176338195801e-01 4.708698391914367676e-01
8.013023138046264648e-01 7.444855570793151855e-01
7.809963226318359375e-01 4.993223547935485840e-01
6.915254592895507812e-01 6.312780380249023438e-01
7.132161855697631836e-01 6.906728744506835938e-01
6.645702719688415527e-01 7.636209130287170410e-01
6.244219541549682617e-01 5.773510336875915527e-01
6.482653021812438965e-01 6.185948848724365234e-01
5.326402783393859863e-01 5.278243422508239746e-01
8.505309224128723145e-01 5.252534747123718262e-01
7.123058438301086426e-01 7.628613114356994629e-01
7.386765480041503906e-01 6.946787238121032715e-01
7.475767731666564941e-01 5.816656351089477539e-01
6.415184736251831055e-01 7.694917917251586914e-01
6.472467780113220215e-01 5.082162022590637207e-01
8.608973622322082520e-01 5.189855694770812988e-01
7.299571037292480469e-01 5.977917313575744629e-01
6.505359411239624023e-01 6.127702593803405762e-01
8.070299625396728516e-01 5.220752358436584473e-01
6.011528968811035156e-01 5.887598991394042969e-01
7.999366521835327148e-01 5.010322332382202148e-01
5.698970556259155273e-01 4.523871839046478271e-01
6.054661273956298828e-01 5.486456155776977539e-01
6.646925806999206543e-01 6.905820965766906738e-01
7.224207520484924316e-01 5.806900262832641602e-01
6.811730861663818359e-01 7.838687300682067871e-01
6.598737835884094238e-01 4.662781059741973877e-01
7.511956095695495605e-01 5.694317221641540527e-01
7.314931750297546387e-01 4.421955943107604980e-01
7.268338799476623535e-01 5.834202766418457031e-01
7.931423783302307129e-01 6.545735597610473633e-01
8.040483593940734863e-01 4.579070210456848145e-01
6.480236053466796875e-01 4.741573035717010498e-01
7.535989284515380859e-01 4.430882632732391357e-01
5.027729272842407227e-01 5.957310199737548828e-01
7.163495421409606934e-01 6.090722084045410156e-01
7.325083017349243164e-01 4.320319890975952148e-01
6.723891496658325195e-01 6.447232365608215332e-01
8.533001542091369629e-01 4.561953544616699219e-01
7.816786170005798340e-01 6.104536056518554688e-01
7.597584128379821777e-01 5.467156171798706055e-01
6.134284138679504395e-01 5.715163946151733398e-01
7.493042945861816406e-01 6.357623934745788574e-01
5.925515890121459961e-01 7.090964913368225098e-01
7.752947807312011719e-01 7.177015542984008789e-01
6.808473467826843262e-01 6.990400552749633789e-01
6.898717284202575684e-01 5.919548869132995605e-01
7.179763317108154297e-01 6.966895461082458496e-01
7.846899032592773438e-01 5.305704474449157715e-01
5.874461531639099121e-01 5.442740321159362793e-01
7.698749899864196777e-01 4.846336543560028076e-01
8.382612466812133789e-01 5.389363765716552734e-01
6.594897508621215820e-01 6.622431278228759766e-01
7.069641351699829102e-01 6.018218398094177246e-01
6.951259374618530273e-01 5.704860687255859375e-01
7.798866033554077148e-01 4.559059441089630127e-01
6.196137070655822754e-01 4.319139122962951660e-01
7.221639156341552734e-01 7.568373680114746094e-01
6.218873858451843262e-01 5.130041837692260742e-01
6.853711009025573730e-01 5.710917711257934570e-01
7.035356163978576660e-01 6.895149946212768555e-01
7.887160778045654297e-01 6.947932839393615723e-01
8.319981694221496582e-01 6.455563306808471680e-01
6.354777216911315918e-01 3.813353478908538818e-01
7.743439674377441406e-01 6.947707533836364746e-01
6.383044719696044922e-01 4.873853623867034912e-01
5.955516695976257324e-01 4.173887670040130615e-01
6.873085498809814453e-01 4.590064287185668945e-01
8.030270934104919434e-01 5.169516801834106445e-01
7.716357707977294922e-01 6.125888824462890625e-01
5.179288983345031738e-01 3.171520829200744629e-01
7.522343397140502930e-01 6.455637216567993164e-01
5.379543304443359375e-01 6.761302947998046875e-01
8.274148106575012207e-01 4.558233320713043213e-01
8.245522379875183105e-01 4.908344447612762451e-01
4.980000257492065430e-01 5.934509634971618652e-01
7.356610894203186035e-01 4.271720349788665771e-01
7.369039654731750488e-01 7.129840254783630371e-01
7.020922899246215820e-01 7.503299713134765625e-01
6.575477123260498047e-01 6.903128027915954590e-01
7.926818728446960449e-01 5.250226855278015137e-01
7.709276676177978516e-01 6.211713552474975586e-01
6.696839928627014160e-01 4.163582623004913330e-01
5.509509444236755371e-01 6.574275493621826172e-01
7.419833540916442871e-01 6.752252578735351562e-01
6.964905858039855957e-01 6.249158382415771484e-01
6.943736076354980469e-01 6.337184309959411621e-01
8.195090889930725098e-01 4.403651952743530273e-01
7.639364600181579590e-01 5.369549393653869629e-01
7.637994885444641113e-01 5.559167861938476562e-01
5.916668176651000977e-01 5.588054060935974121e-01
7.646130919456481934e-01 5.880521535873413086e-01
6.323934793472290039e-01 5.292389392852783203e-01
8.485584855079650879e-01 5.387183427810668945e-01
7.974078059196472168e-01 4.417631328105926514e-01
7.922543883323669434e-01 6.036710739135742188e-01
8.361839056015014648e-01 5.652512907981872559e-01
6.312083601951599121e-01 4.159469902515411377e-01
7.980405092239379883e-01 4.962193071842193604e-01
6.893833279609680176e-01 5.592027902603149414e-01
7.454008460044860840e-01 7.551320195198059082e-01
8.578158020973205566e-01 4.353356361389160156e-01
7.177130579948425293e-01 7.215881943702697754e-01
7.692580223083496094e-01 8.117954134941101074e-01
6.895101070404052734e-01 5.910357236862182617e-01
6.905443072319030762e-01 5.892099142074584961e-01
6.873590946197509766e-01 7.267967462539672852e-01
7.632437944412231445e-01 5.620874762535095215e-01
8.430252075195312500e-01 5.781350731849670410e-01
7.619076967239379883e-01 5.971393585205078125e-01
7.962360382080078125e-01 6.892583966255187988e-01
7.426805496215820312e-01 6.860821843147277832e-01
7.995935678482055664e-01 6.672189235687255859e-01
6.114137172698974609e-01 6.675043106079101562e-01
6.164351701736450195e-01 5.562272667884826660e-01
6.661393046379089355e-01 6.604261994361877441e-01
6.139766573905944824e-01 5.603014230728149414e-01
7.479655146598815918e-01 4.645716249942779541e-01
6.613973975181579590e-01 6.831731796264648438e-01
8.235510587692260742e-01 6.076769232749938965e-01
5.633054375648498535e-01 4.086671769618988037e-01
6.905527710914611816e-01 4.349184632301330566e-01
6.958829164505004883e-01 5.812318921089172363e-01
7.878464460372924805e-01 5.825895667076110840e-01
7.336089611053466797e-01 4.276219606399536133e-01
8.273024559020996094e-01 7.356802821159362793e-01
6.688196063041687012e-01 5.225453972816467285e-01
6.167191863059997559e-01 7.637676000595092773e-01
8.394798040390014648e-01 4.806815981864929199e-01
6.254061460494995117e-01 7.004695534706115723e-01
7.840481996536254883e-01 5.542039275169372559e-01
8.047351837158203125e-01 6.027721166610717773e-01
8.123714327812194824e-01 6.081842184066772461e-01
7.183383703231811523e-01 4.892122447490692139e-01
8.183388710021972656e-01 6.422089338302612305e-01
8.261022567749023438e-01 5.206146836280822754e-01
5.811911821365356445e-01 4.431299269199371338e-01
8.079008460044860840e-01 5.103275179862976074e-01
6.382103562355041504e-01 3.943752646446228027e-01
8.155995011329650879e-01 6.997182369232177734e-01
6.637909412384033203e-01 6.366371512413024902e-01
7.042213082313537598e-01 7.222433090209960938e-01
5.670352578163146973e-01 5.668755769729614258e-01
5.445800423622131348e-01 5.530974268913269043e-01
6.893453598022460938e-01 6.432831287384033203e-01
6.548060178756713867e-01 3.899058401584625244e-01
6.979702711105346680e-01 7.698882818222045898e-01
7.678598761558532715e-01 4.945653975009918213e-01
5.687542557716369629e-01 5.508627295494079590e-01
6.402050256729125977e-01 5.792936086654663086e-01
7.223156690597534180e-01 5.291986465454101562e-01
7.894728183746337891e-01 5.469389557838439941e-01
5.726525783538818359e-01 6.095213294029235840e-01
6.126891374588012695e-01 6.273014545440673828e-01
7.006616592407226562e-01 4.141284525394439697e-01
7.376013994216918945e-01 5.112659931182861328e-01
5.823668241500854492e-01 5.368032455444335938e-01
7.288032174110412598e-01 5.057803392410278320e-01
7.931118607521057129e-01 5.034611821174621582e-01
6.864716410636901855e-01 6.077765822410583496e-01
7.090127468109130859e-01 6.399698257446289062e-01
8.514581918716430664e-01 6.452232003211975098e-01
8.490041494369506836e-01 4.830938875675201416e-01
8.352713584899902344e-01 5.267858505249023438e-01
6.867618560791015625e-01 5.271477103233337402e-01
7.890095114707946777e-01 7.229368090629577637e-01
7.628596425056457520e-01 5.930728912353515625e-01
6.499325633049011230e-01 4.618447422981262207e-01
8.104761838912963867e-01 5.824173688888549805e-01
7.430476546287536621e-01 6.181128621101379395e-01
6.086492538452148438e-01 6.543820500373840332e-01
7.684480547904968262e-01 5.624244213104248047e-01
8.035567402839660645e-01 6.083014607429504395e-01
8.384736180305480957e-01 4.192579984664916992e-01
8.162648081779479980e-01 6.967809796333312988e-01
7.851468920707702637e-01 5.472084283828735352e-01
5.774211287498474121e-01 5.323494076728820801e-01
6.901360750198364258e-01 4.097393155097961426e-01
6.508517265319824219e-01 4.241701662540435791e-01
5.232498645782470703e-01 6.153093576431274414e-01
7.277948260307312012e-01 4.833693504333496094e-01
6.328920722007751465e-01 8.233060836791992188e-01
6.227317452430725098e-01 6.197673082351684570e-01
7.150347232818603516e-01 5.592993497848510742e-01
7.439435720443725586e-01 5.574054718017578125e-01
6.542851924896240234e-01 5.690464377403259277e-01
7.287399172782897949e-01 6.346578598022460938e-01
7.509067654609680176e-01 4.201110005378723145e-01
7.399951815605163574e-01 6.382465958595275879e-01
6.189759373664855957e-01 5.509463548660278320e-01
4.704191386699676514e-01 6.219030618667602539e-01
6.528936028480529785e-01 7.014904618263244629e-01
7.399296164512634277e-01 4.791034758090972900e-01
8.491834998130798340e-01 4.907753467559814453e-01
6.963636875152587891e-01 4.920359849929809570e-01
7.318902611732482910e-01 4.761632382869720459e-01
6.698397994041442871e-01 7.520301342010498047e-01
5.498188138008117676e-01 4.610755443572998047e-01
6.962978243827819824e-01 6.623306274414062500e-01
7.137361168861389160e-01 6.728981137275695801e-01
7.949315309524536133e-01 6.103864908218383789e-01
6.897027492523193359e-01 7.086676955223083496e-01
5.505292415618896484e-01 5.190064907073974609e-01
6.037196516990661621e-01 4.716216325759887695e-01
7.744288444519042969e-01 5.555133819580078125e-01
7.857671976089477539e-01 6.030420064926147461e-01
6.796921491622924805e-01 4.876645803451538086e-01
7.766745090484619141e-01 6.980873942375183105e-01
6.304513812065124512e-01 7.032058835029602051e-01
7.164002656936645508e-01 5.582132339477539062e-01
8.239074349403381348e-01 6.117843389511108398e-01
7.162763476371765137e-01 5.349419713020324707e-01
5.460345745086669922e-01 5.218998193740844727e-01
7.742723226547241211e-01 5.805540084838867188e-01
7.022245526313781738e-01 4.453434050083160400e-01
8.683716654777526855e-01 5.500117540359497070e-01
5.648736357688903809e-01 4.201421439647674561e-01
6.636081933975219727e-01 6.220975518226623535e-01
7.421051263809204102e-01 8.177340030670166016e-01
7.663017511367797852e-01 4.884186685085296631e-01
7.121062874794006348e-01 5.279186367988586426e-01
6.745222806930541992e-01 4.822672009468078613e-01
7.923024892807006836e-01 5.575186610221862793e-01
6.737746596336364746e-01 5.226176381111145020e-01
5.409613251686096191e-01 6.314353346824645996e-01
6.267192959785461426e-01 7.050010561943054199e-01
7.121986150741577148e-01 6.180224418640136719e-01
6.065039038658142090e-01 4.917613267898559570e-01
7.517885565757751465e-01 6.358779668807983398e-01
7.170382142066955566e-01 4.705030024051666260e-01
7.709826827049255371e-01 6.470502614974975586e-01
7.401895523071289062e-01 5.501923561096191406e-01
7.115043997764587402e-01 4.534639418125152588e-01
8.417611122131347656e-01 5.052610635757446289e-01
7.732800841331481934e-01 4.401287436485290527e-01
5.910678505897521973e-01 6.748019456863403320e-01
7.386626601219177246e-01 5.900191664695739746e-01
6.694519519805908203e-01 6.316125988960266113e-01
6.538089513778686523e-01 6.110875606536865234e-01
8.239144682884216309e-01 4.883565604686737061e-01
7.719832062721252441e-01 5.320877432823181152e-01
8.038602471351623535e-01 4.304369688034057617e-01
7.256686091423034668e-01 6.311243176460266113e-01
7.956385016441345215e-01 5.216175913810729980e-01
6.795347332954406738e-01 4.504241943359375000e-01
6.702963709831237793e-01 5.477010607719421387e-01
7.593139410018920898e-01 5.390432476997375488e-01
5.805707573890686035e-01 4.056351184844970703e-01
7.848808169364929199e-01 7.520669698715209961e-01
7.802384495735168457e-01 5.923141241073608398e-01
7.802232503890991211e-01 5.559639930725097656e-01
8.314019441604614258e-01 6.343844532966613770e-01
7.388354539871215820e-01 5.997475385665893555e-01
8.226588964462280273e-01 7.494581937789916992e-01
5.526145696640014648e-01 7.715158462524414062e-01
6.340188384056091309e-01 5.321207046508789062e-01
7.505223155021667480e-01 5.325950980186462402e-01
7.426802515983581543e-01 6.313531994819641113e-01
6.982821226119995117e-01 5.515434145927429199e-01
6.154552102088928223e-01 6.497299075126647949e-01
7.957193851470947266e-01 4.916508197784423828e-01
6.997019648551940918e-01 7.055241465568542480e-01
6.503775119781494141e-01 5.532231926918029785e-01
5.626882910728454590e-01 6.037676334381103516e-01
7.757993936538696289e-01 7.184783220291137695e-01
6.942112445831298828e-01 4.230705797672271729e-01
7.651205658912658691e-01 6.073797941207885742e-01
7.957423925399780273e-01 7.037188410758972168e-01
8.187372088432312012e-01 7.730497121810913086e-01
8.325731754302978516e-01 6.019618511199951172e-01
6.643308401107788086e-01 7.031937837600708008e-01
7.476942539215087891e-01 6.086288690567016602e-01
7.638087868690490723e-01 5.033351778984069824e-01
7.843329310417175293e-01 6.065914034843444824e-01
7.773869633674621582e-01 4.948335587978363037e-01
7.676657438278198242e-01 4.449051618576049805e-01
7.284016013145446777e-01 7.222952842712402344e-01
7.722781300544738770e-01 4.862654805183410645e-01
7.760066390037536621e-01 5.157955288887023926e-01
8.141609430313110352e-01 6.717992424964904785e-01
6.788257956504821777e-01 6.423501372337341309e-01
7.786688208580017090e-01 5.015044808387756348e-01
7.155118584632873535e-01 4.961269497871398926e-01
7.235497236251831055e-01 8.386401534080505371e-01
6.924664378166198730e-01 4.212184250354766846e-01
8.547198772430419922e-01 5.389255881309509277e-01
5.979384183883666992e-01 4.660618901252746582e-01
7.084308266639709473e-01 6.784307956695556641e-01
7.886450290679931641e-01 6.100700497627258301e-01
7.085796594619750977e-01 5.994108319282531738e-01
7.398667335510253906e-01 7.873389124870300293e-01
6.517460942268371582e-01 5.361080765724182129e-01
6.033797860145568848e-01 4.916744232177734375e-01
6.480054855346679688e-01 5.427168607711791992e-01
7.093600630760192871e-01 8.553867340087890625e-01
5.157523155212402344e-01 6.453178524971008301e-01
6.720644235610961914e-01 7.670069932937622070e-01
7.669395208358764648e-01 5.063347816467285156e-01
7.245037555694580078e-01 6.819020509719848633e-01
5.110829472541809082e-01 5.233638882637023926e-01
7.526420950889587402e-01 4.628224968910217285e-01
7.700079083442687988e-01 6.281774640083312988e-01
7.015149593353271484e-01 5.730606317520141602e-01
8.149051070213317871e-01 6.119121909141540527e-01
7.843254804611206055e-01 5.022671818733215332e-01
7.101970911026000977e-01 8.214930891990661621e-01
6.453723907470703125e-01 3.797563016414642334e-01
6.129202842712402344e-01 4.979321956634521484e-01
7.751572132110595703e-01 5.141072273254394531e-01
5.974937081336975098e-01 6.150933504104614258e-01
5.765107870101928711e-01 6.664611101150512695e-01
7.588759660720825195e-01 5.399670600891113281e-01
6.546170115470886230e-01 6.517191529273986816e-01
8.273218870162963867e-01 6.132239103317260742e-01
8.096158504486083984e-01 7.452986240386962891e-01
7.549015879631042480e-01 6.669358611106872559e-01
7.582595348358154297e-01 4.203495085239410400e-01
7.472592592239379883e-01 6.740506887435913086e-01
7.238329648971557617e-01 4.064350128173828125e-01
7.570196390151977539e-01 8.039745092391967773e-01
7.575680017471313477e-01 5.993409752845764160e-01
6.401257514953613281e-01 6.275467276573181152e-01
6.996641755104064941e-01 6.932947039604187012e-01
7.224106192588806152e-01 6.069200634956359863e-01
6.025452613830566406e-01 5.391600131988525391e-01
8.015008568763732910e-01 5.268787145614624023e-01
7.320991754531860352e-01 5.284779071807861328e-01
6.872699260711669922e-01 4.806144237518310547e-01
7.533462047576904297e-01 5.783098340034484863e-01
7.519307136535644531e-01 6.902362108230590820e-01
