2.588226199150085449e-01 -2.331130504608154297e-01
-2.811257839202880859e-01 -1.084110736846923828e-01
3.107976913452148438e-01 -9.619837999343872070e-02
-3.483157157897949219e-01 -4.286080598831176758e-02
2.340690493583679199e-01 -4.486329555511474609e-01
4.818382263183593750e-01 -7.284283638000488281e-04
-6.079655885696411133e-02 4.870066046714782715e-01
-1.255688071250915527e-01 -4.842344522476196289e-01
4.759056568145751953e-01 1.552597880363464355e-01
-7.180351018905639648e-02 2.026922106742858887e-01
-9.931886196136474609e-02 -4.859694838523864746e-01
3.893571496009826660e-01 -2.874124050140380859e-01
3.508674502372741699e-01 5.155891180038452148e-02
2.849364876747131348e-01 3.985492587089538574e-01
1.228076815605163574e-01 1.042169332504272461e-01
1.623078584671020508e-01 4.318882226943969727e-01
3.569820523262023926e-01 3.361437916755676270e-01
1.059277653694152832e-01 3.683561086654663086e-01
-3.097109794616699219e-01 4.960029125213623047e-01
-3.592054843902587891e-01 -2.979204058647155762e-01
3.238207101821899414e-01 2.052175998687744141e-01
-4.599719047546386719e-01 -2.057009339332580566e-01
2.820700407028198242e-02 3.941256999969482422e-01
-4.751779437065124512e-01 -4.670899510383605957e-01
-4.140223860740661621e-01 -1.952148675918579102e-01
1.825340986251831055e-01 -4.051740765571594238e-01
-1.435998678207397461e-01 -2.637611031532287598e-01
2.857393026351928711e-02 2.022800445556640625e-01
4.113939404487609863e-01 2.817724943161010742e-01
3.335203528404235840e-01 2.765267491340637207e-01
3.794266581535339355e-01 -1.973409056663513184e-01
9.277808666229248047e-02 4.197388887405395508e-01
-3.648887276649475098e-01 -4.140877723693847656e-01
-9.030836820602416992e-02 1.110804677009582520e-01
-4.317411780357360840e-01 -2.962803840637207031e-01
4.666838645935058594e-01 2.936718463897705078e-01
3.737129569053649902e-01 4.325780272483825684e-01
-3.842035531997680664e-01 4.084259867668151855e-01
-4.595047235488891602e-02 2.391934394836425781e-03
1.547368764877319336e-01 -2.975285649299621582e-01
1.485614180564880371e-01 6.334382295608520508e-02
8.237516880035400391e-02 -4.303979873657226562e-01
1.563403606414794922e-01 -4.645276069641113281e-02
-4.581166505813598633e-01 -1.380415558815002441e-01
-4.342912435531616211e-01 -2.107957601547241211e-01
-2.101714611053466797e-01 8.764111995697021484e-02
4.637545347213745117e-02 -2.857016921043395996e-01
2.984527945518493652e-01 3.817629814147949219e-01
-3.396937847137451172e-01 2.259651422500610352e-01
-5.228269100189208984e-02 2.905591130256652832e-01
-2.489107251167297363e-01 1.853837966918945312e-01
2.615438699722290039e-01 -3.713505268096923828e-01
2.216252088546752930e-01 -2.241385579109191895e-01
2.729493975639343262e-01 -4.315871000289916992e-02
4.586856365203857422e-01 2.280341982841491699e-01
8.395832777023315430e-02 -2.858694791793823242e-01
-1.145436763763427734e-01 -3.051859140396118164e-02
3.078772425651550293e-01 -6.320565938949584961e-02
-5.454206466674804688e-02 3.692420125007629395e-01
1.907498836517333984e-01 1.893559098243713379e-01
9.342396259307861328e-02 4.573506116867065430e-01
-2.307869195938110352e-01 1.493288874626159668e-01
-1.855619549751281738e-01 3.273180127143859863e-01
1.566618084907531738e-01 -1.372474431991577148e-02
-6.428003311157226562e-02 2.650570869445800781e-01
4.987297058105468750e-01 -4.488689303398132324e-01
3.077400326728820801e-01 -3.725481033325195312e-01
9.428846836090087891e-02 -1.135932803153991699e-01
-4.621595144271850586e-01 3.284224271774291992e-01
1.679151058197021484e-01 5.256003141403198242e-02
-5.293190479278564453e-03 -4.999533891677856445e-01
-1.574741601943969727e-01 4.680389165878295898e-02
2.243435382843017578e-02 -4.085386395454406738e-01
-2.980018258094787598e-01 3.553583025932312012e-01
3.835542201995849609e-01 -1.210204958915710449e-01
4.819312691688537598e-01 2.859034538269042969e-01
2.467778921127319336e-01 3.286257982254028320e-01
4.005268812179565430e-01 -3.726476430892944336e-01
4.369629621505737305e-01 3.405619263648986816e-01
1.070528030395507812e-01 -1.051012873649597168e-01
-4.873865842819213867e-01 -7.783114910125732422e-03
3.032713532447814941e-01 4.439185261726379395e-01
-4.469298720359802246e-01 3.676989078521728516e-01
5.128502845764160156e-03 2.755155563354492188e-01
-4.630975723266601562e-01 4.034875035285949707e-01
-3.774858117103576660e-01 3.939681053161621094e-01
3.188299536705017090e-01 -3.589303493499755859e-01
-2.531309723854064941e-01 -1.785397529602050781e-01
-9.288358688354492188e-02 1.995219588279724121e-01
2.850217223167419434e-01 -9.268629550933837891e-02
-1.306979060173034668e-01 3.930152654647827148e-01
2.463148832321166992e-01 2.176906466484069824e-01
-1.493485569953918457e-01 6.747734546661376953e-02
-3.848912715911865234e-01 4.699432849884033203e-01
4.299666881561279297e-01 4.869018793106079102e-01
8.046621084213256836e-02 3.345948457717895508e-01
1.680982708930969238e-01 4.878772497177124023e-01
-2.703374624252319336e-01 2.417412400245666504e-01
4.616463184356689453e-02 2.692675590515136719e-01
-5.446970462799072266e-02 -4.880391955375671387e-01
-3.173636198043823242e-01 2.162989974021911621e-01
-4.285566210746765137e-01 -4.693323373794555664e-01
4.848968386650085449e-01 2.188689708709716797e-01
-1.536247730255126953e-01 5.376619100570678711e-02
4.578018188476562500e-02 -1.977981328964233398e-01
-1.283893585205078125e-01 1.390745043754577637e-01
-5.215501785278320312e-02 3.598291277885437012e-01
-2.309566140174865723e-01 -5.209273099899291992e-02
-4.573212862014770508e-01 -3.757873177528381348e-01
-1.940828561782836914e-01 -4.538951516151428223e-01
2.486320137977600098e-01 -2.535895109176635742e-01
1.299932599067687988e-01 2.282636165618896484e-01
-3.732018470764160156e-01 -2.597702145576477051e-01
-1.781373023986816406e-01 2.058247327804565430e-01
3.444115519523620605e-01 3.111665248870849609e-01
-3.702901601791381836e-01 -7.551097869873046875e-02
4.148526191711425781e-01 -3.155700564384460449e-01
2.341688871383666992e-01 4.216338992118835449e-01
-3.288111090660095215e-01 -3.628668785095214844e-01
1.304945945739746094e-01 3.798137903213500977e-01
-4.003275036811828613e-01 2.000402808189392090e-01
2.225817441940307617e-01 2.410910129547119141e-01
4.598878026008605957e-01 -1.393516063690185547e-01
-1.107289791107177734e-01 -3.372224569320678711e-01
2.980435490608215332e-01 2.381092309951782227e-02
1.869904994964599609e-01 4.606757164001464844e-01
1.039698719978332520e-01 -9.735083580017089844e-02
-1.357949972152709961e-01 -4.519042372703552246e-01
-2.418351173400878906e-01 1.475986838340759277e-01
1.916984319686889648e-01 -2.364761233329772949e-01
3.147474527359008789e-01 -4.336771965026855469e-01
-2.581461071968078613e-01 1.289212703704833984e-01
2.659441232681274414e-01 3.456396460533142090e-01
-1.522205471992492676e-01 -1.114010810852050781e-01
3.078498840332031250e-01 8.168452978134155273e-02
-3.174206018447875977e-01 1.788045763969421387e-01
1.706032752990722656e-01 3.031814098358154297e-01
-4.537128806114196777e-01 -4.001433253288269043e-01
4.415575265884399414e-01 -4.241837859153747559e-01
4.153664708137512207e-01 2.624621987342834473e-01
2.241665720939636230e-01 1.461007595062255859e-01
-2.262872457504272461e-02 4.980964660644531250e-01
9.326148033142089844e-02 -4.297733306884765625e-03
4.631317853927612305e-01 -1.542059779167175293e-01
2.382159233093261719e-01 -2.158033847808837891e-01
4.073337316513061523e-01 1.508161425590515137e-01
4.160292744636535645e-01 -8.548909425735473633e-02
4.782261252403259277e-01 -3.038914799690246582e-01
8.573764562606811523e-02 -1.771427392959594727e-01
3.895939588546752930e-01 1.260156631469726562e-01
4.087784290313720703e-01 -3.840519785881042480e-01
1.825774908065795898e-01 -1.944261789321899414e-02
-2.057487964630126953e-01 3.101260066032409668e-01
2.858001589775085449e-01 9.711265563964843750e-02
3.014153242111206055e-02 3.815764188766479492e-01
-4.136479496955871582e-01 3.096919655799865723e-01
-3.021627664566040039e-02 6.407970190048217773e-02
3.368794918060302734e-03 2.952569127082824707e-01
-1.053239107131958008e-01 4.770404100418090820e-01
-4.058651328086853027e-01 2.868630290031433105e-01
4.915658831596374512e-01 -2.451479434967041016e-03
4.804885387420654297e-02 -3.344416618347167969e-01
3.399059176445007324e-01 -3.203220963478088379e-01
-3.917338848114013672e-01 -1.095712184906005859e-03
1.735508441925048828e-02 -2.637326717376708984e-03
-1.430517435073852539e-02 -2.442240715026855469e-03
2.750865817070007324e-01 -1.425117254257202148e-01
-2.746365666389465332e-01 -4.190020561218261719e-01
-3.439753651618957520e-01 -3.566560745239257812e-01
-3.240872621536254883e-01 -1.872742772102355957e-01
1.948833465576171875e-03 -8.061033487319946289e-02
3.167880177497863770e-01 -2.078503370285034180e-02
-2.521706819534301758e-01 1.817407011985778809e-01
-3.532952070236206055e-01 -1.966927051544189453e-01
-3.177512288093566895e-01 -2.541739344596862793e-01
6.513220071792602539e-02 -2.520975470542907715e-01
-3.829906582832336426e-01 -2.473725080490112305e-01
-4.081928730010986328e-01 2.686321735382080078e-01
1.764435172080993652e-01 -3.655587434768676758e-01
-1.046019792556762695e-02 1.451399326324462891e-01
3.844869136810302734e-02 4.067750573158264160e-01
-9.780484437942504883e-02 4.805287718772888184e-01
4.591525197029113770e-01 -1.173302531242370605e-01
3.222785592079162598e-01 4.739099740982055664e-02
-4.405230879783630371e-01 -2.199122309684753418e-01
-4.007194042205810547e-01 4.081605672836303711e-01
5.796164274215698242e-02 4.172258973121643066e-01
-4.514070749282836914e-01 -4.434536695480346680e-01
3.524887561798095703e-02 4.388023614883422852e-01
-4.311733245849609375e-01 -3.017914295196533203e-01
-1.819633245468139648e-01 -3.347544670104980469e-01
3.560674190521240234e-01 1.435023546218872070e-01
-1.935396194458007812e-01 1.995176672935485840e-01
-6.790161132812500000e-03 -5.547261238098144531e-02
1.536813378334045410e-01 3.815748691558837891e-01
4.913691878318786621e-01 2.617096304893493652e-01
3.925122618675231934e-01 -4.157972931861877441e-01
-3.405444025993347168e-01 1.029521822929382324e-01
-1.556421518325805664e-01 -3.431925773620605469e-01
-3.584963083267211914e-02 4.511618614196777344e-02
-1.853843927383422852e-01 -3.621522188186645508e-01
1.322526335716247559e-01 -4.375278353691101074e-01
4.436343312263488770e-01 1.233014464378356934e-01
-2.125496268272399902e-01 3.539236187934875488e-01
4.050108790397644043e-01 -2.175337076187133789e-01
-4.773289561271667480e-01 2.485498189926147461e-01
-1.981767416000366211e-01 -3.108649253845214844e-01
2.570196390151977539e-01 4.601269960403442383e-02
-3.347920775413513184e-01 4.506846666336059570e-01
1.718671321868896484e-01 -1.215326786041259766e-02
1.883862018585205078e-01 -9.105038642883300781e-02
8.225762844085693359e-02 3.631748557090759277e-01
-1.506901979446411133e-01 3.477248549461364746e-01
-6.524258852005004883e-02 -2.456720471382141113e-01
2.196364998817443848e-01 4.544359445571899414e-01
3.265256285667419434e-01 3.890278935432434082e-01
3.934367299079895020e-01 1.681125164031982422e-02
-3.425707817077636719e-01 -1.963148713111877441e-01
2.169817090034484863e-01 8.719044923782348633e-02
-3.774859309196472168e-01 -9.210366010665893555e-02
-2.203063368797302246e-01 -2.290293574333190918e-01
-1.272084712982177734e-01 4.773375391960144043e-01
-3.553969264030456543e-01 4.282743334770202637e-01
-2.650339007377624512e-01 -5.680322647094726562e-02
-4.375884532928466797e-01 2.203788757324218750e-01
-3.831232786178588867e-01 -7.372981309890747070e-02
4.040629863739013672e-01 1.432636380195617676e-01
-4.741750955581665039e-01 2.415657043457031250e-01
-1.423996090888977051e-01 -5.399495363235473633e-02
3.117042779922485352e-01 -4.717431664466857910e-01
-3.617948889732360840e-01 1.620612144470214844e-01
-2.824260592460632324e-01 2.921553850173950195e-01
-6.499576568603515625e-02 -1.579245924949645996e-01
-2.588592171669006348e-01 -3.203100562095642090e-01
-1.936276555061340332e-01 -2.322975397109985352e-01
1.791473627090454102e-01 -4.034296870231628418e-01
1.852086782455444336e-01 -7.209014892578125000e-02
-4.181057214736938477e-02 -2.965723872184753418e-01
3.133304119110107422e-01 8.560961484909057617e-02
-1.873791813850402832e-01 4.727624654769897461e-01
4.743430018424987793e-01 7.390308380126953125e-02
3.814026713371276855e-01 -3.510236740112304688e-02
-4.853632450103759766e-01 1.104617118835449219e-02
1.612770557403564453e-02 -3.491820096969604492e-01
1.277006268501281738e-01 4.668889045715332031e-01
4.859280586242675781e-02 1.392050981521606445e-01
-3.232866525650024414e-02 -4.574786424636840820e-01
-9.247881174087524414e-02 4.223405122756958008e-01
-1.354521512985229492e-02 4.921818971633911133e-01
4.603323936462402344e-01 -3.938729166984558105e-01
-2.504156231880187988e-01 -4.217348694801330566e-01
-7.764416933059692383e-02 -3.416967391967773438e-02
-2.475503683090209961e-01 -4.608636498451232910e-01
-1.092801690101623535e-01 -2.858675122261047363e-01
3.609746694564819336e-02 -4.821277260780334473e-01
2.889748811721801758e-01 1.483778953552246094e-01
-3.185606598854064941e-01 8.970171213150024414e-02
-4.425693154335021973e-01 2.472503781318664551e-01
9.735691547393798828e-02 2.954804897308349609e-01
-2.657610177993774414e-01 2.361512184143066406e-01
-2.298725843429565430e-01 1.633462309837341309e-01
-1.307680010795593262e-01 5.257755517959594727e-02
3.932325839996337891e-01 2.892046570777893066e-01
-4.602909088134765625e-03 -1.759640574455261230e-01
1.833788156509399414e-01 3.915544152259826660e-01
1.250846385955810547e-01 1.545808315277099609e-01
4.577779769897460938e-01 7.298976182937622070e-02
-4.334599971771240234e-01 -4.073090553283691406e-01
3.565446734428405762e-01 2.088844180107116699e-01
1.273810267448425293e-01 1.813702583312988281e-01
-4.085980057716369629e-01 1.369276046752929688e-01
-1.119488477706909180e-01 -5.178713798522949219e-02
-5.232363939285278320e-02 3.810715079307556152e-01
3.584045171737670898e-02 -1.581120491027832031e-01
1.663941740989685059e-01 -1.991637349128723145e-01
1.072879433631896973e-01 4.369763135910034180e-01
-3.118788599967956543e-01 -4.624018669128417969e-01
8.755046129226684570e-02 4.319152235984802246e-01
4.720147252082824707e-01 4.340777993202209473e-01
1.368709802627563477e-01 2.243393659591674805e-01
-1.246027350425720215e-01 -3.317590951919555664e-01
3.855650424957275391e-01 -2.620330452919006348e-01
-1.420021057128906250e-02 2.409646511077880859e-01
2.190077304840087891e-02 4.856817126274108887e-01
3.825990557670593262e-01 -6.622850894927978516e-03
9.811455011367797852e-02 2.935155034065246582e-01
-2.840560674667358398e-02 9.209203720092773438e-02
2.377118468284606934e-01 1.672249436378479004e-01
4.833079576492309570e-01 4.335869550704956055e-01
-3.899526596069335938e-01 2.213738560676574707e-01
-1.134788393974304199e-01 -1.195470094680786133e-01
-3.749432563781738281e-01 -4.223757982254028320e-01
-1.336472034454345703e-01 3.473088741302490234e-01
-7.498818635940551758e-02 -5.724322795867919922e-02
-4.465696811676025391e-01 -1.774578094482421875e-01
-5.606460571289062500e-02 4.733613133430480957e-01
4.161061644554138184e-01 1.108809113502502441e-01
3.078082799911499023e-01 -1.470519304275512695e-01
-1.749814748764038086e-01 -2.211354970932006836e-01
-4.714246392250061035e-01 2.820973396301269531e-01
-2.685901522636413574e-01 3.680284023284912109e-01
-3.974087834358215332e-01 3.048145771026611328e-01
8.868050575256347656e-02 4.290304780006408691e-01
2.168818116188049316e-01 -3.224050402641296387e-01
-1.298004984855651855e-01 -2.591883540153503418e-01
-3.681892156600952148e-01 -4.218911528587341309e-01
4.140336513519287109e-01 4.882004857063293457e-01
-4.247301220893859863e-01 4.588850736618041992e-01
-3.988798260688781738e-01 9.673750400543212891e-02
9.655314683914184570e-02 -3.841544389724731445e-01
-4.503902792930603027e-01 1.287996768951416016e-03
1.748144626617431641e-01 -2.827944755554199219e-01
4.258035421371459961e-01 2.758223414421081543e-01
4.448572397232055664e-01 4.359945654869079590e-01
1.873642802238464355e-01 2.995218038558959961e-01
3.474765419960021973e-01 1.789776086807250977e-01
3.415290117263793945e-01 3.685544133186340332e-01
-7.997691631317138672e-03 -4.246039986610412598e-01
3.836572170257568359e-01 2.699587345123291016e-01
-2.000554800033569336e-01 -1.616629958152770996e-01
1.119819283485412598e-01 -2.284163832664489746e-01
9.573668241500854492e-02 7.119923830032348633e-02
3.808968663215637207e-01 3.714777231216430664e-01
2.899922132492065430e-01 6.899648904800415039e-02
-4.566001296043395996e-01 -3.252519369125366211e-01
-3.895759582519531250e-02 -7.560235261917114258e-02
-4.768153429031372070e-01 3.659665584564208984e-03
-4.834592342376708984e-02 -4.837777018547058105e-01
-1.310354471206665039e-01 -8.127743005752563477e-02
-2.368739843368530273e-01 -2.382811307907104492e-01
-9.646898508071899414e-02 -4.151448011398315430e-01
1.977777481079101562e-01 -3.759270310401916504e-01
-2.626670002937316895e-01 -1.035177707672119141e-01
2.333011031150817871e-01 4.129055142402648926e-01
1.642904877662658691e-01 -1.835899353027343750e-01
-2.255558967590332031e-01 -4.693257212638854980e-01
3.453555107116699219e-01 1.714517474174499512e-01
2.952705621719360352e-01 -3.828198313713073730e-01
-2.254805564880371094e-01 -4.231766462326049805e-01
2.113404273986816406e-01 -4.616595506668090820e-01
-2.485180497169494629e-01 4.131633043289184570e-01
2.771729826927185059e-01 4.528201818466186523e-01
3.489040732383728027e-01 -2.389832139015197754e-01
-2.574306726455688477e-01 2.805912494659423828e-02
1.027369499206542969e-01 4.478975534439086914e-01
4.471460580825805664e-01 -4.402153491973876953e-01
3.581097722053527832e-01 -2.164025306701660156e-01
3.791527748107910156e-01 -3.361978530883789062e-01
-1.527076959609985352e-01 -1.376302838325500488e-01
-2.792022824287414551e-01 3.654471039772033691e-01
3.915399312973022461e-02 -3.172935247421264648e-01
6.709736585617065430e-02 -4.032183885574340820e-01
3.317534923553466797e-03 8.443802595138549805e-02
6.787705421447753906e-02 -4.854773283004760742e-01
-4.265745282173156738e-01 -4.378327727317810059e-01
1.542860865592956543e-01 4.372031688690185547e-01
1.573562622070312500e-03 4.095269441604614258e-01
4.525018334388732910e-01 -2.010149955749511719e-01
-3.423115611076354980e-01 -2.299625277519226074e-01
-4.546379446983337402e-01 1.555047631263732910e-01
1.927657723426818848e-01 -1.548850536346435547e-01
-7.111120223999023438e-02 -2.926743030548095703e-02
9.431058168411254883e-02 3.170438408851623535e-01
-2.101221680641174316e-01 -3.828475475311279297e-01
-9.585028886795043945e-02 4.588312506675720215e-01
1.825976371765136719e-02 -4.456623196601867676e-01
-4.613649845123291016e-01 -4.916858077049255371e-01
3.492476940155029297e-01 -3.065476417541503906e-01
1.872940063476562500e-01 2.575954198837280273e-01
3.399996161460876465e-01 4.627838730812072754e-01
4.446666836738586426e-01 -2.306057810783386230e-01
4.828111529350280762e-01 -1.788693666458129883e-01
2.661347389221191406e-04 1.067005395889282227e-01
4.943014383316040039e-01 1.167407631874084473e-01
1.555627584457397461e-02 4.352003335952758789e-02
-3.631673455238342285e-01 -8.463025093078613281e-02
-1.060091257095336914e-01 4.663738012313842773e-01
-2.969568967819213867e-01 1.191115379333496094e-02
1.481696963310241699e-01 4.505168199539184570e-01
2.751424908638000488e-01 -3.790866136550903320e-01
2.611961960792541504e-01 4.114010930061340332e-01
2.640998363494873047e-01 -4.020941853523254395e-01
4.323493838310241699e-01 4.366934299468994141e-02
-4.812614321708679199e-01 -9.879332780838012695e-02
-2.031838893890380859e-02 -1.008073091506958008e-01
4.480269551277160645e-01 1.543429493904113770e-01
-2.600312829017639160e-01 -2.441763877868652344e-02
-4.023169279098510742e-01 -2.665377855300903320e-01
-3.891001939773559570e-01 1.852703094482421875e-02
-2.515886425971984863e-01 2.205595970153808594e-01
-1.845206022262573242e-01 2.868610620498657227e-02
1.844760179519653320e-01 3.843772411346435547e-01
-2.161800861358642578e-02 1.000344157218933105e-01
2.470610141754150391e-01 1.249150633811950684e-01
-1.542578339576721191e-01 6.700915098190307617e-02
-2.957582473754882812e-02 -3.071024417877197266e-01
-1.764384508132934570e-01 7.193452119827270508e-02
1.978631615638732910e-01 -4.766479134559631348e-01
-2.419858574867248535e-01 4.538223743438720703e-01
3.319474458694458008e-01 -4.258252382278442383e-01
4.519588947296142578e-01 -2.131493091583251953e-01
1.131547093391418457e-01 2.235645055770874023e-02
1.550752520561218262e-01 -9.432780742645263672e-02
-4.074077606201171875e-01 3.270649909973144531e-02
3.679562807083129883e-01 -4.132654666900634766e-01
4.861314892768859863e-01 -4.725304245948791504e-01
-4.795038700103759766e-02 -3.422328829765319824e-01
3.363630771636962891e-01 2.524521946907043457e-01
1.266563534736633301e-01 -3.770399093627929688e-01
-2.590514421463012695e-01 2.571702003479003906e-03
-3.703046441078186035e-01 1.400257945060729980e-01
-4.410905241966247559e-01 -2.290489673614501953e-01
-4.838278293609619141e-01 -2.967524528503417969e-01
-2.800919413566589355e-01 -4.564863443374633789e-01
-8.660137653350830078e-03 2.097381353378295898e-01
7.235527038574218750e-03 -1.137599349021911621e-01
-3.718440532684326172e-01 -2.004084587097167969e-01
-3.876104950904846191e-01 3.703488111495971680e-01
-3.345264792442321777e-01 -2.025189399719238281e-01
3.758997321128845215e-01 -2.899879813194274902e-01
-4.516119956970214844e-01 -4.858752489089965820e-01
2.295987606048583984e-01 2.647393345832824707e-01
-2.038919925689697266e-02 9.852051734924316406e-04
-4.940901994705200195e-01 1.888610124588012695e-01
7.543468475341796875e-02 -1.931096911430358887e-01
1.361647844314575195e-01 -1.248776912689208984e-01
-4.768486022949218750e-01 1.435427665710449219e-01
-3.668690323829650879e-01 -2.156624794006347656e-01
-2.840285301208496094e-01 -2.405128479003906250e-01
3.845507502555847168e-01 3.395466208457946777e-01
-1.159032583236694336e-01 2.628568410873413086e-01
-8.903348445892333984e-02 2.203984260559082031e-01
3.156474232673645020e-01 2.879885435104370117e-01
-2.283375859260559082e-01 4.018680453300476074e-01
4.134891629219055176e-01 1.656653285026550293e-01
-1.686505675315856934e-01 -2.024602890014648438e-02
-4.156695008277893066e-01 2.140939831733703613e-01
-3.851960897445678711e-01 -2.318671345710754395e-01
-1.280565857887268066e-01 -4.628666639328002930e-01
2.841845154762268066e-01 -3.068467378616333008e-01
-4.809852242469787598e-01 -7.432079315185546875e-02
-3.814331293106079102e-01 1.459571123123168945e-01
1.110749840736389160e-01 3.106772899627685547e-01
-1.023281812667846680e-01 -1.366204023361206055e-02
1.428599953651428223e-01 -4.610592722892761230e-01
2.931610941886901855e-01 3.166261911392211914e-01
-2.942560911178588867e-01 6.584644317626953125e-03
3.512901067733764648e-01 -2.015818953514099121e-01
7.824075222015380859e-02 -4.671961665153503418e-01
2.293822169303894043e-01 9.524565935134887695e-02
3.825411200523376465e-01 -5.895000696182250977e-02
1.386553049087524414e-01 3.960061669349670410e-01
4.315617084503173828e-01 4.736815094947814941e-01
3.345469236373901367e-01 1.145495176315307617e-01
-2.597280740737915039e-01 1.206564903259277344e-02
-2.265965938568115234e-02 -3.982430696487426758e-01
-1.136583089828491211e-02 3.420522212982177734e-01
7.183241844177246094e-02 1.844758987426757812e-01
2.689043283462524414e-01 3.740245699882507324e-01
2.916976213455200195e-01 -3.975333571434020996e-01
2.441191673278808594e-02 -3.698619604110717773e-01
-4.229525923728942871e-01 3.683435916900634766e-01
-4.803493618965148926e-01 4.179145097732543945e-01
-4.405541419982910156e-01 2.018356323242187500e-01
-2.413526773452758789e-01 -2.357283234596252441e-01
-4.161176681518554688e-01 4.447545409202575684e-01
-4.738901257514953613e-01 1.597456336021423340e-01
-3.939406871795654297e-01 4.173471331596374512e-01
1.064906716346740723e-01 1.471261382102966309e-01
3.994866609573364258e-01 3.689305186271667480e-01
2.187820672988891602e-01 2.635250687599182129e-01
-2.939373850822448730e-01 -9.487342834472656250e-02
1.102174520492553711e-01 4.454158544540405273e-01
-1.932119131088256836e-01 3.169113993644714355e-01
-4.385889768600463867e-01 -4.367760419845581055e-01
1.572482585906982422e-01 -2.763345837593078613e-01
-2.061490416526794434e-01 1.296033859252929688e-01
1.037364006042480469e-01 -4.764178395271301270e-01
9.393042325973510742e-02 -2.622308731079101562e-01
-2.831642031669616699e-01 2.203190922737121582e-01
3.995546102523803711e-01 -2.885390520095825195e-01
2.587899565696716309e-01 -4.644751548767089844e-03
4.165414571762084961e-01 3.608117699623107910e-01
-6.996428966522216797e-02 1.021934747695922852e-01
3.035843968391418457e-01 -3.076693415641784668e-01
2.551216483116149902e-01 -1.844494938850402832e-01
-3.301382064819335938e-03 4.847905635833740234e-01
1.871543526649475098e-01 3.663977384567260742e-01
-4.699719548225402832e-01 -4.378710389137268066e-01
-8.327579498291015625e-02 -3.377555608749389648e-01
-1.271927356719970703e-01 1.524388790130615234e-02
-2.898504734039306641e-01 2.958615422248840332e-01
-9.465992450714111328e-02 -4.860503673553466797e-01
-3.157901167869567871e-01 -3.301665186882019043e-01
4.703039526939392090e-01 4.488019347190856934e-01
1.192975044250488281e-01 4.500424265861511230e-01
2.953841686248779297e-01 1.115337014198303223e-01
-1.098141074180603027e-01 3.928515315055847168e-01
-3.335283398628234863e-01 4.047780632972717285e-01
1.411639451980590820e-01 -2.527617216110229492e-01
-2.982743978500366211e-01 -3.167822360992431641e-01
-2.111937403678894043e-01 -4.848116040229797363e-01
4.974598884582519531e-01 -3.918411731719970703e-01
-4.893968105316162109e-01 2.290028333663940430e-01
4.343476891517639160e-01 -9.307825565338134766e-02
1.293788552284240723e-01 4.769688844680786133e-02
2.159668207168579102e-01 -3.807058930397033691e-01
-4.882658123970031738e-01 3.746429681777954102e-01
4.676443934440612793e-01 3.920981884002685547e-01
-1.465010046958923340e-01 -1.089856028556823730e-01
-3.058278560638427734e-02 -2.900983095169067383e-01
-3.018795251846313477e-01 -1.476334333419799805e-01
1.854524016380310059e-01 4.508075714111328125e-01
-1.769661903381347656e-01 -4.875248074531555176e-01
-6.169068813323974609e-02 -8.612763881683349609e-02
4.932918548583984375e-01 2.676638364791870117e-01
-2.332786321640014648e-01 2.054049372673034668e-01
-2.335739135742187500e-02 3.284224271774291992e-01
2.756559848785400391e-02 -9.761214256286621094e-03
2.704914808273315430e-01 4.136389493942260742e-01
-1.980426907539367676e-01 2.262707352638244629e-01
-3.097890615463256836e-01 -3.392741680145263672e-01
-3.588480949401855469e-01 2.247213721275329590e-01
4.117105603218078613e-01 -2.308096885681152344e-01
3.995836377143859863e-01 -3.597208857536315918e-01
2.377498149871826172e-02 2.132187485694885254e-01
-1.883459687232971191e-01 -3.793032765388488770e-01
4.166771769523620605e-01 2.777574062347412109e-01
-4.309893846511840820e-01 -4.757992029190063477e-01
-4.110073447227478027e-01 -3.891641497611999512e-01
-3.697520494461059570e-02 -2.864668369293212891e-01
4.878355860710144043e-01 -6.013655662536621094e-02
1.605313420295715332e-01 -4.621785283088684082e-01
-7.014697790145874023e-02 -3.309915661811828613e-01
6.591451168060302734e-02 8.278542757034301758e-02
4.062864184379577637e-01 -2.150297760963439941e-01
4.177560806274414062e-01 2.521368861198425293e-01
4.228453040122985840e-01 -3.861813545227050781e-01
2.072995305061340332e-01 2.382073998451232910e-01
-6.339377164840698242e-02 -1.024204492568969727e-01
1.629552841186523438e-01 -3.867757916450500488e-01
6.826341152191162109e-03 -3.495307564735412598e-01
4.991984367370605469e-01 2.946084737777709961e-01
2.064732909202575684e-01 -1.405271291732788086e-01
-4.377116560935974121e-01 1.241287589073181152e-01
-1.687652468681335449e-01 -3.196439146995544434e-01
-4.109108448028564453e-02 1.162638664245605469e-01
-3.091312050819396973e-01 -3.607595562934875488e-01
-3.132408857345581055e-01 -1.138142347335815430e-01
-6.738424301147460938e-03 -1.111752986907958984e-01
2.043852210044860840e-01 -4.084573984146118164e-01
-3.303702473640441895e-01 1.586261987686157227e-01
-2.446311116218566895e-01 4.609255194664001465e-01
8.457243442535400391e-03 -1.851199269294738770e-01
4.774067401885986328e-01 4.378609657287597656e-01
2.680963873863220215e-01 9.688538312911987305e-02
1.578806042671203613e-01 2.438051104545593262e-01
-2.856355905532836914e-02 -1.225376129150390625e-01
-4.414545297622680664e-01 5.962878465652465820e-02
-3.674215078353881836e-01 4.762488007545471191e-01
-1.899868845939636230e-01 -1.284376382827758789e-01
-6.164324283599853516e-02 2.012621760368347168e-01
-9.095108509063720703e-02 2.487025260925292969e-01
3.867378234863281250e-01 -1.402238607406616211e-01
2.030048370361328125e-01 -1.516238451004028320e-01
3.298324346542358398e-02 -1.484139561653137207e-01
2.580678462982177734e-02 -7.240957021713256836e-02
3.845189809799194336e-01 3.474873304367065430e-02
7.853913307189941406e-02 8.141648769378662109e-02
1.226782202720642090e-01 3.868692517280578613e-01
-4.059727787971496582e-01 1.191441416740417480e-01
-3.931987881660461426e-01 -2.529624700546264648e-01
2.267515659332275391e-02 -4.086780548095703125e-01
3.485943078994750977e-01 4.854791164398193359e-01
5.393809080123901367e-02 2.394328713417053223e-01
-3.735775947570800781e-01 4.182938933372497559e-01
4.416813254356384277e-01 -3.525714874267578125e-01
-2.572586536407470703e-01 -3.451902270317077637e-01
9.648627042770385742e-02 4.528674483299255371e-01
4.796626567840576172e-01 -2.179777622222900391e-02
3.526988625526428223e-01 -2.022245526313781738e-01
3.791167140007019043e-01 -2.895060181617736816e-01
-1.052764058113098145e-01 2.890981435775756836e-01
1.861604452133178711e-01 1.267850995063781738e-01
-2.938659191131591797e-01 2.913833260536193848e-01
-1.598309874534606934e-01 -4.751579165458679199e-01
-6.450712680816650391e-03 -2.761539220809936523e-01
-3.752160072326660156e-01 -4.086960554122924805e-01
1.165201663970947266e-01 -2.850202918052673340e-01
-1.803278923034667969e-02 -3.158252835273742676e-01
2.469999790191650391e-01 -2.153193950653076172e-02
-2.448382377624511719e-01 3.454017639160156250e-02
-1.189690828323364258e-02 4.315949082374572754e-01
4.420138001441955566e-01 8.129829168319702148e-02
-1.026793718338012695e-01 3.532185554504394531e-01
4.306448101997375488e-01 1.932004094123840332e-01
4.964780211448669434e-01 -1.377930641174316406e-01
1.103632450103759766e-01 -2.127299904823303223e-01
3.681251406669616699e-01 1.593880653381347656e-01
2.503110170364379883e-01 4.488058090209960938e-01
3.364443778991699219e-03 4.375261664390563965e-01
-4.382485747337341309e-01 -1.906326413154602051e-01
-2.364399433135986328e-01 3.697669506072998047e-01
-3.067854046821594238e-01 3.348116874694824219e-01
4.829349517822265625e-01 -4.772790074348449707e-01
1.662099361419677734e-01 1.937435865402221680e-01
1.480763554573059082e-01 -5.859059095382690430e-02
-2.119368314743041992e-01 -1.360762119293212891e-02
4.918674826622009277e-01 2.548131346702575684e-01
-2.658875584602355957e-01 -1.889743804931640625e-01
3.129544258117675781e-01 -1.868456602096557617e-01
-2.709472179412841797e-02 3.015588521957397461e-01
-3.088251948356628418e-01 2.456132769584655762e-01
-5.733352899551391602e-02 -3.626675605773925781e-01
-2.404388189315795898e-01 5.259364843368530273e-02
-2.845233678817749023e-01 -1.796953678131103516e-01
4.171099066734313965e-01 3.240208625793457031e-01
4.885153770446777344e-01 4.675759673118591309e-01
2.701680064201354980e-01 2.190892100334167480e-01
3.804744482040405273e-01 -3.188644051551818848e-01
4.368543624877929688e-03 4.011332988739013672e-02
-1.428152322769165039e-01 -1.172387599945068359e-02
9.221285581588745117e-02 3.421475291252136230e-01
4.672663807868957520e-01 1.190489530563354492e-02
1.058518290519714355e-01 -6.634509563446044922e-02
-1.922701597213745117e-01 -3.906694650650024414e-01
-2.365320920944213867e-02 1.824753880500793457e-01
6.140977144241333008e-02 2.136419415473937988e-01
4.416310191154479980e-01 3.452056646347045898e-02
-2.747219800949096680e-02 -2.948841452598571777e-01
4.018220901489257812e-01 -1.090640425682067871e-01
-1.381793618202209473e-01 4.253202080726623535e-01
2.129322290420532227e-01 3.732575178146362305e-01
-8.173578977584838867e-02 -3.947330713272094727e-01
-3.384393453598022461e-01 -4.389548301696777344e-02
-2.452588081359863281e-02 4.783950448036193848e-01
-1.118018031120300293e-01 -9.290713071823120117e-02
3.507290482521057129e-01 7.414770126342773438e-02
2.216846346855163574e-01 3.766376376152038574e-01
1.365100145339965820e-01 4.557392597198486328e-01
4.368492364883422852e-01 -1.820669174194335938e-01
-3.973748683929443359e-01 3.125697374343872070e-02
-3.579927682876586914e-01 2.171822190284729004e-01
1.138442158699035645e-01 2.109724879264831543e-01
-3.082123398780822754e-01 -2.154415845870971680e-02
-2.147126793861389160e-01 -3.332325816154479980e-01
4.547011256217956543e-01 -1.613167524337768555e-01
3.642074465751647949e-01 1.231150031089782715e-01
-2.844673395156860352e-01 2.937611341476440430e-01
4.526297450065612793e-01 3.483328223228454590e-01
1.184278726577758789e-02 3.671528697013854980e-01
-1.210532784461975098e-01 1.068794727325439453e-02
-4.337143301963806152e-01 -3.772638440132141113e-01
1.695823669433593750e-01 1.590138673782348633e-02
4.779917001724243164e-01 -4.164153933525085449e-01
-2.438430786132812500e-01 -4.299500584602355957e-01
-1.232719421386718750e-02 -2.472099661827087402e-01
-1.581411957740783691e-01 -4.742678403854370117e-01
3.371351361274719238e-01 -4.215410351753234863e-01
2.175276279449462891e-01 -7.139790058135986328e-02
2.272091507911682129e-01 3.001924157142639160e-01
-2.652091979980468750e-01 -7.419461011886596680e-02
2.503085136413574219e-01 -5.821931362152099609e-02
4.127942919731140137e-01 9.581446647644042969e-03
-2.299895286560058594e-01 -4.042081236839294434e-01
4.124960303306579590e-01 -6.219738721847534180e-02
-2.880663275718688965e-01 2.566031813621520996e-01
4.955335259437561035e-01 -2.632743120193481445e-02
-4.940168261528015137e-01 -3.985834121704101562e-02
-4.304388165473937988e-01 -1.481234431266784668e-01
1.538586616516113281e-02 -4.374946355819702148e-01
-2.952848076820373535e-01 2.859151363372802734e-02
-3.415988087654113770e-01 4.397090077400207520e-01
-1.151636838912963867e-01 -4.167208075523376465e-01
4.571324586868286133e-02 1.854431629180908203e-01
-2.788766026496887207e-01 -5.333656072616577148e-02
-3.600408434867858887e-01 1.240273714065551758e-01
2.676779031753540039e-01 2.862789034843444824e-01
-1.869030594825744629e-01 2.871848344802856445e-01
3.287082314491271973e-01 4.927313327789306641e-02
-1.512638926506042480e-01 -4.966149330139160156e-01
2.739424109458923340e-01 -3.327791690826416016e-01
3.539857864379882812e-01 2.934021949768066406e-01
4.029188156127929688e-01 -7.787412405014038086e-02
2.132165431976318359e-01 4.493153095245361328e-01
-9.964323043823242188e-02 -5.425506830215454102e-02
-3.150671124458312988e-01 -5.189025402069091797e-02
-3.980041146278381348e-01 -4.028010368347167969e-01
-1.192449331283569336e-01 -4.386689066886901855e-01
-1.140167713165283203e-01 -1.083783507347106934e-01
-4.497506022453308105e-01 4.712416529655456543e-01
-1.047550439834594727e-01 4.068479537963867188e-01
4.869949817657470703e-01 -4.045488238334655762e-01
-4.090787172317504883e-01 -1.967263221740722656e-01
3.619870543479919434e-01 3.009942770004272461e-01
-3.619548678398132324e-01 -1.356039643287658691e-01
3.739347457885742188e-01 4.414165019989013672e-02
-2.910227179527282715e-01 4.963088035583496094e-02
3.825118541717529297e-01 3.996119499206542969e-01
1.895478367805480957e-01 3.661625981330871582e-01
8.793222904205322266e-02 -1.371464729309082031e-01
-1.767687201499938965e-01 -1.769423484802246094e-01
4.437730312347412109e-01 4.297619462013244629e-01
5.999046564102172852e-02 -2.126143574714660645e-01
4.109241962432861328e-01 1.705303192138671875e-01
4.709839820861816406e-02 -2.020148038864135742e-01
6.721520423889160156e-02 1.422414183616638184e-01
-1.627216935157775879e-01 -2.725964784622192383e-02
-4.706203937530517578e-03 2.951858043670654297e-01
-1.250123977661132812e-01 -3.054408431053161621e-01
4.105415344238281250e-01 8.039432764053344727e-02
-2.535341978073120117e-01 1.103210449218750000e-02
1.986283063888549805e-01 -1.475389003753662109e-01
-1.174290776252746582e-01 2.949906587600708008e-01
1.901619434356689453e-01 1.840866208076477051e-01
4.402995109558105469e-02 -3.906117677688598633e-01
-4.426298737525939941e-01 6.534874439239501953e-03
-3.421469926834106445e-01 2.211126089096069336e-01
-4.818136096000671387e-01 1.619392633438110352e-02
1.271170377731323242e-02 4.722102284431457520e-01
-2.627016305923461914e-01 -7.580220699310302734e-02
6.665921211242675781e-02 4.982771873474121094e-01
4.482380151748657227e-01 -2.465415000915527344e-02
-4.335124492645263672e-01 -2.835701704025268555e-01
-1.320582032203674316e-01 4.714540839195251465e-01
2.719570994377136230e-01 2.251620888710021973e-01
3.743643164634704590e-01 -1.728867292404174805e-01
1.258895993232727051e-01 -1.642349958419799805e-01
1.010747551918029785e-01 4.686191678047180176e-01
-1.114088296890258789e-01 3.845006227493286133e-02
4.526874423027038574e-01 4.848492145538330078e-01
-2.448113560676574707e-01 4.513868689537048340e-01
2.791864275932312012e-01 1.270070075988769531e-01
4.774780273437500000e-01 2.125822901725769043e-01
1.559929847717285156e-01 1.575744152069091797e-01
4.214290380477905273e-01 -4.198132753372192383e-01
2.635407447814941406e-01 8.539730310440063477e-02
-3.749985098838806152e-01 -4.582133889198303223e-01
-2.274905443191528320e-01 1.280872821807861328e-01
4.589854478836059570e-01 3.851042389869689941e-01
3.345620632171630859e-02 -4.024227261543273926e-01
-1.850997805595397949e-01 9.983384609222412109e-02
-2.966237664222717285e-01 -1.110706925392150879e-01
-2.409381866455078125e-01 4.427117109298706055e-01
-1.155540943145751953e-01 3.506384491920471191e-01
-2.010280489921569824e-01 -1.953904628753662109e-01
4.554594755172729492e-01 -2.511024475097656250e-02
4.631672501564025879e-01 4.565120935440063477e-01
2.756398916244506836e-02 -4.969925284385681152e-01
4.249355792999267578e-01 -4.880065321922302246e-01
4.579390287399291992e-01 -1.838642954826354980e-01
-1.132002472877502441e-01 1.796953678131103516e-01
-2.343658804893493652e-01 -1.612880229949951172e-01
-6.141334772109985352e-02 1.642168760299682617e-01
4.151861071586608887e-01 3.128004074096679688e-02
1.810688376426696777e-01 4.350250959396362305e-02
3.058692812919616699e-01 -4.130930900573730469e-01
-2.856016755104064941e-01 4.205103516578674316e-01
4.816516041755676270e-01 -3.475483059883117676e-01
-2.639635801315307617e-01 3.900066018104553223e-01
-3.641458749771118164e-01 4.481232166290283203e-02
-9.499180316925048828e-02 4.029033184051513672e-01
-3.415017724037170410e-01 6.342649459838867188e-02
2.355183959007263184e-01 1.534420847892761230e-01
2.350527048110961914e-01 -3.500491976737976074e-01
-3.399064540863037109e-01 -4.755990505218505859e-01
-3.691881299018859863e-01 -2.317631244659423828e-01
4.076402187347412109e-01 4.534365534782409668e-01
-4.663407206535339355e-01 -9.113079309463500977e-02
-2.465983629226684570e-01 -3.593856096267700195e-01
-1.083393096923828125e-01 3.280885815620422363e-01
-3.726738691329956055e-02 1.546546816825866699e-01
2.679405808448791504e-01 3.989200592041015625e-01
-8.001500368118286133e-02 -3.456762433052062988e-01
-1.823337078094482422e-01 -3.200700879096984863e-01
4.635602235794067383e-01 -3.553032279014587402e-01
-4.804915785789489746e-01 -1.736268997192382812e-01
-1.474079489707946777e-01 1.775500178337097168e-01
3.148354887962341309e-01 -4.749746918678283691e-01
4.905110597610473633e-01 -3.270400166511535645e-01
-3.549696803092956543e-01 -3.001152276992797852e-01
-4.400694370269775391e-02 -4.007594585418701172e-01
-2.594026327133178711e-01 1.920033693313598633e-01
-3.984792828559875488e-01 1.999590396881103516e-01
3.342577219009399414e-01 2.910459637641906738e-01
3.368034958839416504e-01 1.180070638656616211e-01
3.681046366691589355e-01 4.824586510658264160e-01
1.236997842788696289e-01 -1.811153292655944824e-01
1.597086191177368164e-01 3.322639465332031250e-01
-4.567312598228454590e-01 9.760326147079467773e-02
4.010266065597534180e-02 -1.525995731353759766e-01
-4.366344213485717773e-01 -8.769333362579345703e-03
-2.110183238983154297e-01 -3.329446315765380859e-01
3.147515058517456055e-01 -2.198785543441772461e-02
-1.770393848419189453e-01 3.511357903480529785e-01
1.371860504150390625e-01 1.174629330635070801e-01
-1.903095841407775879e-01 2.112687826156616211e-01
-4.686989188194274902e-01 3.141063451766967773e-02
1.497600078582763672e-01 -8.996981382369995117e-02
-3.888854384422302246e-01 4.123794436454772949e-01
1.596165299415588379e-01 -4.694314599037170410e-01
-3.596093654632568359e-01 -3.104273676872253418e-01
-3.226590156555175781e-02 -2.229303121566772461e-01
5.380070209503173828e-02 -4.417220354080200195e-01
1.520758867263793945e-01 -3.499235510826110840e-01
-2.284480929374694824e-01 -9.385633468627929688e-02
4.488844871520996094e-01 4.445909261703491211e-01
2.247983813285827637e-01 9.722781181335449219e-02
1.806444525718688965e-01 2.338086962699890137e-01
-1.704501509666442871e-01 -3.953971266746520996e-01
2.255002856254577637e-01 -1.473360657691955566e-01
2.536923289299011230e-01 1.755607724189758301e-01
-2.936039566993713379e-01 2.723863124847412109e-01
4.325495362281799316e-01 -6.263309717178344727e-02
1.719862818717956543e-01 2.298138737678527832e-01
2.828014492988586426e-01 2.457892894744873047e-01
-1.275666356086730957e-01 -4.946073889732360840e-01
-1.599120497703552246e-01 -4.252686500549316406e-01
-2.088277935981750488e-01 2.298340797424316406e-01
-2.115882635116577148e-01 -3.098061680793762207e-01
1.882177591323852539e-02 2.499631047248840332e-01
-3.497582674026489258e-02 -2.753421068191528320e-01
-2.576826810836791992e-01 -7.948195934295654297e-02
-3.898131847381591797e-01 4.970541596412658691e-01
-1.195063591003417969e-01 1.112176775932312012e-01
3.902235627174377441e-01 -2.792223095893859863e-01
2.153431177139282227e-01 -3.410023450851440430e-01
1.145333647727966309e-01 -2.801276445388793945e-01
-2.706720232963562012e-01 -3.582456111907958984e-01
1.736885905265808105e-01 1.612197160720825195e-01
3.168056011199951172e-01 2.604871988296508789e-01
-3.092842698097229004e-01 -3.494711518287658691e-01
-3.957816362380981445e-01 -1.804742813110351562e-01
-1.997071504592895508e-02 -4.619520306587219238e-01
4.899054765701293945e-01 -2.475632429122924805e-01
-2.742803096771240234e-02 -4.154393672943115234e-01
-8.609479665756225586e-02 -2.757700681686401367e-01
-3.317083120346069336e-01 3.918886780738830566e-01
5.778807401657104492e-02 2.097070813179016113e-01
-3.281020522117614746e-01 -4.937930107116699219e-01
-3.061298727989196777e-01 -4.662267565727233887e-01
3.344863653182983398e-02 -3.296638727188110352e-01
1.620603203773498535e-01 -2.333933711051940918e-01
4.785820841789245605e-01 -4.322583675384521484e-01
5.839157104492187500e-02 7.453662157058715820e-02
1.532647013664245605e-01 1.165652275085449219e-02
4.978350996971130371e-01 -8.270120620727539062e-02
-4.496744871139526367e-01 1.118585467338562012e-01
-7.117092609405517578e-03 -1.574414968490600586e-01
-1.239902377128601074e-01 -2.259703278541564941e-01
-2.085071802139282227e-01 -1.672868728637695312e-01
1.176973581314086914e-01 -3.435640335083007812e-01
3.282660841941833496e-01 3.224332928657531738e-01
-2.173672318458557129e-01 -4.276142716407775879e-01
2.500356435775756836e-01 -3.283428549766540527e-01
2.278065681457519531e-02 -4.765406250953674316e-01
3.556909561157226562e-01 -1.223641633987426758e-02
-4.568834304809570312e-01 2.793632745742797852e-01
8.829838037490844727e-02 3.521627187728881836e-01
-3.745375871658325195e-01 2.671036720275878906e-01
2.670133113861083984e-02 -4.466117024421691895e-01
2.006262540817260742e-02 -5.150872468948364258e-02
4.852520227432250977e-01 -4.528610706329345703e-01
-4.629154205322265625e-01 4.169732928276062012e-01
-3.601477742195129395e-01 -2.877527475357055664e-02
-1.707801222801208496e-01 -1.621728539466857910e-01
-1.112660169601440430e-01 -1.314455866813659668e-01
2.996122241020202637e-01 5.346298217773437500e-03
-3.602786660194396973e-01 4.887257814407348633e-01
4.532737731933593750e-01 -1.195714473724365234e-01
-3.348703384399414062e-01 -4.526358246803283691e-01
3.553063869476318359e-01 -9.931033849716186523e-02
3.237955570220947266e-01 -3.985738754272460938e-02
3.871609568595886230e-01 -1.329059600830078125e-01
4.594340920448303223e-01 1.810932159423828125e-01
-1.144311428070068359e-01 -7.162684202194213867e-02
-3.669112920761108398e-02 -3.829902410507202148e-02
2.846121788024902344e-03 2.671604156494140625e-01
1.287197470664978027e-01 -2.327674627304077148e-02
3.626208901405334473e-01 3.548172712326049805e-01
4.806891083717346191e-01 -7.795339822769165039e-02
3.802751898765563965e-01 1.860957741737365723e-01
-4.792844653129577637e-01 8.187240362167358398e-02
1.743155121803283691e-01 -1.814038157463073730e-01
-8.178693056106567383e-02 2.862619757652282715e-01
3.992008566856384277e-01 2.265037894248962402e-01
3.919585943222045898e-01 2.587590217590332031e-01
-2.367688417434692383e-01 2.735781073570251465e-01
-2.632802724838256836e-01 4.956758022308349609e-01
-3.068938851356506348e-01 4.990216493606567383e-01
1.551371812820434570e-02 -1.653695106506347656e-02
4.310551881790161133e-01 2.621130943298339844e-01
-1.549794673919677734e-01 1.527608633041381836e-01
1.213028430938720703e-01 2.924604415893554688e-01
4.576408863067626953e-01 -2.273523807525634766e-01
2.109306454658508301e-01 1.983724832534790039e-01
-2.169622778892517090e-01 1.705964803695678711e-01
-1.081534624099731445e-01 2.975967526435852051e-01
-2.151964902877807617e-01 -2.470058202743530273e-02
-4.721210002899169922e-01 2.365663647651672363e-01
-3.829281926155090332e-01 2.705206274986267090e-01
-2.161678075790405273e-01 3.154521584510803223e-01
-4.174675941467285156e-01 1.096476316452026367e-01
3.682169318199157715e-01 4.880290031433105469e-01
6.806331872940063477e-02 3.938935399055480957e-01
-1.633011698722839355e-01 4.325733184814453125e-01
-3.683970570564270020e-01 6.152731180191040039e-02
6.294667720794677734e-03 3.427389860153198242e-01
7.066911458969116211e-02 7.459485530853271484e-02
3.118517398834228516e-01 -4.802736639976501465e-01
1.204516291618347168e-01 -1.753978729248046875e-01
-8.816975355148315430e-02 4.522647261619567871e-01
-4.041873216629028320e-01 -1.589714884757995605e-01
1.667411923408508301e-01 -3.862727284431457520e-01
2.981578111648559570e-01 -2.960964441299438477e-01
3.735162019729614258e-01 7.098966836929321289e-02
3.860956430435180664e-01 -4.178776144981384277e-01
1.897901892662048340e-01 1.426606178283691406e-01
3.076785802841186523e-02 4.799097776412963867e-02
4.829879403114318848e-01 4.847890138626098633e-02
-2.165777683258056641e-01 -4.259925484657287598e-01
1.069533228874206543e-01 2.841325998306274414e-01
-8.131444454193115234e-02 2.515894770622253418e-01
-4.279248714447021484e-01 2.758005261421203613e-01
6.664115190505981445e-02 -1.033625602722167969e-01
-4.706722497940063477e-01 3.999632596969604492e-02
-4.958360195159912109e-01 -4.890794157981872559e-01
1.645197272300720215e-01 -7.671511173248291016e-02
7.009363174438476562e-02 -1.956772804260253906e-01
9.760236740112304688e-02 -1.915518641471862793e-01
1.293719410896301270e-01 3.012880086898803711e-01
-2.277361154556274414e-01 -4.174181222915649414e-01
-1.274108290672302246e-01 3.734514713287353516e-01
-2.128250002861022949e-01 -3.005187511444091797e-01
-3.399850130081176758e-01 7.910466194152832031e-02
-3.634489774703979492e-01 -1.297221779823303223e-01
1.076307296752929688e-01 4.668212532997131348e-01
4.018416404724121094e-01 4.047410488128662109e-01
2.629884481430053711e-01 2.139556407928466797e-01
-1.668680310249328613e-01 -4.272910356521606445e-01
-3.686431050300598145e-01 3.439960479736328125e-01
2.184437513351440430e-01 -4.243471026420593262e-01
1.492226123809814453e-01 -2.786904573440551758e-01
-4.689089655876159668e-01 -4.070534706115722656e-01
-4.684597253799438477e-02 -2.453485727310180664e-01
-3.517289757728576660e-01 1.356955766677856445e-01
-4.580441117286682129e-01 2.784707546234130859e-01
1.590359210968017578e-02 3.624338507652282715e-01
-3.198159933090209961e-01 1.927057504653930664e-01
-2.362465858459472656e-02 -3.207464814186096191e-01
-4.977514147758483887e-01 2.150940895080566406e-01
-3.745255470275878906e-01 2.943591475486755371e-01
-4.216305017471313477e-01 4.414699077606201172e-01
-9.518718719482421875e-02 -3.916025161743164062e-03
5.604100227355957031e-02 5.331432819366455078e-02
-2.059451937675476074e-01 1.705843210220336914e-02
4.501764774322509766e-01 -2.952582240104675293e-01
-2.603513598442077637e-01 -3.817004561424255371e-01
-1.896674036979675293e-01 -4.027993083000183105e-01
-4.426093101501464844e-01 4.426028728485107422e-01
1.435697078704833984e-03 3.868503570556640625e-01
2.343004941940307617e-02 1.346468925476074219e-04
-1.034988760948181152e-01 1.713307499885559082e-01
-2.466529011726379395e-01 -2.804085016250610352e-01
-3.390543460845947266e-01 4.984704852104187012e-01
1.764512062072753906e-01 -1.841142177581787109e-01
-4.226138591766357422e-01 -3.195191025733947754e-01
1.775214672088623047e-01 -3.543344140052795410e-01
-2.059262394905090332e-01 -4.727513790130615234e-01
3.137007951736450195e-01 5.107557773590087891e-02
2.997219562530517578e-02 3.853402733802795410e-01
4.025551676750183105e-01 3.423631191253662109e-02
3.386126160621643066e-01 -6.527185440063476562e-03
1.889177560806274414e-01 3.377248048782348633e-01
-1.929140090942382812e-01 -2.912710309028625488e-01
-4.027202725410461426e-01 1.916289329528808594e-03
1.331348419189453125e-01 8.365726470947265625e-02
3.100547194480895996e-01 -1.086944341659545898e-01
-4.106700420379638672e-02 -7.595175504684448242e-02
6.265956163406372070e-02 -1.955752968788146973e-01
-2.148764729499816895e-01 8.145433664321899414e-02
2.732487320899963379e-01 2.735442519187927246e-01
-6.833463907241821289e-02 3.152884840965270996e-01
2.148543596267700195e-01 -3.756489157676696777e-01
2.943745255470275879e-01 -2.547194957733154297e-01
-2.126010656356811523e-01 2.556540369987487793e-01
4.802854657173156738e-01 1.887375116348266602e-01
-3.802602291107177734e-01 -4.397667646408081055e-01
-1.881040334701538086e-01 8.335697650909423828e-02
1.625913977622985840e-01 4.698042869567871094e-01
2.962533235549926758e-01 -3.284364938735961914e-01
-3.914911150932312012e-01 -4.811437129974365234e-01
