4.714127182960510254e-01 5.488364696502685547e-01
5.400847792625427246e-01 8.266178965568542480e-01
4.847810268402099609e-01 7.098297476768493652e-01
6.106759309768676758e-01 6.506245732307434082e-01
3.633146286010742188e-01 6.947761178016662598e-01
5.176550149917602539e-01 6.757888793945312500e-01
4.014395177364349365e-01 8.651691675186157227e-01
5.118846893310546875e-01 5.941882729530334473e-01
5.427397489547729492e-01 6.089236736297607422e-01
4.357913136482238770e-01 6.895257234573364258e-01
6.082104444503784180e-01 6.002946496009826660e-01
6.479313373565673828e-01 6.599560976028442383e-01
6.168967485427856445e-01 6.220595240592956543e-01
4.894337654113769531e-01 7.454535961151123047e-01
4.635166525840759277e-01 4.401208460330963135e-01
3.590782880783081055e-01 5.943055152893066406e-01
5.061420798301696777e-01 5.425748229026794434e-01
6.813014149665832520e-01 4.904498457908630371e-01
4.244150519371032715e-01 5.884342193603515625e-01
5.870350599288940430e-01 6.592348814010620117e-01
4.950604438781738281e-01 7.043710350990295410e-01
4.794426560401916504e-01 6.438883543014526367e-01
6.618232727050781250e-01 6.112269163131713867e-01
6.492022871971130371e-01 6.336112022399902344e-01
5.948897600173950195e-01 5.366373658180236816e-01
4.995736479759216309e-01 6.374078392982482910e-01
4.689559340476989746e-01 8.194702863693237305e-01
5.880209803581237793e-01 5.652306079864501953e-01
5.536111593246459961e-01 5.483261942863464355e-01
5.700041651725769043e-01 6.318801045417785645e-01
4.051083326339721680e-01 5.784848332405090332e-01
4.471242129802703857e-01 6.754683256149291992e-01
5.065101981163024902e-01 5.860280394554138184e-01
6.915038228034973145e-01 6.509574651718139648e-01
6.564983725547790527e-01 6.162992715835571289e-01
4.371125400066375732e-01 7.072970271110534668e-01
5.273909568786621094e-01 6.391916871070861816e-01
5.033024549484252930e-01 7.572374939918518066e-01
4.892102181911468506e-01 8.363048434257507324e-01
5.330864191055297852e-01 6.605376601219177246e-01
5.623255968093872070e-01 7.101419568061828613e-01
5.713569521903991699e-01 6.122567057609558105e-01
6.442514657974243164e-01 7.728592753410339355e-01
6.716972589492797852e-01 6.541391611099243164e-01
4.909420013427734375e-01 7.860304713249206543e-01
5.905650258064270020e-01 6.129990220069885254e-01
6.236640214920043945e-01 5.190341472625732422e-01
6.320456266403198242e-01 5.177724361419677734e-01
6.773582696914672852e-01 6.406418085098266602e-01
4.461111128330230713e-01 7.187591195106506348e-01
5.095654129981994629e-01 6.997354626655578613e-01
4.702699780464172363e-01 7.173103690147399902e-01
5.332558751106262207e-01 6.364589929580688477e-01
6.139386892318725586e-01 6.438828706741333008e-01
4.281335175037384033e-01 6.773080825805664062e-01
5.143116712570190430e-01 6.747437715530395508e-01
5.448502898216247559e-01 6.292963624000549316e-01
6.417214274406433105e-01 6.192790865898132324e-01
4.880529940128326416e-01 6.049615740776062012e-01
4.990149736404418945e-01 4.873599410057067871e-01
6.662223339080810547e-01 6.297868490219116211e-01
4.103216528892517090e-01 7.420274615287780762e-01
6.510052680969238281e-01 5.927061438560485840e-01
5.518344640731811523e-01 6.804804205894470215e-01
5.713467001914978027e-01 6.768236756324768066e-01
6.737365722656250000e-01 7.275488376617431641e-01
4.167676270008087158e-01 4.935643374919891357e-01
4.310354590415954590e-01 6.882300376892089844e-01
4.497942626476287842e-01 7.920055985450744629e-01
5.723380446434020996e-01 6.869223713874816895e-01
6.878657341003417969e-01 5.914995670318603516e-01
6.975452899932861328e-01 5.218637585639953613e-01
5.769311189651489258e-01 6.018013358116149902e-01
6.395940780639648438e-01 7.191038131713867188e-01
4.372215270996093750e-01 5.047944784164428711e-01
7.065383791923522949e-01 6.094950437545776367e-01
7.669703960418701172e-01 5.697736740112304688e-01
4.993329048156738281e-01 4.805498719215393066e-01
5.156579017639160156e-01 6.803367733955383301e-01
6.299939751625061035e-01 7.776200175285339355e-01
6.029689908027648926e-01 4.837796688079833984e-01
6.434230804443359375e-01 7.726801633834838867e-01
4.714352786540985107e-01 5.649232864379882812e-01
4.320582151412963867e-01 4.009683728218078613e-01
6.060137152671813965e-01 6.612977385520935059e-01
6.094473600387573242e-01 5.135735273361206055e-01
6.966679096221923828e-01 5.787228345870971680e-01
6.324370503425598145e-01 5.271382331848144531e-01
5.958973765373229980e-01 6.395615935325622559e-01
4.239725768566131592e-01 6.181021332740783691e-01
6.105374693870544434e-01 4.796129465103149414e-01
5.799833536148071289e-01 6.062163710594177246e-01
6.513963341712951660e-01 4.860055446624755859e-01
4.636222422122955322e-01 7.010654807090759277e-01
4.221864938735961914e-01 5.189264416694641113e-01
7.325595617294311523e-01 4.674084782600402832e-01
5.299277305603027344e-01 6.631885766983032227e-01
5.865523815155029297e-01 5.971403717994689941e-01
6.578252911567687988e-01 5.350527167320251465e-01
6.897520422935485840e-01 6.403436660766601562e-01
5.267106294631958008e-01 5.365020036697387695e-01
6.194995045661926270e-01 4.909852147102355957e-01
6.599900722503662109e-01 6.184191703796386719e-01
5.962803363800048828e-01 5.581484436988830566e-01
4.503586590290069580e-01 7.276018857955932617e-01
5.841688513755798340e-01 6.403445601463317871e-01
5.774464011192321777e-01 7.468417882919311523e-01
6.819863915443420410e-01 6.610895395278930664e-01
5.241081714630126953e-01 6.163945198059082031e-01
5.866097807884216309e-01 6.375501155853271484e-01
7.209172248840332031e-01 5.795122981071472168e-01
7.259204983711242676e-01 5.801738500595092773e-01
6.038700342178344727e-01 6.224623322486877441e-01
7.431007623672485352e-01 5.353841781616210938e-01
5.922828912734985352e-01 6.685115694999694824e-01
4.900980889797210693e-01 4.860590696334838867e-01
4.192958474159240723e-01 6.148816943168640137e-01
5.032119154930114746e-01 4.318664669990539551e-01
5.193966031074523926e-01 5.378363728523254395e-01
6.028977036476135254e-01 5.749523043632507324e-01
4.902260601520538330e-01 5.374027490615844727e-01
3.178293704986572266e-01 6.496474742889404297e-01
6.459935307502746582e-01 5.543157458305358887e-01
4.476783275604248047e-01 6.596490144729614258e-01
4.283255040645599365e-01 4.248553216457366943e-01
5.002421736717224121e-01 4.314002394676208496e-01
6.227892041206359863e-01 5.293768644332885742e-01
5.164995193481445312e-01 5.645592808723449707e-01
5.951967239379882812e-01 5.318811535835266113e-01
4.880614578723907471e-01 7.240619659423828125e-01
4.791266322135925293e-01 6.693145632743835449e-01
5.623763799667358398e-01 6.185331940650939941e-01
4.721277356147766113e-01 4.051931500434875488e-01
6.475418806076049805e-01 7.569458484649658203e-01
4.644099175930023193e-01 5.879152417182922363e-01
4.626876711845397949e-01 4.455670118331909180e-01
4.859901070594787598e-01 4.908999204635620117e-01
3.705900311470031738e-01 7.173240780830383301e-01
3.494151830673217773e-01 4.617278575897216797e-01
4.404329061508178711e-01 3.542182743549346924e-01
4.796022772789001465e-01 8.443980813026428223e-01
4.233840107917785645e-01 6.801873445510864258e-01
7.968952655792236328e-01 5.399017930030822754e-01
3.549838960170745850e-01 4.160085618495941162e-01
5.339479446411132812e-01 5.757613778114318848e-01
6.099957227706909180e-01 6.427945494651794434e-01
4.881807565689086914e-01 7.430608272552490234e-01
4.413270056247711182e-01 8.094844222068786621e-01
5.365311503410339355e-01 7.172536849975585938e-01
5.405009984970092773e-01 5.822436809539794922e-01
5.615749359130859375e-01 6.271358132362365723e-01
5.406795144081115723e-01 5.934270024299621582e-01
6.313853859901428223e-01 6.766518950462341309e-01
5.663042664527893066e-01 4.571557641029357910e-01
4.998140931129455566e-01 7.214526534080505371e-01
3.652218580245971680e-01 7.591789960861206055e-01
6.935492157936096191e-01 5.128527879714965820e-01
6.014973521232604980e-01 6.369770169258117676e-01
7.222363948822021484e-01 5.353358387947082520e-01
6.111736297607421875e-01 6.723634600639343262e-01
6.506502032279968262e-01 5.051547288894653320e-01
5.253045558929443359e-01 6.386749148368835449e-01
4.967445135116577148e-01 5.865123867988586426e-01
7.326922416687011719e-01 5.767446756362915039e-01
4.074486196041107178e-01 5.791698694229125977e-01
4.248913824558258057e-01 4.166755974292755127e-01
4.991910457611083984e-01 7.296188473701477051e-01
6.332196593284606934e-01 6.538726687431335449e-01
4.188708662986755371e-01 3.371473848819732666e-01
5.547460317611694336e-01 5.090402364730834961e-01
7.328510880470275879e-01 5.244825482368469238e-01
7.249064445495605469e-01 5.284654498100280762e-01
4.660533964633941650e-01 7.667530775070190430e-01
7.768464088439941406e-01 6.038852930068969727e-01
4.760788083076477051e-01 6.386665105819702148e-01
6.387271285057067871e-01 6.337596774101257324e-01
4.084443151950836182e-01 4.721428751945495605e-01
5.049136281013488770e-01 7.190102338790893555e-01
5.004919171333312988e-01 7.629911303520202637e-01
5.077750086784362793e-01 6.354313492774963379e-01
5.245073437690734863e-01 5.752457976341247559e-01
4.461393058300018311e-01 7.581514120101928711e-01
5.472092628479003906e-01 6.482627391815185547e-01
5.879338383674621582e-01 4.736429154872894287e-01
4.307610988616943359e-01 4.751127362251281738e-01
5.360103845596313477e-01 6.379563212394714355e-01
6.964706778526306152e-01 6.286150217056274414e-01
4.314576387405395508e-01 8.073887825012207031e-01
5.457797646522521973e-01 6.498581767082214355e-01
5.766018629074096680e-01 6.421649456024169922e-01
6.140678524971008301e-01 6.220434904098510742e-01
5.129086971282958984e-01 7.125478982925415039e-01
6.111348867416381836e-01 6.106274127960205078e-01
4.685512483119964600e-01 6.486723423004150391e-01
5.807751417160034180e-01 6.528043746948242188e-01
4.704287648200988770e-01 6.513953208923339844e-01
6.879642605781555176e-01 4.675085544586181641e-01
4.664898216724395752e-01 7.327245473861694336e-01
5.859512686729431152e-01 5.816922187805175781e-01
5.767127275466918945e-01 7.997873425483703613e-01
5.004211068153381348e-01 4.421222805976867676e-01
7.428156733512878418e-01 4.346209168434143066e-01
4.885402917861938477e-01 6.469727158546447754e-01
6.385036110877990723e-01 5.700864195823669434e-01
4.775694906711578369e-01 6.649324893951416016e-01
6.064527034759521484e-01 6.817362308502197266e-01
6.654668450355529785e-01 5.658338069915771484e-01
5.987231135368347168e-01 7.004983425140380859e-01
3.791552782058715820e-01 6.139041781425476074e-01
3.821160197257995605e-01 4.102143943309783936e-01
4.082005321979522705e-01 3.593313395977020264e-01
7.552068829536437988e-01 5.191923975944519043e-01
5.879174470901489258e-01 7.335670590400695801e-01
5.245956182479858398e-01 4.610698521137237549e-01
6.770913004875183105e-01 6.192450523376464844e-01
6.671564579010009766e-01 4.941482245922088623e-01
5.655045509338378906e-01 4.693973362445831299e-01
4.107213318347930908e-01 7.836785912513732910e-01
6.251817941665649414e-01 6.119082570075988770e-01
7.180845737457275391e-01 6.389822959899902344e-01
5.823371410369873047e-01 6.219484210014343262e-01
5.437750816345214844e-01 6.363730430603027344e-01
6.572053432464599609e-01 6.661016345024108887e-01
4.182359576225280762e-01 5.311855673789978027e-01
6.566108465194702148e-01 5.500578880310058594e-01
4.989802539348602295e-01 6.717905998229980469e-01
3.956899642944335938e-01 6.841481328010559082e-01
5.936459302902221680e-01 5.758476257324218750e-01
4.548625349998474121e-01 4.401987791061401367e-01
3.698466420173645020e-01 5.270814895629882812e-01
4.122845530509948730e-01 7.825089693069458008e-01
6.267911791801452637e-01 4.228752553462982178e-01
6.032835841178894043e-01 6.140930056571960449e-01
5.639791488647460938e-01 4.476327300071716309e-01
5.680565237998962402e-01 6.077814102172851562e-01
6.535352468490600586e-01 4.846595823764801025e-01
5.830005407333374023e-01 5.776826739311218262e-01
6.415418982505798340e-01 5.236788392066955566e-01
5.001081228256225586e-01 5.499591827392578125e-01
5.874342322349548340e-01 7.473526000976562500e-01
3.720765113830566406e-01 7.839326262474060059e-01
5.020641684532165527e-01 7.279615998268127441e-01
6.881344318389892578e-01 6.634943485260009766e-01
5.294513106346130371e-01 5.776292085647583008e-01
4.197781085968017578e-01 8.139532208442687988e-01
4.786040782928466797e-01 6.894848942756652832e-01
5.784788131713867188e-01 6.636930108070373535e-01
5.962184071540832520e-01 6.034130454063415527e-01
4.112234413623809814e-01 5.434880852699279785e-01
5.299268960952758789e-01 5.537590384483337402e-01
5.020559430122375488e-01 6.019577980041503906e-01
5.385344028472900391e-01 6.347584724426269531e-01
4.600911438465118408e-01 5.442157983779907227e-01
6.329010128974914551e-01 6.525068879127502441e-01
4.709631800651550293e-01 7.144080400466918945e-01
6.277009844779968262e-01 5.789225101470947266e-01
6.533159613609313965e-01 4.649765193462371826e-01
5.183546543121337891e-01 5.574015378952026367e-01
5.274782180786132812e-01 4.265422821044921875e-01
5.608330965042114258e-01 6.324813365936279297e-01
5.308008790016174316e-01 7.075096964836120605e-01
4.835272729396820068e-01 5.826144814491271973e-01
4.883379340171813965e-01 5.271151065826416016e-01
7.019551992416381836e-01 5.254538059234619141e-01
5.299745202064514160e-01 4.333385229110717773e-01
8.047139644622802734e-01 4.331471920013427734e-01
5.233722925186157227e-01 5.445947647094726562e-01
6.440801620483398438e-01 7.155246138572692871e-01
5.195307135581970215e-01 5.090346932411193848e-01
5.401411652565002441e-01 5.610812902450561523e-01
6.078703403472900391e-01 6.542888879776000977e-01
6.626177430152893066e-01 5.395528078079223633e-01
5.973278880119323730e-01 6.397901773452758789e-01
7.625905871391296387e-01 5.053677558898925781e-01
4.244710803031921387e-01 3.571478426456451416e-01
4.537788331508636475e-01 6.011135578155517578e-01
3.805782794952392578e-01 3.999943733215332031e-01
4.586742818355560303e-01 4.227273762226104736e-01
6.966357231140136719e-01 5.674347877502441406e-01
5.834251046180725098e-01 6.317317485809326172e-01
6.409366130828857422e-01 5.723523497581481934e-01
4.711153805255889893e-01 5.555181503295898438e-01
4.936079084873199463e-01 6.678135395050048828e-01
6.954069733619689941e-01 6.488339304924011230e-01
6.249181628227233887e-01 6.447029113769531250e-01
6.057307124137878418e-01 6.168383359909057617e-01
4.702118337154388428e-01 4.059379398822784424e-01
5.881977081298828125e-01 5.318279862403869629e-01
4.840968549251556396e-01 6.539266109466552734e-01
5.125413537025451660e-01 6.733771562576293945e-01
3.847067058086395264e-01 5.343685150146484375e-01
4.346978068351745605e-01 6.300352215766906738e-01
6.108161211013793945e-01 4.532989561557769775e-01
5.619419813156127930e-01 6.033955812454223633e-01
5.994409322738647461e-01 7.528529167175292969e-01
4.027426540851593018e-01 3.124352693557739258e-01
5.293132662773132324e-01 5.404420495033264160e-01
4.319860041141510010e-01 5.363907814025878906e-01
4.120762348175048828e-01 4.112520217895507812e-01
5.208435654640197754e-01 4.985630810260772705e-01
5.354720950126647949e-01 4.162414371967315674e-01
6.152933239936828613e-01 5.842077136039733887e-01
6.324428915977478027e-01 5.973582863807678223e-01
7.414739131927490234e-01 5.545095205307006836e-01
5.769649744033813477e-01 5.763211250305175781e-01
6.718352437019348145e-01 5.288348793983459473e-01
6.074595451354980469e-01 6.079185009002685547e-01
7.247678041458129883e-01 6.047701835632324219e-01
7.909916043281555176e-01 4.832498431205749512e-01
4.538953602313995361e-01 3.960148096084594727e-01
4.749021232128143311e-01 6.965542435646057129e-01
4.591777920722961426e-01 6.796379089355468750e-01
4.083621799945831299e-01 4.077853560447692871e-01
6.687904596328735352e-01 5.641359686851501465e-01
6.045986413955688477e-01 4.807753264904022217e-01
6.699353456497192383e-01 6.424033641815185547e-01
6.924949288368225098e-01 5.082281827926635742e-01
6.162186861038208008e-01 4.920547902584075928e-01
4.985690116882324219e-01 5.803685784339904785e-01
5.228713154792785645e-01 4.082596600055694580e-01
5.171568393707275391e-01 6.202869415283203125e-01
6.036743521690368652e-01 5.592534542083740234e-01
4.801432788372039795e-01 5.473993420600891113e-01
5.484158992767333984e-01 6.044777035713195801e-01
4.363702237606048584e-01 5.253871679306030273e-01
3.503389060497283936e-01 7.205373048782348633e-01
4.593260288238525391e-01 5.166944861412048340e-01
4.685634076595306396e-01 4.507211446762084961e-01
5.319993495941162109e-01 6.744714379310607910e-01
5.599145293235778809e-01 3.752984106540679932e-01
3.895995616912841797e-01 4.938750863075256348e-01
5.972620844841003418e-01 7.618482708930969238e-01
6.674773693084716797e-01 5.030173063278198242e-01
6.554815173149108887e-01 4.568604230880737305e-01
6.217954754829406738e-01 7.096520066261291504e-01
4.652386307716369629e-01 5.984513163566589355e-01
5.515632033348083496e-01 7.298327684402465820e-01
7.596240639686584473e-01 4.263447523117065430e-01
4.615123271942138672e-01 4.374139606952667236e-01
7.400248050689697266e-01 5.275468230247497559e-01
4.961632788181304932e-01 5.269674062728881836e-01
6.456393003463745117e-01 5.986159443855285645e-01
5.362188220024108887e-01 5.882624387741088867e-01
4.504642784595489502e-01 4.713690280914306641e-01
6.136588454246520996e-01 7.050739526748657227e-01
6.437699198722839355e-01 6.415672302246093750e-01
4.911797642707824707e-01 6.227409839630126953e-01
7.233325839042663574e-01 5.071583986282348633e-01
4.720916152000427246e-01 4.605514407157897949e-01
6.972288489341735840e-01 4.945429861545562744e-01
5.992006063461303711e-01 6.280648112297058105e-01
8.046557903289794922e-01 4.028648734092712402e-01
4.268929660320281982e-01 5.914313197135925293e-01
3.811381161212921143e-01 3.274021148681640625e-01
6.311228871345520020e-01 5.679590702056884766e-01
6.142373681068420410e-01 5.459705591201782227e-01
7.959176898002624512e-01 4.337033331394195557e-01
5.384167432785034180e-01 8.145862817764282227e-01
4.833211600780487061e-01 4.039222300052642822e-01
5.068982839584350586e-01 5.572506785392761230e-01
5.006346106529235840e-01 4.692745506763458252e-01
4.986104369163513184e-01 6.322568655014038086e-01
6.699735522270202637e-01 4.866489171981811523e-01
6.906986236572265625e-01 5.953169465065002441e-01
4.457241892814636230e-01 5.016524791717529297e-01
6.630665063858032227e-01 4.380359947681427002e-01
7.381330728530883789e-01 6.063424944877624512e-01
6.250321269035339355e-01 5.735746026039123535e-01
7.112877368927001953e-01 5.026524662971496582e-01
5.374388694763183594e-01 5.142353773117065430e-01
5.449085831642150879e-01 5.791553854942321777e-01
5.951595306396484375e-01 5.635967254638671875e-01
4.491655528545379639e-01 3.418369591236114502e-01
5.355681180953979492e-01 5.926554203033447266e-01
7.066747546195983887e-01 4.493044614791870117e-01
6.703674793243408203e-01 5.445524454116821289e-01
5.521580576896667480e-01 4.996938407421112061e-01
5.477026104927062988e-01 3.907904028892517090e-01
4.697030186653137207e-01 6.524016261100769043e-01
5.316297411918640137e-01 4.110530316829681396e-01
7.696639895439147949e-01 5.368753075599670410e-01
5.683403015136718750e-01 4.702706336975097656e-01
4.719045758247375488e-01 3.758115768432617188e-01
3.359921574592590332e-01 5.896409153938293457e-01
7.101330757141113281e-01 4.027688503265380859e-01
6.960776448249816895e-01 4.877830743789672852e-01
7.153910994529724121e-01 4.719747006893157959e-01
6.822778582572937012e-01 4.101819396018981934e-01
6.092632412910461426e-01 5.989445447921752930e-01
7.429032325744628906e-01 5.141708254814147949e-01
7.250989079475402832e-01 5.743904113769531250e-01
4.783481955528259277e-01 6.127073168754577637e-01
4.970770180225372314e-01 5.083658695220947266e-01
5.957438945770263672e-01 7.123297452926635742e-01
6.200949549674987793e-01 5.550014376640319824e-01
6.372365355491638184e-01 6.294814348220825195e-01
5.951491594314575195e-01 6.046187877655029297e-01
5.475186705589294434e-01 4.937193691730499268e-01
6.291201114654541016e-01 4.691884517669677734e-01
7.020072937011718750e-01 6.256319284439086914e-01
6.339147686958312988e-01 4.583066105842590332e-01
5.294047594070434570e-01 5.288730859756469727e-01
6.771821975708007812e-01 4.949993193149566650e-01
6.629866957664489746e-01 4.276649057865142822e-01
5.160416364669799805e-01 4.037724435329437256e-01
6.676197052001953125e-01 6.340281963348388672e-01
4.235993921756744385e-01 3.964359760284423828e-01
4.092714190483093262e-01 3.815848529338836670e-01
5.074254870414733887e-01 3.914476633071899414e-01
6.816266179084777832e-01 5.183957815170288086e-01
5.695112943649291992e-01 4.963190853595733643e-01
4.232336282730102539e-01 6.074382066726684570e-01
5.097801685333251953e-01 4.567207694053649902e-01
3.925993740558624268e-01 2.723051309585571289e-01
5.828839540481567383e-01 4.517912864685058594e-01
7.753933668136596680e-01 5.424835681915283203e-01
6.982844471931457520e-01 4.628571867942810059e-01
4.720920026302337646e-01 4.637715220451354980e-01
6.373089551925659180e-01 4.333675503730773926e-01
5.568646788597106934e-01 5.696783065795898438e-01
5.503016710281372070e-01 5.316249728202819824e-01
6.352287530899047852e-01 5.972267985343933105e-01
7.207230925559997559e-01 5.615746974945068359e-01
6.915803551673889160e-01 5.349688529968261719e-01
7.124313712120056152e-01 5.132576823234558105e-01
5.382759571075439453e-01 3.780657351016998291e-01
6.613104343414306641e-01 4.719155728816986084e-01
6.144524812698364258e-01 4.222390949726104736e-01
5.995742678642272949e-01 5.708236694335937500e-01
3.928166627883911133e-01 3.832473456859588623e-01
5.034565925598144531e-01 7.066546082496643066e-01
6.763657331466674805e-01 4.844855964183807373e-01
5.938794016838073730e-01 4.416364133358001709e-01
6.610351800918579102e-01 5.070179700851440430e-01
6.636550426483154297e-01 5.206671357154846191e-01
6.814763545989990234e-01 4.516979455947875977e-01
5.677986741065979004e-01 4.047667980194091797e-01
6.266531944274902344e-01 5.325456857681274414e-01
6.089781522750854492e-01 4.099366962909698486e-01
5.258718132972717285e-01 5.327749848365783691e-01
5.736963152885437012e-01 4.921955466270446777e-01
6.052187085151672363e-01 5.430340766906738281e-01
7.632808685302734375e-01 4.426584541797637939e-01
4.390311837196350098e-01 4.474575519561767578e-01
5.175340771675109863e-01 5.023043155670166016e-01
6.632712483406066895e-01 5.302164554595947266e-01
6.856891512870788574e-01 3.774524331092834473e-01
5.571877360343933105e-01 5.547382235527038574e-01
6.917381286621093750e-01 5.700114369392395020e-01
7.408083677291870117e-01 5.564364790916442871e-01
7.481785416603088379e-01 4.308798313140869141e-01
6.194226741790771484e-01 6.060242652893066406e-01
4.751658141613006592e-01 4.413469731807708740e-01
4.831689596176147461e-01 4.884658455848693848e-01
4.660195410251617432e-01 6.228544712066650391e-01
4.715897142887115479e-01 4.671151041984558105e-01
5.403552055358886719e-01 5.032919645309448242e-01
4.728781580924987793e-01 3.270035982131958008e-01
4.955655038356781006e-01 6.769500970840454102e-01
6.349099278450012207e-01 4.814974963665008545e-01
7.891692519187927246e-01 3.956786394119262695e-01
4.894322454929351807e-01 5.684075951576232910e-01
3.439788520336151123e-01 6.781917214393615723e-01
5.353599786758422852e-01 4.589514732360839844e-01
4.258167743682861328e-01 6.500920057296752930e-01
6.548708081245422363e-01 5.644208192825317383e-01
4.659948647022247314e-01 4.634408354759216309e-01
6.027443408966064453e-01 5.099751353263854980e-01
5.300321578979492188e-01 4.255633354187011719e-01
5.211746096611022949e-01 4.719432890415191650e-01
5.293215513229370117e-01 4.375551640987396240e-01
4.447554945945739746e-01 5.927933454513549805e-01
5.658209919929504395e-01 5.956914424896240234e-01
5.924158692359924316e-01 4.547457098960876465e-01
5.446875095367431641e-01 5.596963763236999512e-01
4.524275958538055420e-01 3.401861786842346191e-01
6.159991025924682617e-01 5.744829177856445312e-01
7.856279015541076660e-01 4.946605861186981201e-01
4.458439648151397705e-01 6.652494072914123535e-01
6.403965950012207031e-01 5.581538677215576172e-01
5.174201726913452148e-01 3.649072051048278809e-01
6.638076901435852051e-01 3.971063494682312012e-01
5.538066029548645020e-01 4.638388454914093018e-01
6.386967897415161133e-01 4.740462899208068848e-01
6.923815608024597168e-01 5.226260423660278320e-01
5.779272913932800293e-01 6.886524558067321777e-01
5.210281014442443848e-01 5.631944537162780762e-01
5.310343503952026367e-01 5.530468821525573730e-01
6.602672934532165527e-01 5.047821402549743652e-01
5.937780737876892090e-01 4.559601545333862305e-01
5.471943616867065430e-01 4.877074360847473145e-01
4.430609345436096191e-01 5.108661651611328125e-01
6.078541278839111328e-01 5.118059515953063965e-01
7.036097645759582520e-01 5.639469623565673828e-01
5.254021286964416504e-01 5.833087563514709473e-01
4.501742422580718994e-01 3.534209728240966797e-01
4.980803132057189941e-01 4.980304241180419922e-01
5.641595125198364258e-01 4.805369377136230469e-01
4.001798629760742188e-01 2.995502054691314697e-01
6.888257265090942383e-01 6.077776551246643066e-01
6.435353159904479980e-01 4.458871185779571533e-01
6.221345067024230957e-01 4.785858690738677979e-01
5.307278633117675781e-01 4.628266692161560059e-01
5.497869849205017090e-01 5.909924507141113281e-01
4.881670773029327393e-01 4.920775890350341797e-01
6.877942085266113281e-01 5.144062638282775879e-01
6.283553242683410645e-01 4.952400028705596924e-01
4.385918080806732178e-01 6.513617634773254395e-01
6.620631217956542969e-01 4.528087973594665527e-01
4.741967916488647461e-01 5.386988520622253418e-01
5.834689736366271973e-01 3.983751833438873291e-01
6.603959798812866211e-01 5.220241546630859375e-01
6.523145437240600586e-01 5.806142091751098633e-01
6.069153547286987305e-01 3.816997408866882324e-01
4.549864530563354492e-01 4.803186953067779541e-01
5.390587449073791504e-01 4.120030105113983154e-01
6.393363475799560547e-01 5.243072509765625000e-01
7.338975071907043457e-01 5.354455113410949707e-01
5.842329263687133789e-01 4.165221750736236572e-01
6.451535820960998535e-01 6.096370816230773926e-01
5.837857127189636230e-01 5.434107184410095215e-01
6.870064735412597656e-01 5.681352615356445312e-01
6.035419106483459473e-01 5.571653246879577637e-01
4.443882107734680176e-01 6.540415287017822266e-01
4.123786091804504395e-01 6.498818397521972656e-01
7.528604269027709961e-01 4.649975001811981201e-01
5.657992959022521973e-01 3.932336270809173584e-01
6.044612526893615723e-01 5.201697945594787598e-01
5.701686739921569824e-01 4.666285514831542969e-01
4.511144757270812988e-01 6.536569595336914062e-01
6.269634366035461426e-01 3.844446539878845215e-01
4.071882069110870361e-01 3.423437178134918213e-01
5.342129468917846680e-01 5.381901264190673828e-01
6.662736535072326660e-01 3.580240011215209961e-01
5.887691974639892578e-01 5.579995512962341309e-01
4.924841821193695068e-01 3.893653452396392822e-01
4.059070050716400146e-01 6.675374507904052734e-01
4.009924829006195068e-01 4.125669300556182861e-01
5.859755873680114746e-01 4.250941574573516846e-01
6.090316176414489746e-01 4.942462742328643799e-01
5.449239611625671387e-01 4.343451857566833496e-01
6.682219505310058594e-01 5.374843478202819824e-01
4.193315207958221436e-01 5.739296674728393555e-01
6.232813000679016113e-01 4.748290479183197021e-01
5.777703523635864258e-01 5.630502104759216309e-01
5.698251128196716309e-01 6.886748075485229492e-01
6.248284578323364258e-01 6.045346260070800781e-01
7.334359884262084961e-01 3.676704764366149902e-01
3.832010328769683838e-01 5.228461027145385742e-01
7.640047073364257812e-01 4.590867459774017334e-01
5.895883440971374512e-01 5.446189641952514648e-01
4.837118983268737793e-01 3.222409486770629883e-01
4.005314111709594727e-01 6.914733648300170898e-01
7.649767398834228516e-01 4.279257953166961670e-01
6.666751503944396973e-01 4.811310768127441406e-01
4.486991465091705322e-01 5.153245925903320312e-01
7.115855813026428223e-01 5.137926340103149414e-01
6.137940883636474609e-01 5.143393874168395996e-01
7.326039671897888184e-01 4.818132817745208740e-01
5.613101124763488770e-01 3.819723427295684814e-01
5.798495411872863770e-01 4.296196997165679932e-01
7.365343570709228516e-01 3.968210220336914062e-01
6.038779616355895996e-01 4.684503078460693359e-01
4.701955914497375488e-01 3.606853783130645752e-01
6.294489502906799316e-01 5.371766686439514160e-01
6.052094697952270508e-01 5.350239872932434082e-01
6.065781116485595703e-01 4.065223932266235352e-01
5.449050068855285645e-01 5.952621102333068848e-01
5.725634098052978516e-01 3.812568783760070801e-01
5.543467402458190918e-01 6.499376296997070312e-01
7.232031822204589844e-01 4.433360397815704346e-01
5.034941434860229492e-01 4.177469313144683838e-01
7.270719408988952637e-01 4.510136246681213379e-01
5.248186588287353516e-01 5.667056441307067871e-01
5.636368989944458008e-01 3.347091972827911377e-01
6.318395137786865234e-01 5.943791270256042480e-01
5.788145065307617188e-01 3.996612131595611572e-01
6.915639042854309082e-01 4.901391565799713135e-01
5.057402849197387695e-01 6.543647646903991699e-01
6.461656093597412109e-01 5.634937286376953125e-01
4.657887816429138184e-01 3.905610442161560059e-01
4.406356215476989746e-01 6.781936287879943848e-01
4.959519505500793457e-01 5.641257762908935547e-01
5.018447041511535645e-01 7.417255043983459473e-01
4.864450991153717041e-01 5.422307848930358887e-01
5.753713846206665039e-01 5.134335756301879883e-01
6.702309250831604004e-01 4.646418690681457520e-01
7.345398068428039551e-01 5.167401432991027832e-01
4.830642044544219971e-01 3.406844735145568848e-01
7.957286238670349121e-01 4.039326012134552002e-01
4.432429075241088867e-01 4.896034598350524902e-01
6.205865740776062012e-01 4.227040410041809082e-01
5.595840215682983398e-01 5.202161669731140137e-01
3.285520672798156738e-01 5.616971254348754883e-01
3.987023234367370605e-01 5.911811590194702148e-01
6.306851506233215332e-01 5.128893852233886719e-01
4.886665642261505127e-01 6.322656869888305664e-01
7.503243088722229004e-01 4.525209963321685791e-01
5.536686182022094727e-01 4.733321368694305420e-01
5.628986358642578125e-01 6.408814191818237305e-01
5.843142271041870117e-01 4.839065968990325928e-01
7.049885988235473633e-01 4.329434931278228760e-01
7.484666705131530762e-01 4.082487523555755615e-01
5.236279368400573730e-01 5.624926090240478516e-01
4.689869284629821777e-01 6.321052908897399902e-01
7.501293420791625977e-01 5.027509331703186035e-01
5.967487692832946777e-01 5.498244166374206543e-01
6.598600149154663086e-01 4.077964723110198975e-01
5.925738811492919922e-01 3.883223533630371094e-01
5.132306218147277832e-01 4.516913890838623047e-01
5.990810394287109375e-01 5.626026391983032227e-01
5.145940780639648438e-01 3.722678422927856445e-01
5.270795822143554688e-01 6.880649328231811523e-01
3.925074040889739990e-01 6.217767596244812012e-01
6.592599749565124512e-01 5.376473069190979004e-01
7.126519680023193359e-01 3.849287629127502441e-01
5.238872766494750977e-01 4.467183649539947510e-01
5.564156770706176758e-01 4.832061231136322021e-01
5.985887646675109863e-01 4.261730313301086426e-01
5.643270015716552734e-01 5.551751255989074707e-01
6.410392522811889648e-01 3.860466480255126953e-01
6.503888964653015137e-01 6.133477091789245605e-01
5.072959661483764648e-01 3.475130498409271240e-01
6.691837310791015625e-01 6.240113973617553711e-01
5.002307891845703125e-01 3.609453737735748291e-01
5.570000410079956055e-01 3.865011334419250488e-01
5.599867701530456543e-01 5.609501004219055176e-01
5.629028081893920898e-01 4.938003718852996826e-01
4.309168756008148193e-01 2.377007156610488892e-01
5.878195762634277344e-01 4.417008459568023682e-01
6.999885439872741699e-01 4.104299545288085938e-01
5.869895219802856445e-01 4.891652762889862061e-01
4.299221634864807129e-01 3.839711248874664307e-01
4.674396812915802002e-01 6.120884418487548828e-01
5.093806982040405273e-01 4.988756179809570312e-01
5.129557847976684570e-01 4.909363090991973877e-01
5.352551341056823730e-01 5.166153907775878906e-01
6.395896077156066895e-01 5.006158947944641113e-01
5.586311221122741699e-01 4.763735532760620117e-01
6.270634531974792480e-01 5.669333338737487793e-01
6.821327805519104004e-01 5.946114063262939453e-01
5.493386387825012207e-01 5.392660498619079590e-01
6.843650937080383301e-01 5.274857878684997559e-01
5.558338761329650879e-01 6.970757246017456055e-01
7.002210617065429688e-01 4.569044411182403564e-01
6.546755433082580566e-01 4.736155569553375244e-01
4.894318878650665283e-01 4.703089296817779541e-01
5.852425098419189453e-01 6.626713871955871582e-01
6.921929717063903809e-01 4.507936239242553711e-01
5.077567100524902344e-01 6.787333488464355469e-01
5.690664649009704590e-01 6.603747606277465820e-01
7.731435298919677734e-01 4.178225696086883545e-01
4.650769531726837158e-01 5.261332988739013672e-01
7.448835372924804688e-01 4.323477447032928467e-01
7.253890633583068848e-01 4.449401497840881348e-01
6.731499433517456055e-01 4.685404598712921143e-01
4.988060295581817627e-01 5.227060914039611816e-01
6.814902424812316895e-01 4.344356656074523926e-01
6.708163619041442871e-01 4.960252642631530762e-01
5.186930894851684570e-01 5.659446120262145996e-01
6.952250003814697266e-01 3.907904326915740967e-01
5.162540078163146973e-01 3.759604394435882568e-01
5.188061594963073730e-01 5.546446442604064941e-01
6.720573306083679199e-01 4.174651205539703369e-01
5.872551202774047852e-01 4.008004069328308105e-01
6.926656365394592285e-01 4.652467668056488037e-01
5.979460477828979492e-01 5.554365515708923340e-01
5.978281497955322266e-01 6.253982186317443848e-01
4.990370571613311768e-01 6.064380407333374023e-01
3.949840664863586426e-01 4.376732409000396729e-01
6.820033788681030273e-01 3.851284682750701904e-01
5.177029967308044434e-01 3.054193258285522461e-01
5.258935689926147461e-01 4.971989393234252930e-01
6.210596561431884766e-01 3.460749983787536621e-01
5.250943899154663086e-01 3.147538900375366211e-01
6.522350311279296875e-01 4.263112545013427734e-01
5.964090824127197266e-01 6.714617013931274414e-01
5.911529064178466797e-01 4.458865523338317871e-01
5.846536755561828613e-01 6.095806956291198730e-01
5.553987622261047363e-01 4.900141954421997070e-01
5.258546471595764160e-01 5.358508825302124023e-01
6.320991516113281250e-01 4.344418346881866455e-01
4.826800525188446045e-01 4.264144003391265869e-01
5.661533474922180176e-01 6.180275082588195801e-01
5.121280550956726074e-01 5.754173398017883301e-01
6.057589054107666016e-01 3.757270276546478271e-01
6.845214366912841797e-01 4.801041185855865479e-01
5.985852479934692383e-01 4.306703507900238037e-01
5.773637890815734863e-01 3.509096503257751465e-01
5.669372677803039551e-01 3.477372825145721436e-01
5.507169961929321289e-01 3.795288205146789551e-01
4.289582371711730957e-01 6.486646533012390137e-01
6.752645373344421387e-01 3.687748610973358154e-01
5.896425247192382812e-01 5.648043751716613770e-01
6.145685911178588867e-01 4.283751845359802246e-01
5.079250931739807129e-01 5.041531920433044434e-01
5.761247277259826660e-01 4.913370907306671143e-01
5.962615609169006348e-01 5.667420029640197754e-01
5.308098196983337402e-01 5.495272278785705566e-01
6.453984379768371582e-01 4.787199795246124268e-01
5.427735447883605957e-01 4.303506910800933838e-01
7.786569595336914062e-01 3.565503954887390137e-01
6.303439736366271973e-01 4.987432062625885010e-01
7.610235810279846191e-01 4.079949557781219482e-01
4.439103901386260986e-01 7.256715297698974609e-01
4.713450074195861816e-01 4.146381914615631104e-01
5.610068440437316895e-01 3.158926963806152344e-01
5.263729095458984375e-01 4.189381897449493408e-01
5.768955349922180176e-01 5.792367458343505859e-01
4.913904666900634766e-01 5.167533159255981445e-01
4.779042005538940430e-01 5.863536000251770020e-01
4.342596828937530518e-01 5.750595331192016602e-01
7.345004677772521973e-01 4.157366752624511719e-01
7.088756561279296875e-01 5.581875443458557129e-01
4.718365073204040527e-01 4.720441997051239014e-01
4.687341749668121338e-01 5.541294813156127930e-01
7.259203195571899414e-01 5.230785608291625977e-01
4.465367197990417480e-01 2.459821254014968872e-01
5.168499350547790527e-01 4.757024049758911133e-01
6.332859396934509277e-01 4.410651326179504395e-01
4.047108888626098633e-01 5.421010255813598633e-01
6.105692386627197266e-01 6.074596047401428223e-01
5.811201930046081543e-01 3.477286398410797119e-01
5.268980264663696289e-01 3.813725411891937256e-01
5.084908008575439453e-01 2.874038517475128174e-01
6.856795549392700195e-01 3.855898678302764893e-01
7.325174808502197266e-01 3.833386301994323730e-01
6.462903022766113281e-01 3.863441646099090576e-01
6.019998192787170410e-01 4.517056643962860107e-01
6.675477623939514160e-01 5.864641070365905762e-01
4.654059410095214844e-01 2.755217850208282471e-01
7.606430649757385254e-01 3.421674966812133789e-01
4.378068745136260986e-01 5.182478427886962891e-01
6.758045554161071777e-01 4.786781072616577148e-01
4.182711839675903320e-01 3.747786283493041992e-01
5.924351811408996582e-01 3.676984310150146484e-01
6.366500854492187500e-01 5.137826204299926758e-01
4.770887196063995361e-01 3.485671579837799072e-01
6.565519571304321289e-01 5.543416142463684082e-01
5.998620390892028809e-01 3.860391974449157715e-01
5.257982015609741211e-01 5.140128731727600098e-01
4.337428510189056396e-01 2.307773828506469727e-01
6.869960427284240723e-01 4.018661975860595703e-01
5.711513757705688477e-01 3.465593159198760986e-01
5.931608080863952637e-01 3.686713278293609619e-01
5.875837802886962891e-01 3.760964572429656982e-01
5.792656540870666504e-01 5.508197546005249023e-01
6.960487365722656250e-01 4.250244200229644775e-01
5.079458355903625488e-01 3.069918155670166016e-01
3.768331408500671387e-01 2.593227326869964600e-01
6.675152778625488281e-01 3.879846036434173584e-01
5.777830481529235840e-01 3.032597005367279053e-01
7.886571288108825684e-01 3.624271452426910400e-01
7.543872594833374023e-01 4.045680463314056396e-01
5.252004265785217285e-01 2.914602458477020264e-01
6.697108745574951172e-01 5.058998465538024902e-01
5.109031200408935547e-01 5.476022362709045410e-01
4.939655959606170654e-01 3.199839293956756592e-01
5.490312576293945312e-01 5.446715354919433594e-01
4.541892111301422119e-01 5.789223909378051758e-01
6.176383495330810547e-01 3.697406947612762451e-01
5.721202492713928223e-01 3.223271667957305908e-01
5.378156900405883789e-01 4.958196580410003662e-01
6.155992746353149414e-01 3.867271244525909424e-01
4.789294600486755371e-01 5.988954305648803711e-01
4.922473132610321045e-01 3.504658639430999756e-01
6.167367696762084961e-01 4.426919221878051758e-01
6.978430747985839844e-01 3.548811972141265869e-01
5.699753761291503906e-01 4.294466376304626465e-01
6.740155816078186035e-01 4.097957611083984375e-01
4.639923572540283203e-01 3.106206953525543213e-01
4.781213104724884033e-01 4.928132593631744385e-01
6.266597509384155273e-01 4.966668486595153809e-01
5.244690775871276855e-01 3.554632067680358887e-01
4.842543005943298340e-01 3.986145555973052979e-01
6.142946481704711914e-01 3.962342143058776855e-01
5.943485498428344727e-01 3.637448251247406006e-01
6.179905533790588379e-01 3.837020397186279297e-01
6.524412631988525391e-01 4.771315157413482666e-01
4.645924270153045654e-01 6.361372470855712891e-01
5.118018984794616699e-01 6.151722073554992676e-01
5.216205120086669922e-01 6.202440857887268066e-01
5.167292356491088867e-01 5.486409068107604980e-01
4.236088395118713379e-01 4.915272593498229980e-01
5.413433313369750977e-01 3.925532102584838867e-01
6.355708241462707520e-01 4.737101793289184570e-01
6.397172808647155762e-01 4.548421204090118408e-01
6.281067728996276855e-01 3.280863463878631592e-01
5.287591814994812012e-01 4.277288615703582764e-01
5.048938393592834473e-01 5.296390056610107422e-01
6.410621404647827148e-01 4.912899434566497803e-01
5.313485860824584961e-01 2.628407776355743408e-01
6.221762895584106445e-01 4.513942003250122070e-01
3.940865099430084229e-01 2.212595045566558838e-01
5.798243284225463867e-01 4.205305576324462891e-01
5.345589518547058105e-01 3.063462972640991211e-01
4.445666074752807617e-01 6.225828528404235840e-01
6.548252701759338379e-01 4.842797815799713135e-01
5.693226456642150879e-01 4.559735357761383057e-01
5.582212209701538086e-01 3.044638931751251221e-01
4.860464930534362793e-01 3.283745050430297852e-01
7.550075054168701172e-01 4.157877862453460693e-01
6.237381100654602051e-01 4.761401712894439697e-01
4.205529689788818359e-01 3.873029947280883789e-01
5.462592244148254395e-01 3.259252607822418213e-01
5.384625196456909180e-01 3.306800723075866699e-01
5.632402300834655762e-01 5.053267478942871094e-01
6.402014493942260742e-01 4.797154068946838379e-01
5.593861341476440430e-01 3.624820411205291748e-01
4.788388013839721680e-01 5.050374269485473633e-01
4.525835812091827393e-01 3.481386303901672363e-01
6.923625469207763672e-01 3.455711901187896729e-01
4.203900992870330811e-01 5.382363200187683105e-01
4.748720228672027588e-01 4.687544405460357666e-01
4.780086576938629150e-01 4.159253537654876709e-01
6.914486885070800781e-01 4.428135454654693604e-01
6.860104203224182129e-01 4.094483852386474609e-01
5.281528830528259277e-01 4.441428482532501221e-01
7.504045963287353516e-01 3.964525461196899414e-01
5.366782546043395996e-01 6.158692240715026855e-01
7.167420983314514160e-01 4.914180338382720947e-01
4.665253460407257080e-01 5.391877293586730957e-01
5.349841117858886719e-01 4.601725339889526367e-01
5.948669314384460449e-01 4.719016253948211670e-01
4.808579385280609131e-01 3.083073198795318604e-01
6.032676696777343750e-01 4.458388686180114746e-01
5.364089608192443848e-01 3.362872004508972168e-01
6.290351748466491699e-01 4.118381440639495850e-01
5.465523004531860352e-01 4.307123422622680664e-01
6.798419952392578125e-01 5.474520921707153320e-01
6.355814337730407715e-01 3.869402110576629639e-01
5.267167091369628906e-01 5.328832864761352539e-01
5.653255581855773926e-01 3.836118876934051514e-01
6.717453598976135254e-01 4.083333015441894531e-01
6.924554705619812012e-01 3.163701891899108887e-01
6.474330425262451172e-01 4.543041586875915527e-01
5.535566210746765137e-01 4.301463365554809570e-01
4.849418997764587402e-01 2.847395837306976318e-01
5.149900913238525391e-01 5.920881032943725586e-01
6.596367359161376953e-01 5.447725653648376465e-01
4.460604786872863770e-01 6.826959848403930664e-01
4.880921840667724609e-01 5.090653896331787109e-01
7.360631227493286133e-01 3.715178966522216797e-01
5.628753304481506348e-01 3.729727566242218018e-01
6.205171942710876465e-01 4.586298465728759766e-01
6.365009546279907227e-01 5.696644186973571777e-01
6.015738248825073242e-01 4.252140820026397705e-01
5.002487301826477051e-01 3.589960336685180664e-01
6.408452987670898438e-01 5.262995958328247070e-01
6.563228964805603027e-01 3.433531522750854492e-01
4.968806505203247070e-01 5.190573930740356445e-01
6.169571280479431152e-01 3.933263421058654785e-01
6.137678623199462891e-01 4.122346639633178711e-01
7.225455045700073242e-01 4.426407814025878906e-01
3.756904900074005127e-01 4.890147149562835693e-01
4.298406541347503662e-01 3.998322784900665283e-01
5.349298715591430664e-01 3.190059661865234375e-01
6.742318272590637207e-01 4.563204944133758545e-01
5.199304223060607910e-01 3.421496450901031494e-01
4.252271354198455811e-01 3.451649546623229980e-01
4.420924484729766846e-01 6.302021741867065430e-01
7.224677801132202148e-01 5.070146322250366211e-01
5.880240797996520996e-01 5.543904900550842285e-01
7.390199303627014160e-01 4.046313464641571045e-01
6.339154243469238281e-01 4.937229454517364502e-01
5.469627976417541504e-01 5.744530558586120605e-01
5.830624699592590332e-01 4.595366418361663818e-01
5.944199562072753906e-01 3.407298326492309570e-01
6.618759632110595703e-01 3.121282160282135010e-01
4.227148592472076416e-01 2.155416756868362427e-01
6.576361060142517090e-01 4.440238475799560547e-01
6.358156800270080566e-01 3.738547265529632568e-01
6.144132018089294434e-01 4.441528022289276123e-01
5.587438344955444336e-01 5.388754606246948242e-01
7.112684249877929688e-01 4.213813841342926025e-01
7.248569726943969727e-01 4.492964744567871094e-01
4.310488998889923096e-01 3.650931417942047119e-01
7.155349850654602051e-01 4.667958915233612061e-01
7.166777849197387695e-01 3.912263512611389160e-01
6.974436640739440918e-01 3.119156956672668457e-01
4.180656373500823975e-01 5.570377707481384277e-01
7.132787108421325684e-01 3.821680843830108643e-01
5.214650034904479980e-01 3.006911575794219971e-01
5.253651142120361328e-01 4.643720388412475586e-01
6.842543482780456543e-01 3.891334831714630127e-01
6.270452141761779785e-01 4.821429252624511719e-01
7.247156500816345215e-01 4.322240948677062988e-01
5.850656628608703613e-01 5.416010618209838867e-01
6.699761152267456055e-01 4.327949285507202148e-01
5.730478167533874512e-01 3.627235293388366699e-01
6.761423349380493164e-01 3.419883251190185547e-01
4.843996465206146240e-01 2.203788459300994873e-01
4.113011956214904785e-01 5.106449127197265625e-01
6.227689385414123535e-01 3.533822298049926758e-01
4.804695248603820801e-01 5.717331767082214355e-01
5.761860013008117676e-01 4.805693328380584717e-01
5.048436522483825684e-01 5.072340965270996094e-01
7.370938658714294434e-01 4.406324028968811035e-01
7.338489890098571777e-01 4.183332622051239014e-01
7.815671563148498535e-01 3.589023053646087646e-01
4.323349595069885254e-01 5.297884345054626465e-01
6.131954789161682129e-01 4.235791563987731934e-01
5.336658358573913574e-01 4.862815737724304199e-01
6.827817559242248535e-01 4.726042449474334717e-01
6.004619002342224121e-01 5.120023488998413086e-01
5.700864195823669434e-01 3.775641620159149170e-01
4.756163954734802246e-01 2.707262039184570312e-01
4.338427782058715820e-01 5.146913528442382812e-01
5.417053699493408203e-01 5.615417361259460449e-01
5.950639843940734863e-01 4.938815534114837646e-01
5.591181516647338867e-01 2.943627536296844482e-01
4.572583436965942383e-01 2.360472828149795532e-01
6.697608828544616699e-01 4.504649043083190918e-01
6.955828666687011719e-01 4.436596333980560303e-01
6.364338994026184082e-01 4.838371872901916504e-01
5.665945410728454590e-01 4.361948072910308838e-01
4.821840226650238037e-01 4.195512533187866211e-01
5.273512601852416992e-01 3.070762753486633301e-01
5.529323816299438477e-01 4.329404830932617188e-01
4.166566729545593262e-01 3.313492536544799805e-01
4.062415063381195068e-01 5.872064828872680664e-01
5.309231281280517578e-01 3.775734305381774902e-01
6.563519835472106934e-01 4.318994283676147461e-01
5.499110221862792969e-01 4.382814764976501465e-01
6.081323623657226562e-01 3.582942485809326172e-01
5.464726090431213379e-01 3.471269309520721436e-01
7.838358283042907715e-01 3.372113406658172607e-01
4.189915060997009277e-01 4.955994784832000732e-01
5.345390439033508301e-01 4.742421507835388184e-01
5.816884040832519531e-01 3.476112782955169678e-01
5.096350312232971191e-01 4.908955097198486328e-01
3.839812278747558594e-01 5.442356467247009277e-01
5.088073611259460449e-01 6.314639449119567871e-01
7.062396407127380371e-01 4.083868265151977539e-01
4.557167589664459229e-01 3.052704930305480957e-01
6.528827548027038574e-01 3.707336485385894775e-01
6.850222349166870117e-01 4.975305795669555664e-01
5.873925685882568359e-01 4.930628240108489990e-01
6.033274531364440918e-01 4.485912919044494629e-01
7.507805824279785156e-01 3.639919459819793701e-01
3.594291806221008301e-01 4.932783544063568115e-01
4.823732078075408936e-01 3.217261135578155518e-01
6.204872727394104004e-01 4.925181865692138672e-01
6.518694162368774414e-01 5.141658186912536621e-01
4.915218949317932129e-01 2.549085915088653564e-01
7.134858369827270508e-01 4.487589895725250244e-01
6.753911375999450684e-01 4.534042775630950928e-01
5.753467679023742676e-01 3.903560340404510498e-01
5.491361618041992188e-01 4.758622348308563232e-01
5.955950617790222168e-01 5.101940631866455078e-01
6.139687299728393555e-01 4.870117008686065674e-01
4.147452712059020996e-01 3.463352024555206299e-01
4.474840760231018066e-01 2.306620627641677856e-01
5.529033541679382324e-01 3.463777303695678711e-01
4.521777033805847168e-01 2.527070343494415283e-01
4.398699104785919189e-01 3.811838030815124512e-01
6.648145318031311035e-01 3.337023556232452393e-01
6.714833378791809082e-01 3.453786671161651611e-01
4.614859819412231445e-01 3.573468327522277832e-01
6.678035259246826172e-01 4.459543228149414062e-01
6.039149165153503418e-01 5.772328972816467285e-01
6.451504826545715332e-01 3.614429235458374023e-01
7.575139999389648438e-01 3.843097984790802002e-01
7.148980498313903809e-01 2.988713681697845459e-01
4.630380570888519287e-01 5.420416593551635742e-01
4.662675857543945312e-01 4.223233759403228760e-01
3.810396492481231689e-01 6.246238946914672852e-01
3.987516462802886963e-01 1.850285232067108154e-01
4.618842899799346924e-01 4.137480556964874268e-01
6.988121271133422852e-01 3.572326302528381348e-01
5.175426602363586426e-01 4.235674738883972168e-01
6.064262986183166504e-01 3.805206716060638428e-01
5.152430534362792969e-01 3.382099568843841553e-01
7.129188776016235352e-01 3.899382650852203369e-01
6.008187532424926758e-01 5.438531637191772461e-01
3.929920792579650879e-01 4.562422037124633789e-01
6.328033208847045898e-01 2.877095639705657959e-01
5.948395133018493652e-01 4.427544176578521729e-01
4.991145730018615723e-01 5.488643646240234375e-01
5.659711956977844238e-01 4.497923254966735840e-01
7.347894310951232910e-01 4.138832986354827881e-01
5.887898206710815430e-01 3.428463339805603027e-01
6.931837797164916992e-01 3.786373436450958252e-01
6.189987659454345703e-01 3.075610101222991943e-01
7.462685704231262207e-01 3.982477188110351562e-01
7.086973190307617188e-01 3.560407459735870361e-01
6.167759895324707031e-01 4.954343736171722412e-01
6.978446841239929199e-01 4.683816432952880859e-01
4.609175920486450195e-01 5.894950628280639648e-01
5.338080525398254395e-01 4.230399429798126221e-01
5.821356773376464844e-01 2.939226329326629639e-01
5.150035619735717773e-01 4.852887690067291260e-01
