5.862498879432678223e-01 3.755565285682678223e-01
3.537731170654296875e-01 4.045431911945343018e-01
5.628563761711120605e-01 3.429173827171325684e-01
4.885499477386474609e-01 6.178291440010070801e-01
5.066690444946289062e-01 4.323755502700805664e-01
5.517584681510925293e-01 4.199764132499694824e-01
4.760111272335052490e-01 5.782373547554016113e-01
3.490760326385498047e-01 2.436240762472152710e-01
3.371884524822235107e-01 4.014740586280822754e-01
5.218619704246520996e-01 6.527979969978332520e-01
3.914835751056671143e-01 4.185684919357299805e-01
3.835439980030059814e-01 4.380063414573669434e-01
4.072645604610443115e-01 3.858571052551269531e-01
6.170273423194885254e-01 5.036675930023193359e-01
6.122170686721801758e-01 5.710584521293640137e-01
3.459821343421936035e-01 2.575916945934295654e-01
4.482318460941314697e-01 6.207650899887084961e-01
3.811683058738708496e-01 5.500054955482482910e-01
5.250082015991210938e-01 3.960106372833251953e-01
5.307374596595764160e-01 5.752829909324645996e-01
4.254069924354553223e-01 3.578093945980072021e-01
4.774551093578338623e-01 2.966622412204742432e-01
5.442243218421936035e-01 4.774143993854522705e-01
5.095526576042175293e-01 4.874238967895507812e-01
5.313372015953063965e-01 5.542259812355041504e-01
4.062328636646270752e-01 6.124516725540161133e-01
4.720527529716491699e-01 6.135498285293579102e-01
6.202857494354248047e-01 5.155440568923950195e-01
4.435113966464996338e-01 6.125326752662658691e-01
4.987944662570953369e-01 7.671211361885070801e-01
6.020597815513610840e-01 6.117029786109924316e-01
5.318900942802429199e-01 6.647205352783203125e-01
7.589739561080932617e-01 4.168740212917327881e-01
5.472403168678283691e-01 5.105774998664855957e-01
5.636051893234252930e-01 4.363464415073394775e-01
6.113492250442504883e-01 5.191788673400878906e-01
4.055754244327545166e-01 3.259155452251434326e-01
5.419626832008361816e-01 3.846749961376190186e-01
5.077466368675231934e-01 5.733173489570617676e-01
5.870612859725952148e-01 6.067851781845092773e-01
5.539190769195556641e-01 4.026188850402832031e-01
3.640452623367309570e-01 2.814167737960815430e-01
3.886156976222991943e-01 2.056061774492263794e-01
5.653735995292663574e-01 5.300254225730895996e-01
6.403063535690307617e-01 3.615381419658660889e-01
5.695573687553405762e-01 6.061727404594421387e-01
5.328639149665832520e-01 4.917480349540710449e-01
4.036682248115539551e-01 6.281878948211669922e-01
2.887975275516510010e-01 4.337197840213775635e-01
5.879586935043334961e-01 4.950266480445861816e-01
3.246116936206817627e-01 3.089500665664672852e-01
5.723618268966674805e-01 5.773339271545410156e-01
6.283987164497375488e-01 3.670046627521514893e-01
4.638028144836425781e-01 3.776408731937408447e-01
3.142258524894714355e-01 4.853769540786743164e-01
6.146149635314941406e-01 3.254850506782531738e-01
5.780932903289794922e-01 4.764037132263183594e-01
3.669261336326599121e-01 3.333880603313446045e-01
3.863759338855743408e-01 5.327215790748596191e-01
3.787499070167541504e-01 2.306231558322906494e-01
6.708323359489440918e-01 3.920555412769317627e-01
6.459222435951232910e-01 4.020706713199615479e-01
4.334664940834045410e-01 5.273261070251464844e-01
5.882920026779174805e-01 2.652232646942138672e-01
4.899462759494781494e-01 4.871184527873992920e-01
5.644168257713317871e-01 3.265664279460906982e-01
5.186823010444641113e-01 5.778255462646484375e-01
6.423467397689819336e-01 3.185514211654663086e-01
5.024179816246032715e-01 4.797765016555786133e-01
3.542014360427856445e-01 5.652897953987121582e-01
4.547578692436218262e-01 6.057363748550415039e-01
4.260604381561279297e-01 3.007662892341613770e-01
5.954180955886840820e-01 4.312072694301605225e-01
7.530599236488342285e-01 3.618333339691162109e-01
6.483949422836303711e-01 6.583818793296813965e-01
3.803163170814514160e-01 3.862620294094085693e-01
4.332581758499145508e-01 3.652615845203399658e-01
4.829580783843994141e-01 6.762467622756958008e-01
4.458007812500000000e-01 3.682272732257843018e-01
6.175088286399841309e-01 4.403406381607055664e-01
3.911669552326202393e-01 3.060511946678161621e-01
5.661032795906066895e-01 2.855094075202941895e-01
5.291244387626647949e-01 4.042005538940429688e-01
5.544118285179138184e-01 3.908581435680389404e-01
4.653629958629608154e-01 3.395379185676574707e-01
4.996578395366668701e-01 6.312444210052490234e-01
4.071117341518402100e-01 5.254172086715698242e-01
4.622759222984313965e-01 6.139123439788818359e-01
4.085233807563781738e-01 4.293685555458068848e-01
4.548110365867614746e-01 4.216884374618530273e-01
3.835019469261169434e-01 3.399267196655273438e-01
5.364738106727600098e-01 6.028973460197448730e-01
4.934202134609222412e-01 3.791149854660034180e-01
3.500194251537322998e-01 5.452974438667297363e-01
6.576389670372009277e-01 5.684067010879516602e-01
3.514623343944549561e-01 4.007846713066101074e-01
5.615379214286804199e-01 4.604541361331939697e-01
5.060760378837585449e-01 7.339172363281250000e-01
4.718497097492218018e-01 3.058678805828094482e-01
6.289961338043212891e-01 6.009124517440795898e-01
5.382088422775268555e-01 7.523979544639587402e-01
3.431036174297332764e-01 6.885739564895629883e-01
5.747533440589904785e-01 3.671068549156188965e-01
4.296598732471466064e-01 6.170889735221862793e-01
6.111288666725158691e-01 4.953121542930603027e-01
5.808886289596557617e-01 4.612656235694885254e-01
4.513449966907501221e-01 5.428416728973388672e-01
4.128815829753875732e-01 3.663737475872039795e-01
6.470026969909667969e-01 3.774716258049011230e-01
5.104714632034301758e-01 4.162475764751434326e-01
5.107275247573852539e-01 6.550176739692687988e-01
4.941717982292175293e-01 5.189447402954101562e-01
4.339683651924133301e-01 5.019327402114868164e-01
4.844135642051696777e-01 3.293883800506591797e-01
6.639978289604187012e-01 4.837331473827362061e-01
4.314605295658111572e-01 2.511900663375854492e-01
6.383779644966125488e-01 4.729736447334289551e-01
7.339686155319213867e-01 4.051659703254699707e-01
5.353820919990539551e-01 4.798120260238647461e-01
3.178109526634216309e-01 5.207744240760803223e-01
6.317668557167053223e-01 4.060222506523132324e-01
5.135698914527893066e-01 6.018217206001281738e-01
3.053392171859741211e-01 4.327349960803985596e-01
3.848215043544769287e-01 5.882607698440551758e-01
5.626088380813598633e-01 4.873568713665008545e-01
3.711216449737548828e-01 3.902271986007690430e-01
4.871472716331481934e-01 5.112697482109069824e-01
5.277801752090454102e-01 6.708379387855529785e-01
4.584316611289978027e-01 3.945134580135345459e-01
6.476212143898010254e-01 5.262634754180908203e-01
4.925130605697631836e-01 4.767899811267852783e-01
3.869789242744445801e-01 6.984778046607971191e-01
5.352995395660400391e-01 5.088502168655395508e-01
5.314409732818603516e-01 6.038693785667419434e-01
6.269585490226745605e-01 5.283359289169311523e-01
4.335764348506927490e-01 3.276838958263397217e-01
6.671286821365356445e-01 4.244092702865600586e-01
7.243264913558959961e-01 3.890689015388488770e-01
5.245748162269592285e-01 4.811071753501892090e-01
5.083850026130676270e-01 2.790414392948150635e-01
4.516277611255645752e-01 7.307428121566772461e-01
4.405026137828826904e-01 4.782977104187011719e-01
7.022269964218139648e-01 4.323107600212097168e-01
6.195454597473144531e-01 4.645987451076507568e-01
3.316684365272521973e-01 3.558859825134277344e-01
6.358183622360229492e-01 3.255635499954223633e-01
6.375118494033813477e-01 3.275921940803527832e-01
3.227629959583282471e-01 6.026423573493957520e-01
4.844719171524047852e-01 6.050310134887695312e-01
3.416784107685089111e-01 4.097785651683807373e-01
6.490613222122192383e-01 4.122602939605712891e-01
5.229348540306091309e-01 5.525209903717041016e-01
4.137063324451446533e-01 3.271438479423522949e-01
6.845151185989379883e-01 3.966504335403442383e-01
6.060964465141296387e-01 4.177437424659729004e-01
4.951868653297424316e-01 7.445384263992309570e-01
5.287212729454040527e-01 4.724960625171661377e-01
4.449559152126312256e-01 2.821640968322753906e-01
4.006325304508209229e-01 5.475547909736633301e-01
5.068694949150085449e-01 7.698982357978820801e-01
3.723839819431304932e-01 6.139322519302368164e-01
5.415861010551452637e-01 3.733713924884796143e-01
4.202876985073089600e-01 3.005340993404388428e-01
7.037349939346313477e-01 3.856642842292785645e-01
5.321708321571350098e-01 3.655920326709747314e-01
5.997847914695739746e-01 3.111639916896820068e-01
4.973778426647186279e-01 4.912386834621429443e-01
4.333638548851013184e-01 6.643413305282592773e-01
3.368145227432250977e-01 4.624525904655456543e-01
3.773917257785797119e-01 2.538574635982513428e-01
4.320769608020782471e-01 4.721772670745849609e-01
5.161230564117431641e-01 5.648754835128784180e-01
6.296291351318359375e-01 5.371529459953308105e-01
4.870042800903320312e-01 3.499706685543060303e-01
5.886486768722534180e-01 5.517510771751403809e-01
5.765135884284973145e-01 5.283651947975158691e-01
2.965647578239440918e-01 2.535104751586914062e-01
3.710986077785491943e-01 6.817424893379211426e-01
6.496000885963439941e-01 3.054685294628143311e-01
3.581973016262054443e-01 5.159009695053100586e-01
3.744858503341674805e-01 6.716622710227966309e-01
3.871454596519470215e-01 6.633949279785156250e-01
5.010467767715454102e-01 5.690425038337707520e-01
4.694653451442718506e-01 6.457860469818115234e-01
4.147528409957885742e-01 5.628069639205932617e-01
4.774741828441619873e-01 6.080010533332824707e-01
3.982115089893341064e-01 4.521366655826568604e-01
6.133826971054077148e-01 4.005558490753173828e-01
5.406369566917419434e-01 5.601101517677307129e-01
5.240966677665710449e-01 5.427050590515136719e-01
4.682965278625488281e-01 4.950051903724670410e-01
3.233900368213653564e-01 2.583021819591522217e-01
3.188037574291229248e-01 5.872545242309570312e-01
3.875971436500549316e-01 4.695316553115844727e-01
6.860460638999938965e-01 4.048025310039520264e-01
6.361711025238037109e-01 4.412516057491302490e-01
7.166140079498291016e-01 3.778252899646759033e-01
5.189865231513977051e-01 3.553451001644134521e-01
4.883721768856048584e-01 5.682899951934814453e-01
3.320511877536773682e-01 6.917957067489624023e-01
5.758344531059265137e-01 7.042115330696105957e-01
5.545301437377929688e-01 4.548626542091369629e-01
7.224861383438110352e-01 5.458263158798217773e-01
6.168917417526245117e-01 3.115996122360229492e-01
3.535235226154327393e-01 2.132323980331420898e-01
4.056967198848724365e-01 4.932449162006378174e-01
4.176749885082244873e-01 6.838046908378601074e-01
6.343389749526977539e-01 5.788347721099853516e-01
5.538458228111267090e-01 5.788770914077758789e-01
5.301728844642639160e-01 4.325453341007232666e-01
5.007501244544982910e-01 5.412108302116394043e-01
6.279324293136596680e-01 5.790451765060424805e-01
4.489373862743377686e-01 5.811975598335266113e-01
3.665003478527069092e-01 2.665845751762390137e-01
6.244988441467285156e-01 4.757647812366485596e-01
5.051431655883789062e-01 5.680516362190246582e-01
6.714155077934265137e-01 3.990390002727508545e-01
5.461218953132629395e-01 5.827166438102722168e-01
3.587156534194946289e-01 3.031186163425445557e-01
3.844544291496276855e-01 7.117459774017333984e-01
5.253403782844543457e-01 6.869593262672424316e-01
5.558120608329772949e-01 5.240361690521240234e-01
5.769888162612915039e-01 4.474686682224273682e-01
5.624642968177795410e-01 4.829609096050262451e-01
4.812136292457580566e-01 6.137753725051879883e-01
4.316834509372711182e-01 4.241780936717987061e-01
5.325380563735961914e-01 4.948475658893585205e-01
4.072561562061309814e-01 6.822121739387512207e-01
4.894642233848571777e-01 6.777640581130981445e-01
5.719533562660217285e-01 5.428926348686218262e-01
5.067847967147827148e-01 3.463707566261291504e-01
4.705142974853515625e-01 4.047861993312835693e-01
3.882568478584289551e-01 6.145887970924377441e-01
4.760019481182098389e-01 4.078348278999328613e-01
5.450267791748046875e-01 5.458034276962280273e-01
4.399162232875823975e-01 3.225361704826354980e-01
4.329115152359008789e-01 4.601274430751800537e-01
5.984122157096862793e-01 5.071657896041870117e-01
2.947222292423248291e-01 2.550923228263854980e-01
5.777996182441711426e-01 5.599314570426940918e-01
3.805689513683319092e-01 2.362204194068908691e-01
4.971589148044586182e-01 3.799658715724945068e-01
4.874550104141235352e-01 6.361879706382751465e-01
4.969183802604675293e-01 4.559835791587829590e-01
3.022440671920776367e-01 6.729251742362976074e-01
5.087680816650390625e-01 5.906623601913452148e-01
2.897597253322601318e-01 6.250350475311279297e-01
5.620817542076110840e-01 4.483250379562377930e-01
7.331187129020690918e-01 4.707246124744415283e-01
4.540827274322509766e-01 5.103396177291870117e-01
7.131561636924743652e-01 4.362521171569824219e-01
5.202111005783081055e-01 4.416718482971191406e-01
3.043082058429718018e-01 4.559850692749023438e-01
5.508745908737182617e-01 6.327651739120483398e-01
5.350745916366577148e-01 5.649337172508239746e-01
5.100858807563781738e-01 5.066024065017700195e-01
4.039396047592163086e-01 3.655620515346527100e-01
5.788083076477050781e-01 6.664696931838989258e-01
5.607603192329406738e-01 3.960661292076110840e-01
4.043250381946563721e-01 6.393454670906066895e-01
4.478631913661956787e-01 5.701389312744140625e-01
4.589248895645141602e-01 6.841502785682678223e-01
4.862499833106994629e-01 3.473884165287017822e-01
4.422574937343597412e-01 6.038401722908020020e-01
3.723718822002410889e-01 4.591010808944702148e-01
3.229616880416870117e-01 6.614143848419189453e-01
5.322527885437011719e-01 5.310149192810058594e-01
4.466809034347534180e-01 3.929756581783294678e-01
4.210809469223022461e-01 6.408942937850952148e-01
4.896533191204071045e-01 7.807324528694152832e-01
4.825798273086547852e-01 5.104782581329345703e-01
5.572466850280761719e-01 4.588264524936676025e-01
5.998212695121765137e-01 4.394871890544891357e-01
4.490253627300262451e-01 7.578685283660888672e-01
5.219824314117431641e-01 3.953306078910827637e-01
3.898821473121643066e-01 5.549635887145996094e-01
5.859616994857788086e-01 6.880177259445190430e-01
4.813261032104492188e-01 6.843886971473693848e-01
5.936802029609680176e-01 5.426988601684570312e-01
6.622285842895507812e-01 4.952552914619445801e-01
4.717074632644653320e-01 3.681007921695709229e-01
3.755196332931518555e-01 6.209467053413391113e-01
6.806967258453369141e-01 4.050448536872863770e-01
4.247068166732788086e-01 3.574672043323516846e-01
4.304029345512390137e-01 4.547756314277648926e-01
6.904240846633911133e-01 3.506996929645538330e-01
5.900080800056457520e-01 4.799951314926147461e-01
5.415254235267639160e-01 5.030308365821838379e-01
6.075686812400817871e-01 4.543986022472381592e-01
5.069324970245361328e-01 3.913791775703430176e-01
5.214661955833435059e-01 6.489744186401367188e-01
3.489424288272857666e-01 3.995953798294067383e-01
5.805147290229797363e-01 4.541436731815338135e-01
3.733734786510467529e-01 3.262577652931213379e-01
6.504278779029846191e-01 4.949455559253692627e-01
4.490421712398529053e-01 5.767645239830017090e-01
6.186850666999816895e-01 4.145194888114929199e-01
6.019479036331176758e-01 3.926351964473724365e-01
5.987381935119628906e-01 3.938356339931488037e-01
5.132136940956115723e-01 5.214565992355346680e-01
5.061093568801879883e-01 4.876880943775177002e-01
3.905801475048065186e-01 7.773267626762390137e-01
6.895066499710083008e-01 4.175341725349426270e-01
4.269745051860809326e-01 3.565005660057067871e-01
4.161183238029479980e-01 4.056785106658935547e-01
3.101661205291748047e-01 5.261042118072509766e-01
4.784191548824310303e-01 6.684546470642089844e-01
6.779436469078063965e-01 5.046523809432983398e-01
5.462535023689270020e-01 4.986950159072875977e-01
4.872673451900482178e-01 3.756986856460571289e-01
6.253422498703002930e-01 3.801983892917633057e-01
4.667694866657257080e-01 3.583040237426757812e-01
3.651951253414154053e-01 3.667010068893432617e-01
6.590644121170043945e-01 4.511296749114990234e-01
4.497289657592773438e-01 4.846018552780151367e-01
5.269020795822143555e-01 4.187766015529632568e-01
4.855222702026367188e-01 8.076083064079284668e-01
5.005498528480529785e-01 5.490112900733947754e-01
4.082283675670623779e-01 6.010789871215820312e-01
5.655480027198791504e-01 4.205166995525360107e-01
4.943963885307312012e-01 4.340762495994567871e-01
4.688242375850677490e-01 6.837042570114135742e-01
5.338800549507141113e-01 5.156958103179931641e-01
3.385216593742370605e-01 2.507127523422241211e-01
3.834799528121948242e-01 3.469670712947845459e-01
4.348638653755187988e-01 4.705807864665985107e-01
4.279812872409820557e-01 4.087820947170257568e-01
7.279312610626220703e-01 4.005881249904632568e-01
4.924694895744323730e-01 5.339520573616027832e-01
4.734166562557220459e-01 5.229623317718505859e-01
4.200694859027862549e-01 4.538963139057159424e-01
5.266196131706237793e-01 6.571087837219238281e-01
5.709581971168518066e-01 4.718789458274841309e-01
4.431660175323486328e-01 6.122279763221740723e-01
4.605700671672821045e-01 3.107046186923980713e-01
5.037093162536621094e-01 6.032758951187133789e-01
6.278533935546875000e-01 6.222755312919616699e-01
4.453344345092773438e-01 7.118551135063171387e-01
6.978843808174133301e-01 4.383413791656494141e-01
4.707019031047821045e-01 6.315273046493530273e-01
2.902277410030364990e-01 3.623389899730682373e-01
3.984144628047943115e-01 7.498485445976257324e-01
5.695837140083312988e-01 4.730319976806640625e-01
5.012457370758056641e-01 5.919064879417419434e-01
3.794778287410736084e-01 6.764997243881225586e-01
5.446327328681945801e-01 5.865771770477294922e-01
4.570937454700469971e-01 4.297846257686614990e-01
5.351487398147583008e-01 7.529662251472473145e-01
3.650696873664855957e-01 6.473168134689331055e-01
4.252531230449676514e-01 3.140965998172760010e-01
3.482306301593780518e-01 4.535922408103942871e-01
4.749401509761810303e-01 6.085372567176818848e-01
3.671409189701080322e-01 5.734331607818603516e-01
4.576352834701538086e-01 5.751306414604187012e-01
6.104241013526916504e-01 3.355890512466430664e-01
3.518343567848205566e-01 3.682003021240234375e-01
5.219237804412841797e-01 3.996138870716094971e-01
6.526966094970703125e-01 5.071028470993041992e-01
6.762100458145141602e-01 3.697778582572937012e-01
4.679948985576629639e-01 4.980228543281555176e-01
3.088480532169342041e-01 7.778938412666320801e-01
5.530933141708374023e-01 5.055537819862365723e-01
5.480574369430541992e-01 5.050705671310424805e-01
3.456853926181793213e-01 5.058096051216125488e-01
6.140213012695312500e-01 4.530853927135467529e-01
3.669663369655609131e-01 3.192062377929687500e-01
5.775504708290100098e-01 5.059275031089782715e-01
3.708413839340209961e-01 5.038348436355590820e-01
3.889851570129394531e-01 6.903482675552368164e-01
3.839951157569885254e-01 5.872768163681030273e-01
6.931229829788208008e-01 3.539094626903533936e-01
3.564993441104888916e-01 6.126967072486877441e-01
4.552325606346130371e-01 6.880245208740234375e-01
4.930458664894104004e-01 4.026905000209808350e-01
5.402123928070068359e-01 5.107316970825195312e-01
4.616174697875976562e-01 5.730585455894470215e-01
3.662106394767761230e-01 2.435235828161239624e-01
4.394436478614807129e-01 5.188473463058471680e-01
5.268639922142028809e-01 5.031246542930603027e-01
5.756345987319946289e-01 5.116658806800842285e-01
6.175029277801513672e-01 4.579347670078277588e-01
4.168255329132080078e-01 6.554781198501586914e-01
6.331958770751953125e-01 4.335231184959411621e-01
4.266331195831298828e-01 3.592316210269927979e-01
5.406023859977722168e-01 4.878158569335937500e-01
6.351145505905151367e-01 5.422800183296203613e-01
4.066343903541564941e-01 3.260688781738281250e-01
5.159719586372375488e-01 4.167433679103851318e-01
5.688277482986450195e-01 4.899836778640747070e-01
4.754944443702697754e-01 4.096582829952239990e-01
4.004092812538146973e-01 3.558461666107177734e-01
6.778246164321899414e-01 5.186781883239746094e-01
6.250911951065063477e-01 4.699357151985168457e-01
4.420229196548461914e-01 5.398604869842529297e-01
3.881151378154754639e-01 3.796722888946533203e-01
3.732858598232269287e-01 3.365217447280883789e-01
3.071850538253784180e-01 5.848165750503540039e-01
6.622521877288818359e-01 5.016896128654479980e-01
4.759730398654937744e-01 6.440059542655944824e-01
3.762531876564025879e-01 5.532099604606628418e-01
6.377249360084533691e-01 4.791038930416107178e-01
4.570366442203521729e-01 6.307967901229858398e-01
6.437847614288330078e-01 4.455871284008026123e-01
6.997537612915039062e-01 3.623361289501190186e-01
4.830566942691802979e-01 4.988569617271423340e-01
4.754791557788848877e-01 4.267575144767761230e-01
5.003046393394470215e-01 6.953890919685363770e-01
4.136183857917785645e-01 6.977192759513854980e-01
4.246138930320739746e-01 4.720748662948608398e-01
5.352141261100769043e-01 6.333183050155639648e-01
4.380279183387756348e-01 4.009211361408233643e-01
4.871411323547363281e-01 4.148951172828674316e-01
6.035870909690856934e-01 5.188172459602355957e-01
5.580691695213317871e-01 6.038759946823120117e-01
4.826197624206542969e-01 5.556648969650268555e-01
5.238192677497863770e-01 4.666615426540374756e-01
4.755199849605560303e-01 3.938934206962585449e-01
3.213523924350738525e-01 6.438551545143127441e-01
3.871490061283111572e-01 5.613896846771240234e-01
5.056304931640625000e-01 5.600048899650573730e-01
3.287518620491027832e-01 3.047095537185668945e-01
6.279639005661010742e-01 5.019812583923339844e-01
5.865048766136169434e-01 5.783911943435668945e-01
4.954826831817626953e-01 3.993172943592071533e-01
3.700511753559112549e-01 6.530495882034301758e-01
4.927031397819519043e-01 4.165866672992706299e-01
5.547215938568115234e-01 5.766246318817138672e-01
5.115650296211242676e-01 5.408407449722290039e-01
4.297512173652648926e-01 3.970158994197845459e-01
4.361538887023925781e-01 4.450664222240447998e-01
4.384985566139221191e-01 5.861759781837463379e-01
5.189585089683532715e-01 3.279837071895599365e-01
4.644628167152404785e-01 7.404242157936096191e-01
4.165036678314208984e-01 7.419502735137939453e-01
3.189394474029541016e-01 3.983678817749023438e-01
4.996213316917419434e-01 6.676073074340820312e-01
5.281198024749755859e-01 4.572170078754425049e-01
2.870517671108245850e-01 7.340413331985473633e-01
6.568290591239929199e-01 4.865341782569885254e-01
4.174236655235290527e-01 4.561956822872161865e-01
6.056264042854309082e-01 5.375124216079711914e-01
5.279936194419860840e-01 4.630649089813232422e-01
5.212689638137817383e-01 5.180667042732238770e-01
4.070981144905090332e-01 4.245223104953765869e-01
4.696905016899108887e-01 5.242788195610046387e-01
6.652492284774780273e-01 3.400732576847076416e-01
3.594143688678741455e-01 4.003333151340484619e-01
3.292248845100402832e-01 4.563347101211547852e-01
5.500910878181457520e-01 5.556882619857788086e-01
3.883177638053894043e-01 5.457398295402526855e-01
3.809105455875396729e-01 3.893330991268157959e-01
4.736883044242858887e-01 4.247958064079284668e-01
5.033371448516845703e-01 4.253868162631988525e-01
4.917452931404113770e-01 3.200468420982360840e-01
4.706406295299530029e-01 3.929215371608734131e-01
3.741389513015747070e-01 4.152495265007019043e-01
4.226923286914825439e-01 7.129712700843811035e-01
3.758903443813323975e-01 5.645117163658142090e-01
4.689790308475494385e-01 6.326860785484313965e-01
6.495548486709594727e-01 5.123779177665710449e-01
3.316531777381896973e-01 2.794573903083801270e-01
4.107150435447692871e-01 5.959072113037109375e-01
5.111123919486999512e-01 3.620469272136688232e-01
6.728069186210632324e-01 5.661075711250305176e-01
6.330680251121520996e-01 5.096729993820190430e-01
4.823620915412902832e-01 5.143039226531982422e-01
4.099253714084625244e-01 3.282842934131622314e-01
4.302478134632110596e-01 4.685997664928436279e-01
4.953404366970062256e-01 4.767167270183563232e-01
4.131716191768646240e-01 5.963132381439208984e-01
3.008905947208404541e-01 7.423970103263854980e-01
4.334793686866760254e-01 3.824104368686676025e-01
3.485303819179534912e-01 4.264556169509887695e-01
4.168321490287780762e-01 6.619691252708435059e-01
3.780959844589233398e-01 5.010795593261718750e-01
3.548094034194946289e-01 6.744047999382019043e-01
6.763588190078735352e-01 6.616541743278503418e-01
3.517539799213409424e-01 6.510211825370788574e-01
4.982984066009521484e-01 6.468794345855712891e-01
6.173061728477478027e-01 5.357025861740112305e-01
5.451756119728088379e-01 6.436999440193176270e-01
4.625506401062011719e-01 4.083820879459381104e-01
3.780300319194793701e-01 3.570793867111206055e-01
4.506961703300476074e-01 7.164350748062133789e-01
4.555157124996185303e-01 3.097540736198425293e-01
3.749085068702697754e-01 6.685301065444946289e-01
3.807754814624786377e-01 2.756049931049346924e-01
3.195486962795257568e-01 2.446396648883819580e-01
4.765366911888122559e-01 4.123832881450653076e-01
4.668966829776763916e-01 5.945647358894348145e-01
4.697059094905853271e-01 5.949506759643554688e-01
3.537399470806121826e-01 7.112446427345275879e-01
3.590939044952392578e-01 6.847134828567504883e-01
5.135135054588317871e-01 5.882635116577148438e-01
5.221554040908813477e-01 4.641219973564147949e-01
4.745122492313385010e-01 4.557826817035675049e-01
5.701676011085510254e-01 5.862650275230407715e-01
4.910752773284912109e-01 4.469379186630249023e-01
5.313849449157714844e-01 6.521369814872741699e-01
4.315234124660491943e-01 5.400949716567993164e-01
4.008061885833740234e-01 7.198998928070068359e-01
4.133577942848205566e-01 6.896421313285827637e-01
4.255037605762481689e-01 7.439053058624267578e-01
4.236867129802703857e-01 5.098918080329895020e-01
4.207421839237213135e-01 3.667793571949005127e-01
5.186331868171691895e-01 5.321210622787475586e-01
4.369468092918395996e-01 3.331423997879028320e-01
6.611757874488830566e-01 5.457596778869628906e-01
4.376722276210784912e-01 3.536455035209655762e-01
6.970912814140319824e-01 4.193143248558044434e-01
4.414553046226501465e-01 6.740580797195434570e-01
3.988372683525085449e-01 4.957213997840881348e-01
5.084942579269409180e-01 6.998143196105957031e-01
4.392357170581817627e-01 7.008759975433349609e-01
6.880367398262023926e-01 4.727571308612823486e-01
6.810139417648315430e-01 4.849175512790679932e-01
5.715647339820861816e-01 4.705220460891723633e-01
3.203165233135223389e-01 3.531199097633361816e-01
4.682873785495758057e-01 5.766519904136657715e-01
6.505844593048095703e-01 4.757550060749053955e-01
3.091152310371398926e-01 5.298316478729248047e-01
5.873366594314575195e-01 4.733133316040039062e-01
4.393123984336853027e-01 4.951124191284179688e-01
5.688377022743225098e-01 4.834103882312774658e-01
5.823053717613220215e-01 5.826861858367919922e-01
5.231962800025939941e-01 5.069102048873901367e-01
3.938140869140625000e-01 5.287009477615356445e-01
4.842606484889984131e-01 6.789759993553161621e-01
4.778993129730224609e-01 4.469357430934906006e-01
5.702345967292785645e-01 6.584606170654296875e-01
5.416287183761596680e-01 6.302197575569152832e-01
2.877734303474426270e-01 2.390117943286895752e-01
3.476333916187286377e-01 4.049029052257537842e-01
4.493951797485351562e-01 8.403774499893188477e-01
3.460246622562408447e-01 5.941115021705627441e-01
4.258890151977539062e-01 4.714162647724151611e-01
3.710457086563110352e-01 5.342561006546020508e-01
4.859611690044403076e-01 6.299508213996887207e-01
4.960293173789978027e-01 6.035754084587097168e-01
3.648855686187744141e-01 4.783168435096740723e-01
3.813637793064117432e-01 5.660655498504638672e-01
5.897027254104614258e-01 3.980529904365539551e-01
4.753124713897705078e-01 3.437288999557495117e-01
5.572034120559692383e-01 5.257227420806884766e-01
4.648159742355346680e-01 4.287027418613433838e-01
5.740117430686950684e-01 4.643235802650451660e-01
3.772373497486114502e-01 3.813207447528839111e-01
4.241999983787536621e-01 4.701801538467407227e-01
3.691397309303283691e-01 7.321785688400268555e-01
4.798439145088195801e-01 8.204857110977172852e-01
6.103132367134094238e-01 4.972733259201049805e-01
5.302250385284423828e-01 5.696835517883300781e-01
4.169577956199645996e-01 5.677458643913269043e-01
6.918435096740722656e-01 5.582439899444580078e-01
5.919600725173950195e-01 7.214242815971374512e-01
4.239595532417297363e-01 4.330263435840606689e-01
4.695332348346710205e-01 6.737889051437377930e-01
4.513920843601226807e-01 2.820535600185394287e-01
4.092034101486206055e-01 3.580967485904693604e-01
3.860916197299957275e-01 5.336857438087463379e-01
3.372160494327545166e-01 5.827753543853759766e-01
4.804325103759765625e-01 6.881788969039916992e-01
5.422883629798889160e-01 6.165568232536315918e-01
4.594470262527465820e-01 6.060408353805541992e-01
5.954993367195129395e-01 4.890624880790710449e-01
3.882923722267150879e-01 4.600099027156829834e-01
6.044597625732421875e-01 5.337943434715270996e-01
5.516023039817810059e-01 6.817091107368469238e-01
3.611249029636383057e-01 4.780572950839996338e-01
6.448215842247009277e-01 5.132725834846496582e-01
3.442996740341186523e-01 2.780778110027313232e-01
4.924343824386596680e-01 4.033307135105133057e-01
5.702643990516662598e-01 3.355373740196228027e-01
4.388999342918395996e-01 7.019889950752258301e-01
4.595619142055511475e-01 5.213387608528137207e-01
3.306259214878082275e-01 3.261182308197021484e-01
4.598871171474456787e-01 4.231908321380615234e-01
3.383864760398864746e-01 4.585135281085968018e-01
7.107280492782592773e-01 3.988317847251892090e-01
3.555036485195159912e-01 3.341843783855438232e-01
6.713631749153137207e-01 4.659871160984039307e-01
4.146384000778198242e-01 5.509356260299682617e-01
4.856518507003784180e-01 6.362307667732238770e-01
6.370900869369506836e-01 5.262175798416137695e-01
4.246625304222106934e-01 5.142099261283874512e-01
4.101245105266571045e-01 6.958086490631103516e-01
3.294159173965454102e-01 3.848351240158081055e-01
5.866026878356933594e-01 6.129520535469055176e-01
3.042837381362915039e-01 6.862912178039550781e-01
5.020479559898376465e-01 5.844827294349670410e-01
5.289903283119201660e-01 6.317887902259826660e-01
6.007318496704101562e-01 6.430022120475769043e-01
3.122084140777587891e-01 4.014612436294555664e-01
3.543044626712799072e-01 2.851225435733795166e-01
6.801181435585021973e-01 4.083886742591857910e-01
5.886709690093994141e-01 4.871730208396911621e-01
3.836569190025329590e-01 7.217230200767517090e-01
3.834171593189239502e-01 6.744932532310485840e-01
6.130478978157043457e-01 5.234870910644531250e-01
4.543111026287078857e-01 4.229115843772888184e-01
6.524638533592224121e-01 3.515240550041198730e-01
5.273488759994506836e-01 7.424114942550659180e-01
4.490992426872253418e-01 4.504211246967315674e-01
3.342176973819732666e-01 6.296612620353698730e-01
4.065920114517211914e-01 7.210271954536437988e-01
6.305178403854370117e-01 5.119387507438659668e-01
5.038411617279052734e-01 6.028389930725097656e-01
5.674434900283813477e-01 6.558610796928405762e-01
5.002660751342773438e-01 5.800625085830688477e-01
4.128410816192626953e-01 4.729771316051483154e-01
4.147565960884094238e-01 4.109139740467071533e-01
5.600218176841735840e-01 6.056141257286071777e-01
6.827090978622436523e-01 3.916888236999511719e-01
7.020986676216125488e-01 3.840193450450897217e-01
3.317009806632995605e-01 6.967441439628601074e-01
4.656803607940673828e-01 6.523082256317138672e-01
3.661276996135711670e-01 6.826202869415283203e-01
5.354121327400207520e-01 5.485700368881225586e-01
5.785486698150634766e-01 5.669617652893066406e-01
4.611872136592864990e-01 4.392537176609039307e-01
4.929500520229339600e-01 4.536944329738616943e-01
5.116806626319885254e-01 6.062574386596679688e-01
5.317331552505493164e-01 6.027947664260864258e-01
6.239793300628662109e-01 5.105728507041931152e-01
3.808532953262329102e-01 7.803078889846801758e-01
4.999813735485076904e-01 6.678891777992248535e-01
5.163553953170776367e-01 6.443259716033935547e-01
6.433653831481933594e-01 5.288762450218200684e-01
3.807471096515655518e-01 4.188563227653503418e-01
3.407935202121734619e-01 4.058559834957122803e-01
4.954331815242767334e-01 4.687804877758026123e-01
4.231067597866058350e-01 5.155817866325378418e-01
2.829119563102722168e-01 7.605112791061401367e-01
5.584474802017211914e-01 5.456724762916564941e-01
4.985631406307220459e-01 4.504360258579254150e-01
3.284318447113037109e-01 3.251529932022094727e-01
4.300345182418823242e-01 6.842243671417236328e-01
5.349258184432983398e-01 7.618042230606079102e-01
5.609177350997924805e-01 5.791033506393432617e-01
4.451249539852142334e-01 8.632509112358093262e-01
5.384122729301452637e-01 5.782750248908996582e-01
5.069339275360107422e-01 4.734336733818054199e-01
4.376844167709350586e-01 5.042930245399475098e-01
5.990190505981445312e-01 5.273116827011108398e-01
6.839203238487243652e-01 3.809342384338378906e-01
4.528701603412628174e-01 7.059035897254943848e-01
6.585713624954223633e-01 6.040861010551452637e-01
5.016630291938781738e-01 8.062128424644470215e-01
4.984513819217681885e-01 3.830941915512084961e-01
4.488925933837890625e-01 5.881487727165222168e-01
4.284651875495910645e-01 6.905138492584228516e-01
4.785884618759155273e-01 5.329395532608032227e-01
5.812739133834838867e-01 5.585343837738037109e-01
4.400172531604766846e-01 3.645654320716857910e-01
3.536135554313659668e-01 5.985934138298034668e-01
4.971331059932708740e-01 5.717769861221313477e-01
6.232601404190063477e-01 3.703740835189819336e-01
4.909414350986480713e-01 6.093950867652893066e-01
4.538793861865997314e-01 5.762177705764770508e-01
5.532932281494140625e-01 5.802451372146606445e-01
5.173478126525878906e-01 3.734352886676788330e-01
5.253658294677734375e-01 6.621339321136474609e-01
4.007839262485504150e-01 4.267798066139221191e-01
6.492130756378173828e-01 3.892244994640350342e-01
6.005524396896362305e-01 3.893591761589050293e-01
4.719584882259368896e-01 6.338360905647277832e-01
6.290216445922851562e-01 5.709114074707031250e-01
6.409202218055725098e-01 5.565096139907836914e-01
5.844923853874206543e-01 5.913819670677185059e-01
4.958401024341583252e-01 6.786771416664123535e-01
3.365562558174133301e-01 4.792936742305755615e-01
4.354026019573211670e-01 6.218423843383789062e-01
5.174885392189025879e-01 5.204282402992248535e-01
4.584138393402099609e-01 5.207749009132385254e-01
5.789635181427001953e-01 6.933004260063171387e-01
2.773656845092773438e-01 6.845688819885253906e-01
6.672053933143615723e-01 5.136175751686096191e-01
3.766442537307739258e-01 5.240746140480041504e-01
6.132041811943054199e-01 6.360721588134765625e-01
4.017499089241027832e-01 6.169251203536987305e-01
3.659415543079376221e-01 6.237279772758483887e-01
3.927708566188812256e-01 5.497381091117858887e-01
3.052235543727874756e-01 4.053305685520172119e-01
3.607816100120544434e-01 6.059688329696655273e-01
4.891818761825561523e-01 6.049801111221313477e-01
3.928000032901763916e-01 5.589690208435058594e-01
6.650319695472717285e-01 5.082465410232543945e-01
4.700434803962707520e-01 3.457309901714324951e-01
4.370867311954498291e-01 7.013914585113525391e-01
5.985698699951171875e-01 4.009930491447448730e-01
5.265836715698242188e-01 7.424356937408447266e-01
6.217862963676452637e-01 4.933869242668151855e-01
7.165836691856384277e-01 4.522377550601959229e-01
5.123762488365173340e-01 6.829418540000915527e-01
5.218125581741333008e-01 6.703656911849975586e-01
5.839353203773498535e-01 5.151718854904174805e-01
3.461615443229675293e-01 5.926390886306762695e-01
4.944844841957092285e-01 5.537623763084411621e-01
3.955993652343750000e-01 4.842400848865509033e-01
4.621005058288574219e-01 5.364312529563903809e-01
5.686157941818237305e-01 3.715866208076477051e-01
6.591095328330993652e-01 6.654367446899414062e-01
6.174463629722595215e-01 4.355514049530029297e-01
5.904248356819152832e-01 4.223723113536834717e-01
4.940040111541748047e-01 7.139664888381958008e-01
4.376687407493591309e-01 3.447650969028472900e-01
4.904794991016387939e-01 4.961036443710327148e-01
3.969630300998687744e-01 6.045226454734802246e-01
4.215230345726013184e-01 6.356332302093505859e-01
4.176126122474670410e-01 4.775357544422149658e-01
3.355316221714019775e-01 3.226141035556793213e-01
3.958467543125152588e-01 4.187376201152801514e-01
6.455035209655761719e-01 4.541504681110382080e-01
3.986653089523315430e-01 2.879909873008728027e-01
5.175440311431884766e-01 8.228211998939514160e-01
4.809228181838989258e-01 6.513209342956542969e-01
5.681945681571960449e-01 6.141992807388305664e-01
5.872720479965209961e-01 4.583717584609985352e-01
3.978330194950103760e-01 3.917152583599090576e-01
4.476322531700134277e-01 7.203161120414733887e-01
5.385498404502868652e-01 7.120379805564880371e-01
3.979634344577789307e-01 6.826760768890380859e-01
6.979595422744750977e-01 4.833063483238220215e-01
5.199748873710632324e-01 4.416177868843078613e-01
4.810223877429962158e-01 6.679754257202148438e-01
4.277742505073547363e-01 3.841374814510345459e-01
6.087970733642578125e-01 5.737585425376892090e-01
4.106025397777557373e-01 5.747352838516235352e-01
5.887020230293273926e-01 5.130780935287475586e-01
3.346295058727264404e-01 3.467693328857421875e-01
4.603588879108428955e-01 6.036562323570251465e-01
3.818478286266326904e-01 6.059759259223937988e-01
4.619200229644775391e-01 4.380289614200592041e-01
3.403735160827636719e-01 3.868397474288940430e-01
3.950687050819396973e-01 6.169938445091247559e-01
3.820400536060333252e-01 3.163224756717681885e-01
4.505577385425567627e-01 6.724559068679809570e-01
3.222072720527648926e-01 6.727486252784729004e-01
6.386752128601074219e-01 3.905380964279174805e-01
6.159942746162414551e-01 7.974445819854736328e-01
5.543442368507385254e-01 3.808696866035461426e-01
5.068774223327636719e-01 6.804894208908081055e-01
3.571584820747375488e-01 5.096964836120605469e-01
4.242129325866699219e-01 4.518524110317230225e-01
3.870795667171478271e-01 5.997704863548278809e-01
4.839875698089599609e-01 5.295341014862060547e-01
5.195075869560241699e-01 3.982936441898345947e-01
5.670179724693298340e-01 4.627999365329742432e-01
4.952322840690612793e-01 5.382881164550781250e-01
4.994281828403472900e-01 4.945885837078094482e-01
6.280031204223632812e-01 6.329747438430786133e-01
4.239263534545898438e-01 6.291826963424682617e-01
5.493611097335815430e-01 5.201525688171386719e-01
6.297004222869873047e-01 6.547005772590637207e-01
3.964408636093139648e-01 6.808207035064697266e-01
5.985369682312011719e-01 5.550663471221923828e-01
5.072813630104064941e-01 6.311772465705871582e-01
4.022054672241210938e-01 4.955912828445434570e-01
3.820870816707611084e-01 3.460047543048858643e-01
6.575620770454406738e-01 5.555016398429870605e-01
4.729876816272735596e-01 8.515269756317138672e-01
4.410566091537475586e-01 4.127512276172637939e-01
5.039283633232116699e-01 5.544539690017700195e-01
5.633487701416015625e-01 4.122098088264465332e-01
4.027374684810638428e-01 6.135450005531311035e-01
6.418864727020263672e-01 6.688647270202636719e-01
6.370022296905517578e-01 6.203833222389221191e-01
4.589104950428009033e-01 6.385030150413513184e-01
3.028173446655273438e-01 3.176654577255249023e-01
6.097247600555419922e-01 4.034783244132995605e-01
3.358245193958282471e-01 5.504543781280517578e-01
3.799043893814086914e-01 6.504808664321899414e-01
4.321483075618743896e-01 5.790820717811584473e-01
5.813099145889282227e-01 7.265279293060302734e-01
3.464515209197998047e-01 6.442420482635498047e-01
5.763103961944580078e-01 3.936757147312164307e-01
4.108989536762237549e-01 5.930641293525695801e-01
3.922717869281768799e-01 4.492303133010864258e-01
5.256412029266357422e-01 4.385440051555633545e-01
3.632366061210632324e-01 4.207070171833038330e-01
6.158957481384277344e-01 5.273557305335998535e-01
3.950630426406860352e-01 7.109944820404052734e-01
6.601483225822448730e-01 6.093543767929077148e-01
5.745744705200195312e-01 5.773758292198181152e-01
3.615033924579620361e-01 5.092452168464660645e-01
4.268403053283691406e-01 5.814680457115173340e-01
3.835666179656982422e-01 4.614873528480529785e-01
3.219112753868103027e-01 5.372954607009887695e-01
3.264979422092437744e-01 2.820925116539001465e-01
5.324938893318176270e-01 4.878099560737609863e-01
6.203642487525939941e-01 5.564529299736022949e-01
4.041079878807067871e-01 6.818689703941345215e-01
4.950557351112365723e-01 6.235849857330322266e-01
4.548418819904327393e-01 6.543264389038085938e-01
4.001302719116210938e-01 5.664138793945312500e-01
4.208646714687347412e-01 6.728137135505676270e-01
3.491131961345672607e-01 7.103497385978698730e-01
5.784178972244262695e-01 6.963372230529785156e-01
5.507218241691589355e-01 7.149926424026489258e-01
5.664275884628295898e-01 5.114898681640625000e-01
4.357045292854309082e-01 7.767308354377746582e-01
4.012813866138458252e-01 5.922517776489257812e-01
5.645181536674499512e-01 5.986434817314147949e-01
5.329854488372802734e-01 6.525794863700866699e-01
5.608861446380615234e-01 6.120883226394653320e-01
5.011868476867675781e-01 6.251971125602722168e-01
6.321779489517211914e-01 6.146659851074218750e-01
5.541548728942871094e-01 5.533289313316345215e-01
6.247262954711914062e-01 5.169979929924011230e-01
2.933864295482635498e-01 8.008291125297546387e-01
5.894620418548583984e-01 4.083195626735687256e-01
5.925004482269287109e-01 6.701487302780151367e-01
4.440535604953765869e-01 5.460592508316040039e-01
5.581599473953247070e-01 4.724641442298889160e-01
5.062493681907653809e-01 6.556938886642456055e-01
5.894041061401367188e-01 6.466956734657287598e-01
6.618193984031677246e-01 6.764137744903564453e-01
5.358399152755737305e-01 4.734324812889099121e-01
4.077044427394866943e-01 6.379492282867431641e-01
5.926318168640136719e-01 5.852550268173217773e-01
3.465547859668731689e-01 5.430728197097778320e-01
4.034506380558013916e-01 6.589888930320739746e-01
4.069852828979492188e-01 7.602933049201965332e-01
4.765911698341369629e-01 3.982407450675964355e-01
3.889608979225158691e-01 3.419430851936340332e-01
6.186569929122924805e-01 5.643621683120727539e-01
3.502908349037170410e-01 6.538482308387756348e-01
4.510831534862518311e-01 5.505479574203491211e-01
3.702824115753173828e-01 5.991047024726867676e-01
5.144257545471191406e-01 6.642228960990905762e-01
3.313640654087066650e-01 6.991450190544128418e-01
4.291492104530334473e-01 5.415427684783935547e-01
4.440582394599914551e-01 7.366337776184082031e-01
5.196359753608703613e-01 6.580556035041809082e-01
6.716236472129821777e-01 5.791360735893249512e-01
4.918406605720520020e-01 6.354158520698547363e-01
5.115970969200134277e-01 4.487031996250152588e-01
5.329701900482177734e-01 6.031735539436340332e-01
6.038783192634582520e-01 6.973576545715332031e-01
3.758142590522766113e-01 7.673385739326477051e-01
4.459769725799560547e-01 6.313544511795043945e-01
6.393377184867858887e-01 4.609260559082031250e-01
5.862649679183959961e-01 6.487147212028503418e-01
5.736451745033264160e-01 6.879413723945617676e-01
4.485365152359008789e-01 5.326050519943237305e-01
4.149266779422760010e-01 4.854309856891632080e-01
6.349149942398071289e-01 6.365007162094116211e-01
4.096825122833251953e-01 5.487506985664367676e-01
3.411757946014404297e-01 3.408519327640533447e-01
5.620492100715637207e-01 5.282517671585083008e-01
5.657823681831359863e-01 6.357079744338989258e-01
4.564726352691650391e-01 4.600452184677124023e-01
5.658858418464660645e-01 6.786401271820068359e-01
4.506687223911285400e-01 3.925931751728057861e-01
3.396070599555969238e-01 4.080896973609924316e-01
5.411159992218017578e-01 4.906588792800903320e-01
4.430751800537109375e-01 7.353972196578979492e-01
5.780754089355468750e-01 5.589819550514221191e-01
5.064891576766967773e-01 7.031996846199035645e-01
6.561317443847656250e-01 4.523874223232269287e-01
3.614227473735809326e-01 5.230417251586914062e-01
3.076123893260955811e-01 5.975749492645263672e-01
3.378080427646636963e-01 6.942802071571350098e-01
4.956687688827514648e-01 8.049580454826354980e-01
7.582194209098815918e-01 4.602734744548797607e-01
4.344050884246826172e-01 4.127832353115081787e-01
3.132003247737884521e-01 6.763200163841247559e-01
4.266884028911590576e-01 3.548321127891540527e-01
3.073967099189758301e-01 5.188593864440917969e-01
3.520164489746093750e-01 3.911846578121185303e-01
5.262439250946044922e-01 5.774775743484497070e-01
6.609348058700561523e-01 5.570778250694274902e-01
4.532200992107391357e-01 4.868930876255035400e-01
6.294481158256530762e-01 5.718587040901184082e-01
4.626445472240447998e-01 6.500954031944274902e-01
4.566085338592529297e-01 5.075420141220092773e-01
5.696963071823120117e-01 6.928611993789672852e-01
5.721702575683593750e-01 4.972168803215026855e-01
4.331063926219940186e-01 7.257288098335266113e-01
5.702064633369445801e-01 6.163591742515563965e-01
3.867936432361602783e-01 6.684988141059875488e-01
5.505911111831665039e-01 6.330735683441162109e-01
4.177967309951782227e-01 6.403147578239440918e-01
5.361360907554626465e-01 7.838344573974609375e-01
3.000751435756683350e-01 5.494720935821533203e-01
3.654203116893768311e-01 6.481181383132934570e-01
3.602316677570343018e-01 7.335271239280700684e-01
5.865039825439453125e-01 5.452781319618225098e-01
6.404685378074645996e-01 6.424043178558349609e-01
3.635691404342651367e-01 5.263757705688476562e-01
5.034707784652709961e-01 4.980109632015228271e-01
4.180796146392822266e-01 7.479071617126464844e-01
5.635791420936584473e-01 7.675647735595703125e-01
5.527075529098510742e-01 7.699045538902282715e-01
4.770022034645080566e-01 6.623552441596984863e-01
3.709443211555480957e-01 6.121662259101867676e-01
5.891041159629821777e-01 7.676279544830322266e-01
4.969135522842407227e-01 6.745903491973876953e-01
3.747726678848266602e-01 4.675174653530120850e-01
5.758985877037048340e-01 5.819755792617797852e-01
5.579023361206054688e-01 5.970436334609985352e-01
5.379605293273925781e-01 5.531277656555175781e-01
6.118623614311218262e-01 6.397343873977661133e-01
4.977562725543975830e-01 5.882659554481506348e-01
5.070493817329406738e-01 7.680885791778564453e-01
3.827602267265319824e-01 4.321174323558807373e-01
5.313834547996520996e-01 5.385494828224182129e-01
6.042448282241821289e-01 5.136285424232482910e-01
6.817685961723327637e-01 6.470478177070617676e-01
6.097704768180847168e-01 5.377844572067260742e-01
6.639323234558105469e-01 3.857559561729431152e-01
6.698510646820068359e-01 5.973202586174011230e-01
4.890392124652862549e-01 5.507573485374450684e-01
4.060935974121093750e-01 4.681801199913024902e-01
4.758176207542419434e-01 6.194459795951843262e-01
3.593436181545257568e-01 7.701210975646972656e-01
7.493067979812622070e-01 5.050487518310546875e-01
4.419668316841125488e-01 6.797364950180053711e-01
4.309965074062347412e-01 3.971756398677825928e-01
4.709969758987426758e-01 4.167088568210601807e-01
5.905888676643371582e-01 4.771064519882202148e-01
5.727596282958984375e-01 6.265804171562194824e-01
3.399754464626312256e-01 7.686711549758911133e-01
6.833016872406005859e-01 4.144661724567413330e-01
3.895437717437744141e-01 7.191534638404846191e-01
5.412383675575256348e-01 5.152233242988586426e-01
4.284066557884216309e-01 7.230762243270874023e-01
5.128552317619323730e-01 7.588417530059814453e-01
4.447820782661437988e-01 4.617612957954406738e-01
6.428894996643066406e-01 6.001386046409606934e-01
4.056645631790161133e-01 6.014289259910583496e-01
6.005896925926208496e-01 5.875835418701171875e-01
4.607636928558349609e-01 4.139482676982879639e-01
5.375006198883056641e-01 6.445661187171936035e-01
5.323406457901000977e-01 6.075476408004760742e-01
3.362928926944732666e-01 8.081232905387878418e-01
5.298137664794921875e-01 6.811980009078979492e-01
3.681720793247222900e-01 5.957514047622680664e-01
3.426254391670227051e-01 7.158165574073791504e-01
6.645231246948242188e-01 5.028032064437866211e-01
4.895719587802886963e-01 7.201674580574035645e-01
3.846756815910339355e-01 5.618770718574523926e-01
5.144740939140319824e-01 5.529998540878295898e-01
4.636178016662597656e-01 4.772474467754364014e-01
4.330275058746337891e-01 6.692602634429931641e-01
5.624420642852783203e-01 6.093769073486328125e-01
6.386793255805969238e-01 5.199818015098571777e-01
5.245521068572998047e-01 6.143971085548400879e-01
4.625051915645599365e-01 5.489455461502075195e-01
5.471377968788146973e-01 7.100396752357482910e-01
4.827651977539062500e-01 5.937981009483337402e-01
4.627531170845031738e-01 6.916625499725341797e-01
6.192379593849182129e-01 5.871589183807373047e-01
4.578638374805450439e-01 7.158174514770507812e-01
3.521113395690917969e-01 5.230102539062500000e-01
3.451310694217681885e-01 7.852334976196289062e-01
5.637229681015014648e-01 4.129382371902465820e-01
4.284287095069885254e-01 5.441151857376098633e-01
4.442155063152313232e-01 3.843826651573181152e-01
5.441476702690124512e-01 5.789687037467956543e-01
4.533615410327911377e-01 7.316864132881164551e-01
4.246914386749267578e-01 5.586414933204650879e-01
6.576605439186096191e-01 4.483408629894256592e-01
3.679850995540618896e-01 6.167277097702026367e-01
4.302884936332702637e-01 6.990745663642883301e-01
7.003012299537658691e-01 5.314669609069824219e-01
4.767105579376220703e-01 6.537756919860839844e-01
5.516852736473083496e-01 6.697769165039062500e-01
4.615432918071746826e-01 7.487815022468566895e-01
6.514718532562255859e-01 7.176615595817565918e-01
5.257818698883056641e-01 6.308597922325134277e-01
4.143832325935363770e-01 7.151541113853454590e-01
5.366930365562438965e-01 6.607111692428588867e-01
5.345683097839355469e-01 6.177178621292114258e-01
4.955420494079589844e-01 6.832394599914550781e-01
4.453708231449127197e-01 4.733747243881225586e-01
4.610393941402435303e-01 6.744965314865112305e-01
3.878485858440399170e-01 6.006475687026977539e-01
5.283413529396057129e-01 6.079828739166259766e-01
4.039684832096099854e-01 4.718213975429534912e-01
4.149378836154937744e-01 6.847998499870300293e-01
4.591873884201049805e-01 3.865661621093750000e-01
5.863940715789794922e-01 7.454351186752319336e-01
5.804122090339660645e-01 6.316987276077270508e-01
6.041486859321594238e-01 5.728377103805541992e-01
6.048403382301330566e-01 7.049911618232727051e-01
3.755202293395996094e-01 7.741156816482543945e-01
3.809468746185302734e-01 5.345239639282226562e-01
4.010847210884094238e-01 7.055459022521972656e-01
4.991552829742431641e-01 5.011407732963562012e-01
5.110217332839965820e-01 7.153154015541076660e-01
4.339363574981689453e-01 6.829172968864440918e-01
