-1.835027933120727539e-01 7.385605573654174805e-02
-2.432391047477722168e-01 -2.310268878936767578e-01
3.548798561096191406e-01 3.173476457595825195e-01
-1.342543363571166992e-01 -3.189450502395629883e-02
-2.732272148132324219e-01 -3.559710979461669922e-01
-2.831583023071289062e-01 2.015560865402221680e-02
-2.360324859619140625e-01 4.901376962661743164e-01
1.937357187271118164e-01 4.761587381362915039e-01
-4.462233781814575195e-01 4.538338780403137207e-01
-3.378355503082275391e-01 2.740944623947143555e-01
2.769880890846252441e-01 -4.080719947814941406e-01
-2.052324414253234863e-01 4.608601331710815430e-02
-2.072353363037109375e-01 -1.988565921783447266e-02
2.290126085281372070e-01 -3.948364257812500000e-01
4.662252664566040039e-01 3.724597692489624023e-01
3.476051092147827148e-01 4.159829616546630859e-01
-4.298506379127502441e-01 -2.519534230232238770e-01
4.873335957527160645e-01 8.031088113784790039e-02
-3.692331314086914062e-01 8.566749095916748047e-02
1.779341101646423340e-01 1.598109006881713867e-01
7.912397384643554688e-02 -3.032808303833007812e-01
3.142488002777099609e-02 3.536117076873779297e-01
3.291193842887878418e-01 -1.924561262130737305e-01
4.250336885452270508e-01 -3.437042236328125000e-03
-4.715731143951416016e-01 3.322888612747192383e-01
3.638562560081481934e-01 -3.622304797172546387e-01
-3.360686302185058594e-01 -4.090589880943298340e-01
2.968916893005371094e-01 -3.708678483963012695e-02
-3.634822964668273926e-01 -3.145042657852172852e-01
-1.575377583503723145e-01 -4.881110787391662598e-01
4.215415120124816895e-01 4.603830575942993164e-01
1.488248109817504883e-01 -3.463481068611145020e-01
4.418215155601501465e-01 2.449589967727661133e-02
2.305881381034851074e-01 4.641869068145751953e-01
-2.078884243965148926e-01 8.517128229141235352e-02
-1.110767722129821777e-01 -1.356890201568603516e-01
4.504143595695495605e-01 -3.029895424842834473e-01
-3.737905025482177734e-01 -3.886973857879638672e-01
-4.433339834213256836e-01 3.669828176498413086e-01
1.905177831649780273e-01 -4.578398466110229492e-01
-8.642524480819702148e-02 8.339446783065795898e-02
-2.707175612449645996e-01 3.796339035034179688e-02
3.527036309242248535e-01 4.895484447479248047e-01
-2.991378903388977051e-01 1.294935345649719238e-01
-4.373127222061157227e-02 -4.307830929756164551e-01
2.093660831451416016e-01 2.730258107185363770e-01
-1.463713645935058594e-01 4.501686096191406250e-01
-6.512343883514404297e-02 -3.207956552505493164e-01
4.602849483489990234e-01 1.522889733314514160e-01
-4.896427392959594727e-01 5.616366863250732422e-03
3.155769705772399902e-01 -8.528506755828857422e-02
-3.314930796623229980e-01 -4.479892253875732422e-01
4.184114933013916016e-01 3.594737052917480469e-01
-2.164917588233947754e-01 1.875352263450622559e-01
-5.430996417999267578e-03 -4.579547643661499023e-01
-4.379143714904785156e-01 3.992705345153808594e-01
-9.843438863754272461e-02 -2.868802547454833984e-01
2.424468994140625000e-01 3.362753987312316895e-01
3.718776106834411621e-01 -7.258081436157226562e-02
4.249764084815979004e-01 -1.302767395973205566e-01
3.493824601173400879e-01 -3.497224450111389160e-01
-3.051428794860839844e-01 -1.203987002372741699e-01
-4.293793439865112305e-01 -4.583827257156372070e-01
2.622638344764709473e-01 -8.745831251144409180e-02
2.882840037345886230e-01 4.066520929336547852e-01
3.692591190338134766e-01 1.379798054695129395e-01
4.188895225524902344e-01 -1.084789037704467773e-01
3.333509564399719238e-01 -4.988667368888854980e-01
2.085685729980468750e-01 2.001237869262695312e-01
-2.981385588645935059e-01 1.037412285804748535e-01
4.232509136199951172e-01 -1.813694834709167480e-01
-4.177867770195007324e-01 8.791440725326538086e-02
1.160601973533630371e-01 2.197001576423645020e-01
1.937565803527832031e-01 -1.823144555091857910e-01
2.658535242080688477e-01 -1.149774789810180664e-01
2.480555772781372070e-01 4.682787060737609863e-01
-1.856017112731933594e-02 -5.370008945465087891e-02
-1.185671687126159668e-01 -4.823019504547119141e-01
-2.389022707939147949e-01 -2.625162601470947266e-01
-5.224955081939697266e-02 -3.430143594741821289e-01
4.050028324127197266e-02 8.252632617950439453e-02
-4.227445125579833984e-01 -4.298400878906250000e-02
2.651420831680297852e-01 3.590032458305358887e-01
-1.279395818710327148e-01 -1.514710187911987305e-01
-2.853660583496093750e-01 -3.341094851493835449e-01
-4.064184427261352539e-02 3.473652601242065430e-01
-4.424617290496826172e-01 4.554138779640197754e-01
3.200543522834777832e-01 -1.619053483009338379e-01
2.869490981101989746e-01 1.769599914550781250e-01
-2.251521944999694824e-01 3.033103942871093750e-01
2.922175526618957520e-01 -2.193379402160644531e-02
-1.473705172538757324e-01 4.144434332847595215e-01
-1.039411425590515137e-01 -1.644006967544555664e-01
1.800597906112670898e-01 1.104685664176940918e-01
-1.304315328598022461e-01 -2.439061403274536133e-01
-2.913066744804382324e-01 8.527666330337524414e-02
-2.982009649276733398e-01 3.755263090133666992e-01
-4.860907196998596191e-01 -5.643367767333984375e-02
3.952213525772094727e-01 2.771733999252319336e-01
-2.477894425392150879e-01 -4.961373805999755859e-01
-3.035446405410766602e-01 -3.556223511695861816e-01
4.651184082031250000e-01 9.084612131118774414e-02
1.710363030433654785e-01 -2.654896974563598633e-01
-3.945142030715942383e-01 -4.371797442436218262e-01
1.889972686767578125e-01 4.826673865318298340e-01
-1.313697099685668945e-01 4.615026712417602539e-01
-1.348770260810852051e-01 -3.351970911026000977e-01
-4.305300712585449219e-01 -1.138687133789062500e-02
-1.809028387069702148e-01 4.667148590087890625e-01
1.757848262786865234e-02 3.312305808067321777e-01
-4.984394311904907227e-01 -3.990431427955627441e-01
3.245071768760681152e-01 -3.628201484680175781e-01
-3.449094891548156738e-01 3.560261130332946777e-01
-1.224276423454284668e-01 1.356452703475952148e-02
-4.756237268447875977e-01 -2.495861649513244629e-01
1.620740890502929688e-01 -4.443916678428649902e-01
2.579377293586730957e-01 3.340833187103271484e-01
-2.246409654617309570e-02 8.900707960128784180e-02
4.558492898941040039e-01 8.983439207077026367e-02
-9.958523511886596680e-02 -2.075722813606262207e-01
1.104248762130737305e-01 -3.214135169982910156e-01
9.656804800033569336e-02 3.354308009147644043e-01
2.305179834365844727e-02 -3.859548568725585938e-01
2.426881194114685059e-01 4.407967329025268555e-01
-3.501339554786682129e-01 -2.804380655288696289e-01
-2.566809654235839844e-01 -2.998416423797607422e-01
-3.531386256217956543e-01 4.071053266525268555e-01
-3.133555650711059570e-01 1.136195659637451172e-02
4.179942607879638672e-01 -1.711356043815612793e-01
-1.724296808242797852e-01 4.635309576988220215e-01
-1.195106506347656250e-01 -2.067372202873229980e-01
-1.220360398292541504e-01 -3.348577618598937988e-01
-4.155245423316955566e-01 1.635720133781433105e-01
-4.834836125373840332e-01 2.189111113548278809e-01
-2.806544303894042969e-02 -1.544320583343505859e-01
3.233602046966552734e-01 2.726524472236633301e-01
2.201541662216186523e-01 2.218054533004760742e-01
-4.596856832504272461e-01 -2.234947681427001953e-01
8.895093202590942383e-02 -7.010138034820556641e-02
8.871865272521972656e-02 7.117408514022827148e-02
-5.989164113998413086e-02 -1.770370602607727051e-01
3.236973285675048828e-02 -3.170168399810791016e-01
4.367665648460388184e-01 -4.487652182579040527e-01
1.971080303192138672e-01 3.929038047790527344e-01
3.362250328063964844e-02 9.400677680969238281e-02
-4.993569254875183105e-01 -1.287538409233093262e-01
4.135560989379882812e-01 2.904164195060729980e-01
4.441538453102111816e-01 -1.750438213348388672e-01
-2.894130349159240723e-01 2.341193556785583496e-01
-1.633279323577880859e-01 2.708302140235900879e-01
-3.866068720817565918e-01 2.342517971992492676e-01
3.477632999420166016e-01 -1.097075939178466797e-01
1.029480099678039551e-01 -4.635246992111206055e-01
-2.616812586784362793e-01 2.944356799125671387e-01
5.063480138778686523e-02 2.381765842437744141e-02
1.059470176696777344e-01 3.797619342803955078e-01
1.408836841583251953e-01 -2.711622714996337891e-01
8.483564853668212891e-02 1.444729566574096680e-01
1.262926459312438965e-01 -3.263294100761413574e-01
-2.923293709754943848e-01 -4.670932292938232422e-01
-3.191189169883728027e-01 -4.053400158882141113e-01
3.491217494010925293e-01 3.603002429008483887e-01
3.671413660049438477e-01 -3.564597368240356445e-01
4.207954406738281250e-01 -4.629446268081665039e-01
5.014592409133911133e-02 -4.695201516151428223e-01
-2.751665711402893066e-01 4.636919498443603516e-01
-2.355675101280212402e-01 7.938247919082641602e-02
-5.637317895889282227e-02 -3.670637607574462891e-01
-1.253798604011535645e-01 -4.077122211456298828e-01
-2.706384658813476562e-02 -4.873168468475341797e-02
3.939809799194335938e-01 -9.413594007492065430e-02
3.961130976676940918e-01 2.891188859939575195e-01
-4.177489876747131348e-01 -2.018004655838012695e-02
-3.697503805160522461e-01 7.912683486938476562e-02
3.283511400222778320e-01 3.336104154586791992e-01
-4.033051729202270508e-01 -7.768160104751586914e-02
-3.992688655853271484e-01 4.492616653442382812e-01
-4.014786481857299805e-01 3.653205037117004395e-01
9.815752506256103516e-02 1.462627053260803223e-01
3.912431597709655762e-01 8.487284183502197266e-02
3.719447255134582520e-01 2.238596081733703613e-01
-3.205703496932983398e-01 -2.597556710243225098e-01
2.307813167572021484e-01 3.628011345863342285e-01
-4.903593063354492188e-01 -2.020363211631774902e-01
3.260658979415893555e-01 -9.815949201583862305e-02
-2.059304714202880859e-02 2.206659317016601562e-01
2.817349433898925781e-01 -3.478783369064331055e-01
-4.977974295616149902e-01 1.283959746360778809e-01
2.602663040161132812e-01 4.186368584632873535e-01
-2.661085724830627441e-01 -1.153938174247741699e-01
3.093239665031433105e-01 -1.292642951011657715e-01
-4.775602817535400391e-01 2.304497957229614258e-01
-3.048629760742187500e-01 -4.778952598571777344e-01
-1.308621764183044434e-01 4.603596329689025879e-01
7.526272535324096680e-02 3.870762586593627930e-01
-4.268839359283447266e-01 1.295917630195617676e-01
2.388890981674194336e-01 4.734970927238464355e-01
3.823115229606628418e-01 4.718983769416809082e-01
3.608257174491882324e-01 -1.846551895141601562e-04
8.667474985122680664e-02 3.188900947570800781e-01
3.447533845901489258e-01 3.768798112869262695e-01
-5.246025323867797852e-02 -2.548301815986633301e-01
1.796324253082275391e-01 4.772315621376037598e-01
-2.906166315078735352e-01 1.918350458145141602e-01
3.770957589149475098e-01 4.824400544166564941e-01
-6.799352169036865234e-02 4.258399605751037598e-01
4.490125775337219238e-01 2.381942272186279297e-01
4.361323118209838867e-01 -2.295266985893249512e-01
5.944621562957763672e-02 3.067189455032348633e-02
-7.368677854537963867e-02 3.185849189758300781e-01
-2.876650094985961914e-01 -3.745560050010681152e-01
-4.161880016326904297e-01 4.244778156280517578e-01
-4.123254418373107910e-01 2.516158223152160645e-01
-1.840707063674926758e-01 -1.412385106086730957e-01
2.199689149856567383e-01 -4.443745017051696777e-01
2.086508274078369141e-01 -4.074871540069580078e-01
-3.031371831893920898e-01 -2.361661195755004883e-01
9.563213586807250977e-02 2.681203484535217285e-01
-3.851268887519836426e-01 -5.487096309661865234e-02
3.918464779853820801e-01 1.043277382850646973e-01
-8.700191974639892578e-03 -3.005927205085754395e-01
-6.529599428176879883e-02 -2.534226775169372559e-01
2.637915015220642090e-01 1.197980046272277832e-01
2.989791631698608398e-01 -1.536471843719482422e-01
-1.945358514785766602e-02 2.490879893302917480e-01
4.153237938880920410e-01 -3.703765869140625000e-01
4.326858520507812500e-01 -4.123147726058959961e-01
-7.106244564056396484e-03 -1.499359011650085449e-01
-1.619330048561096191e-01 -1.352828741073608398e-01
2.782223224639892578e-01 2.648582458496093750e-01
-7.481753826141357422e-02 2.892830371856689453e-01
-3.507057428359985352e-01 -1.276521086692810059e-01
1.780060529708862305e-01 -2.959322929382324219e-02
-4.975751638412475586e-01 7.964909076690673828e-02
-8.500647544860839844e-02 4.634166955947875977e-01
-1.024578809738159180e-01 5.332344770431518555e-02
-1.724840402603149414e-01 3.228753805160522461e-02
2.949659824371337891e-01 2.054670453071594238e-01
-4.913091659545898438e-03 2.719276547431945801e-01
-4.941179156303405762e-01 2.037255167961120605e-01
2.793935537338256836e-01 1.203843951225280762e-01
2.200452089309692383e-01 -4.405447244644165039e-01
9.567075967788696289e-02 3.107805252075195312e-01
-6.791126728057861328e-02 -4.344099164009094238e-01
-1.120515465736389160e-01 4.997565150260925293e-01
2.724053263664245605e-01 4.489421844482421875e-02
-2.931679487228393555e-01 -9.415668249130249023e-02
-1.955448985099792480e-01 4.995554685592651367e-01
1.007015705108642578e-01 2.594411373138427734e-03
-5.810886621475219727e-02 2.674126625061035156e-02
-3.754463195800781250e-01 4.926201701164245605e-01
-4.095120429992675781e-01 -2.634339332580566406e-01
-9.325623512268066406e-03 4.606188535690307617e-01
-2.605445981025695801e-01 -3.460872173309326172e-01
3.063439130783081055e-01 2.392729520797729492e-01
2.216581702232360840e-01 -8.207768201828002930e-02
-5.451989173889160156e-02 4.326793551445007324e-01
-1.843559741973876953e-01 1.309719681739807129e-01
1.331241130828857422e-01 -1.465115547180175781e-01
-2.784756422042846680e-01 -1.764554977416992188e-01
-1.272043585777282715e-01 -2.949477434158325195e-01
-3.443466424942016602e-01 -8.204698562622070312e-03
2.590221166610717773e-01 1.540081501007080078e-01
-2.812509536743164062e-01 1.843167543411254883e-01
1.474356651306152344e-01 4.099512100219726562e-01
2.915476560592651367e-01 -2.725636363029479980e-01
4.193343520164489746e-01 3.560954332351684570e-01
-2.655268907546997070e-01 -3.127470016479492188e-01
1.742318272590637207e-01 3.076657056808471680e-01
4.737192392349243164e-01 -4.405315518379211426e-01
4.070826768875122070e-01 -8.353906869888305664e-02
4.949166178703308105e-01 -3.148238658905029297e-01
-2.680256366729736328e-01 -2.376674413681030273e-01
4.291242361068725586e-01 3.784105777740478516e-01
5.125558376312255859e-02 1.887267827987670898e-02
1.295323967933654785e-01 4.819067120552062988e-01
4.024773836135864258e-01 -3.682693839073181152e-01
-3.480145931243896484e-01 -4.239335656166076660e-01
5.801743268966674805e-02 1.885472536087036133e-01
-2.630709409713745117e-01 5.320471525192260742e-02
3.330745697021484375e-01 3.014118075370788574e-01
-3.691995143890380859e-01 1.295503377914428711e-01
-8.374452590942382812e-02 9.335440397262573242e-02
-3.411601781845092773e-01 -2.755996584892272949e-01
3.211516141891479492e-02 -7.237172126770019531e-02
-1.957312822341918945e-01 1.542931795120239258e-01
2.373003959655761719e-02 1.863399744033813477e-01
-2.371046543121337891e-01 4.502024650573730469e-01
-2.212051749229431152e-01 -3.544160127639770508e-01
-3.266655206680297852e-01 -4.213196039199829102e-02
1.771584749221801758e-01 4.473870992660522461e-02
-2.709622979164123535e-01 2.044457197189331055e-01
-4.534788131713867188e-01 3.014035224914550781e-01
4.521413445472717285e-01 4.948239922523498535e-01
2.712703347206115723e-01 1.329054236412048340e-01
1.601676344871520996e-01 2.667732238769531250e-01
-4.011032581329345703e-01 4.113725423812866211e-01
1.544144749641418457e-01 4.271013736724853516e-01
1.465697884559631348e-01 -4.070688486099243164e-01
5.716800689697265625e-02 2.200590372085571289e-01
2.349615693092346191e-01 -2.874271869659423828e-01
-4.457722306251525879e-01 3.469461798667907715e-01
-3.157628774642944336e-01 -3.360556960105895996e-01
-4.587988853454589844e-01 1.828903555870056152e-01
2.010565996170043945e-01 -4.405969381332397461e-01
1.082799434661865234e-01 -1.707965135574340820e-02
2.522714734077453613e-01 -2.258459925651550293e-01
2.096502780914306641e-01 3.460583686828613281e-01
-2.941316962242126465e-01 -1.141034364700317383e-01
-4.761990904808044434e-01 -3.316920399665832520e-01
-4.965128302574157715e-01 -2.221951484680175781e-01
4.513292312622070312e-01 3.088582158088684082e-01
-1.749879121780395508e-02 7.037651538848876953e-02
-3.161962628364562988e-01 -2.298111319541931152e-01
-3.304539322853088379e-01 -3.157119750976562500e-01
-1.606184840202331543e-01 -3.329864144325256348e-01
-6.557548046112060547e-02 -4.941925406455993652e-01
8.651494979858398438e-02 1.559883952140808105e-01
2.340228557586669922e-01 -5.261808633804321289e-02
-4.547591805458068848e-01 2.388398647308349609e-01
4.588552713394165039e-01 1.202721595764160156e-01
-4.662470221519470215e-01 -6.428027153015136719e-02
-7.356268167495727539e-02 -3.685376048088073730e-01
-2.656438946723937988e-01 -4.542138576507568359e-01
-1.261274218559265137e-01 2.540731430053710938e-01
-3.568412661552429199e-01 -5.220192670822143555e-02
-4.538874626159667969e-01 3.523073792457580566e-01
4.881820678710937500e-01 -2.639464139938354492e-01
8.071404695510864258e-02 -2.885013222694396973e-01
1.197354197502136230e-01 3.202342391014099121e-01
-3.389943838119506836e-01 2.572543621063232422e-01
4.239201545715332031e-03 -3.578542470932006836e-01
1.269152164459228516e-01 3.358906507492065430e-01
-3.931512236595153809e-01 1.376480460166931152e-01
1.381381750106811523e-01 4.281768798828125000e-01
1.478528976440429688e-02 -3.119296431541442871e-01
4.448820352554321289e-01 4.136235713958740234e-01
2.278854250907897949e-01 1.865878701210021973e-01
-5.513656139373779297e-02 -4.851869344711303711e-01
2.820677161216735840e-01 2.625539302825927734e-01
-3.441758155822753906e-01 3.133995532989501953e-01
7.781040668487548828e-02 -4.919888973236083984e-01
6.982839107513427734e-02 -2.349331974983215332e-01
4.359191060066223145e-01 -4.626491069793701172e-01
4.971994757652282715e-01 2.093260288238525391e-01
4.423590898513793945e-01 -7.784432172775268555e-02
-3.280166983604431152e-01 1.892987489700317383e-01
3.967134952545166016e-01 -3.270270824432373047e-01
4.696180820465087891e-01 3.379181027412414551e-01
4.238867759704589844e-01 1.162540316581726074e-01
-1.448748111724853516e-01 -7.664483785629272461e-02
1.212969422340393066e-01 4.865193367004394531e-02
-1.947119832038879395e-01 -1.743132472038269043e-01
-1.983603239059448242e-01 7.864415645599365234e-02
-3.661213517189025879e-01 -4.223743081092834473e-01
-2.747263908386230469e-01 -4.225545525550842285e-01
8.210170269012451172e-02 -1.383883357048034668e-01
-4.321570396423339844e-01 6.081086397171020508e-02
4.715290665626525879e-01 -5.079197883605957031e-02
-4.996926188468933105e-01 -4.245951771736145020e-01
-1.537183523178100586e-01 2.671749591827392578e-01
2.384710311889648438e-02 -3.653130531311035156e-01
-1.273069381713867188e-01 2.621905207633972168e-01
-1.693255305290222168e-01 -7.104289531707763672e-02
-2.033579349517822266e-02 5.660158395767211914e-02
-9.168332815170288086e-02 -2.022569775581359863e-01
-1.673588752746582031e-01 -3.067475557327270508e-01
-1.607986688613891602e-01 -4.154694080352783203e-01
2.653496265411376953e-01 -1.656509637832641602e-01
3.767136931419372559e-01 -1.721298694610595703e-02
-2.100788950920104980e-01 -1.980352401733398438e-01
-8.660697937011718750e-02 -7.648831605911254883e-02
-8.665150403976440430e-02 -1.464655399322509766e-01
-5.406296253204345703e-02 -3.815989494323730469e-01
2.022159099578857422e-02 1.616286039352416992e-01
-4.950416088104248047e-02 -1.220000982284545898e-01
1.318079233169555664e-01 1.449798941612243652e-01
-1.394653320312500000e-02 3.281271457672119141e-01
2.501666545867919922e-01 4.887918233871459961e-01
-3.748219609260559082e-01 -3.575677275657653809e-01
-5.759423971176147461e-02 -3.011180758476257324e-01
8.874487876892089844e-02 -3.455733060836791992e-01
4.064404964447021484e-02 -6.715458631515502930e-02
2.047190070152282715e-01 1.725472807884216309e-01
2.458528876304626465e-01 1.026185750961303711e-01
1.578651666641235352e-01 -1.586309671401977539e-01
4.861932396888732910e-01 2.549358606338500977e-01
6.028318405151367188e-02 -1.956451535224914551e-01
-4.759786725044250488e-01 2.273413538932800293e-01
-3.399567604064941406e-01 4.936752915382385254e-01
2.752503752708435059e-01 1.289335489273071289e-01
-4.852717518806457520e-01 -4.761949181556701660e-01
-4.513564705848693848e-01 -2.422509789466857910e-01
-3.070472478866577148e-01 4.657810330390930176e-01
-5.982464551925659180e-02 -2.642774581909179688e-01
-4.507825970649719238e-01 3.499629497528076172e-01
4.512711763381958008e-01 8.276790380477905273e-02
1.766446232795715332e-01 -3.369191884994506836e-01
6.098026037216186523e-02 -3.968755602836608887e-01
-1.447473764419555664e-01 -4.731132984161376953e-01
-2.052661776542663574e-01 3.435771465301513672e-01
3.501730561256408691e-01 3.382589221000671387e-01
-1.143955588340759277e-01 -3.505711555480957031e-01
9.669864177703857422e-02 2.393240332603454590e-01
-3.532957434654235840e-01 -1.750680208206176758e-01
-1.587473750114440918e-01 3.830559849739074707e-01
-1.337125897407531738e-01 -1.829746961593627930e-01
4.731118679046630859e-02 3.476785421371459961e-01
3.385120630264282227e-01 -4.751634597778320312e-02
-3.891515731811523438e-02 -1.936054229736328125e-02
4.783121943473815918e-01 -3.077111244201660156e-01
-3.164806365966796875e-01 -4.412564635276794434e-01
-2.682340145111083984e-01 -3.839454054832458496e-01
-1.682510972023010254e-01 -4.219796061515808105e-01
4.229263663291931152e-01 -3.674634099006652832e-01
2.461578845977783203e-01 8.432561159133911133e-02
3.913726806640625000e-01 -1.316251158714294434e-01
4.973118305206298828e-01 1.932171583175659180e-01
-1.221728324890136719e-02 -1.740009784698486328e-01
-9.332728385925292969e-02 -9.765541553497314453e-02
1.750165224075317383e-01 1.846248507499694824e-01
4.051578044891357422e-01 1.765640974044799805e-01
-1.472927331924438477e-01 1.623899340629577637e-01
-2.936109304428100586e-01 -3.640869855880737305e-01
1.836990118026733398e-01 -1.938335299491882324e-01
-5.668348073959350586e-02 -2.107520699501037598e-01
-2.899322509765625000e-01 -4.124627709388732910e-01
-3.476902246475219727e-01 1.950113773345947266e-01
-1.379628777503967285e-01 3.266049623489379883e-01
-3.633314371109008789e-02 -7.489264011383056641e-02
4.041721224784851074e-01 4.813773036003112793e-01
3.662545084953308105e-01 -4.968455433845520020e-01
-3.764513731002807617e-01 3.103186488151550293e-01
-2.104322910308837891e-01 3.535959720611572266e-01
-4.940821528434753418e-01 3.975055813789367676e-01
-2.613564133644104004e-01 -1.870137453079223633e-01
5.015939474105834961e-02 1.443850398063659668e-01
-3.458107709884643555e-01 -2.394455075263977051e-01
8.958947658538818359e-02 1.455935835838317871e-01
1.537729501724243164e-01 2.802383303642272949e-01
2.194384336471557617e-01 1.691624522209167480e-01
9.395039081573486328e-02 -2.956831455230712891e-02
-6.380558013916015625e-03 -1.377075910568237305e-02
3.405985236167907715e-01 -1.276057958602905273e-02
5.313885211944580078e-02 -4.579584598541259766e-01
5.832850933074951172e-03 -3.802299499511718750e-01
3.133893013000488281e-02 -3.163114190101623535e-01
3.757813572883605957e-01 -2.731913328170776367e-02
1.363555788993835449e-01 1.659997105598449707e-01
-9.294670820236206055e-02 4.747511148452758789e-01
-3.652173280715942383e-02 1.195884346961975098e-01
-1.235727667808532715e-01 -3.279212117195129395e-01
-4.575744867324829102e-01 9.559392929077148438e-04
4.679787158966064453e-01 -3.604692816734313965e-01
-4.104686975479125977e-01 4.756295084953308105e-01
-3.528827428817749023e-02 1.530379056930541992e-02
3.361563086509704590e-01 1.861938238143920898e-01
-3.470766544342041016e-01 -4.568445682525634766e-02
2.464534044265747070e-01 8.877760171890258789e-02
-2.907677888870239258e-01 -4.469256997108459473e-01
-2.084816694259643555e-01 -1.802284121513366699e-01
4.501220583915710449e-01 4.157774448394775391e-01
2.854913473129272461e-02 -2.193914055824279785e-01
4.986500740051269531e-01 -1.413369178771972656e-02
4.666624665260314941e-01 -4.791910052299499512e-01
4.787838459014892578e-02 2.235093712806701660e-01
-4.865045547485351562e-01 2.523670196533203125e-01
2.518833875656127930e-01 -1.082149147987365723e-01
-4.621381759643554688e-01 1.915202140808105469e-01
-3.089203238487243652e-01 -1.289874911308288574e-01
3.248919844627380371e-01 1.454460620880126953e-01
1.775333881378173828e-01 -2.761967778205871582e-01
-9.529989957809448242e-02 -2.402924299240112305e-01
1.125295758247375488e-01 -3.218983411788940430e-01
2.438293695449829102e-01 -6.124228239059448242e-02
2.466885447502136230e-01 -2.660244703292846680e-02
-2.366754412651062012e-01 -3.688657283782958984e-02
-2.611637115478515625e-03 4.415434002876281738e-01
-2.133516669273376465e-01 -2.582833766937255859e-01
3.344561457633972168e-01 4.256095886230468750e-01
-3.244849443435668945e-01 -6.353557109832763672e-02
4.313617944717407227e-01 -4.762156605720520020e-01
4.537076354026794434e-01 -1.562669873237609863e-01
-2.357254624366760254e-01 3.386596441268920898e-01
5.832368135452270508e-02 -9.217387437820434570e-02
-3.808223009109497070e-01 2.736604213714599609e-02
2.211981415748596191e-01 8.031398057937622070e-02
-4.810723662376403809e-01 1.215503215789794922e-01
2.600857019424438477e-01 3.379890918731689453e-01
2.037348747253417969e-01 -4.390429854393005371e-01
3.549004793167114258e-01 -1.577675342559814453e-03
9.699207544326782227e-02 6.332039833068847656e-03
-5.343073606491088867e-02 -1.265851855278015137e-01
4.657863974571228027e-01 3.893125057220458984e-01
-2.688814997673034668e-01 -1.138432025909423828e-01
4.670075774192810059e-01 2.731032967567443848e-01
3.939233422279357910e-01 -3.628844022750854492e-01
-4.582991600036621094e-01 8.291608095169067383e-02
-1.409941911697387695e-02 3.240246176719665527e-01
1.724658608436584473e-01 2.716295719146728516e-01
-6.414395570755004883e-02 -2.376221418380737305e-01
4.094561934471130371e-01 4.083087444305419922e-01
4.586756229400634766e-02 -2.129094600677490234e-01
3.547310233116149902e-01 -1.382175087928771973e-01
2.835866808891296387e-01 -3.837350010871887207e-01
-3.010933399200439453e-01 2.728506326675415039e-01
-4.077156782150268555e-01 2.370885014533996582e-01
1.104952096939086914e-01 1.044336557388305664e-01
-3.088483810424804688e-01 -2.087026834487915039e-02
-4.843342900276184082e-01 9.994757175445556641e-02
-3.971126079559326172e-01 -4.666487574577331543e-01
2.845832705497741699e-01 1.719137430191040039e-01
9.822845458984375000e-02 -2.799142599105834961e-01
-4.937100410461425781e-02 1.952810287475585938e-01
-2.516168951988220215e-01 7.892364263534545898e-02
-2.035034894943237305e-01 -2.677256464958190918e-01
3.581780195236206055e-01 -2.635673284530639648e-01
1.286187171936035156e-01 1.108983159065246582e-01
1.171290874481201172e-03 -2.189519405364990234e-01
4.492012262344360352e-01 2.724049091339111328e-01
2.383033633232116699e-01 2.107332944869995117e-01
-5.834048986434936523e-02 7.680118083953857422e-03
-9.132277965545654297e-02 4.302966594696044922e-01
-4.696786403656005859e-01 4.653695821762084961e-01
-3.692969679832458496e-01 -1.177647709846496582e-01
-4.553321599960327148e-01 2.805909514427185059e-01
-1.205601692199707031e-01 2.965435385704040527e-01
6.790816783905029297e-02 4.935763478279113770e-01
5.721253156661987305e-02 2.392992973327636719e-01
4.321410059928894043e-01 -3.198704719543457031e-01
3.802303671836853027e-01 4.245984554290771484e-02
-4.315851330757141113e-01 -4.551562070846557617e-01
-4.939570426940917969e-01 4.177883267402648926e-01
3.113245368003845215e-01 -3.175147175788879395e-01
1.089823842048645020e-01 -3.089661598205566406e-01
-3.291844725608825684e-01 -3.987801074981689453e-02
-3.689078688621520996e-01 -4.079554080963134766e-01
-4.197553992271423340e-01 -4.899002313613891602e-01
2.787888050079345703e-01 3.113429546356201172e-01
-4.872977733612060547e-01 8.803284168243408203e-02
1.326382756233215332e-01 -3.841887712478637695e-01
-1.210629940032958984e-02 7.031732797622680664e-02
-3.299373984336853027e-01 -2.909737825393676758e-02
4.667572379112243652e-01 -7.066065073013305664e-02
3.045974373817443848e-01 -6.272846460342407227e-02
-1.638675928115844727e-01 -1.690776348114013672e-01
2.035604715347290039e-01 2.049088478088378906e-03
-1.711351871490478516e-01 6.204068660736083984e-03
-2.968138456344604492e-02 -4.186621904373168945e-01
-3.899306058883666992e-01 2.545120120048522949e-01
4.701420664787292480e-01 -5.999374389648437500e-02
4.157568216323852539e-01 4.482541680335998535e-01
1.943558454513549805e-01 -3.004199862480163574e-01
-4.819768071174621582e-01 -2.479471564292907715e-01
6.926864385604858398e-02 -3.637611865997314453e-01
-1.186075210571289062e-01 -2.134361267089843750e-01
-4.541988968849182129e-01 -8.804881572723388672e-02
-4.500100612640380859e-01 -6.597751379013061523e-02
-2.814328670501708984e-02 3.866125345230102539e-01
4.258733391761779785e-01 -2.852542400360107422e-01
-3.321095705032348633e-01 6.518393754959106445e-02
-1.949152350425720215e-01 -7.799857854843139648e-02
-3.086825013160705566e-01 2.627332210540771484e-01
6.252467632293701172e-02 1.043570041656494141e-02
-4.061637520790100098e-01 -3.574050068855285645e-01
4.225974678993225098e-01 4.854754805564880371e-01
2.375751137733459473e-01 -1.180618405342102051e-01
-4.920065999031066895e-01 4.668854475021362305e-01
3.908896446228027344e-02 2.576064467430114746e-01
-4.373462200164794922e-01 3.082826137542724609e-01
4.130113124847412109e-01 -1.241557002067565918e-01
-2.713620662689208984e-03 -9.947597980499267578e-03
3.873676061630249023e-02 2.950414419174194336e-01
5.771058797836303711e-02 3.094628453254699707e-01
-4.732271432876586914e-01 1.723065972328186035e-01
-7.263600826263427734e-03 -2.579573988914489746e-01
3.478153347969055176e-01 1.059657335281372070e-02
-4.300230741500854492e-02 4.877752065658569336e-01
-4.598432183265686035e-01 -4.185683131217956543e-01
1.168521642684936523e-01 -3.000397682189941406e-01
2.190520763397216797e-01 -4.982081055641174316e-01
8.836245536804199219e-02 7.446706295013427734e-02
-5.444025993347167969e-02 -3.522320389747619629e-01
-4.548566937446594238e-01 1.460930705070495605e-01
-2.930040955543518066e-01 -1.906616687774658203e-01
-3.176307678222656250e-02 -4.081827402114868164e-02
4.113463163375854492e-01 3.837472200393676758e-02
2.465072274208068848e-01 -4.152528047561645508e-01
-1.709936857223510742e-01 3.140562772750854492e-02
-2.996704578399658203e-01 2.949635386466979980e-01
-3.975756764411926270e-01 1.351512074470520020e-01
1.105331778526306152e-01 -4.792968630790710449e-01
3.095723390579223633e-01 -1.397404074668884277e-01
2.487338781356811523e-01 -1.621941924095153809e-01
4.046543240547180176e-01 -4.833235740661621094e-01
1.865203976631164551e-01 5.372202396392822266e-02
1.667159199714660645e-01 4.462659955024719238e-01
-4.888056516647338867e-01 -1.957249641418457031e-01
-2.994559407234191895e-01 2.914168238639831543e-01
1.938861012458801270e-01 2.169632911682128906e-02
5.271822214126586914e-02 1.778295636177062988e-01
-1.234989762306213379e-01 -4.851575493812561035e-01
4.445300698280334473e-01 2.078058719635009766e-01
2.122403383255004883e-01 3.249617218971252441e-01
6.027829647064208984e-02 1.814620494842529297e-01
2.910425066947937012e-01 -2.378692030906677246e-01
4.288466572761535645e-01 -2.593539953231811523e-01
-4.900591969490051270e-01 2.358763813972473145e-01
2.085306048393249512e-01 2.456108331680297852e-01
4.166984558105468750e-02 -3.196566700935363770e-01
3.700323700904846191e-01 -3.879288434982299805e-01
9.241026639938354492e-02 -2.532963156700134277e-01
-2.239527106285095215e-01 8.281534910202026367e-02
2.244145870208740234e-01 -1.898896098136901855e-01
-3.971733450889587402e-01 -3.978357911109924316e-01
1.116689443588256836e-01 -3.043891191482543945e-01
-2.358824014663696289e-02 4.636075496673583984e-01
3.593718409538269043e-01 -4.122852683067321777e-01
1.351679563522338867e-01 -2.683255672454833984e-01
1.527345776557922363e-01 -3.475043773651123047e-01
2.147337794303894043e-01 -4.782247543334960938e-01
1.581566333770751953e-01 -2.987056970596313477e-02
-1.899926066398620605e-01 1.189833283424377441e-01
2.871682643890380859e-01 -4.740558266639709473e-01
-2.185535430908203125e-01 2.481334805488586426e-01
-3.088966012001037598e-01 -2.295963764190673828e-01
1.750383973121643066e-01 -4.714410901069641113e-01
-1.482537388801574707e-01 -4.603738784790039062e-01
-6.850999593734741211e-02 4.162317514419555664e-01
-3.120702505111694336e-01 -4.197826385498046875e-01
-3.089826703071594238e-01 -8.215647935867309570e-02
-2.291265726089477539e-01 -3.721648454666137695e-02
5.359292030334472656e-02 2.769982814788818359e-01
8.813369274139404297e-02 -3.046520352363586426e-01
2.158306241035461426e-01 3.184921145439147949e-01
6.204420328140258789e-02 -4.857240319252014160e-01
1.392993330955505371e-01 -3.493070006370544434e-01
1.089161634445190430e-02 -3.287031650543212891e-01
-2.360401749610900879e-01 4.832996129989624023e-01
1.256850361824035645e-01 3.638110160827636719e-01
3.061740994453430176e-01 3.955197334289550781e-01
3.495419025421142578e-02 3.456338047981262207e-01
3.218412995338439941e-01 3.602628111839294434e-01
3.059403896331787109e-01 3.520447015762329102e-02
-2.500268816947937012e-01 -1.420497894287109375e-02
-2.138744592666625977e-01 1.049549579620361328e-01
-3.856024742126464844e-01 -4.079711437225341797e-01
-5.943840742111206055e-02 9.363526105880737305e-02
2.619230151176452637e-01 -1.294221878051757812e-01
1.645456552505493164e-01 -1.155325174331665039e-01
4.050419330596923828e-01 2.647005319595336914e-01
2.540224194526672363e-01 1.603658199310302734e-01
2.872577905654907227e-01 -3.857824206352233887e-01
-4.857893586158752441e-01 -3.382957577705383301e-01
1.259476542472839355e-01 -1.286407113075256348e-01
-3.410384058952331543e-01 -1.902201771736145020e-01
-2.902060747146606445e-02 1.585206389427185059e-01
-5.321085453033447266e-03 -2.783178091049194336e-01
3.485431075096130371e-01 -1.207074522972106934e-01
8.650523424148559570e-02 3.364021182060241699e-01
1.718664169311523438e-01 3.289678692817687988e-01
-4.305537939071655273e-01 9.815996885299682617e-02
-4.393418431282043457e-01 1.546716094017028809e-01
-5.532002449035644531e-02 -4.229521751403808594e-02
-1.566749811172485352e-02 6.740546226501464844e-02
9.891569614410400391e-02 3.497759699821472168e-01
4.768127799034118652e-01 -3.024880886077880859e-01
3.059575557708740234e-01 -1.197896599769592285e-01
1.608389616012573242e-02 3.191823363304138184e-01
5.276131629943847656e-02 -4.663496017456054688e-01
-2.277026772499084473e-01 -2.463077306747436523e-01
2.473394274711608887e-01 9.681987762451171875e-02
-4.590978622436523438e-01 1.931889653205871582e-01
-4.146281480789184570e-01 -2.477738857269287109e-01
-2.213996052742004395e-01 5.899900197982788086e-02
4.764145016670227051e-01 -3.253251314163208008e-02
2.518810629844665527e-01 4.399685263633728027e-01
-2.681534290313720703e-01 2.679708600044250488e-01
-2.603127360343933105e-01 -3.349775671958923340e-01
4.969735741615295410e-01 7.125079631805419922e-02
1.742303371429443359e-03 -4.345996975898742676e-01
-4.145014286041259766e-01 1.561490893363952637e-01
-3.214305639266967773e-01 -3.430997133255004883e-01
3.800712227821350098e-01 1.721101403236389160e-01
-2.435966134071350098e-01 -1.015266776084899902e-01
-4.368688464164733887e-01 1.909363269805908203e-01
-1.306920647621154785e-01 -5.686908960342407227e-02
4.246000051498413086e-01 -3.169512748718261719e-01
4.891319870948791504e-01 -8.813601732254028320e-02
6.495571136474609375e-02 2.346094846725463867e-01
9.768140316009521484e-02 -3.047292232513427734e-01
-3.382924199104309082e-01 -3.805487155914306641e-01
-4.380984902381896973e-01 -3.437835574150085449e-01
1.200504302978515625e-01 -2.683210968971252441e-01
-1.265488266944885254e-01 4.280676245689392090e-01
4.278897047042846680e-01 -2.360708117485046387e-01
-2.346821427345275879e-01 6.384068727493286133e-02
-7.820373773574829102e-02 -7.466191053390502930e-02
2.601861357688903809e-01 -2.388644814491271973e-01
3.007793426513671875e-02 2.750784754753112793e-01
3.396307826042175293e-01 3.607895374298095703e-01
1.761151552200317383e-01 4.466882944107055664e-01
-1.600835919380187988e-01 2.466610670089721680e-01
-1.067920923233032227e-01 3.468512296676635742e-01
-1.179318428039550781e-01 3.029320240020751953e-01
-1.551120281219482422e-01 1.414700150489807129e-01
-1.718276739120483398e-01 1.962209343910217285e-01
-3.129519224166870117e-01 3.964424133300781250e-03
4.623645544052124023e-01 -1.602123379707336426e-01
4.821450114250183105e-01 1.457499265670776367e-01
-4.083449244499206543e-01 1.631029248237609863e-01
-1.769763231277465820e-01 1.759787201881408691e-01
3.067818880081176758e-01 4.001712799072265625e-01
-4.407481551170349121e-01 1.261202096939086914e-01
2.000952959060668945e-01 -1.126392483711242676e-01
2.127471566200256348e-01 2.298973202705383301e-01
-1.640490889549255371e-01 3.455969691276550293e-01
1.995585560798645020e-01 -1.347411274909973145e-01
5.995970964431762695e-02 -2.235838174819946289e-01
1.243833303451538086e-01 -3.462764620780944824e-01
1.673297286033630371e-01 -2.103655338287353516e-01
3.120860457420349121e-01 -8.856302499771118164e-02
1.371349692344665527e-01 -4.879187345504760742e-01
4.010887145996093750e-01 -1.092041134834289551e-01
-3.432630896568298340e-01 -4.844049811363220215e-01
-4.069947004318237305e-01 3.942695856094360352e-01
1.211227178573608398e-01 3.461837172508239746e-01
2.477617263793945312e-01 -4.627898335456848145e-01
8.273744583129882812e-02 -2.391189932823181152e-01
-4.184775352478027344e-01 -4.707867503166198730e-01
2.044454813003540039e-01 4.473335742950439453e-01
3.444259762763977051e-01 3.575827479362487793e-01
-1.277111172676086426e-01 -2.358191609382629395e-01
1.066510677337646484e-01 1.314879655838012695e-01
-8.061528205871582031e-03 1.783967018127441406e-01
-3.530871868133544922e-02 3.482968807220458984e-01
1.350905895233154297e-01 3.972727060317993164e-01
1.292139887809753418e-01 -2.391310334205627441e-01
-6.928110122680664062e-02 1.922928094863891602e-01
-1.178054809570312500e-01 -4.219520688056945801e-01
2.337706685066223145e-01 3.886272907257080078e-01
-1.915417313575744629e-01 4.518890380859375000e-02
-4.984971284866333008e-01 3.239921927452087402e-01
4.360026121139526367e-02 -4.075900316238403320e-01
4.841079115867614746e-01 -2.668635249137878418e-01
-4.694272279739379883e-01 3.456671237945556641e-01
-4.451274275779724121e-01 -2.617430686950683594e-01
4.456078410148620605e-01 -3.468962907791137695e-01
-4.722855091094970703e-01 2.100291848182678223e-01
-1.433374285697937012e-01 -3.058008551597595215e-01
2.255786657333374023e-01 -4.696610569953918457e-01
-4.206854104995727539e-01 2.913765311241149902e-01
-2.302979230880737305e-01 4.536392688751220703e-01
-1.942518949508666992e-01 -3.625065088272094727e-01
2.259720563888549805e-01 -1.958890557289123535e-01
1.807515025138854980e-01 -1.195132732391357422e-02
2.346675992012023926e-01 1.852785348892211914e-01
3.107095956802368164e-01 1.530852317810058594e-01
-2.060373425483703613e-01 -4.987157583236694336e-01
-4.274222254753112793e-01 5.776196718215942383e-02
4.179852008819580078e-01 -7.391256093978881836e-02
-4.234485626220703125e-01 4.400964975357055664e-01
3.144069314002990723e-01 -1.277137398719787598e-01
-4.518375396728515625e-01 -2.041787505149841309e-01
-7.135534286499023438e-02 -2.653217315673828125e-01
4.592117071151733398e-01 1.825456023216247559e-01
-4.311808347702026367e-01 4.689914584159851074e-01
-7.589340209960937500e-03 1.542937755584716797e-02
4.808792471885681152e-01 -3.938735127449035645e-01
-1.679889559745788574e-01 1.567201018333435059e-01
-3.586434721946716309e-01 4.407457709312438965e-01
4.681928157806396484e-01 5.188316106796264648e-02
4.934920072555541992e-01 -3.048209547996520996e-01
-3.728944063186645508e-01 8.345955610275268555e-02
-3.711981177330017090e-01 5.768179893493652344e-02
-1.923086047172546387e-01 2.260685563087463379e-01
-1.935656666755676270e-01 -3.717819452285766602e-01
4.371081590652465820e-01 -2.183638811111450195e-01
-2.187293767929077148e-01 -4.568808674812316895e-01
-2.236332893371582031e-01 -1.238151192665100098e-01
-1.821842193603515625e-01 3.528414964675903320e-01
3.265345096588134766e-02 -3.807442784309387207e-01
-1.637890338897705078e-01 4.646744132041931152e-01
6.663101911544799805e-02 -3.618824481964111328e-02
2.431154251098632812e-03 4.222519993782043457e-01
3.960140943527221680e-01 1.959896087646484375e-02
4.388898611068725586e-02 -4.454993605613708496e-01
1.327073574066162109e-01 1.311469078063964844e-02
2.902840375900268555e-01 2.471613287925720215e-01
-4.744414687156677246e-01 8.182567358016967773e-02
-4.906659126281738281e-01 3.033096790313720703e-01
2.853747606277465820e-01 2.656033635139465332e-01
-1.662492752075195312e-02 3.472177982330322266e-01
3.517110943794250488e-01 -4.528480768203735352e-02
-2.922354936599731445e-01 -2.956230640411376953e-01
5.815571546554565430e-02 2.960401773452758789e-02
2.676403522491455078e-01 -4.688003659248352051e-01
3.817322850227355957e-01 -2.259088754653930664e-01
2.674815654754638672e-01 -1.270905137062072754e-01
-1.091861128807067871e-01 4.416632652282714844e-01
-1.144274473190307617e-01 1.857389211654663086e-01
-1.299428343772888184e-01 4.196099638938903809e-01
-3.237726688385009766e-01 9.989029169082641602e-02
-4.328495264053344727e-01 2.048185467720031738e-01
-9.588038921356201172e-02 -2.278537750244140625e-01
-6.040585041046142578e-02 -3.584644198417663574e-01
4.410082697868347168e-01 3.972945809364318848e-01
-6.632983684539794922e-02 -1.523103117942810059e-01
-3.611943125724792480e-01 -3.053098917007446289e-01
4.468271136283874512e-01 -4.561328291893005371e-01
4.557009935379028320e-01 3.114687204360961914e-01
-2.414813041687011719e-01 2.385993003845214844e-01
3.949082493782043457e-01 4.299684762954711914e-01
4.193279743194580078e-01 1.147789955139160156e-01
-3.265314698219299316e-01 4.044436812400817871e-01
2.573603987693786621e-01 4.861422181129455566e-01
-4.440401792526245117e-01 4.691382646560668945e-01
-2.880975604057312012e-01 3.765243291854858398e-01
1.514136791229248047e-01 2.427013516426086426e-01
1.744565367698669434e-01 1.944611668586730957e-01
-2.859437465667724609e-01 4.706887006759643555e-01
-8.152949810028076172e-02 3.104292154312133789e-01
-4.964439272880554199e-01 1.682474613189697266e-01
3.150781989097595215e-01 1.679557561874389648e-01
-4.793119430541992188e-01 2.017171382904052734e-01
3.476709127426147461e-02 -4.268175363540649414e-02
7.588601112365722656e-02 -4.318431615829467773e-01
-2.519783377647399902e-01 -4.202805757522583008e-01
-4.195467829704284668e-01 4.677470922470092773e-01
3.143202662467956543e-01 -4.002520442008972168e-01
7.982414960861206055e-02 -2.227451205253601074e-01
-4.305444359779357910e-01 4.152831435203552246e-01
-1.753008961677551270e-01 4.945343732833862305e-02
-1.127272844314575195e-01 2.522182464599609375e-02
1.583828330039978027e-01 -3.327303528785705566e-01
-8.528506755828857422e-02 -4.796984195709228516e-01
2.411401271820068359e-02 -1.527615785598754883e-01
7.700890302658081055e-02 -4.783364534378051758e-01
2.570468187332153320e-02 -2.506354451179504395e-01
-3.008728623390197754e-01 -9.688824415206909180e-02
1.796103715896606445e-01 2.203177809715270996e-01
2.138798236846923828e-01 1.312007308006286621e-01
2.867027521133422852e-01 -2.490818500518798828e-02
3.774528503417968750e-01 3.419448733329772949e-01
1.518952846527099609e-02 -2.200377583503723145e-01
4.775468707084655762e-01 3.800144791603088379e-01
8.271247148513793945e-02 -1.471290588378906250e-01
1.282363533973693848e-01 1.006212234497070312e-01
-4.989237189292907715e-01 -1.677598953247070312e-01
-2.522463798522949219e-01 -2.074521183967590332e-01
2.181022167205810547e-01 -2.309153079986572266e-01
3.076809644699096680e-01 2.432627081871032715e-01
9.707039594650268555e-02 -9.351372718811035156e-03
-3.512558341026306152e-01 -3.400737047195434570e-02
4.366315007209777832e-01 -1.323057413101196289e-01
9.337365627288818359e-03 -7.975691556930541992e-02
-3.155583143234252930e-01 1.477119326591491699e-01
-3.453824520111083984e-01 3.050362467765808105e-01
-3.829754590988159180e-01 -3.619309663772583008e-01
2.400687932968139648e-01 2.018662095069885254e-01
-1.493965983390808105e-01 3.665304183959960938e-01
3.260247111320495605e-01 -2.844895720481872559e-01
-2.433856129646301270e-01 6.185299158096313477e-02
3.200025558471679688e-01 3.810002207756042480e-01
-2.204926609992980957e-01 2.246457338333129883e-02
4.820876121520996094e-01 -2.308201193809509277e-01
-2.388713359832763672e-01 4.489427804946899414e-02
2.560659646987915039e-01 -2.313214540481567383e-02
-4.064863324165344238e-01 -3.859733343124389648e-01
5.313748121261596680e-02 2.082624435424804688e-01
-3.612785339355468750e-01 2.850718498229980469e-01
-7.235425710678100586e-02 -1.644616127014160156e-01
2.476035952568054199e-01 3.695915937423706055e-01
-3.810349106788635254e-01 -4.926422834396362305e-01
4.352132678031921387e-01 -4.097275137901306152e-01
4.320184588432312012e-01 -1.591545343399047852e-01
1.123347282409667969e-01 -3.740838170051574707e-01
-4.750858545303344727e-01 1.062759757041931152e-01
-2.474815845489501953e-01 -2.482137084007263184e-01
-1.263619661331176758e-01 -3.661435842514038086e-02
1.413124203681945801e-01 -1.313151121139526367e-01
2.610999345779418945e-02 3.835114240646362305e-01
8.098942041397094727e-02 -8.721441030502319336e-02
3.178250789642333984e-02 -1.514156460762023926e-01
-1.593927741050720215e-01 4.907576441764831543e-01
-1.437543034553527832e-01 4.289997220039367676e-01
-7.503318786621093750e-02 1.151031255722045898e-01
-3.675357103347778320e-01 4.022005796432495117e-01
-2.412422299385070801e-01 1.371482014656066895e-01
2.622355818748474121e-01 -5.183571577072143555e-02
-4.780458211898803711e-01 -2.917933464050292969e-02
-7.733488082885742188e-02 1.742138266563415527e-01
2.027353048324584961e-01 -1.877252459526062012e-01
2.617351412773132324e-01 2.042340040206909180e-01
3.903728723526000977e-01 -3.159151077270507812e-01
-1.398133039474487305e-01 -3.998737931251525879e-01
-1.816145181655883789e-01 3.983357548713684082e-01
-4.083472490310668945e-02 -2.417343854904174805e-01
-2.542516589164733887e-01 -1.201614737510681152e-01
-3.132918477058410645e-01 -2.660167217254638672e-01
-4.408837556838989258e-01 -9.036606550216674805e-02
8.046442270278930664e-02 2.151959538459777832e-01
1.466985940933227539e-01 3.419617414474487305e-01
5.864036083221435547e-02 -4.300630092620849609e-01
-1.803010702133178711e-02 -6.420195102691650391e-02
-2.583135962486267090e-01 -3.194035291671752930e-01
-1.840549111366271973e-01 -1.160292625427246094e-01
3.987816572189331055e-01 -1.694542169570922852e-02
-1.473948359489440918e-01 -3.649987578392028809e-01
-3.840704560279846191e-01 2.883288264274597168e-01
8.468145132064819336e-02 -1.171806454658508301e-01
-3.292279243469238281e-01 1.763223409652709961e-01
-1.330553889274597168e-01 -3.547080755233764648e-01
-1.664134263992309570e-01 1.676433086395263672e-01
3.058395981788635254e-01 2.409185171127319336e-01
-2.085672616958618164e-01 2.030298709869384766e-01
3.566939830780029297e-01 3.596416711807250977e-01
7.832431793212890625e-02 3.452942371368408203e-01
-3.181697130203247070e-01 2.183304429054260254e-01
-9.519922733306884766e-02 -5.842727422714233398e-02
2.268153429031372070e-02 3.112515211105346680e-01
-3.772176504135131836e-01 -2.199311852455139160e-01
4.919255375862121582e-01 3.783311247825622559e-01
2.699308991432189941e-01 -2.956235408782958984e-02
-1.578235626220703125e-02 -4.417481422424316406e-01
-4.690080285072326660e-01 3.052268624305725098e-01
-3.296030759811401367e-01 3.160485625267028809e-01
-2.540955543518066406e-01 2.385056614875793457e-01
-4.560348391532897949e-01 3.543984889984130859e-02
3.377948403358459473e-01 4.854741096496582031e-01
-4.326804876327514648e-01 2.308656573295593262e-01
-2.275553941726684570e-01 -1.001678109169006348e-01
4.346242547035217285e-01 -4.711892008781433105e-01
1.914068460464477539e-01 4.131017327308654785e-01
3.971198201179504395e-01 4.404306411743164062e-01
4.948645830154418945e-02 5.069673061370849609e-02
-3.911163210868835449e-01 2.495049238204956055e-01
-4.560183882713317871e-01 4.115328788757324219e-01
-2.216680645942687988e-01 9.024310111999511719e-02
-3.604614138603210449e-01 -4.993498325347900391e-03
6.749093532562255859e-03 -2.314929962158203125e-01
-4.133871197700500488e-01 1.801024079322814941e-01
4.218199253082275391e-01 -5.043369531631469727e-02
-2.644854187965393066e-01 -3.590850234031677246e-01
2.854543924331665039e-01 2.644935846328735352e-01
-4.833310842514038086e-01 3.502190113067626953e-03
2.543162107467651367e-01 -4.006862640380859375e-02
-2.231972217559814453e-01 3.654170036315917969e-01
-2.525352835655212402e-01 -2.023470997810363770e-01
-2.228147983551025391e-01 -4.867575764656066895e-01
-1.078454256057739258e-01 4.460819363594055176e-01
4.033991098403930664e-01 -1.506108045578002930e-01
3.685476779937744141e-01 -7.627224922180175781e-02
-1.423290371894836426e-01 -4.250487685203552246e-01
-4.084690213203430176e-01 1.648867130279541016e-02
-2.778738141059875488e-01 -3.664737939834594727e-01
-3.429400324821472168e-01 -3.492219448089599609e-01
3.541274070739746094e-01 4.687941074371337891e-02
-3.556127548217773438e-01 -2.696805000305175781e-01
-2.929267883300781250e-01 3.141264319419860840e-01
1.308741569519042969e-01 -3.757029175758361816e-01
2.648019194602966309e-01 3.526565432548522949e-01
1.729937195777893066e-01 2.788902521133422852e-01
2.245680689811706543e-01 -3.306576609611511230e-01
1.415235996246337891e-01 1.284892559051513672e-01
-2.167599201202392578e-01 1.187288165092468262e-01
-1.059808135032653809e-01 1.345263719558715820e-01
4.293673634529113770e-01 1.965718865394592285e-01
-4.787394404411315918e-01 4.460844993591308594e-01
-2.131130695343017578e-01 3.212988972663879395e-01
3.083820939064025879e-01 5.666440725326538086e-02
4.539886713027954102e-01 -7.410115003585815430e-02
2.331309914588928223e-01 -2.011505961418151855e-01
1.255244016647338867e-02 -2.853780984878540039e-02
4.130148887634277344e-02 8.194243907928466797e-02
-3.338788151741027832e-01 -1.266869306564331055e-01
-4.117992520332336426e-01 -3.669189810752868652e-01
4.396337866783142090e-01 -2.216315865516662598e-01
-1.241689920425415039e-02 -4.282886981964111328e-01
7.202208042144775391e-02 2.186246514320373535e-01
-4.868657588958740234e-01 4.864684343338012695e-01
-2.705813050270080566e-01 -5.994719266891479492e-02
-2.768701910972595215e-01 4.342861771583557129e-01
4.401816725730895996e-01 -1.432871222496032715e-01
-3.155888915061950684e-01 5.032211542129516602e-02
-3.279705047607421875e-01 -1.260034441947937012e-01
1.974821090698242188e-03 -4.702520370483398438e-01
-4.689773917198181152e-01 2.061759233474731445e-01
-1.375634074211120605e-01 3.591993451118469238e-01
2.882463932037353516e-01 4.264897704124450684e-01
-1.922709345817565918e-01 -3.965208530426025391e-01
-4.473369717597961426e-01 4.640597105026245117e-02
