7.873268127441406250e-01 6.836469173431396484e-01
6.438275575637817383e-01 7.600604295730590820e-01
6.527687311172485352e-01 7.893642783164978027e-01
7.244454622268676758e-01 8.356269598007202148e-01
6.506286263465881348e-01 7.898514270782470703e-01
8.407363295555114746e-01 6.834881901741027832e-01
6.827449202537536621e-01 6.489087343215942383e-01
6.353118419647216797e-01 8.285710811614990234e-01
6.751222610473632812e-01 7.638382315635681152e-01
6.301689147949218750e-01 5.865197777748107910e-01
8.223112225532531738e-01 7.249616384506225586e-01
7.464556694030761719e-01 7.689418196678161621e-01
6.119927167892456055e-01 8.912804722785949707e-01
7.373619079589843750e-01 6.885413527488708496e-01
7.849109768867492676e-01 7.005701661109924316e-01
8.087409138679504395e-01 5.914722681045532227e-01
7.256990671157836914e-01 7.413181066513061523e-01
6.332349777221679688e-01 7.333766818046569824e-01
7.009990215301513672e-01 7.942563295364379883e-01
5.392659902572631836e-01 5.446909666061401367e-01
8.250569105148315430e-01 6.313675642013549805e-01
6.281902194023132324e-01 7.192680239677429199e-01
7.752052545547485352e-01 6.380925774574279785e-01
6.466315388679504395e-01 6.434848308563232422e-01
7.082124948501586914e-01 6.974094510078430176e-01
7.424611449241638184e-01 5.722466111183166504e-01
7.863956093788146973e-01 6.979103684425354004e-01
7.755050659179687500e-01 7.111942172050476074e-01
7.936992049217224121e-01 6.679557561874389648e-01
6.696196794509887695e-01 5.617936849594116211e-01
6.562593579292297363e-01 7.755916118621826172e-01
5.345206856727600098e-01 5.693392753601074219e-01
6.605248451232910156e-01 7.926717400550842285e-01
5.867761373519897461e-01 8.482306599617004395e-01
6.353986859321594238e-01 8.635414242744445801e-01
6.238495707511901855e-01 7.097614407539367676e-01
6.840831637382507324e-01 7.012681365013122559e-01
5.819369554519653320e-01 6.276775002479553223e-01
6.930655837059020996e-01 8.230018019676208496e-01
7.759755253791809082e-01 6.781829595565795898e-01
6.767926812171936035e-01 7.360981106758117676e-01
6.407624483108520508e-01 8.115502595901489258e-01
7.090345621109008789e-01 8.464161157608032227e-01
8.698835968971252441e-01 6.145682930946350098e-01
7.647593617439270020e-01 7.614263296127319336e-01
6.502537131309509277e-01 7.504041194915771484e-01
5.301601290702819824e-01 5.547888875007629395e-01
7.136423587799072266e-01 7.989318370819091797e-01
7.168359160423278809e-01 6.708741784095764160e-01
5.830454230308532715e-01 5.574367046356201172e-01
7.116641402244567871e-01 7.555781602859497070e-01
6.905781030654907227e-01 7.681651115417480469e-01
6.761980652809143066e-01 7.593723535537719727e-01
6.550670266151428223e-01 6.984904408454895020e-01
6.980739831924438477e-01 6.487702131271362305e-01
5.422226190567016602e-01 6.250383257865905762e-01
6.847947835922241211e-01 7.804338932037353516e-01
7.364367246627807617e-01 8.214687705039978027e-01
7.190251946449279785e-01 8.537673950195312500e-01
6.760081648826599121e-01 6.639034748077392578e-01
6.607839465141296387e-01 5.581591725349426270e-01
5.529800653457641602e-01 5.232837200164794922e-01
6.948385834693908691e-01 6.259270906448364258e-01
7.084944844245910645e-01 8.426547050476074219e-01
6.679685115814208984e-01 8.096756339073181152e-01
7.535603046417236328e-01 8.304991126060485840e-01
6.262846589088439941e-01 8.374623060226440430e-01
6.515094637870788574e-01 6.240528821945190430e-01
6.839060783386230469e-01 7.163619399070739746e-01
7.704468965530395508e-01 7.352316975593566895e-01
6.594092249870300293e-01 7.468903064727783203e-01
7.730228900909423828e-01 7.627207636833190918e-01
6.887139081954956055e-01 8.168658018112182617e-01
7.070022821426391602e-01 8.247334957122802734e-01
6.616669893264770508e-01 7.554304003715515137e-01
6.303926110267639160e-01 7.313653826713562012e-01
7.788413166999816895e-01 8.090103268623352051e-01
7.804570198059082031e-01 5.787007212638854980e-01
7.419036626815795898e-01 6.409308314323425293e-01
7.179757356643676758e-01 7.482669949531555176e-01
6.119726300239562988e-01 7.301735281944274902e-01
5.657730102539062500e-01 6.282373070716857910e-01
7.079323530197143555e-01 7.323114275932312012e-01
6.240700483322143555e-01 5.770455598831176758e-01
7.179027199745178223e-01 8.257020115852355957e-01
6.837829947471618652e-01 6.216469407081604004e-01
6.662332415580749512e-01 7.705587744712829590e-01
6.151696443557739258e-01 6.311634778976440430e-01
6.188760995864868164e-01 6.038928627967834473e-01
6.867479681968688965e-01 8.663230538368225098e-01
5.534274578094482422e-01 6.625465750694274902e-01
5.961986780166625977e-01 7.021664977073669434e-01
7.675952911376953125e-01 8.116686940193176270e-01
6.282808780670166016e-01 7.577378749847412109e-01
6.200534701347351074e-01 7.769655585289001465e-01
8.196159005165100098e-01 7.340996265411376953e-01
5.530832409858703613e-01 5.011577010154724121e-01
7.507085800170898438e-01 7.034023404121398926e-01
7.553300857543945312e-01 6.451800465583801270e-01
5.872964859008789062e-01 6.982721090316772461e-01
7.630089521408081055e-01 7.050865292549133301e-01
6.400619149208068848e-01 7.261064052581787109e-01
7.903862595558166504e-01 7.569944262504577637e-01
7.592319250106811523e-01 6.107898950576782227e-01
7.011624574661254883e-01 7.481442689895629883e-01
6.623813509941101074e-01 7.128248810768127441e-01
6.817908883094787598e-01 6.741250753402709961e-01
7.373270392417907715e-01 7.608801126480102539e-01
7.141591906547546387e-01 7.443702220916748047e-01
7.157076001167297363e-01 8.125246763229370117e-01
8.063426017761230469e-01 6.244919300079345703e-01
8.158862590789794922e-01 6.342411041259765625e-01
6.778607964515686035e-01 7.977346777915954590e-01
8.272612094879150391e-01 6.141830682754516602e-01
6.885295510292053223e-01 8.808328509330749512e-01
7.318057417869567871e-01 7.054035067558288574e-01
7.371634840965270996e-01 7.524210810661315918e-01
7.853085994720458984e-01 6.833417415618896484e-01
7.851358652114868164e-01 7.442944049835205078e-01
7.963139414787292480e-01 6.868138313293457031e-01
6.487584710121154785e-01 7.510335445404052734e-01
6.691980361938476562e-01 7.382208108901977539e-01
5.443678498268127441e-01 8.099702596664428711e-01
6.404552459716796875e-01 7.603647112846374512e-01
7.508940696716308594e-01 6.974799036979675293e-01
6.468278765678405762e-01 8.976534605026245117e-01
6.266784667968750000e-01 6.732157468795776367e-01
6.608988046646118164e-01 8.425714969635009766e-01
7.492358684539794922e-01 8.357275724411010742e-01
6.772250533103942871e-01 7.175568938255310059e-01
6.729578971862792969e-01 7.282060980796813965e-01
7.507092356681823730e-01 8.146471977233886719e-01
6.617414951324462891e-01 8.706770539283752441e-01
6.670892834663391113e-01 6.243467330932617188e-01
7.699934840202331543e-01 7.336641550064086914e-01
6.758198142051696777e-01 7.989643216133117676e-01
7.453262209892272949e-01 7.319933772087097168e-01
6.526793837547302246e-01 6.498039960861206055e-01
7.563223242759704590e-01 7.859181761741638184e-01
7.961967587471008301e-01 5.851336121559143066e-01
7.385168671607971191e-01 7.312151193618774414e-01
6.470267772674560547e-01 7.607570886611938477e-01
7.023095488548278809e-01 8.130547404289245605e-01
8.258180022239685059e-01 6.914644241333007812e-01
5.471186637878417969e-01 6.559824943542480469e-01
6.722196340560913086e-01 6.324207782745361328e-01
7.808448672294616699e-01 6.675521731376647949e-01
6.819289326667785645e-01 7.009425759315490723e-01
7.186340093612670898e-01 8.073899149894714355e-01
7.856873273849487305e-01 7.227126359939575195e-01
6.330445408821105957e-01 7.647001147270202637e-01
6.275203227996826172e-01 7.557446956634521484e-01
6.803593635559082031e-01 7.713154554367065430e-01
7.151548862457275391e-01 6.143537163734436035e-01
8.028720021247863770e-01 7.862178087234497070e-01
5.668383240699768066e-01 6.255952119827270508e-01
6.582564711570739746e-01 7.878003120422363281e-01
7.004303932189941406e-01 5.995272397994995117e-01
6.961943507194519043e-01 7.116684913635253906e-01
7.299914360046386719e-01 7.243103981018066406e-01
6.746593713760375977e-01 6.373229622840881348e-01
6.725421547889709473e-01 7.112639546394348145e-01
6.850510835647583008e-01 8.480225801467895508e-01
5.965366363525390625e-01 8.466536402702331543e-01
7.784788012504577637e-01 7.558438181877136230e-01
5.924603939056396484e-01 6.022300720214843750e-01
5.774624943733215332e-01 6.355564594268798828e-01
7.736508250236511230e-01 6.982944011688232422e-01
5.550904273986816406e-01 7.078376412391662598e-01
6.139618158340454102e-01 7.874790430068969727e-01
6.925242543220520020e-01 7.087602615356445312e-01
6.334823369979858398e-01 6.801010370254516602e-01
5.277915596961975098e-01 6.104719042778015137e-01
6.736721992492675781e-01 8.196700811386108398e-01
5.898829102516174316e-01 8.769453763961791992e-01
6.757744550704956055e-01 7.471207380294799805e-01
7.375828623771667480e-01 8.415504693984985352e-01
6.427644491195678711e-01 7.014482021331787109e-01
7.250135540962219238e-01 6.847318410873413086e-01
8.056804537773132324e-01 7.057117223739624023e-01
8.245184421539306641e-01 6.193593144416809082e-01
5.835906267166137695e-01 7.690832018852233887e-01
6.312375664710998535e-01 8.277524709701538086e-01
6.826172471046447754e-01 8.091574907302856445e-01
7.987980246543884277e-01 6.629496812820434570e-01
7.596017122268676758e-01 7.883193492889404297e-01
7.097382545471191406e-01 8.264297842979431152e-01
6.005481481552124023e-01 7.900208234786987305e-01
7.981745004653930664e-01 6.720753312110900879e-01
6.017180681228637695e-01 8.164389729499816895e-01
7.102475166320800781e-01 8.445249199867248535e-01
6.033039093017578125e-01 6.798637509346008301e-01
6.525817513465881348e-01 7.213490009307861328e-01
7.371205091476440430e-01 6.782835125923156738e-01
7.408584952354431152e-01 7.930217981338500977e-01
5.558059215545654297e-01 5.620101690292358398e-01
6.826869845390319824e-01 8.382863402366638184e-01
6.808673143386840820e-01 7.277718782424926758e-01
6.902502775192260742e-01 7.326844930648803711e-01
6.786525845527648926e-01 7.869259119033813477e-01
6.543103456497192383e-01 7.695046067237854004e-01
6.671748757362365723e-01 8.234154582023620605e-01
5.688052177429199219e-01 7.239654064178466797e-01
6.009378433227539062e-01 7.835132479667663574e-01
7.682644128799438477e-01 7.441881895065307617e-01
5.279074907302856445e-01 6.502667665481567383e-01
6.526492238044738770e-01 6.139790415763854980e-01
7.737615108489990234e-01 7.421729564666748047e-01
6.824618577957153320e-01 6.203169226646423340e-01
6.358920931816101074e-01 6.036989092826843262e-01
6.718828678131103516e-01 8.232065439224243164e-01
5.688377022743225098e-01 5.638962984085083008e-01
7.722803354263305664e-01 7.774932384490966797e-01
6.928822398185729980e-01 7.112396955490112305e-01
5.821062922477722168e-01 7.127676010131835938e-01
7.274340987205505371e-01 7.823016643524169922e-01
6.137391328811645508e-01 6.939194798469543457e-01
6.491696238517761230e-01 7.443819046020507812e-01
6.934314370155334473e-01 6.648606657981872559e-01
6.620986461639404297e-01 6.715933084487915039e-01
7.255308032035827637e-01 8.502134084701538086e-01
5.619015693664550781e-01 8.068484663963317871e-01
6.183114647865295410e-01 6.433426737785339355e-01
6.855766773223876953e-01 7.734828591346740723e-01
7.632568478584289551e-01 6.786138415336608887e-01
7.259555459022521973e-01 7.535556554794311523e-01
5.886657238006591797e-01 7.213991880416870117e-01
7.352162599563598633e-01 6.019316911697387695e-01
6.571264863014221191e-01 8.519018888473510742e-01
6.013873219490051270e-01 5.592314004898071289e-01
7.135939598083496094e-01 6.738144159317016602e-01
5.861438512802124023e-01 7.391042113304138184e-01
5.328549146652221680e-01 6.066703796386718750e-01
7.319864630699157715e-01 7.235013246536254883e-01
6.951641440391540527e-01 8.774076700210571289e-01
6.394193768501281738e-01 6.938751935958862305e-01
5.899413228034973145e-01 6.170952320098876953e-01
5.243393778800964355e-01 6.267243027687072754e-01
6.659172773361206055e-01 8.004610538482666016e-01
6.281362771987915039e-01 8.325308561325073242e-01
6.993032097816467285e-01 8.010188341140747070e-01
7.175040841102600098e-01 7.496761679649353027e-01
6.484960913658142090e-01 9.066473841667175293e-01
6.964546442031860352e-01 8.821062445640563965e-01
7.589839696884155273e-01 7.555822134017944336e-01
6.013389229774475098e-01 7.226573228836059570e-01
5.933407545089721680e-01 6.461548805236816406e-01
6.055972576141357422e-01 8.748415112495422363e-01
6.354837417602539062e-01 6.002894043922424316e-01
6.144107580184936523e-01 7.255408763885498047e-01
6.004143953323364258e-01 7.945637106895446777e-01
6.512483954429626465e-01 7.680258154869079590e-01
6.192941069602966309e-01 7.964913845062255859e-01
7.721014022827148438e-01 7.164082527160644531e-01
6.212404966354370117e-01 6.087311506271362305e-01
7.217921018600463867e-01 6.800899505615234375e-01
7.089993953704833984e-01 8.214458823204040527e-01
6.245676279067993164e-01 7.056239843368530273e-01
6.666973829269409180e-01 6.972345113754272461e-01
7.102943658828735352e-01 6.431194543838500977e-01
5.949302315711975098e-01 7.369435429573059082e-01
7.599372267723083496e-01 7.207331061363220215e-01
7.320877313613891602e-01 7.361960411071777344e-01
8.450772166252136230e-01 5.566594004631042480e-01
8.459058403968811035e-01 6.477270126342773438e-01
7.342694997787475586e-01 6.836338639259338379e-01
5.730848908424377441e-01 5.200310945510864258e-01
5.888286828994750977e-01 8.017028570175170898e-01
7.291986346244812012e-01 8.450271487236022949e-01
6.461892127990722656e-01 6.783301234245300293e-01
6.761198639869689941e-01 7.568381428718566895e-01
6.148943305015563965e-01 5.173032879829406738e-01
7.719696760177612305e-01 7.329451441764831543e-01
8.018277287483215332e-01 6.325004696846008301e-01
6.122910976409912109e-01 7.161611914634704590e-01
6.334682106971740723e-01 6.332311034202575684e-01
5.824928879737854004e-01 5.585590600967407227e-01
6.488318443298339844e-01 8.041204810142517090e-01
7.196722030639648438e-01 7.818676233291625977e-01
6.734498143196105957e-01 7.562519311904907227e-01
7.134135961532592773e-01 6.644311547279357910e-01
6.790857315063476562e-01 5.880371332168579102e-01
6.829965114593505859e-01 7.215618491172790527e-01
6.754270195960998535e-01 8.446974158287048340e-01
6.113606691360473633e-01 5.780885219573974609e-01
7.847390770912170410e-01 6.428442597389221191e-01
7.414528727531433105e-01 7.812026143074035645e-01
6.012589931488037109e-01 6.764217019081115723e-01
5.272829532623291016e-01 8.630468845367431641e-01
6.259731054306030273e-01 6.075401902198791504e-01
7.367793321609497070e-01 7.594824433326721191e-01
7.992259263992309570e-01 6.280452013015747070e-01
6.880078911781311035e-01 7.081493735313415527e-01
5.855158567428588867e-01 7.372540831565856934e-01
7.447072267532348633e-01 6.029344201087951660e-01
5.152035355567932129e-01 5.912523269653320312e-01
6.992421150207519531e-01 7.456949949264526367e-01
6.099970340728759766e-01 7.634384036064147949e-01
6.822938323020935059e-01 7.228882908821105957e-01
7.007145285606384277e-01 7.555344104766845703e-01
6.222034692764282227e-01 8.648742437362670898e-01
6.746374964714050293e-01 6.288048028945922852e-01
7.328422665596008301e-01 7.194398641586303711e-01
6.225137710571289062e-01 6.328966021537780762e-01
7.376009821891784668e-01 5.772133469581604004e-01
7.245748043060302734e-01 7.977249026298522949e-01
5.577903985977172852e-01 5.724024772644042969e-01
6.294456720352172852e-01 8.475161194801330566e-01
7.056511044502258301e-01 6.677950620651245117e-01
6.575375199317932129e-01 6.468883752822875977e-01
7.219978570938110352e-01 8.311902284622192383e-01
6.957994699478149414e-01 7.583760023117065430e-01
5.901968479156494141e-01 8.401406407356262207e-01
6.152842044830322266e-01 7.365563511848449707e-01
5.900520086288452148e-01 7.968005537986755371e-01
6.981834173202514648e-01 7.010498046875000000e-01
7.522498965263366699e-01 6.512003540992736816e-01
5.795388817787170410e-01 6.406013369560241699e-01
5.521088242530822754e-01 8.785218596458435059e-01
8.174206018447875977e-01 5.869069695472717285e-01
7.230234742164611816e-01 8.221022486686706543e-01
6.409342288970947266e-01 8.584030866622924805e-01
6.751630902290344238e-01 7.148417234420776367e-01
6.684201359748840332e-01 7.809630632400512695e-01
6.410698890686035156e-01 7.814770340919494629e-01
6.480846405029296875e-01 8.280242085456848145e-01
6.197901368141174316e-01 7.117530107498168945e-01
6.945193409919738770e-01 8.016631603240966797e-01
5.149537324905395508e-01 6.688151359558105469e-01
5.452671051025390625e-01 5.708352327346801758e-01
5.877062678337097168e-01 8.761283755302429199e-01
6.616504788398742676e-01 6.969481706619262695e-01
5.982378721237182617e-01 8.403256535530090332e-01
6.936982274055480957e-01 8.713024258613586426e-01
6.089813113212585449e-01 8.667843937873840332e-01
6.554574966430664062e-01 5.386590957641601562e-01
6.677506566047668457e-01 7.479743361473083496e-01
7.157670259475708008e-01 6.680487990379333496e-01
4.945858418941497803e-01 6.257283687591552734e-01
5.706157684326171875e-01 6.801873445510864258e-01
7.122001051902770996e-01 7.898336052894592285e-01
5.572612881660461426e-01 6.089140772819519043e-01
6.132732033729553223e-01 7.419434189796447754e-01
5.784728527069091797e-01 6.298956274986267090e-01
6.432392597198486328e-01 8.514760732650756836e-01
7.021896839141845703e-01 7.612451314926147461e-01
6.308375000953674316e-01 6.297039389610290527e-01
6.061792373657226562e-01 7.051452994346618652e-01
6.405787467956542969e-01 7.765367031097412109e-01
7.372443675994873047e-01 6.980453729629516602e-01
7.907520532608032227e-01 7.055037021636962891e-01
6.063754558563232422e-01 6.953039169311523438e-01
7.620283961296081543e-01 7.224996089935302734e-01
5.848039388656616211e-01 8.637043237686157227e-01
7.131218314170837402e-01 8.589843511581420898e-01
5.745441317558288574e-01 7.741916179656982422e-01
7.106156945228576660e-01 7.103250026702880859e-01
6.359677910804748535e-01 8.437165617942810059e-01
6.239405870437622070e-01 6.947856545448303223e-01
6.866036057472229004e-01 7.896028757095336914e-01
7.428371310234069824e-01 6.522790789604187012e-01
8.035100698471069336e-01 5.706121921539306641e-01
6.689468026161193848e-01 7.126963138580322266e-01
7.439324259757995605e-01 6.929944753646850586e-01
6.045538783073425293e-01 7.820148468017578125e-01
6.291519999504089355e-01 7.709617614746093750e-01
5.626334547996520996e-01 8.994119167327880859e-01
7.127346396446228027e-01 6.367412805557250977e-01
7.374763488769531250e-01 7.865852713584899902e-01
5.730558633804321289e-01 6.723140478134155273e-01
6.337354183197021484e-01 6.909811496734619141e-01
6.222475171089172363e-01 6.408311128616333008e-01
6.506172418594360352e-01 6.545612215995788574e-01
6.459808349609375000e-01 6.044036149978637695e-01
6.422915458679199219e-01 7.432026863098144531e-01
6.635509729385375977e-01 6.794639229774475098e-01
7.277613282203674316e-01 8.039979338645935059e-01
6.295968294143676758e-01 6.448900699615478516e-01
6.080884337425231934e-01 7.906175851821899414e-01
5.515339970588684082e-01 7.003700137138366699e-01
7.605695128440856934e-01 7.140745520591735840e-01
5.895076394081115723e-01 6.577978134155273438e-01
7.160929441452026367e-01 7.617381811141967773e-01
7.870489954948425293e-01 7.022876143455505371e-01
7.320807576179504395e-01 6.821733713150024414e-01
5.623922348022460938e-01 6.817568540573120117e-01
5.716007947921752930e-01 7.853245735168457031e-01
6.791740059852600098e-01 7.798904180526733398e-01
6.663011312484741211e-01 7.317891716957092285e-01
6.933716535568237305e-01 7.351574301719665527e-01
5.559309124946594238e-01 7.480394840240478516e-01
5.778497457504272461e-01 6.657264828681945801e-01
7.313416600227355957e-01 6.662434935569763184e-01
6.893138289451599121e-01 7.930797934532165527e-01
7.266808748245239258e-01 7.934867739677429199e-01
6.850685477256774902e-01 8.022395968437194824e-01
6.444665193557739258e-01 6.488494873046875000e-01
5.836546421051025391e-01 8.449390530586242676e-01
6.215280294418334961e-01 7.663461565971374512e-01
6.556903719902038574e-01 8.846956491470336914e-01
6.371188163757324219e-01 7.276141047477722168e-01
6.931234002113342285e-01 7.628028392791748047e-01
7.232486605644226074e-01 7.925193905830383301e-01
6.018558740615844727e-01 6.756091713905334473e-01
6.855087876319885254e-01 7.957251071929931641e-01
7.381584644317626953e-01 7.399593591690063477e-01
6.125426888465881348e-01 6.819282770156860352e-01
6.830826401710510254e-01 8.325442075729370117e-01
7.075071930885314941e-01 6.248553395271301270e-01
5.223127603530883789e-01 5.107566118240356445e-01
5.813748836517333984e-01 7.077347040176391602e-01
6.435423493385314941e-01 8.414863348007202148e-01
6.201952099800109863e-01 5.448936820030212402e-01
6.612842679023742676e-01 8.039041757583618164e-01
6.851081252098083496e-01 7.688634395599365234e-01
6.517544388771057129e-01 7.740611433982849121e-01
7.038076519966125488e-01 6.465111374855041504e-01
6.525457501411437988e-01 6.953954696655273438e-01
5.337284803390502930e-01 5.987439751625061035e-01
6.711891889572143555e-01 6.520420312881469727e-01
7.056973576545715332e-01 8.281596899032592773e-01
5.807116031646728516e-01 7.045022249221801758e-01
6.030675768852233887e-01 9.026975631713867188e-01
6.884762644767761230e-01 8.770636320114135742e-01
5.507926940917968750e-01 8.608617782592773438e-01
6.966846585273742676e-01 7.092080116271972656e-01
6.813918352127075195e-01 6.887327432632446289e-01
6.885377168655395508e-01 7.766461968421936035e-01
6.874557137489318848e-01 7.127429246902465820e-01
6.747890114784240723e-01 7.847356796264648438e-01
7.870437502861022949e-01 5.081468820571899414e-01
6.416137218475341797e-01 8.263813257217407227e-01
5.993441939353942871e-01 6.669340729713439941e-01
5.860939025878906250e-01 7.074485421180725098e-01
6.484746932983398438e-01 6.729606389999389648e-01
6.024382114410400391e-01 7.041317224502563477e-01
5.556863546371459961e-01 6.357015371322631836e-01
7.835566997528076172e-01 7.091102004051208496e-01
5.242431759834289551e-01 5.462514162063598633e-01
5.964562892913818359e-01 8.963232636451721191e-01
6.625208854675292969e-01 8.335378170013427734e-01
7.032105922698974609e-01 7.840797901153564453e-01
5.662102103233337402e-01 5.978901386260986328e-01
7.655356526374816895e-01 7.367901206016540527e-01
7.571784853935241699e-01 7.347528934478759766e-01
7.128146290779113770e-01 8.394308686256408691e-01
5.949697494506835938e-01 6.579415202140808105e-01
5.082585215568542480e-01 5.115377902984619141e-01
7.820842862129211426e-01 5.924969315528869629e-01
7.077792286872863770e-01 7.716030478477478027e-01
6.223380565643310547e-01 8.388466238975524902e-01
5.575317740440368652e-01 7.174705862998962402e-01
6.464935541152954102e-01 8.343952298164367676e-01
7.448878288269042969e-01 7.875272035598754883e-01
7.193781733512878418e-01 7.089204788208007812e-01
6.580309867858886719e-01 6.983245611190795898e-01
5.672764182090759277e-01 6.587773561477661133e-01
6.391535997390747070e-01 7.527729868888854980e-01
6.588620543479919434e-01 8.011327981948852539e-01
7.557492256164550781e-01 5.768755078315734863e-01
6.926625967025756836e-01 7.139416933059692383e-01
6.631535291671752930e-01 7.316769361495971680e-01
6.641452312469482422e-01 7.903877496719360352e-01
5.458496212959289551e-01 6.845728754997253418e-01
5.827606320381164551e-01 8.395105004310607910e-01
5.970237255096435547e-01 7.074626088142395020e-01
7.345587015151977539e-01 6.540745496749877930e-01
5.659087896347045898e-01 5.704841613769531250e-01
5.993595123291015625e-01 6.645568609237670898e-01
7.037410736083984375e-01 6.157760024070739746e-01
6.625968217849731445e-01 6.611598134040832520e-01
5.085389614105224609e-01 8.530822396278381348e-01
7.272267341613769531e-01 7.331045269966125488e-01
5.947558879852294922e-01 6.783989071846008301e-01
5.995524525642395020e-01 7.814362049102783203e-01
6.958614587783813477e-01 8.193254470825195312e-01
7.878919839859008789e-01 6.717764735221862793e-01
5.450543761253356934e-01 6.886492967605590820e-01
7.160810232162475586e-01 6.308958530426025391e-01
6.517171859741210938e-01 7.318218946456909180e-01
6.288853287696838379e-01 8.092275261878967285e-01
7.174952030181884766e-01 7.633619308471679688e-01
6.168372035026550293e-01 7.984526753425598145e-01
6.439109444618225098e-01 7.562842965126037598e-01
6.641483306884765625e-01 8.317046165466308594e-01
6.420075893402099609e-01 8.930771350860595703e-01
7.480185627937316895e-01 7.395721077919006348e-01
6.207449436187744141e-01 7.945868968963623047e-01
7.371581792831420898e-01 6.735989451408386230e-01
5.332041978836059570e-01 7.428610324859619141e-01
5.947561860084533691e-01 8.957153558731079102e-01
7.828397750854492188e-01 7.109287381172180176e-01
6.469509005546569824e-01 6.541339159011840820e-01
6.297339797019958496e-01 6.467074751853942871e-01
4.922631382942199707e-01 5.570197105407714844e-01
6.645394563674926758e-01 7.827604413032531738e-01
7.290418744087219238e-01 7.249507904052734375e-01
6.353625059127807617e-01 7.795175909996032715e-01
6.479219198226928711e-01 8.292739987373352051e-01
6.986504793167114258e-01 6.729971766471862793e-01
5.973336696624755859e-01 7.399932146072387695e-01
8.165637850761413574e-01 5.776937603950500488e-01
7.555971145629882812e-01 7.041025161743164062e-01
6.393325924873352051e-01 7.700055241584777832e-01
6.013864874839782715e-01 8.284448385238647461e-01
7.870478630065917969e-01 6.309260129928588867e-01
5.262475013732910156e-01 5.515871047973632812e-01
7.325137853622436523e-01 5.879111289978027344e-01
7.190958857536315918e-01 8.043304681777954102e-01
5.890966057777404785e-01 6.093048453330993652e-01
5.590925812721252441e-01 8.498662710189819336e-01
5.841543674468994141e-01 8.160297870635986328e-01
6.180263757705688477e-01 7.513091564178466797e-01
6.269893050193786621e-01 7.937838435173034668e-01
7.322260141372680664e-01 6.269810795783996582e-01
6.563875675201416016e-01 8.354884982109069824e-01
6.841605901718139648e-01 7.395355105400085449e-01
5.855399966239929199e-01 8.622614145278930664e-01
4.924841523170471191e-01 7.206380963325500488e-01
6.648042201995849609e-01 7.936336994171142578e-01
6.774389147758483887e-01 7.176437377929687500e-01
6.460454463958740234e-01 8.091499209403991699e-01
7.223151922225952148e-01 7.729916572570800781e-01
5.389655232429504395e-01 8.032882809638977051e-01
7.092437148094177246e-01 7.779669761657714844e-01
5.841867327690124512e-01 7.812938094139099121e-01
6.630600690841674805e-01 7.959776520729064941e-01
5.530081391334533691e-01 6.729591488838195801e-01
5.788269639015197754e-01 7.404595613479614258e-01
6.844691038131713867e-01 7.305902242660522461e-01
7.785023450851440430e-01 6.187642216682434082e-01
6.134291291236877441e-01 7.454813122749328613e-01
6.492426991462707520e-01 7.359507679939270020e-01
6.100419163703918457e-01 7.188447117805480957e-01
6.829581856727600098e-01 7.374343872070312500e-01
6.661189198493957520e-01 8.148917555809020996e-01
6.588326096534729004e-01 6.727430224418640137e-01
5.550134778022766113e-01 7.416426539421081543e-01
7.023772597312927246e-01 7.820797562599182129e-01
7.043099403381347656e-01 5.865375995635986328e-01
6.753807663917541504e-01 8.241742253303527832e-01
5.899785757064819336e-01 7.095622420310974121e-01
6.278055310249328613e-01 7.036707401275634766e-01
5.538872480392456055e-01 5.725144147872924805e-01
6.844882965087890625e-01 7.678275108337402344e-01
6.161246895790100098e-01 6.595950722694396973e-01
5.180515050888061523e-01 6.025096774101257324e-01
6.115289926528930664e-01 8.652523159980773926e-01
4.648546278476715088e-01 4.594654440879821777e-01
5.931659340858459473e-01 6.941915154457092285e-01
6.943208575248718262e-01 7.042267918586730957e-01
7.686132192611694336e-01 5.963038802146911621e-01
6.139842867851257324e-01 7.967407107353210449e-01
5.561969280242919922e-01 6.960713863372802734e-01
6.002565026283264160e-01 7.691206336021423340e-01
7.378661632537841797e-01 7.196689248085021973e-01
4.782406091690063477e-01 6.021916270256042480e-01
6.788707375526428223e-01 8.352279663085937500e-01
6.255930662155151367e-01 6.115854382514953613e-01
6.876990199089050293e-01 8.007259368896484375e-01
7.160486578941345215e-01 6.850750446319580078e-01
7.936175465583801270e-01 6.226917505264282227e-01
5.658596158027648926e-01 7.762963771820068359e-01
6.879103779792785645e-01 7.114185690879821777e-01
6.678271889686584473e-01 7.594732642173767090e-01
6.582611799240112305e-01 7.510476112365722656e-01
6.891198754310607910e-01 7.814549803733825684e-01
5.832178592681884766e-01 7.750155329704284668e-01
6.764938235282897949e-01 7.624351978302001953e-01
5.614376068115234375e-01 7.215168476104736328e-01
5.083674192428588867e-01 6.198527216911315918e-01
7.874907851219177246e-01 6.188769340515136719e-01
6.000235080718994141e-01 6.107645034790039062e-01
6.218327879905700684e-01 6.028166413307189941e-01
7.956570982933044434e-01 5.807353854179382324e-01
6.423497796058654785e-01 6.913694143295288086e-01
7.532038092613220215e-01 7.695077657699584961e-01
7.067251801490783691e-01 7.144739627838134766e-01
5.896270871162414551e-01 6.984791159629821777e-01
5.841615200042724609e-01 7.005664706230163574e-01
6.765566468238830566e-01 7.549694180488586426e-01
5.650913715362548828e-01 8.705682158470153809e-01
7.045375704765319824e-01 6.617602705955505371e-01
6.804112792015075684e-01 7.192715406417846680e-01
6.497560143470764160e-01 8.367137908935546875e-01
5.608382225036621094e-01 7.368015646934509277e-01
6.450480222702026367e-01 7.360391616821289062e-01
6.926889419555664062e-01 7.825121879577636719e-01
6.454227566719055176e-01 7.778930664062500000e-01
6.629183888435363770e-01 8.078050613403320312e-01
7.686403989791870117e-01 7.256659865379333496e-01
5.860195755958557129e-01 7.034751176834106445e-01
7.734629511833190918e-01 6.843035221099853516e-01
6.293404698371887207e-01 7.357945442199707031e-01
7.775667309761047363e-01 6.327136754989624023e-01
6.873319149017333984e-01 6.977390646934509277e-01
7.029588818550109863e-01 6.684830784797668457e-01
7.340182662010192871e-01 6.810691952705383301e-01
6.059451103210449219e-01 7.690105438232421875e-01
6.255473494529724121e-01 7.912406325340270996e-01
6.023169159889221191e-01 7.131862640380859375e-01
6.103774905204772949e-01 6.897611618041992188e-01
7.066606879234313965e-01 8.010968565940856934e-01
7.466884851455688477e-01 6.453258991241455078e-01
5.677453875541687012e-01 8.634237051010131836e-01
7.563367486000061035e-01 7.216098308563232422e-01
7.723770737648010254e-01 5.790312886238098145e-01
6.535059809684753418e-01 6.739485859870910645e-01
6.266611814498901367e-01 8.069562315940856934e-01
6.644737124443054199e-01 7.084239125251770020e-01
6.085981726646423340e-01 7.110626697540283203e-01
6.937719583511352539e-01 6.479008793830871582e-01
6.969084739685058594e-01 6.858073472976684570e-01
5.698663592338562012e-01 6.697397828102111816e-01
5.415675044059753418e-01 7.544577717781066895e-01
6.111599802970886230e-01 6.984024643898010254e-01
6.255604028701782227e-01 7.778344750404357910e-01
5.195808410644531250e-01 6.339878439903259277e-01
7.399544119834899902e-01 5.600462555885314941e-01
7.871790528297424316e-01 6.100376248359680176e-01
6.390853524208068848e-01 7.132028937339782715e-01
4.623346030712127686e-01 5.584541559219360352e-01
6.127235889434814453e-01 7.392718791961669922e-01
5.153521299362182617e-01 5.468078255653381348e-01
6.624799370765686035e-01 7.552491426467895508e-01
6.105139255523681641e-01 7.375752329826354980e-01
5.925275087356567383e-01 7.389398813247680664e-01
6.433168649673461914e-01 7.768201231956481934e-01
6.495913863182067871e-01 7.108985185623168945e-01
5.722323060035705566e-01 6.662223935127258301e-01
6.531863808631896973e-01 6.819126605987548828e-01
5.662772655487060547e-01 7.986885905265808105e-01
5.821393132209777832e-01 6.271120905876159668e-01
7.193941473960876465e-01 6.692490577697753906e-01
6.389921307563781738e-01 7.559092044830322266e-01
5.088040828704833984e-01 7.003064751625061035e-01
5.008657574653625488e-01 6.681016087532043457e-01
6.096262931823730469e-01 6.703053116798400879e-01
6.121206879615783691e-01 6.622536778450012207e-01
6.423692107200622559e-01 8.282411098480224609e-01
7.343651652336120605e-01 6.211160421371459961e-01
5.447544455528259277e-01 6.163303256034851074e-01
5.564383268356323242e-01 6.038703322410583496e-01
6.114480495452880859e-01 7.224527597427368164e-01
6.307792067527770996e-01 9.042441248893737793e-01
7.594190239906311035e-01 6.925001144409179688e-01
7.525668740272521973e-01 7.254641652107238770e-01
6.100156307220458984e-01 7.524031400680541992e-01
6.402791142463684082e-01 7.510387301445007324e-01
5.801669359207153320e-01 7.716100215911865234e-01
6.236108541488647461e-01 7.407170534133911133e-01
5.949117541313171387e-01 5.530389547348022461e-01
7.634908556938171387e-01 6.450000405311584473e-01
6.579578518867492676e-01 8.047516942024230957e-01
5.798759460449218750e-01 7.952706217765808105e-01
5.200350284576416016e-01 7.223950624465942383e-01
6.991850137710571289e-01 6.890797019004821777e-01
7.463960647583007812e-01 6.519936323165893555e-01
6.979519128799438477e-01 8.167167305946350098e-01
5.914928913116455078e-01 6.942105889320373535e-01
6.343665719032287598e-01 8.046224713325500488e-01
5.925740599632263184e-01 5.709010362625122070e-01
7.319794893264770508e-01 7.053476572036743164e-01
6.369251608848571777e-01 7.376046180725097656e-01
7.055556774139404297e-01 7.194004058837890625e-01
6.757855415344238281e-01 7.323960065841674805e-01
7.682360410690307617e-01 6.892616748809814453e-01
6.460615396499633789e-01 8.264334201812744141e-01
5.875133872032165527e-01 7.077468633651733398e-01
7.283001542091369629e-01 6.720421314239501953e-01
4.496695995330810547e-01 7.932201623916625977e-01
5.907441973686218262e-01 7.118617892265319824e-01
5.684783458709716797e-01 5.751209855079650879e-01
6.030588746070861816e-01 7.775780558586120605e-01
5.829992890357971191e-01 7.576282620429992676e-01
6.701710224151611328e-01 7.822694182395935059e-01
4.985192716121673584e-01 6.492747664451599121e-01
5.483835935592651367e-01 5.798484086990356445e-01
5.583191514015197754e-01 6.861413717269897461e-01
6.922611594200134277e-01 7.367303967475891113e-01
6.176856160163879395e-01 6.948297619819641113e-01
6.167198419570922852e-01 8.058173060417175293e-01
5.444878339767456055e-01 5.906292200088500977e-01
6.274818778038024902e-01 6.874563694000244141e-01
6.697630882263183594e-01 7.668627500534057617e-01
5.525883436203002930e-01 7.798401713371276855e-01
5.166384577751159668e-01 8.186236619949340820e-01
6.380543708801269531e-01 6.571664810180664062e-01
6.586992144584655762e-01 7.344491481781005859e-01
7.000420689582824707e-01 6.738728284835815430e-01
5.808510780334472656e-01 6.244133114814758301e-01
6.238984465599060059e-01 7.336914539337158203e-01
6.471588611602783203e-01 7.039408087730407715e-01
6.667428016662597656e-01 7.104352712631225586e-01
5.605986714363098145e-01 6.422561407089233398e-01
7.226655483245849609e-01 7.349376678466796875e-01
7.129552960395812988e-01 6.633946299552917480e-01
6.147781014442443848e-01 7.200346589088439941e-01
7.138924598693847656e-01 7.219331860542297363e-01
5.153715014457702637e-01 7.093727588653564453e-01
7.731628417968750000e-01 6.049230694770812988e-01
5.739898681640625000e-01 9.029681086540222168e-01
6.335825920104980469e-01 6.683917641639709473e-01
7.654262781143188477e-01 6.428918242454528809e-01
5.926086902618408203e-01 7.500200867652893066e-01
7.332322597503662109e-01 5.464946627616882324e-01
6.709623336791992188e-01 8.149731755256652832e-01
4.743321835994720459e-01 8.728461265563964844e-01
4.997935295104980469e-01 6.437050700187683105e-01
6.088814735412597656e-01 9.094452857971191406e-01
5.839009881019592285e-01 6.581823825836181641e-01
5.950054526329040527e-01 6.862336397171020508e-01
6.167228221893310547e-01 7.624357342720031738e-01
6.287935972213745117e-01 6.989570260047912598e-01
8.103938102722167969e-01 5.913920998573303223e-01
6.210209727287292480e-01 7.730531096458435059e-01
5.423052906990051270e-01 7.253623604774475098e-01
7.624915242195129395e-01 5.949538946151733398e-01
5.360960960388183594e-01 7.457945942878723145e-01
5.266324877738952637e-01 5.905424952507019043e-01
6.415087580680847168e-01 8.752021789550781250e-01
5.598554015159606934e-01 6.160866618156433105e-01
6.830636858940124512e-01 6.817458271980285645e-01
5.735852122306823730e-01 8.333193659782409668e-01
6.550374031066894531e-01 7.834125757217407227e-01
6.698266863822937012e-01 7.226559519767761230e-01
6.864497661590576172e-01 7.442291378974914551e-01
6.786732077598571777e-01 7.845275402069091797e-01
7.232356667518615723e-01 6.811439394950866699e-01
4.813511669635772705e-01 5.830160975456237793e-01
4.833677709102630615e-01 5.737422704696655273e-01
6.584231853485107422e-01 6.683053970336914062e-01
5.329409837722778320e-01 6.638789772987365723e-01
7.138277888298034668e-01 7.350131273269653320e-01
5.796189904212951660e-01 6.893252730369567871e-01
6.515663862228393555e-01 5.927327871322631836e-01
4.914080202579498291e-01 6.823445558547973633e-01
5.146893858909606934e-01 7.527794837951660156e-01
4.875897169113159180e-01 7.774178385734558105e-01
6.056635975837707520e-01 5.379153490066528320e-01
5.890798568725585938e-01 5.803415775299072266e-01
6.373474597930908203e-01 7.637919187545776367e-01
6.426132321357727051e-01 7.959975600242614746e-01
5.207074284553527832e-01 5.568412542343139648e-01
4.772696793079376221e-01 7.564612030982971191e-01
6.448223590850830078e-01 6.989710927009582520e-01
6.683114767074584961e-01 7.625490427017211914e-01
7.087970972061157227e-01 6.581104397773742676e-01
5.802881121635437012e-01 7.530457377433776855e-01
6.574559211730957031e-01 6.689319610595703125e-01
5.652185678482055664e-01 6.781380772590637207e-01
5.938360691070556641e-01 7.993267774581909180e-01
4.874535202980041504e-01 6.409671306610107422e-01
6.366381049156188965e-01 6.742466688156127930e-01
6.518813371658325195e-01 6.972507238388061523e-01
5.011699199676513672e-01 8.370068669319152832e-01
6.754366159439086914e-01 7.877084016799926758e-01
6.896778345108032227e-01 7.128631472587585449e-01
6.891333460807800293e-01 8.331575989723205566e-01
6.142556667327880859e-01 8.145049214363098145e-01
6.673148870468139648e-01 7.306322455406188965e-01
5.738544464111328125e-01 8.852254748344421387e-01
4.584501087665557861e-01 5.669209361076354980e-01
5.975477099418640137e-01 7.691632509231567383e-01
6.345173120498657227e-01 7.553138732910156250e-01
7.565025091171264648e-01 7.028432488441467285e-01
5.974435806274414062e-01 8.594882488250732422e-01
6.133823394775390625e-01 6.222547292709350586e-01
5.287442207336425781e-01 8.009054064750671387e-01
5.064415335655212402e-01 8.202158808708190918e-01
7.790778875350952148e-01 5.249281525611877441e-01
6.492871046066284180e-01 6.906790137290954590e-01
6.269422769546508789e-01 8.193806409835815430e-01
6.566444635391235352e-01 7.016093730926513672e-01
6.170481443405151367e-01 6.773602366447448730e-01
6.643742322921752930e-01 7.001638412475585938e-01
6.494774222373962402e-01 6.883175373077392578e-01
6.716044545173645020e-01 7.594588398933410645e-01
5.712711215019226074e-01 6.755079030990600586e-01
6.777399182319641113e-01 7.907860279083251953e-01
6.077710986137390137e-01 7.264614105224609375e-01
7.049378156661987305e-01 7.572519183158874512e-01
6.103484034538269043e-01 7.878207564353942871e-01
4.857108891010284424e-01 8.434383273124694824e-01
6.621304154396057129e-01 7.700512409210205078e-01
5.424194931983947754e-01 8.439372777938842773e-01
5.045323371887207031e-01 6.604983210563659668e-01
6.132090091705322266e-01 7.361735105514526367e-01
6.738592982292175293e-01 6.398929357528686523e-01
6.408824324607849121e-01 6.393408775329589844e-01
5.780279040336608887e-01 6.785461306571960449e-01
5.336563587188720703e-01 7.842531204223632812e-01
6.249264478683471680e-01 7.623513340950012207e-01
7.537270188331604004e-01 5.410668849945068359e-01
7.705025672912597656e-01 6.077575087547302246e-01
6.023323535919189453e-01 8.172883987426757812e-01
5.649600625038146973e-01 5.897616147994995117e-01
5.975261926651000977e-01 8.241887092590332031e-01
5.768678784370422363e-01 8.331934213638305664e-01
6.213433742523193359e-01 7.125828266143798828e-01
7.407158613204956055e-01 6.680532693862915039e-01
5.723538994789123535e-01 6.484227776527404785e-01
6.139949560165405273e-01 8.414216637611389160e-01
7.045410275459289551e-01 6.387144923210144043e-01
4.636688530445098877e-01 5.266336202621459961e-01
6.276615262031555176e-01 8.147071599960327148e-01
5.616928339004516602e-01 7.081790566444396973e-01
6.512961983680725098e-01 7.899875640869140625e-01
4.959780275821685791e-01 6.735384464263916016e-01
4.950524866580963135e-01 7.320773601531982422e-01
5.459384918212890625e-01 8.082670569419860840e-01
6.191744804382324219e-01 6.892948746681213379e-01
6.279277205467224121e-01 8.277099132537841797e-01
6.016984581947326660e-01 7.140398621559143066e-01
6.911116838455200195e-01 7.142803668975830078e-01
5.513858795166015625e-01 8.080997467041015625e-01
6.355312466621398926e-01 5.406352281570434570e-01
5.074269175529479980e-01 6.969927549362182617e-01
5.648182630538940430e-01 6.870099306106567383e-01
5.540190935134887695e-01 6.597586274147033691e-01
6.465101242065429688e-01 7.638155221939086914e-01
5.603597164154052734e-01 6.358829736709594727e-01
7.864633798599243164e-01 5.377361178398132324e-01
5.930988788604736328e-01 7.634612917900085449e-01
6.445372104644775391e-01 7.080949544906616211e-01
5.687070488929748535e-01 8.180990815162658691e-01
6.892954707145690918e-01 8.197538256645202637e-01
5.445923805236816406e-01 7.571266293525695801e-01
6.959723830223083496e-01 6.285837292671203613e-01
5.677022337913513184e-01 6.596058607101440430e-01
5.671962499618530273e-01 8.255181312561035156e-01
6.651692986488342285e-01 6.727461814880371094e-01
7.309561967849731445e-01 7.607699036598205566e-01
5.347661972045898438e-01 8.558247685432434082e-01
7.426995635032653809e-01 5.950549840927124023e-01
6.749085783958435059e-01 6.272891163825988770e-01
5.129767656326293945e-01 6.481240391731262207e-01
5.847387909889221191e-01 7.485936880111694336e-01
6.332351565361022949e-01 8.609226942062377930e-01
5.843773484230041504e-01 8.248804807662963867e-01
6.978505849838256836e-01 6.372831463813781738e-01
6.485509872436523438e-01 7.327151894569396973e-01
6.261801719665527344e-01 6.681225299835205078e-01
5.999848842620849609e-01 6.424146890640258789e-01
5.745958089828491211e-01 6.250573992729187012e-01
6.956702470779418945e-01 7.483175992965698242e-01
6.476487517356872559e-01 6.279232501983642578e-01
6.363827586174011230e-01 7.250944375991821289e-01
6.491367220878601074e-01 6.430186033248901367e-01
5.766964554786682129e-01 7.578408718109130859e-01
6.365346908569335938e-01 7.979511022567749023e-01
5.433179140090942383e-01 7.086870074272155762e-01
6.074201464653015137e-01 7.851227521896362305e-01
5.882784724235534668e-01 7.734906077384948730e-01
6.127018928527832031e-01 8.177450895309448242e-01
6.568474173545837402e-01 6.579014062881469727e-01
6.107927560806274414e-01 7.896277904510498047e-01
4.912986159324645996e-01 7.524085640907287598e-01
5.132759809494018555e-01 7.590218186378479004e-01
6.088560819625854492e-01 8.963159918785095215e-01
6.501892209053039551e-01 5.870273113250732422e-01
5.444651842117309570e-01 8.488841056823730469e-01
6.463523507118225098e-01 6.402645707130432129e-01
5.878691077232360840e-01 7.756255269050598145e-01
5.752832889556884766e-01 7.083916664123535156e-01
4.625569283962249756e-01 6.054634451866149902e-01
6.351484656333923340e-01 8.156939744949340820e-01
5.979919433593750000e-01 7.953871488571166992e-01
5.214790701866149902e-01 7.550733089447021484e-01
6.245065331459045410e-01 7.975511550903320312e-01
6.014368534088134766e-01 7.570639848709106445e-01
6.431013941764831543e-01 7.489125728607177734e-01
6.461114287376403809e-01 5.938214063644409180e-01
6.218382120132446289e-01 7.243629097938537598e-01
6.684462428092956543e-01 7.224402427673339844e-01
6.304565668106079102e-01 5.788013339042663574e-01
6.370530128479003906e-01 7.165624499320983887e-01
5.630488991737365723e-01 8.638426661491394043e-01
6.038706302642822266e-01 6.900258660316467285e-01
6.090095043182373047e-01 8.752071857452392578e-01
5.782145261764526367e-01 7.538377642631530762e-01
6.765537858009338379e-01 7.153892517089843750e-01
5.548175573348999023e-01 7.296724319458007812e-01
5.972982645034790039e-01 8.155486583709716797e-01
4.992292225360870361e-01 8.581323027610778809e-01
6.093989014625549316e-01 6.171466112136840820e-01
5.439357161521911621e-01 8.659314513206481934e-01
5.112388730049133301e-01 6.910673975944519043e-01
5.919366478919982910e-01 7.541046142578125000e-01
6.572234630584716797e-01 6.221277713775634766e-01
5.066072940826416016e-01 7.879383563995361328e-01
4.787257611751556396e-01 6.394248008728027344e-01
6.295691132545471191e-01 7.704648971557617188e-01
4.968540966510772705e-01 5.760529041290283203e-01
6.290038228034973145e-01 6.692399382591247559e-01
5.182337760925292969e-01 8.119237422943115234e-01
5.196150541305541992e-01 7.594097852706909180e-01
5.637722015380859375e-01 6.149096488952636719e-01
6.176750063896179199e-01 7.291678786277770996e-01
5.894919633865356445e-01 6.952251791954040527e-01
4.392690360546112061e-01 5.363105535507202148e-01
5.345320105552673340e-01 8.653743863105773926e-01
5.756940841674804688e-01 7.635960578918457031e-01
6.588351726531982422e-01 7.338899970054626465e-01
5.891757607460021973e-01 7.310564517974853516e-01
6.333212256431579590e-01 7.049532532691955566e-01
4.654631912708282471e-01 5.964367389678955078e-01
5.615450739860534668e-01 6.821499466896057129e-01
6.006152033805847168e-01 7.086077928543090820e-01
5.859739184379577637e-01 6.786033511161804199e-01
5.665791630744934082e-01 6.809590458869934082e-01
5.243395566940307617e-01 8.965439200401306152e-01
7.336016893386840820e-01 5.333548188209533691e-01
6.043533086776733398e-01 7.876643538475036621e-01
6.343054771423339844e-01 7.668066024780273438e-01
5.182811021804809570e-01 6.240021586418151855e-01
6.316729784011840820e-01 6.529352068901062012e-01
6.470624804496765137e-01 8.240845799446105957e-01
5.954025387763977051e-01 7.337329983711242676e-01
5.426578521728515625e-01 7.701432108879089355e-01
6.607316732406616211e-01 8.094398379325866699e-01
7.746561765670776367e-01 5.315961837768554688e-01
6.118085384368896484e-01 7.550421953201293945e-01
6.530606746673583984e-01 7.541089653968811035e-01
5.681697726249694824e-01 8.316711187362670898e-01
5.723330974578857422e-01 5.700365304946899414e-01
5.380668044090270996e-01 6.304404735565185547e-01
4.531371593475341797e-01 6.159884333610534668e-01
5.905107855796813965e-01 6.954147219657897949e-01
6.198704838752746582e-01 7.520501017570495605e-01
5.934813022613525391e-01 7.753373384475708008e-01
5.871545672416687012e-01 5.500372648239135742e-01
7.266816496849060059e-01 6.313667297363281250e-01
5.254363417625427246e-01 8.066720962524414062e-01
5.980631113052368164e-01 7.446349263191223145e-01
6.527024507522583008e-01 7.479766607284545898e-01
7.670999765396118164e-01 6.312016248703002930e-01
6.446865200996398926e-01 6.190502047538757324e-01
5.581141710281372070e-01 7.338092923164367676e-01
6.419628262519836426e-01 8.572795987129211426e-01
5.646744370460510254e-01 7.476807832717895508e-01
7.241640686988830566e-01 6.863189935684204102e-01
4.218165874481201172e-01 6.140365004539489746e-01
5.618374943733215332e-01 6.933510303497314453e-01
6.454874873161315918e-01 7.037159204483032227e-01
5.439324378967285156e-01 7.887060642242431641e-01
6.942020058631896973e-01 6.721648573875427246e-01
5.517932176589965820e-01 7.261037826538085938e-01
5.411455035209655762e-01 7.765256762504577637e-01
6.283682584762573242e-01 7.261394262313842773e-01
5.538271069526672363e-01 8.428041338920593262e-01
5.769414901733398438e-01 6.717661023139953613e-01
6.288979649543762207e-01 6.660369634628295898e-01
6.244632601737976074e-01 7.274115681648254395e-01
4.801467061042785645e-01 7.479333281517028809e-01
7.714609503746032715e-01 5.688985586166381836e-01
5.550917387008666992e-01 5.532113909721374512e-01
7.305349111557006836e-01 7.143194079399108887e-01
6.340160369873046875e-01 8.124169707298278809e-01
6.077723503112792969e-01 7.795404195785522461e-01
5.142344832420349121e-01 8.026548624038696289e-01
5.592105984687805176e-01 8.067559599876403809e-01
4.696500301361083984e-01 7.772342562675476074e-01
6.203760504722595215e-01 7.470046877861022949e-01
6.501158475875854492e-01 7.599110007286071777e-01
5.940125584602355957e-01 6.437538862228393555e-01
5.429521799087524414e-01 7.554652690887451172e-01
6.862608790397644043e-01 6.187977790832519531e-01
5.608504414558410645e-01 8.967265486717224121e-01
4.606507122516632080e-01 7.650411128997802734e-01
6.149474382400512695e-01 6.846203804016113281e-01
6.803364157676696777e-01 6.475037336349487305e-01
5.350172519683837891e-01 5.858025550842285156e-01
5.547886490821838379e-01 6.134051680564880371e-01
5.332560539245605469e-01 8.753047585487365723e-01
6.053225994110107422e-01 7.418532967567443848e-01
5.366976261138916016e-01 8.607603907585144043e-01
7.039555311203002930e-01 7.001711726188659668e-01
6.136454343795776367e-01 7.441774606704711914e-01
5.118924379348754883e-01 8.725931644439697266e-01
7.033025026321411133e-01 7.257184386253356934e-01
6.020691990852355957e-01 8.146685957908630371e-01
5.486598014831542969e-01 7.895913124084472656e-01
4.937787950038909912e-01 7.918789386749267578e-01
5.522454380989074707e-01 7.665356397628784180e-01
4.706580936908721924e-01 5.628424286842346191e-01
5.191841125488281250e-01 7.510323524475097656e-01
5.873745679855346680e-01 5.558844208717346191e-01
4.323953986167907715e-01 7.394657731056213379e-01
4.762587249279022217e-01 7.097502946853637695e-01
4.606094360351562500e-01 7.715361118316650391e-01
5.661376714706420898e-01 7.931720614433288574e-01
