2.146996855735778809e-01 9.092772006988525391e-02
1.422694921493530273e-01 6.083214282989501953e-02
-1.712736487388610840e-01 4.370197057723999023e-01
-4.517470598220825195e-01 3.268903493881225586e-02
2.770330309867858887e-01 -4.825758934020996094e-01
-1.144484281539916992e-01 4.637604355812072754e-01
1.761699914932250977e-01 8.968430757522583008e-02
4.925624728202819824e-01 -4.074269533157348633e-02
-4.560656547546386719e-01 -1.981867551803588867e-01
7.980865240097045898e-02 3.451766967773437500e-01
-1.397767066955566406e-01 -2.452737092971801758e-02
-1.169056296348571777e-01 -3.302521109580993652e-01
-3.819315433502197266e-01 4.094839096069335938e-03
2.635817527770996094e-01 3.724085092544555664e-01
2.926989197731018066e-01 -1.763653159141540527e-01
-1.266914010047912598e-01 -4.657913446426391602e-01
2.398706078529357910e-01 2.930736541748046875e-01
1.298215389251708984e-01 -4.967093467712402344e-03
-4.430097937583923340e-01 3.771916627883911133e-01
-3.747756481170654297e-01 2.789214849472045898e-01
-2.884374260902404785e-01 1.542034745216369629e-01
1.520410180091857910e-01 3.897735476493835449e-01
4.528355598449707031e-01 3.955210447311401367e-01
4.918180704116821289e-01 3.395316600799560547e-01
-4.210841059684753418e-01 -1.260596513748168945e-02
-1.277086734771728516e-01 3.901910185813903809e-01
2.878219485282897949e-01 2.141800522804260254e-01
5.198532342910766602e-02 -4.070084095001220703e-01
-4.837896823883056641e-01 7.035136222839355469e-03
2.857568860054016113e-01 -3.466228246688842773e-01
4.993515610694885254e-01 -3.576996922492980957e-01
3.999026417732238770e-01 -3.903341293334960938e-01
2.826169133186340332e-01 -1.178334951400756836e-01
-4.764481186866760254e-01 9.709554910659790039e-02
-3.180204629898071289e-01 4.793532490730285645e-01
1.792744398117065430e-01 -3.193050622940063477e-01
-1.953589916229248047e-01 -3.177090287208557129e-01
4.464453458786010742e-02 -2.736477851867675781e-01
-2.736737728118896484e-01 3.602416515350341797e-01
-3.668189048767089844e-01 -2.473665475845336914e-01
-2.696577906608581543e-01 8.579361438751220703e-02
1.311711072921752930e-01 4.298487305641174316e-01
-4.779352545738220215e-01 -7.703197002410888672e-02
3.813147544860839844e-01 2.542319893836975098e-01
-5.777812004089355469e-02 5.335217714309692383e-02
-1.151221990585327148e-01 -4.526734352111816406e-03
-9.731006622314453125e-02 -2.351352572441101074e-01
-2.551757097244262695e-01 1.115503311157226562e-01
-1.462851762771606445e-01 -4.998559355735778809e-01
-8.558452129364013672e-02 -1.384288072586059570e-02
1.875742077827453613e-01 -1.240304708480834961e-01
-2.852472066879272461e-01 2.216314077377319336e-01
-4.150551557540893555e-02 4.977033138275146484e-01
-1.918383836746215820e-01 5.363225936889648438e-04
2.176343202590942383e-01 -1.368625760078430176e-01
-2.674443721771240234e-01 -2.847022414207458496e-01
3.668160438537597656e-01 2.899152040481567383e-01
4.644152522087097168e-01 4.164004325866699219e-01
3.225114345550537109e-01 3.877830505371093750e-02
4.668539166450500488e-01 -1.478351354598999023e-01
2.658889889717102051e-01 3.909368515014648438e-01
1.311230659484863281e-01 4.761887192726135254e-01
-2.256704568862915039e-01 -1.772644519805908203e-01
2.020360827445983887e-01 3.553761243820190430e-01
-4.175523519515991211e-01 -1.832132339477539062e-01
2.522473931312561035e-01 1.886997818946838379e-01
-4.916197061538696289e-01 1.209974288940429688e-02
4.826587438583374023e-02 -2.779361605644226074e-01
-1.680194735527038574e-01 -1.729663610458374023e-01
-1.035296916961669922e-01 -3.548032641410827637e-01
3.283571600914001465e-01 -1.376727819442749023e-01
4.572708010673522949e-01 -1.856416463851928711e-02
8.877009153366088867e-02 4.321991801261901855e-01
-5.364388227462768555e-02 -4.095451235771179199e-01
-4.724365472793579102e-01 -1.535767912864685059e-01
-3.586425781250000000e-01 3.656684756278991699e-01
1.661793589591979980e-01 -1.128378510475158691e-01
-1.803636550903320312e-04 -3.280227184295654297e-01
1.527571678161621094e-02 -2.339140176773071289e-01
-4.897614121437072754e-01 -3.087958693504333496e-01
-3.718261718750000000e-01 1.184144616127014160e-01
1.390627622604370117e-01 -1.991232633590698242e-01
3.977069854736328125e-01 3.412840366363525391e-01
3.811775445938110352e-01 -4.737229943275451660e-01
1.593005061149597168e-01 2.101489901542663574e-01
2.693331241607666016e-02 2.293496727943420410e-01
-4.203397035598754883e-02 1.576045155525207520e-01
1.925684213638305664e-01 -3.840000629425048828e-01
2.433252334594726562e-02 3.068130612373352051e-01
3.631591796875000000e-03 4.958161711692810059e-01
3.995099067687988281e-01 5.921816825866699219e-02
4.056152701377868652e-01 3.941829800605773926e-01
1.318259239196777344e-01 -2.000219225883483887e-01
4.206497073173522949e-01 -1.239314675331115723e-01
-4.195943474769592285e-01 -3.342381715774536133e-01
3.730196356773376465e-01 4.038029909133911133e-01
9.160989522933959961e-02 -1.041396260261535645e-01
2.613059282302856445e-01 4.040300846099853516e-02
-4.676442146301269531e-01 -4.745608568191528320e-01
4.584699273109436035e-01 1.056977510452270508e-01
2.001881599426269531e-02 -1.225147843360900879e-01
4.121369123458862305e-01 -1.991816163063049316e-01
2.721003293991088867e-01 -2.323167324066162109e-01
-3.840815424919128418e-01 -1.740319132804870605e-01
-3.172202110290527344e-01 2.266632914543151855e-01
4.640238881111145020e-01 -4.114525914192199707e-01
2.362711429595947266e-01 3.721476793289184570e-01
-5.835646390914916992e-02 -5.168294906616210938e-02
-3.716982603073120117e-01 -1.142873764038085938e-01
-2.836971879005432129e-01 -4.109007120132446289e-01
-2.300225496292114258e-01 1.083606481552124023e-02
4.676508307456970215e-01 1.911026835441589355e-01
9.084993600845336914e-02 -1.446642875671386719e-01
-2.138826251029968262e-01 1.793832182884216309e-01
3.755242228507995605e-01 8.755946159362792969e-02
-2.132563591003417969e-01 7.310587167739868164e-02
-4.006718993186950684e-01 4.678959250450134277e-01
-2.311705350875854492e-01 -2.228121161460876465e-01
4.758375883102416992e-01 -3.931436538696289062e-01
7.923823595046997070e-02 2.694429159164428711e-01
6.589603424072265625e-02 8.911699056625366211e-02
2.266113758087158203e-01 1.866677999496459961e-01
-2.548940777778625488e-01 -1.414058804512023926e-01
2.982414364814758301e-01 -3.795326352119445801e-01
4.542057514190673828e-01 -4.400289058685302734e-02
1.121982336044311523e-01 -3.728794455528259277e-01
2.788618206977844238e-01 -2.756330370903015137e-01
2.457111477851867676e-01 -3.741716146469116211e-01
3.378808498382568359e-03 -2.750117182731628418e-01
-1.020829677581787109e-01 1.233412027359008789e-01
-2.776601314544677734e-01 2.859514355659484863e-01
4.544653296470642090e-01 -2.166975140571594238e-01
1.610715389251708984e-01 4.899473786354064941e-01
3.053285479545593262e-01 -2.708915472030639648e-01
-4.566904306411743164e-01 3.557683825492858887e-01
3.483857512474060059e-01 -1.255547404289245605e-01
5.176323652267456055e-02 -1.526443362236022949e-01
8.001714944839477539e-02 2.968545556068420410e-01
3.133183717727661133e-02 -4.487578272819519043e-01
-1.775305271148681641e-01 -2.901620864868164062e-01
1.011633872985839844e-02 9.738540649414062500e-02
1.457614898681640625e-01 -3.591573238372802734e-02
-1.805295348167419434e-01 3.142588734626770020e-01
-3.550925850868225098e-01 2.247095108032226562e-03
-2.245557904243469238e-01 -2.098209261894226074e-01
-4.417330026626586914e-01 -2.684653401374816895e-01
-3.586567044258117676e-01 -2.598509192466735840e-01
-2.919513583183288574e-01 3.186007738113403320e-01
1.672390103340148926e-01 1.106032729148864746e-01
4.548597931861877441e-01 -2.857047319412231445e-01
4.131162166595458984e-02 1.931552290916442871e-01
-1.463931798934936523e-02 1.755619049072265625e-02
-4.236255884170532227e-01 -3.363136053085327148e-01
2.462571859359741211e-01 -3.412815928459167480e-01
3.462358713150024414e-01 -5.733513832092285156e-02
2.111311554908752441e-01 -3.459623456001281738e-01
4.928483366966247559e-01 1.248802542686462402e-01
3.418420553207397461e-01 4.353047609329223633e-01
4.418581128120422363e-01 3.892688155174255371e-01
1.085801124572753906e-01 1.423729062080383301e-01
-3.109054565429687500e-01 -3.265727162361145020e-01
1.183375120162963867e-01 2.147771120071411133e-01
1.977403163909912109e-01 -1.444451212882995605e-01
7.239210605621337891e-02 3.511269092559814453e-01
4.645025730133056641e-01 -1.303758025169372559e-01
-4.806829690933227539e-01 -4.312688112258911133e-02
3.099723458290100098e-01 -4.534657597541809082e-01
4.585663676261901855e-01 4.973670244216918945e-01
-4.987540841102600098e-01 -4.067883491516113281e-01
2.068201899528503418e-01 3.604375720024108887e-01
-4.805465936660766602e-01 4.289137721061706543e-01
1.214958429336547852e-01 4.113046526908874512e-01
-1.805019378662109375e-01 -7.648867368698120117e-02
-2.209112048149108887e-01 2.892588376998901367e-01
-4.794317483901977539e-01 4.636585116386413574e-01
-5.299055576324462891e-02 2.922772765159606934e-01
4.527167677879333496e-01 -3.547638654708862305e-01
-1.344682574272155762e-01 -2.109849452972412109e-01
1.375924944877624512e-01 -4.842230081558227539e-01
-3.862771391868591309e-01 4.520282149314880371e-01
-1.996652483940124512e-01 1.104291081428527832e-01
4.875990152359008789e-01 4.477563500404357910e-01
-5.779004096984863281e-02 -1.381017565727233887e-01
2.750818729400634766e-01 -4.105002284049987793e-01
4.707068204879760742e-02 -4.664714336395263672e-01
-1.554211378097534180e-01 -2.274506092071533203e-01
1.411716938018798828e-01 1.866213679313659668e-01
3.107208013534545898e-02 4.304530024528503418e-01
7.761359214782714844e-02 3.712582588195800781e-02
9.572172164916992188e-02 3.993802070617675781e-01
-2.883764505386352539e-01 3.465042114257812500e-01
9.132421016693115234e-02 -2.189159989356994629e-01
2.658764719963073730e-01 4.034033417701721191e-01
4.430161714553833008e-01 4.944058656692504883e-01
1.478147506713867188e-02 -2.738201618194580078e-01
-1.309847831726074219e-02 -1.582637429237365723e-01
8.887130022048950195e-02 6.061875820159912109e-02
-3.706749677658081055e-01 -4.704025983810424805e-01
-2.804993391036987305e-01 -2.084323167800903320e-01
-4.499140381813049316e-01 -3.089453577995300293e-01
1.374663710594177246e-01 3.570599555969238281e-01
2.688074111938476562e-02 1.804218888282775879e-01
-1.210243701934814453e-01 -2.068787813186645508e-02
6.552642583847045898e-02 4.330956935882568359e-02
-4.956172108650207520e-01 1.972140073776245117e-01
4.571606516838073730e-01 2.380504608154296875e-01
1.117242574691772461e-01 3.283625841140747070e-02
-3.187419772148132324e-01 1.575500965118408203e-01
-2.403324842453002930e-01 -1.546816825866699219e-01
-2.271612286567687988e-01 4.671147465705871582e-01
-4.754135608673095703e-01 -9.084051847457885742e-02
-4.382675290107727051e-01 3.490372300148010254e-01
-1.329761743545532227e-01 1.193146705627441406e-01
4.322588443756103516e-03 -3.301680684089660645e-01
-1.883103847503662109e-01 -2.225303649902343750e-01
-4.889796376228332520e-01 4.325665831565856934e-01
-4.465057253837585449e-01 4.469575285911560059e-01
-1.180255413055419922e-02 -1.767084598541259766e-01
1.829968690872192383e-01 -1.608691215515136719e-01
-3.618826866149902344e-01 -1.894667744636535645e-01
-1.615138649940490723e-01 3.814191222190856934e-01
1.552619934082031250e-01 3.720504641532897949e-01
-1.062011718750000000e-01 4.062954187393188477e-01
-7.353097200393676758e-02 2.681392431259155273e-01
-3.898584246635437012e-01 -3.740523457527160645e-01
1.623750329017639160e-01 5.033802986145019531e-02
-2.785217761993408203e-02 -2.896386384963989258e-02
-1.792746782302856445e-01 4.592253565788269043e-01
4.555770158767700195e-01 2.867305874824523926e-01
-1.042542457580566406e-01 -4.739534854888916016e-02
-4.972481727600097656e-01 -2.199095487594604492e-02
-2.652770280838012695e-02 3.866426348686218262e-01
3.394982814788818359e-01 -3.855695724487304688e-01
-4.630535840988159180e-01 9.981483221054077148e-02
4.475955367088317871e-01 -4.079084396362304688e-01
-5.135893821716308594e-03 6.573528051376342773e-02
4.087131619453430176e-01 -1.002233028411865234e-01
2.071858644485473633e-01 -7.615441083908081055e-02
-2.976890206336975098e-01 2.520866394042968750e-01
2.443811893463134766e-01 -4.010676741600036621e-01
3.684806823730468750e-02 -3.229210972785949707e-01
4.231647253036499023e-01 1.663267612457275391e-01
2.594009041786193848e-01 7.798492908477783203e-03
-8.467370271682739258e-02 1.100448369979858398e-01
-4.902914762496948242e-01 1.040447950363159180e-01
-4.806331396102905273e-01 4.095455408096313477e-01
3.188728690147399902e-01 3.010925054550170898e-01
-2.243461608886718750e-01 2.712880969047546387e-01
7.197946310043334961e-02 1.079391241073608398e-01
-4.620968103408813477e-01 -5.087995529174804688e-02
3.164122104644775391e-01 2.223207354545593262e-01
3.899695277214050293e-01 3.858813643455505371e-01
-1.540888547897338867e-01 -8.727061748504638672e-02
-5.257582664489746094e-02 3.590614795684814453e-01
3.976836800575256348e-01 -4.194729328155517578e-01
-1.366087198257446289e-01 -4.023584723472595215e-01
-3.088544607162475586e-01 1.202189922332763672e-02
-6.375730037689208984e-02 -4.516097903251647949e-01
2.282583713531494141e-02 -3.303552269935607910e-01
4.705036282539367676e-01 1.816391944885253906e-02
-1.897022128105163574e-01 3.167891502380371094e-01
4.504340887069702148e-02 1.802740097045898438e-01
3.846492171287536621e-01 3.948408961296081543e-01
-4.763453602790832520e-01 8.129793405532836914e-02
-2.773734331130981445e-01 -3.393151164054870605e-01
-4.271794557571411133e-01 -4.988719224929809570e-01
-3.374163508415222168e-01 4.440207481384277344e-01
-2.436514496803283691e-01 -6.781882047653198242e-02
-2.076771855354309082e-01 -4.608809947967529297e-02
-4.402040243148803711e-01 2.770621776580810547e-01
-3.483695983886718750e-01 3.323181867599487305e-01
-2.866052389144897461e-01 -4.014388322830200195e-01
4.342308640480041504e-01 -3.397956490516662598e-01
-4.536954164505004883e-01 2.341175079345703125e-02
2.523884177207946777e-01 -1.190130710601806641e-01
-3.939238786697387695e-01 1.077055931091308594e-03
1.730353832244873047e-01 -4.539616703987121582e-01
-4.280993938446044922e-01 1.339324116706848145e-01
1.663345694541931152e-01 -2.915485501289367676e-01
2.926996350288391113e-01 9.441798925399780273e-02
1.427257657051086426e-01 -4.344632625579833984e-01
-2.438873052597045898e-01 2.388756275177001953e-01
2.763241529464721680e-02 -1.624999642372131348e-01
3.170150518417358398e-02 -2.400634884834289551e-01
2.298220992088317871e-01 1.645340323448181152e-01
4.240540862083435059e-01 1.335050463676452637e-01
3.540930151939392090e-01 4.244438409805297852e-01
1.498616933822631836e-01 -3.881664276123046875e-01
2.749299407005310059e-01 -3.799362778663635254e-01
-3.295093178749084473e-01 2.655196785926818848e-01
-2.150530815124511719e-01 4.624902009963989258e-01
1.250408291816711426e-01 3.978947401046752930e-01
-2.683500051498413086e-01 -4.909753799438476562e-03
2.784335613250732422e-02 4.098867774009704590e-01
-4.470194578170776367e-01 -2.842944860458374023e-01
-3.953322172164916992e-01 3.951093554496765137e-01
-4.489522576332092285e-01 -4.711142778396606445e-01
4.269027709960937500e-02 2.717698216438293457e-01
-1.417068839073181152e-01 4.588134884834289551e-01
2.498842477798461914e-01 3.266088962554931641e-01
-1.060835123062133789e-01 -2.149132490158081055e-01
4.393651485443115234e-01 -6.020116806030273438e-02
3.336977958679199219e-01 3.194760084152221680e-01
2.940028905868530273e-01 -4.746133089065551758e-01
6.297874450683593750e-02 -1.020554304122924805e-01
-4.797503948211669922e-01 -2.271828055381774902e-01
3.215322494506835938e-01 3.102833032608032227e-01
-4.745385050773620605e-01 -3.301680088043212891e-03
-9.992355108261108398e-02 2.068473696708679199e-01
-1.774367690086364746e-01 1.017065048217773438e-01
-4.990595579147338867e-01 1.342117786407470703e-02
-3.416484594345092773e-02 -1.106621623039245605e-01
4.936597943305969238e-01 3.250898718833923340e-01
2.984146475791931152e-01 -7.695376873016357422e-03
7.948112487792968750e-02 2.945405244827270508e-02
-1.920510530471801758e-01 -3.170514106750488281e-01
-9.559553861618041992e-02 -1.969718337059020996e-01
-2.782875299453735352e-02 3.739887475967407227e-02
-4.279269576072692871e-01 -4.541788101196289062e-01
-1.678844690322875977e-01 3.796130418777465820e-01
-2.656738758087158203e-01 -4.189897179603576660e-01
2.549394369125366211e-01 6.938630342483520508e-02
2.461585402488708496e-01 -1.845467686653137207e-01
4.971469640731811523e-01 -3.710049986839294434e-01
5.324488878250122070e-02 -2.019031643867492676e-01
-2.014634013175964355e-01 -4.809706211090087891e-01
-3.392102718353271484e-01 1.834180951118469238e-01
-1.409142017364501953e-01 -5.962741374969482422e-02
4.524801373481750488e-01 4.028427600860595703e-01
4.581311941146850586e-01 3.806799650192260742e-01
-4.821640253067016602e-02 -2.190175056457519531e-01
-1.894167661666870117e-01 3.204271197319030762e-01
3.099200129508972168e-01 1.478371620178222656e-01
-3.100523352622985840e-01 -3.624563813209533691e-01
2.747689485549926758e-01 -2.825872302055358887e-01
3.544893264770507812e-01 1.942386627197265625e-01
-2.667950987815856934e-01 -2.842104434967041016e-01
4.238935708999633789e-01 4.695359468460083008e-01
-1.668536663055419922e-01 -2.720502018928527832e-01
-3.596742749214172363e-01 2.685887813568115234e-01
-2.216134071350097656e-01 2.457248568534851074e-01
-2.474969625473022461e-01 2.784613370895385742e-01
1.094218492507934570e-01 3.164618015289306641e-01
4.144342541694641113e-01 4.252638220787048340e-01
2.342444658279418945e-02 -7.670193910598754883e-02
-2.348627448081970215e-01 3.683257102966308594e-01
-9.049469232559204102e-02 3.010661602020263672e-01
1.682642698287963867e-01 -2.735068202018737793e-01
2.477570176124572754e-01 -1.207830309867858887e-01
4.209238290786743164e-02 3.176836967468261719e-01
-1.489372253417968750e-01 -3.743298053741455078e-01
2.927588820457458496e-01 4.999929070472717285e-01
4.605717658996582031e-01 -2.358396053314208984e-01
-1.626859903335571289e-01 2.403100132942199707e-01
-4.395552873611450195e-01 -3.660576343536376953e-01
3.588006496429443359e-01 4.413813948631286621e-01
2.152543067932128906e-01 1.476241946220397949e-01
-3.883709311485290527e-01 1.423071026802062988e-01
2.243459224700927734e-01 3.113319873809814453e-01
1.241826415061950684e-01 -3.421366214752197266e-02
-1.494154930114746094e-01 4.896436333656311035e-01
2.197811603546142578e-01 2.702909708023071289e-02
3.754047751426696777e-01 -1.585254073143005371e-01
-2.878274321556091309e-01 -7.034242153167724609e-03
-3.796101212501525879e-01 4.077777862548828125e-01
9.592604637145996094e-02 3.652284145355224609e-01
-3.824216723442077637e-01 1.020815968513488770e-01
5.280840396881103516e-02 -3.607018589973449707e-01
-2.800239920616149902e-01 2.109611034393310547e-02
-3.371161222457885742e-02 -2.362651824951171875e-01
-4.387849569320678711e-01 4.881275892257690430e-01
4.599595069885253906e-01 -4.589490294456481934e-01
-4.583106040954589844e-01 -2.778005599975585938e-01
-3.771271705627441406e-01 -3.581389188766479492e-01
-4.762603640556335449e-01 -4.505950212478637695e-02
-4.917727708816528320e-01 1.537887454032897949e-01
4.662209153175354004e-01 -4.915458559989929199e-01
-2.626404762268066406e-01 -3.930565118789672852e-01
4.653626084327697754e-01 3.067974448204040527e-01
-1.750544309616088867e-01 -1.190955042839050293e-01
-2.028098106384277344e-01 3.059301972389221191e-01
4.389402866363525391e-01 1.572223901748657227e-01
-1.618279814720153809e-01 -1.399180293083190918e-01
-1.212493181228637695e-01 -9.271144866943359375e-02
1.342823505401611328e-01 4.164081811904907227e-02
1.581082940101623535e-01 -2.301712632179260254e-01
-4.526504874229431152e-01 1.208576560020446777e-01
-1.835188865661621094e-01 -4.755280613899230957e-01
1.569851040840148926e-01 7.447314262390136719e-02
-2.064095139503479004e-01 9.499782323837280273e-02
-1.900482773780822754e-01 5.463600158691406250e-03
7.137781381607055664e-02 8.411502838134765625e-02
4.198346734046936035e-01 -4.560363888740539551e-01
-1.045318245887756348e-01 2.392805814743041992e-01
8.480548858642578125e-02 2.209422588348388672e-01
2.284761667251586914e-01 1.185049414634704590e-01
-3.054639101028442383e-01 5.199605226516723633e-02
-3.373637795448303223e-01 -3.591452836990356445e-01
-1.465786695480346680e-01 -2.496569752693176270e-01
-1.603265404701232910e-01 -2.606686949729919434e-01
1.534746289253234863e-01 -1.226321458816528320e-01
3.138686418533325195e-01 4.048207402229309082e-01
7.483369112014770508e-02 -3.516231775283813477e-01
-3.505170345306396484e-02 -2.687380909919738770e-01
-2.155312895774841309e-01 2.576004266738891602e-01
4.861344099044799805e-01 -4.615694284439086914e-02
2.753856778144836426e-01 3.919547796249389648e-02
1.114538311958312988e-01 2.770321369171142578e-01
-3.242481946945190430e-01 -2.682412862777709961e-01
3.424602746963500977e-01 3.281545639038085938e-01
4.466010332107543945e-01 -4.624358415603637695e-01
-5.998098850250244141e-02 -4.253136515617370605e-01
2.820991277694702148e-01 -4.315128922462463379e-01
-4.155341386795043945e-01 9.599804878234863281e-03
-4.260573387145996094e-01 -1.000891923904418945e-01
2.109884023666381836e-01 2.206826210021972656e-01
1.079469919204711914e-02 3.361764550209045410e-01
-3.765666484832763672e-02 -6.172519922256469727e-02
-1.261202096939086914e-01 2.963944077491760254e-01
-3.128970265388488770e-01 1.015272140502929688e-01
-4.515522718429565430e-01 1.022075414657592773e-01
1.864682435989379883e-01 -3.887966275215148926e-01
-1.203177571296691895e-01 -4.320828318595886230e-01
-3.899182677268981934e-01 -4.814743995666503906e-02
-1.692466139793395996e-01 4.666402935981750488e-01
9.084761142730712891e-02 -8.685821294784545898e-02
4.933135509490966797e-01 1.552659869194030762e-01
-3.995836973190307617e-01 -2.204239368438720703e-03
6.695288419723510742e-02 -2.280276417732238770e-01
-1.268107891082763672e-01 4.962738156318664551e-01
-1.637350916862487793e-01 -1.222461462020874023e-01
3.451404571533203125e-01 -3.405390977859497070e-01
2.561430931091308594e-01 3.268195390701293945e-01
-3.748440742492675781e-01 2.446284890174865723e-01
-9.872865676879882812e-02 -4.222242832183837891e-01
-4.815254211425781250e-01 7.014775276184082031e-02
-1.761972904205322266e-01 -2.523313164710998535e-01
4.053544402122497559e-01 1.001755595207214355e-01
-9.691941738128662109e-02 8.675932884216308594e-03
8.304268121719360352e-02 -2.026444673538208008e-02
4.072209000587463379e-01 3.630959987640380859e-01
6.277823448181152344e-02 3.909146785736083984e-01
-2.467944622039794922e-01 4.271548986434936523e-02
1.522647738456726074e-01 2.136540412902832031e-02
2.873600125312805176e-01 1.010285615921020508e-01
-1.737213134765625000e-01 -2.337056398391723633e-01
-2.813617587089538574e-01 -1.081060171127319336e-01
-4.125185608863830566e-01 3.041369318962097168e-01
2.965915203094482422e-01 -2.215484380722045898e-01
3.163039684295654297e-02 -5.625128746032714844e-03
-1.347870230674743652e-01 8.910566568374633789e-02
-4.547578692436218262e-01 -1.904761791229248047e-01
-4.551375508308410645e-01 -3.210499286651611328e-01
-2.412226200103759766e-01 -3.232495784759521484e-01
3.507775068283081055e-02 1.114926338195800781e-01
4.389531016349792480e-01 -4.044150114059448242e-01
-2.236949205398559570e-01 2.861238718032836914e-01
-4.284952878952026367e-01 7.486510276794433594e-02
-3.743334412574768066e-01 -4.145858883857727051e-01
3.376258611679077148e-01 -2.639537453651428223e-01
4.271629452705383301e-01 -4.707640409469604492e-02
4.057081341743469238e-01 2.324348688125610352e-01
1.238513588905334473e-01 -2.361183166503906250e-01
1.666351556777954102e-01 2.286015152931213379e-01
-2.700134515762329102e-01 1.511555910110473633e-01
4.522581100463867188e-01 -4.351533055305480957e-01
4.858594536781311035e-01 4.719420075416564941e-01
-3.107410669326782227e-02 8.150291442871093750e-02
-3.624036312103271484e-01 2.183083891868591309e-01
3.306519389152526855e-01 3.350285887718200684e-01
3.078573942184448242e-02 -1.208101511001586914e-01
3.241562843322753906e-01 2.767969369888305664e-01
2.697387933731079102e-01 3.424971699714660645e-01
-2.762171626091003418e-01 3.790653347969055176e-01
-4.722853302955627441e-01 -4.251480102539062500e-02
4.869135022163391113e-01 2.041583657264709473e-01
2.499002814292907715e-01 1.007381677627563477e-01
-3.441907763481140137e-01 3.442989587783813477e-01
7.949930429458618164e-02 -1.909286379814147949e-01
-1.252111196517944336e-01 2.799225449562072754e-01
4.464204907417297363e-01 -2.975760102272033691e-01
-1.211178898811340332e-01 -4.800611138343811035e-01
-2.689074873924255371e-01 4.090327024459838867e-02
-3.677036166191101074e-01 2.027972340583801270e-01
-9.378468990325927734e-02 -1.105448007583618164e-01
3.406941294670104980e-01 3.557014465332031250e-02
-5.413818359375000000e-02 2.009133100509643555e-01
-2.795636653900146484e-02 1.509799957275390625e-01
-2.334320545196533203e-02 9.910118579864501953e-02
-2.254960536956787109e-01 4.684450626373291016e-01
2.805598974227905273e-01 -2.942871451377868652e-01
2.594047784805297852e-01 2.705927491188049316e-01
2.748064994812011719e-01 -3.755812644958496094e-01
-3.796902298927307129e-01 3.728032708168029785e-01
-2.278986573219299316e-01 -2.748455405235290527e-01
2.351780533790588379e-01 1.993995904922485352e-02
-4.257711768150329590e-01 4.457861185073852539e-02
7.292330265045166016e-03 -1.628474593162536621e-01
4.343242645263671875e-01 3.155648708343505859e-02
4.283869266510009766e-02 4.734785556793212891e-01
2.186362147331237793e-01 2.995756864547729492e-01
2.643121480941772461e-01 -3.124284744262695312e-02
8.572214841842651367e-02 1.022845506668090820e-01
2.112332582473754883e-01 -4.181864857673645020e-01
-4.100632667541503906e-01 -4.664281010627746582e-01
8.103239536285400391e-02 -2.646164894104003906e-01
-4.460829496383666992e-01 7.746136188507080078e-02
-4.582698345184326172e-01 -2.918025851249694824e-01
-3.943072557449340820e-01 2.430266737937927246e-01
2.929995656013488770e-01 -4.504045844078063965e-01
-3.697499036788940430e-01 -3.952116370201110840e-01
1.146212816238403320e-01 1.624693274497985840e-01
-2.964895367622375488e-01 -4.502145051956176758e-01
4.882649779319763184e-01 -3.418815732002258301e-01
4.739751815795898438e-01 -4.019993543624877930e-02
2.902861833572387695e-01 2.118634581565856934e-01
1.268144845962524414e-01 4.419034123420715332e-01
2.424091100692749023e-01 4.766213893890380859e-02
-3.683716058731079102e-01 -3.484827876091003418e-01
-4.385969042778015137e-01 -1.349377632141113281e-01
3.586040139198303223e-01 2.984279394149780273e-01
-4.527956247329711914e-02 4.209603667259216309e-01
-1.297150254249572754e-01 6.909614801406860352e-02
4.982538223266601562e-01 -2.862310409545898438e-02
-4.395295977592468262e-01 -2.081900835037231445e-01
1.683310866355895996e-01 -1.064638495445251465e-01
4.320380687713623047e-01 4.876325130462646484e-01
3.490269184112548828e-03 2.507553696632385254e-01
-1.727578639984130859e-01 -3.641370534896850586e-01
5.459374189376831055e-02 3.955686092376708984e-01
3.209542632102966309e-01 3.522759675979614258e-02
-8.717399835586547852e-02 -1.903855800628662109e-01
3.505880832672119141e-01 2.479500174522399902e-01
-3.354579210281372070e-01 5.089932680130004883e-02
3.392476439476013184e-01 -2.282047271728515625e-02
3.957653045654296875e-01 -4.776217937469482422e-01
-4.135279059410095215e-01 -1.882336735725402832e-01
-4.140108823776245117e-01 -3.425443172454833984e-01
-4.010486602783203125e-01 2.487971782684326172e-01
-4.580125808715820312e-01 3.047299981117248535e-01
4.217684268951416016e-03 5.703133344650268555e-02
1.793608069419860840e-01 -3.152099251747131348e-01
3.225733637809753418e-01 3.603569269180297852e-01
2.693111896514892578e-01 -5.769747495651245117e-02
4.649400115013122559e-01 3.182693123817443848e-01
9.560775756835937500e-02 1.515268683433532715e-01
1.983223557472229004e-01 1.713370084762573242e-01
3.260000348091125488e-01 2.429312467575073242e-02
-2.435023784637451172e-01 4.209645986557006836e-01
1.825092434883117676e-01 -2.992123365402221680e-01
4.034509062767028809e-01 -1.750764846801757812e-01
3.464636802673339844e-01 2.996662855148315430e-01
2.259081602096557617e-02 -6.693869829177856445e-02
4.624892473220825195e-01 -4.052376151084899902e-01
-2.274944186210632324e-01 -4.645195007324218750e-01
4.560563564300537109e-01 2.314810752868652344e-01
3.477572798728942871e-01 3.561197519302368164e-01
2.723113298416137695e-01 -5.333423614501953125e-04
9.759372472763061523e-02 1.506614685058593750e-02
6.465351581573486328e-02 1.788133978843688965e-01
4.059188961982727051e-01 1.289741396903991699e-01
8.403360843658447266e-03 -9.960252046585083008e-02
-3.574576377868652344e-01 -2.798671126365661621e-01
-3.451631665229797363e-01 4.391044974327087402e-01
-1.679034233093261719e-01 2.708294987678527832e-01
1.326748728752136230e-01 3.161095976829528809e-01
2.670239210128784180e-01 1.486583948135375977e-01
-2.919203042984008789e-01 3.900417089462280273e-01
-6.239444017410278320e-02 2.790814042091369629e-01
1.525559425354003906e-01 2.768881320953369141e-01
2.409646511077880859e-01 3.419330120086669922e-01
4.387140274047851562e-02 -9.323346614837646484e-02
1.686606407165527344e-01 -2.331287264823913574e-01
1.109644174575805664e-01 2.415533065795898438e-01
-2.207817435264587402e-01 -1.415945291519165039e-01
3.226514458656311035e-01 2.672377228736877441e-01
-3.951245546340942383e-02 1.570580005645751953e-01
-1.112553477287292480e-01 -4.188253879547119141e-01
2.887060046195983887e-01 6.709802150726318359e-02
-3.293221592903137207e-01 4.412868618965148926e-01
2.927141785621643066e-01 3.108015656471252441e-01
-2.363880872726440430e-01 -1.353289484977722168e-01
-1.479429602622985840e-01 -1.643904447555541992e-01
-9.810185432434082031e-02 -1.812826991081237793e-01
-9.160292148590087891e-02 -1.939714550971984863e-01
-1.787093281745910645e-01 -5.207914113998413086e-02
3.790731430053710938e-01 3.585813045501708984e-01
-2.499332427978515625e-01 3.133553266525268555e-01
-7.537269592285156250e-02 6.366860866546630859e-02
-3.641275763511657715e-01 2.699452638626098633e-02
1.853384971618652344e-01 3.312103748321533203e-01
9.431171417236328125e-02 -4.872133135795593262e-01
4.595389366149902344e-01 -4.381609559059143066e-01
2.561274766921997070e-01 4.113685488700866699e-01
6.111186742782592773e-02 3.203977346420288086e-01
-3.726910948753356934e-01 4.069462418556213379e-01
1.267353296279907227e-01 -1.785566806793212891e-01
2.870208024978637695e-01 -3.253296613693237305e-01
4.584210515022277832e-01 2.590651512145996094e-01
4.183351397514343262e-01 1.828997731208801270e-01
3.310557603836059570e-01 4.076321721076965332e-01
-1.323084831237792969e-01 -3.895509243011474609e-01
-3.306856155395507812e-01 2.057408690452575684e-01
-9.699165821075439453e-03 3.761758208274841309e-01
-2.597969770431518555e-02 -5.176562070846557617e-02
3.344557285308837891e-01 -4.011313915252685547e-01
-3.388665318489074707e-01 -3.674092292785644531e-01
-1.705246567726135254e-01 -3.826937079429626465e-01
2.669157385826110840e-01 3.401644229888916016e-01
-1.977133750915527344e-01 -4.045667648315429688e-01
-2.751734256744384766e-01 -9.602785110473632812e-02
8.819162845611572266e-02 -4.768780469894409180e-01
6.466710567474365234e-02 2.623891830444335938e-02
2.463836073875427246e-01 6.466591358184814453e-02
-7.400834560394287109e-02 -3.916918039321899414e-01
-2.663730382919311523e-01 1.083245873451232910e-01
1.991006135940551758e-01 3.638031482696533203e-01
-2.849674224853515625e-02 -1.207506060600280762e-01
3.088057041168212891e-01 4.093605279922485352e-01
-3.367238044738769531e-01 4.400503635406494141e-01
4.309742450714111328e-01 -1.967024803161621094e-02
-2.840245366096496582e-01 -3.704504966735839844e-01
-3.869682550430297852e-02 1.321618556976318359e-01
-2.595533728599548340e-01 -1.544975638389587402e-01
-3.660943508148193359e-01 -6.357610225677490234e-02
3.482117652893066406e-01 4.012137651443481445e-02
3.016578555107116699e-01 3.151605725288391113e-01
4.378538131713867188e-01 -3.275843858718872070e-01
-2.672796845436096191e-01 3.947799801826477051e-01
4.223137497901916504e-01 1.249008774757385254e-01
-1.303969025611877441e-01 5.610084533691406250e-02
-3.188448548316955566e-01 4.991456270217895508e-01
-4.922407865524291992e-01 -8.913362026214599609e-02
-3.134927153587341309e-01 -4.967432022094726562e-01
-4.164580106735229492e-01 -2.547122836112976074e-01
-4.667619466781616211e-01 -3.873657584190368652e-01
-4.202361106872558594e-01 -2.427318096160888672e-01
-2.165071964263916016e-01 4.668934941291809082e-01
-2.784038782119750977e-01 1.143918633460998535e-01
-3.820978999137878418e-01 -6.689190864562988281e-03
8.179485797882080078e-02 -2.608733773231506348e-01
2.279454469680786133e-01 -6.602883338928222656e-02
-3.568167090415954590e-01 -4.956355094909667969e-01
3.989666700363159180e-01 -4.782539010047912598e-01
4.986274242401123047e-02 -1.983594894409179688e-02
1.305448412895202637e-01 1.378037333488464355e-01
4.033146500587463379e-01 4.985968470573425293e-01
-5.962121486663818359e-02 3.036752343177795410e-01
1.776694655418395996e-01 -6.584352254867553711e-02
4.518777728080749512e-01 -6.762796640396118164e-02
-2.300971746444702148e-01 3.137509822845458984e-01
-3.583961725234985352e-01 -2.606746554374694824e-01
-3.805273771286010742e-02 -6.668567657470703125e-04
-4.862334728240966797e-01 -1.525056362152099609e-02
-2.750099301338195801e-01 -3.173418641090393066e-01
1.581698656082153320e-01 -7.355386018753051758e-02
2.314869761466979980e-01 -2.914317250251770020e-01
3.102483749389648438e-01 3.705309033393859863e-01
4.289458990097045898e-01 -6.165176630020141602e-02
-4.110144376754760742e-01 2.188560366630554199e-01
2.491548657417297363e-01 -1.667339801788330078e-01
3.801538348197937012e-01 -4.368381500244140625e-01
4.938378930091857910e-01 -1.446334719657897949e-01
8.753103017807006836e-02 -3.813296556472778320e-02
-3.129574656486511230e-01 1.431677937507629395e-01
3.940990567207336426e-01 -2.215254902839660645e-01
-2.886909842491149902e-01 -6.913536787033081055e-02
3.940218687057495117e-01 3.709530830383300781e-02
2.289551496505737305e-02 -7.723522186279296875e-02
-4.061496257781982422e-02 -4.150252342224121094e-01
1.458370685577392578e-02 -4.467957019805908203e-01
2.252386212348937988e-01 -3.820030689239501953e-01
3.056944608688354492e-01 -1.200810670852661133e-01
4.370992183685302734e-01 -2.136247754096984863e-01
-2.996726036071777344e-01 -4.573656320571899414e-01
2.736156582832336426e-01 4.131633043289184570e-02
-4.901261329650878906e-01 6.581389904022216797e-02
-3.954429030418395996e-01 -1.889158487319946289e-01
3.657749891281127930e-01 3.319808244705200195e-01
1.488244533538818359e-02 -1.021166443824768066e-01
-3.815818428993225098e-01 3.197568655014038086e-02
-1.895094513893127441e-01 2.750313878059387207e-01
-3.960038423538208008e-01 -5.263119935989379883e-02
-9.412181377410888672e-02 4.571822881698608398e-01
4.801865220069885254e-01 3.175330162048339844e-02
4.349636435508728027e-01 2.748879790306091309e-01
2.614104747772216797e-01 8.550941944122314453e-03
-1.278350353240966797e-01 -2.754362821578979492e-01
3.978050947189331055e-01 4.285528659820556641e-01
-4.282057285308837891e-03 -3.899611830711364746e-01
-1.723885536193847656e-03 9.174180030822753906e-02
2.426009774208068848e-01 2.185983657836914062e-01
2.391493320465087891e-02 -4.297270774841308594e-01
4.012811779975891113e-01 2.827159166336059570e-01
8.629596233367919922e-02 5.877971649169921875e-02
4.758371710777282715e-01 -1.989959478378295898e-01
6.161212921142578125e-03 3.684129714965820312e-01
-1.399105191230773926e-01 2.552886605262756348e-01
1.367682814598083496e-01 2.490666508674621582e-01
-9.096956253051757812e-02 -8.654415607452392578e-03
3.925840854644775391e-01 -1.352654695510864258e-01
1.047217249870300293e-01 1.678525805473327637e-01
-9.222334623336791992e-02 -2.210932374000549316e-01
-3.318734169006347656e-01 3.505886197090148926e-01
-4.447901844978332520e-01 -5.434650182723999023e-02
3.576914072036743164e-01 -3.997372388839721680e-01
1.671288013458251953e-01 1.968879103660583496e-01
3.283381462097167969e-01 2.683177590370178223e-01
-2.511590719223022461e-01 2.656367421150207520e-01
2.801984548568725586e-01 6.959277391433715820e-02
3.339648246765136719e-01 -2.282999753952026367e-01
-3.809863328933715820e-02 2.221844196319580078e-01
-1.240446567535400391e-01 -2.317684292793273926e-01
-3.608905076980590820e-01 -1.464310884475708008e-01
2.922317385673522949e-01 -2.781024575233459473e-01
3.143253922462463379e-01 3.792784214019775391e-01
-4.464150667190551758e-01 1.400097608566284180e-01
-1.481323242187500000e-01 3.935207128524780273e-01
-2.778530120849609375e-02 -5.646812915802001953e-02
-2.485126852989196777e-01 1.941963434219360352e-01
1.035803556442260742e-02 1.786056160926818848e-01
-3.680490851402282715e-01 2.480643391609191895e-01
4.680439829826354980e-01 3.627929687500000000e-01
-4.172757863998413086e-01 8.273220062255859375e-02
3.274410963058471680e-01 2.981434464454650879e-01
-1.461160182952880859e-01 -1.655024886131286621e-01
7.103461027145385742e-02 -4.002011418342590332e-01
-4.734479784965515137e-01 -1.117989420890808105e-01
-3.156837821006774902e-01 -4.093241691589355469e-02
-2.153276205062866211e-01 3.477604389190673828e-01
-8.242684602737426758e-02 3.528927564620971680e-01
2.603394985198974609e-01 1.208441853523254395e-01
-4.349983334541320801e-01 4.081598520278930664e-01
-1.755614280700683594e-01 1.859886050224304199e-01
3.758313655853271484e-01 -2.959545254707336426e-01
3.517161607742309570e-01 2.240125536918640137e-01
8.754777908325195312e-02 4.895007610321044922e-02
-3.542145490646362305e-01 -3.401510715484619141e-01
-2.866607904434204102e-02 4.266316890716552734e-01
3.261849284172058105e-01 2.133100032806396484e-01
1.956552267074584961e-02 3.779333829879760742e-02
-3.378909826278686523e-01 -2.588235139846801758e-01
-6.005132198333740234e-02 4.911101460456848145e-01
-1.099485754966735840e-01 -2.380816936492919922e-01
5.088704824447631836e-02 -4.836622476577758789e-01
-3.709411621093750000e-02 3.157611489295959473e-01
-4.035171866416931152e-01 -1.059572100639343262e-01
5.380630493164062500e-02 -1.105624437332153320e-01
3.067440986633300781e-01 9.895819425582885742e-02
4.186818599700927734e-01 4.272058010101318359e-01
4.997199773788452148e-01 -1.199795007705688477e-01
-1.035198569297790527e-01 4.497988224029541016e-01
-2.250350713729858398e-01 4.150556921958923340e-01
-4.933462738990783691e-01 2.559560537338256836e-02
4.847197532653808594e-01 3.240974545478820801e-01
-1.751556396484375000e-01 -2.138366699218750000e-01
-1.674022674560546875e-01 -4.058513045310974121e-01
1.131036877632141113e-01 -3.672471642494201660e-01
-3.575334548950195312e-01 -3.896750211715698242e-01
1.845859885215759277e-01 4.854395985603332520e-01
1.135363578796386719e-01 -1.518800854682922363e-01
1.015354394912719727e-01 5.797922611236572266e-03
-4.587299823760986328e-01 -6.173896789550781250e-02
1.489475369453430176e-01 -2.215240597724914551e-01
3.581943511962890625e-01 4.312003254890441895e-01
-3.697580099105834961e-02 3.348495364189147949e-01
-4.454809427261352539e-02 2.480831742286682129e-01
-3.724278211593627930e-01 -1.747996211051940918e-01
2.809442877769470215e-01 -5.489701032638549805e-02
-1.693175435066223145e-01 -3.114293813705444336e-01
4.667348861694335938e-01 2.140420079231262207e-01
-3.773883581161499023e-01 1.212460398674011230e-01
3.437708020210266113e-01 -3.762060403823852539e-01
4.093679785728454590e-01 -4.945026636123657227e-01
1.301506161689758301e-01 -1.932772994041442871e-01
4.335647821426391602e-01 -2.170845866203308105e-01
-1.025366783142089844e-02 3.608493208885192871e-01
-1.660236716270446777e-01 3.916288614273071289e-01
4.762853980064392090e-01 1.110649704933166504e-01
3.735134601593017578e-01 1.940625309944152832e-01
2.673603296279907227e-01 2.574518322944641113e-01
-4.138100743293762207e-01 -1.480436325073242188e-02
-1.329994201660156250e-02 4.253130555152893066e-01
4.886366724967956543e-01 -4.883409738540649414e-01
1.861937046051025391e-01 1.669451594352722168e-01
-2.647377848625183105e-01 -8.515840768814086914e-02
-3.105933070182800293e-01 -4.963546395301818848e-01
-8.557212352752685547e-02 -1.767249703407287598e-01
2.439790964126586914e-01 1.351876258850097656e-01
-3.905367851257324219e-02 2.939420938491821289e-01
3.684715032577514648e-01 2.411589026451110840e-01
3.305425047874450684e-01 -1.713611483573913574e-01
-1.781568527221679688e-01 -1.772314906120300293e-01
2.556957602500915527e-01 -3.337585330009460449e-01
1.682689785957336426e-01 3.321517705917358398e-01
4.253635406494140625e-01 -3.461667299270629883e-01
1.592686176300048828e-01 -6.864887475967407227e-02
-4.644380807876586914e-01 -1.333339214324951172e-01
-8.448582887649536133e-02 6.293791532516479492e-02
-6.436067819595336914e-02 -5.420619249343872070e-02
1.012830138206481934e-01 4.769748449325561523e-01
2.705353498458862305e-02 5.435961484909057617e-02
1.492111086845397949e-01 1.918780803680419922e-01
2.040217518806457520e-01 -1.451730728149414062e-01
2.313000559806823730e-01 3.117931485176086426e-01
1.370242834091186523e-01 -1.317046880722045898e-01
-2.262639999389648438e-01 -3.663060069084167480e-01
-5.598276853561401367e-02 -3.387895226478576660e-01
-1.104381680488586426e-01 -3.010514974594116211e-01
-2.813053131103515625e-02 -4.411209225654602051e-01
-3.615909814834594727e-02 4.916051030158996582e-01
-3.842720389366149902e-01 -1.270267367362976074e-01
4.418627023696899414e-01 -2.037165760993957520e-01
9.124159812927246094e-03 4.904860854148864746e-01
-3.940445184707641602e-02 4.670549631118774414e-01
2.913542389869689941e-01 -4.973626732826232910e-01
-1.772432923316955566e-01 3.438181877136230469e-01
-2.529695630073547363e-01 -3.507305979728698730e-01
-4.089856743812561035e-01 4.575594067573547363e-01
1.778705716133117676e-01 -6.074756383895874023e-02
-4.424018263816833496e-01 2.008548378944396973e-01
-4.996883273124694824e-01 -1.222731471061706543e-01
2.530711293220520020e-01 -1.734335422515869141e-01
2.547537684440612793e-01 -1.333164572715759277e-01
-3.800410628318786621e-01 -3.400418162345886230e-01
4.938553571701049805e-01 -2.582064867019653320e-01
-1.969420313835144043e-01 -3.193534016609191895e-01
3.725165128707885742e-01 2.939721345901489258e-01
-2.698271870613098145e-01 1.509736776351928711e-01
-4.034814238548278809e-01 3.653910756111145020e-01
-1.291012763977050781e-01 7.224154472351074219e-02
-4.427698850631713867e-01 2.392414212226867676e-01
1.327437162399291992e-02 -2.883424758911132812e-01
-2.440709471702575684e-01 -1.393222808837890625e-01
-3.742771148681640625e-01 -4.395642876625061035e-01
-1.651438474655151367e-01 4.238029718399047852e-01
4.847297072410583496e-01 4.969411492347717285e-01
-3.649467825889587402e-01 2.921890020370483398e-01
-1.846766471862792969e-02 1.351273059844970703e-02
-9.697097539901733398e-02 -2.934668660163879395e-01
3.050360083580017090e-01 -1.916040182113647461e-01
2.885299921035766602e-01 -3.072152733802795410e-01
2.319768071174621582e-01 -3.331252932548522949e-01
-4.523879289627075195e-02 -6.018054485321044922e-02
-3.503098487854003906e-01 3.589779734611511230e-01
3.450962305068969727e-01 -1.477011442184448242e-01
4.165830612182617188e-01 3.197214603424072266e-01
-2.504786252975463867e-01 -1.228845119476318359e-02
9.175276756286621094e-02 -4.415567517280578613e-01
3.074073195457458496e-01 1.627865433692932129e-01
6.295108795166015625e-02 3.044145107269287109e-01
-5.054920911788940430e-02 2.858352661132812500e-02
-3.325748443603515625e-02 -2.692143917083740234e-01
-3.480434417724609375e-03 -2.111130952835083008e-02
-1.539177298545837402e-01 -6.210827827453613281e-02
1.218025088310241699e-01 4.788577556610107422e-01
-1.440637707710266113e-01 -3.256402015686035156e-01
-4.645317792892456055e-02 2.532256841659545898e-01
8.269160985946655273e-02 3.536605834960937500e-01
-1.780031323432922363e-01 1.567174196243286133e-01
-6.546187400817871094e-02 -1.551812887191772461e-02
7.721960544586181641e-02 -4.197245836257934570e-01
-2.058708071708679199e-01 -3.759382367134094238e-01
-3.104992508888244629e-01 3.296349644660949707e-01
-4.712703824043273926e-01 -3.149608373641967773e-01
4.817639589309692383e-01 -9.169483184814453125e-02
5.410045385360717773e-02 -4.691045284271240234e-01
1.368598937988281250e-01 -3.888105750083923340e-01
-2.377275824546813965e-01 3.845657110214233398e-01
2.490927577018737793e-01 -1.853785514831542969e-01
-3.221179246902465820e-01 -1.373996734619140625e-01
3.869299888610839844e-01 3.063206076622009277e-01
3.846253156661987305e-01 -6.677091121673583984e-03
3.620864152908325195e-01 4.860535860061645508e-01
-2.065210938453674316e-01 1.212265491485595703e-01
1.971267461776733398e-01 1.030185222625732422e-01
-3.904831409454345703e-01 3.558408021926879883e-01
2.159792184829711914e-01 -1.303899288177490234e-01
8.022397756576538086e-02 -3.925328254699707031e-01
-2.976713180541992188e-01 -4.930719137191772461e-01
3.126475811004638672e-01 3.270092606544494629e-01
1.019419431686401367e-01 3.632408380508422852e-02
-4.669256806373596191e-01 4.409264922142028809e-01
-1.165141463279724121e-01 -7.118332386016845703e-02
-3.519896268844604492e-01 2.376122474670410156e-01
2.315222024917602539e-01 -3.596072196960449219e-01
-4.967982769012451172e-01 -7.460790872573852539e-02
-3.560842275619506836e-01 3.510177135467529297e-01
-3.769550323486328125e-01 -3.548370003700256348e-01
-2.262300848960876465e-01 3.165633678436279297e-01
-7.311224937438964844e-02 2.056270241737365723e-01
-5.259227752685546875e-02 -1.057001352310180664e-01
1.747748255729675293e-01 3.018590211868286133e-01
3.869891166687011719e-02 3.279020190238952637e-01
1.994668841361999512e-01 2.480136156082153320e-01
-3.493922352790832520e-01 1.516045331954956055e-01
1.573137640953063965e-01 3.022674322128295898e-01
-4.712970256805419922e-01 -1.602183580398559570e-01
-4.788147211074829102e-01 3.506797552108764648e-02
6.830173730850219727e-02 -4.145847558975219727e-01
-5.414837598800659180e-02 -4.991201162338256836e-01
1.729530096054077148e-01 1.097664833068847656e-01
-3.203226923942565918e-01 3.445940017700195312e-01
-2.875270843505859375e-01 -1.021469235420227051e-01
8.505499362945556641e-02 4.949975013732910156e-02
2.246722579002380371e-01 1.854005455970764160e-01
-9.558433294296264648e-02 1.748693585395812988e-01
-4.963629841804504395e-01 -3.952217102050781250e-02
4.709152579307556152e-01 3.783668875694274902e-01
-4.526299238204956055e-02 3.786897063255310059e-01
3.856636881828308105e-01 4.859204888343811035e-01
2.872095704078674316e-01 3.988476991653442383e-01
4.296314120292663574e-01 -6.922322511672973633e-02
1.654573678970336914e-01 -2.193340063095092773e-01
-1.344269514083862305e-01 -1.021420955657958984e-02
-3.220714330673217773e-01 4.749530553817749023e-02
-2.050961852073669434e-01 2.729699611663818359e-01
2.935451269149780273e-02 3.140653371810913086e-01
2.113311886787414551e-01 -1.308670639991760254e-01
-3.478819131851196289e-02 -3.528813719749450684e-01
-4.149496555328369141e-03 4.206610321998596191e-01
4.956251382827758789e-01 -3.621571660041809082e-01
-3.445999026298522949e-01 -4.605163335800170898e-01
-6.656414270401000977e-02 1.735862493515014648e-01
3.059370517730712891e-01 -4.556845426559448242e-01
3.347645998001098633e-01 5.674546957015991211e-02
-2.109212279319763184e-01 -1.552180051803588867e-01
-1.734257936477661133e-01 -1.846065521240234375e-01
4.233045578002929688e-01 -7.754802703857421875e-02
-8.250474929809570312e-04 4.390254020690917969e-01
-1.840993762016296387e-01 4.705333709716796875e-01
2.018388509750366211e-01 3.759526610374450684e-01
-1.504831910133361816e-01 -5.755054950714111328e-02
1.033917665481567383e-01 1.354250907897949219e-01
-1.339656114578247070e-01 1.662348508834838867e-01
9.517920017242431641e-02 -4.950398802757263184e-01
2.017297744750976562e-01 4.452711939811706543e-01
-3.366395831108093262e-01 -4.640606641769409180e-01
-9.163022041320800781e-04 3.373314142227172852e-01
-2.439047694206237793e-01 -3.823166489601135254e-01
-2.359102964401245117e-01 -1.968124508857727051e-01
3.428673744201660156e-01 -2.006735205650329590e-01
-4.891740679740905762e-01 2.767452001571655273e-01
3.592627644538879395e-01 -4.571896791458129883e-01
4.752576351165771484e-03 -1.874740123748779297e-01
1.630479097366333008e-02 -4.672158360481262207e-01
2.941940426826477051e-01 8.402562141418457031e-02
3.219045400619506836e-01 -1.784507632255554199e-01
-3.730677366256713867e-01 -1.938562393188476562e-01
-3.785906434059143066e-01 2.445661425590515137e-01
-2.390861511230468750e-02 1.226997971534729004e-01
2.122182250022888184e-01 -3.298283815383911133e-01
-3.390382528305053711e-01 -3.260095119476318359e-01
2.458017468452453613e-01 2.525303363800048828e-01
2.774149179458618164e-01 4.242949485778808594e-01
1.785228848457336426e-01 -2.656581997871398926e-01
-2.578416466712951660e-01 2.342581748962402344e-02
3.588794469833374023e-01 -3.659545779228210449e-01
-5.398362874984741211e-02 -1.798517107963562012e-01
-1.389264464378356934e-01 1.180970668792724609e-02
-2.275445461273193359e-01 -7.456076145172119141e-02
3.145216107368469238e-01 -3.382200002670288086e-02
-2.952411770820617676e-01 1.123957037925720215e-01
-2.591263651847839355e-01 4.709171056747436523e-01
-1.680493354797363281e-01 -3.932956457138061523e-01
2.672791481018066406e-03 2.737932205200195312e-01
-1.924292445182800293e-01 4.264810085296630859e-01
4.397917985916137695e-01 4.622669219970703125e-01
2.490543127059936523e-01 2.625179290771484375e-02
-4.910380840301513672e-01 3.430271744728088379e-01
-1.461814641952514648e-01 -3.489741086959838867e-01
-1.081672906875610352e-01 -3.274998068809509277e-01
-1.235063672065734863e-01 4.229205846786499023e-01
-4.419630765914916992e-02 -1.985110640525817871e-01
3.062026500701904297e-01 2.464289069175720215e-01
3.965134620666503906e-01 -1.379019618034362793e-01
1.871004700660705566e-01 4.491469860076904297e-01
-3.739255666732788086e-01 -2.384340167045593262e-01
4.822443127632141113e-01 -7.191473245620727539e-02
-3.486786484718322754e-01 -3.639305233955383301e-01
5.642282962799072266e-02 -2.007480859756469727e-01
3.324891328811645508e-01 -8.467817306518554688e-02
1.735422611236572266e-01 1.535717844963073730e-01
9.308803081512451172e-02 4.740530252456665039e-01
-1.943120956420898438e-01 -6.266021728515625000e-02
-3.782832026481628418e-01 3.313499689102172852e-02
3.494768738746643066e-01 3.034360408782958984e-01
-4.534795284271240234e-01 3.980050683021545410e-01
3.193429112434387207e-01 -2.593995928764343262e-01
1.387709975242614746e-01 -2.284003496170043945e-01
-3.790853023529052734e-01 2.925851345062255859e-01
-2.211845517158508301e-01 -3.199353218078613281e-01
