3.405092954635620117e-01 7.241570353507995605e-01
4.642831385135650635e-01 6.472132802009582520e-01
1.911739110946655273e-01 3.824737071990966797e-01
4.723030030727386475e-01 5.765035748481750488e-01
3.718829452991485596e-01 4.897454380989074707e-01
3.164977133274078369e-01 4.915686845779418945e-01
4.771488010883331299e-01 4.193736612796783447e-01
3.303822875022888184e-01 5.654670596122741699e-01
2.797145843505859375e-01 6.242843866348266602e-01
1.857300996780395508e-01 4.613013863563537598e-01
4.583249986171722412e-01 6.192345023155212402e-01
3.424951732158660889e-01 8.002933263778686523e-01
4.901716709136962891e-01 6.017898917198181152e-01
2.334046810865402222e-01 5.391293764114379883e-01
6.446207761764526367e-01 6.247114539146423340e-01
3.257268369197845459e-01 3.870801925659179688e-01
4.326865673065185547e-01 6.189653873443603516e-01
4.657762646675109863e-01 4.714202284812927246e-01
5.610194802284240723e-01 5.449095964431762695e-01
3.393166065216064453e-01 5.591105818748474121e-01
3.453660011291503906e-01 4.453656375408172607e-01
3.210645914077758789e-01 4.189566075801849365e-01
4.710859656333923340e-01 5.527054071426391602e-01
3.189915716648101807e-01 6.182065010070800781e-01
3.988429307937622070e-01 5.647819638252258301e-01
5.370271801948547363e-01 5.217110514640808105e-01
3.932639062404632568e-01 5.307450294494628906e-01
3.485705256462097168e-01 5.008851289749145508e-01
3.358356356620788574e-01 6.081493496894836426e-01
2.533381283283233643e-01 5.372744202613830566e-01
4.322380721569061279e-01 8.406978249549865723e-01
5.900982618331909180e-01 6.373831033706665039e-01
3.120484352111816406e-01 4.020968377590179443e-01
1.882095634937286377e-01 3.890061676502227783e-01
5.058922171592712402e-01 7.404446005821228027e-01
4.089092612266540527e-01 7.461095452308654785e-01
4.939998984336853027e-01 6.699287295341491699e-01
4.897050857543945312e-01 7.151280641555786133e-01
1.986589431762695312e-01 6.390386223793029785e-01
3.307263255119323730e-01 4.655470252037048340e-01
3.462684452533721924e-01 6.921441555023193359e-01
1.446800976991653442e-01 4.869901835918426514e-01
2.510670721530914307e-01 3.535163998603820801e-01
3.433071970939636230e-01 4.515679180622100830e-01
2.859454452991485596e-01 5.061344504356384277e-01
5.441485047340393066e-01 5.284668803215026855e-01
6.035646796226501465e-01 7.264805436134338379e-01
4.132458269596099854e-01 6.196492314338684082e-01
3.105291128158569336e-01 4.428026676177978516e-01
5.538901090621948242e-01 5.595473647117614746e-01
3.508115410804748535e-01 4.874645471572875977e-01
2.287307977676391602e-01 6.856322288513183594e-01
3.606728911399841309e-01 7.289573550224304199e-01
5.259444713592529297e-01 5.744412541389465332e-01
6.075847744941711426e-01 5.435818433761596680e-01
4.637949168682098389e-01 7.416219711303710938e-01
6.835272312164306641e-01 5.818589329719543457e-01
5.012128949165344238e-01 5.307207107543945312e-01
3.422532081604003906e-01 6.086394786834716797e-01
2.182323038578033447e-01 5.461011528968811035e-01
5.077080726623535156e-01 6.423429846763610840e-01
1.526261270046234131e-01 3.924726545810699463e-01
2.125347703695297241e-01 5.176811814308166504e-01
3.495992124080657959e-01 5.525909066200256348e-01
3.998036086559295654e-01 4.780056476593017578e-01
4.738618433475494385e-01 5.964632034301757812e-01
4.570793211460113525e-01 5.201137065887451172e-01
5.648288130760192871e-01 6.654298901557922363e-01
1.941033899784088135e-01 4.112489819526672363e-01
5.552200675010681152e-01 6.921006441116333008e-01
6.231331825256347656e-01 6.900429725646972656e-01
3.783177137374877930e-01 7.351567149162292480e-01
5.657336115837097168e-01 5.770361423492431641e-01
3.068810999393463135e-01 6.100779175758361816e-01
4.475596249103546143e-01 6.093847155570983887e-01
3.561162352561950684e-01 5.635643601417541504e-01
3.314894437789916992e-01 6.311763525009155273e-01
3.332616686820983887e-01 6.552204489707946777e-01
4.042025804519653320e-01 6.287074685096740723e-01
2.713448703289031982e-01 5.382071137428283691e-01
2.810581624507904053e-01 6.525338292121887207e-01
5.287985801696777344e-01 5.469362735748291016e-01
3.331208527088165283e-01 7.316783666610717773e-01
4.123764932155609131e-01 6.646375060081481934e-01
3.062711954116821289e-01 8.165610432624816895e-01
4.032709002494812012e-01 4.601242542266845703e-01
2.826483845710754395e-01 6.860514879226684570e-01
3.176493942737579346e-01 4.188576042652130127e-01
4.767568409442901611e-01 5.804654955863952637e-01
4.049812555313110352e-01 5.263680815696716309e-01
5.712569952011108398e-01 5.366604924201965332e-01
4.203888475894927979e-01 5.180746912956237793e-01
3.001221716403961182e-01 3.890584409236907959e-01
5.319152474403381348e-01 6.419832110404968262e-01
3.315367400646209717e-01 6.288441419601440430e-01
3.789922893047332764e-01 7.531611323356628418e-01
4.645492732524871826e-01 4.914592504501342773e-01
2.844568490982055664e-01 5.933942794799804688e-01
2.555382549762725830e-01 5.853164792060852051e-01
1.891839951276779175e-01 5.776937603950500488e-01
6.632733941078186035e-01 5.983808040618896484e-01
5.835402011871337891e-01 6.352483630180358887e-01
3.506101965904235840e-01 4.855875372886657715e-01
2.980262935161590576e-01 6.617498993873596191e-01
3.273276388645172119e-01 5.394758582115173340e-01
3.137753903865814209e-01 4.427540600299835205e-01
3.669345676898956299e-01 6.972006559371948242e-01
3.695573210716247559e-01 6.651055812835693359e-01
5.202409029006958008e-01 5.012804269790649414e-01
5.113382935523986816e-01 6.159523725509643555e-01
3.527331650257110596e-01 6.988685727119445801e-01
4.498683810234069824e-01 5.508427023887634277e-01
3.275748193264007568e-01 4.121395647525787354e-01
5.201518535614013672e-01 6.976564526557922363e-01
4.387996196746826172e-01 5.399165749549865723e-01
5.400591492652893066e-01 4.987795054912567139e-01
3.284668028354644775e-01 6.327315568923950195e-01
4.298112690448760986e-01 4.260933697223663330e-01
2.953822016716003418e-01 5.859568119049072266e-01
2.708004415035247803e-01 4.041627943515777588e-01
2.160577923059463501e-01 4.237632751464843750e-01
4.080654978752136230e-01 7.396554946899414062e-01
3.752627968788146973e-01 5.683741569519042969e-01
5.921128988265991211e-01 6.314730644226074219e-01
6.159478425979614258e-01 6.797043681144714355e-01
3.948007822036743164e-01 6.532690525054931641e-01
3.323252797126770020e-01 3.894626200199127197e-01
4.299351871013641357e-01 6.108560562133789062e-01
5.458127260208129883e-01 6.461253166198730469e-01
4.361244142055511475e-01 5.334838628768920898e-01
5.214829444885253906e-01 5.054432153701782227e-01
3.385236561298370361e-01 4.512569606304168701e-01
6.303276419639587402e-01 5.794169902801513672e-01
3.498750925064086914e-01 4.284681379795074463e-01
3.019842803478240967e-01 4.828183948993682861e-01
3.880777060985565186e-01 6.693992018699645996e-01
5.165694952011108398e-01 7.331789135932922363e-01
3.992655575275421143e-01 7.372730374336242676e-01
4.592406153678894043e-01 5.309904217720031738e-01
1.823482513427734375e-01 5.096109509468078613e-01
5.630993247032165527e-01 6.644256114959716797e-01
2.903027236461639404e-01 7.377949357032775879e-01
4.924231469631195068e-01 6.910101771354675293e-01
3.820994198322296143e-01 7.028048634529113770e-01
3.121963143348693848e-01 7.175943851470947266e-01
6.445156335830688477e-01 4.807122945785522461e-01
6.685038208961486816e-01 5.828918218612670898e-01
4.303737878799438477e-01 5.294313430786132812e-01
3.585981428623199463e-01 5.489218235015869141e-01
3.400826752185821533e-01 4.678075909614562988e-01
4.537342190742492676e-01 4.954760968685150146e-01
3.374995589256286621e-01 4.791536331176757812e-01
4.443242549896240234e-01 6.358869075775146484e-01
4.581761658191680908e-01 5.349887609481811523e-01
3.536522090435028076e-01 6.432936787605285645e-01
2.829428017139434814e-01 5.931702256202697754e-01
4.485828876495361328e-01 6.591813564300537109e-01
4.129860401153564453e-01 5.859874486923217773e-01
4.009263217449188232e-01 4.236115515232086182e-01
3.194583058357238770e-01 5.971390604972839355e-01
5.525919795036315918e-01 6.370853781700134277e-01
4.021057486534118652e-01 4.845258295536041260e-01
3.371223807334899902e-01 5.328289270401000977e-01
2.885361313819885254e-01 5.378873348236083984e-01
3.675679564476013184e-01 5.153688192367553711e-01
4.343033134937286377e-01 6.338369250297546387e-01
3.701910078525543213e-01 6.467087268829345703e-01
5.880126953125000000e-01 6.260651946067810059e-01
4.566720724105834961e-01 5.332310795783996582e-01
4.151085913181304932e-01 4.506543874740600586e-01
3.955428898334503174e-01 4.801518619060516357e-01
6.024057865142822266e-01 5.305045247077941895e-01
5.908514261245727539e-01 4.944050908088684082e-01
3.622770607471466064e-01 5.427128076553344727e-01
2.003206014633178711e-01 5.467834472656250000e-01
3.935636878013610840e-01 4.406472146511077881e-01
6.776176095008850098e-01 4.873602688312530518e-01
2.344461083412170410e-01 2.952410578727722168e-01
7.415036559104919434e-01 6.202411055564880371e-01
2.652316391468048096e-01 4.084364175796508789e-01
4.665276706218719482e-01 5.849576592445373535e-01
4.229058623313903809e-01 5.791195631027221680e-01
4.649603962898254395e-01 5.593812465667724609e-01
4.367111027240753174e-01 5.483596920967102051e-01
6.047275066375732422e-01 5.694068074226379395e-01
1.537322252988815308e-01 5.742734074592590332e-01
5.005434155464172363e-01 5.105026960372924805e-01
3.187326192855834961e-01 4.952362179756164551e-01
4.165207743644714355e-01 5.520653128623962402e-01
5.698916912078857422e-01 5.879490971565246582e-01
3.630816340446472168e-01 7.200248241424560547e-01
5.704433917999267578e-01 6.403234004974365234e-01
2.813012599945068359e-01 6.955016851425170898e-01
4.414322674274444580e-01 6.108459234237670898e-01
3.461516499519348145e-01 6.084979772567749023e-01
3.365307450294494629e-01 7.059471011161804199e-01
5.132993459701538086e-01 5.580556988716125488e-01
4.790705442428588867e-01 5.149806141853332520e-01
5.659449696540832520e-01 5.350271463394165039e-01
4.510350525379180908e-01 6.715144515037536621e-01
3.601811528205871582e-01 5.517196655273437500e-01
5.152847170829772949e-01 5.326810479164123535e-01
3.301907181739807129e-01 7.289575934410095215e-01
4.445843696594238281e-01 5.676633119583129883e-01
2.389344125986099243e-01 4.932385087013244629e-01
3.332849144935607910e-01 4.235140085220336914e-01
5.145170688629150391e-01 5.925303101539611816e-01
3.584015071392059326e-01 5.563879609107971191e-01
3.263532817363739014e-01 4.578750133514404297e-01
4.012131094932556152e-01 5.371758937835693359e-01
4.643384516239166260e-01 5.102288126945495605e-01
4.658212363719940186e-01 6.976809501647949219e-01
3.808737695217132568e-01 5.286681652069091797e-01
5.126297473907470703e-01 4.746864140033721924e-01
6.118183732032775879e-01 5.820833444595336914e-01
5.325570106506347656e-01 6.188189387321472168e-01
6.043671369552612305e-01 7.077411413192749023e-01
2.433617264032363892e-01 3.874078691005706787e-01
3.164615929126739502e-01 5.581207275390625000e-01
5.313350558280944824e-01 6.898006200790405273e-01
5.764358043670654297e-01 6.028407216072082520e-01
4.986389279365539551e-01 5.696016550064086914e-01
5.661900639533996582e-01 5.512411594390869141e-01
3.580472767353057861e-01 7.191045880317687988e-01
2.475046515464782715e-01 4.624328911304473877e-01
3.797240853309631348e-01 5.960500240325927734e-01
3.311352133750915527e-01 4.342051446437835693e-01
4.624135494232177734e-01 6.434410214424133301e-01
4.373685419559478760e-01 4.426838457584381104e-01
3.774623274803161621e-01 6.727681159973144531e-01
6.975697875022888184e-01 6.220319271087646484e-01
5.449948906898498535e-01 6.576257348060607910e-01
4.594821631908416748e-01 6.504105925559997559e-01
1.833711713552474976e-01 4.655421674251556396e-01
6.817947030067443848e-01 5.269219875335693359e-01
4.869432449340820312e-01 4.867582619190216064e-01
5.478995442390441895e-01 6.076323986053466797e-01
5.993176102638244629e-01 7.422410249710083008e-01
3.502143025398254395e-01 5.212194323539733887e-01
3.798459768295288086e-01 7.026893496513366699e-01
4.641717374324798584e-01 4.940118789672851562e-01
3.421607613563537598e-01 5.063810348510742188e-01
4.221959114074707031e-01 6.113428473472595215e-01
3.995794653892517090e-01 5.098755955696105957e-01
4.030614793300628662e-01 7.670142054557800293e-01
4.596995413303375244e-01 5.518666505813598633e-01
2.118902802467346191e-01 5.666133761405944824e-01
4.019515216350555420e-01 4.065774381160736084e-01
3.954981863498687744e-01 6.150014996528625488e-01
2.327374517917633057e-01 5.799424052238464355e-01
3.198445141315460205e-01 4.434870481491088867e-01
6.014887690544128418e-01 5.749207735061645508e-01
4.111854135990142822e-01 6.033993363380432129e-01
2.627714574337005615e-01 5.419137477874755859e-01
3.679905831813812256e-01 5.801536440849304199e-01
5.498552918434143066e-01 5.932559370994567871e-01
4.217532575130462646e-01 7.266514897346496582e-01
3.890316486358642578e-01 5.904318690299987793e-01
3.911147415637969971e-01 6.038025617599487305e-01
2.467744052410125732e-01 6.103516221046447754e-01
4.090346693992614746e-01 7.292702794075012207e-01
5.687090158462524414e-01 6.167345046997070312e-01
1.840246766805648804e-01 4.565403759479522705e-01
2.294955551624298096e-01 6.083269715309143066e-01
2.538723945617675781e-01 4.432922303676605225e-01
2.941120266914367676e-01 5.846704244613647461e-01
2.088542133569717407e-01 5.278853774070739746e-01
3.965936303138732910e-01 5.026895403861999512e-01
5.311658382415771484e-01 5.737437605857849121e-01
2.936082482337951660e-01 4.538699984550476074e-01
6.086121797561645508e-01 6.369140744209289551e-01
5.221375823020935059e-01 5.590360760688781738e-01
2.528141736984252930e-01 4.183543324470520020e-01
2.863340377807617188e-01 5.127785801887512207e-01
4.830291271209716797e-01 6.386235356330871582e-01
1.993732601404190063e-01 5.089510679244995117e-01
2.460281401872634888e-01 6.036251783370971680e-01
4.410971701145172119e-01 5.049727559089660645e-01
1.879695653915405273e-01 3.412456214427947998e-01
4.334581196308135986e-01 6.458960175514221191e-01
2.726435363292694092e-01 5.195020437240600586e-01
5.189228057861328125e-01 4.912049472332000732e-01
3.503153026103973389e-01 5.081983804702758789e-01
1.970966756343841553e-01 5.519758462905883789e-01
5.635945200920104980e-01 6.905823945999145508e-01
2.778657674789428711e-01 7.138270139694213867e-01
1.629420220851898193e-01 5.676176548004150391e-01
2.462326586246490479e-01 5.823073983192443848e-01
6.290810704231262207e-01 6.246904134750366211e-01
3.041298985481262207e-01 5.244951248168945312e-01
4.701295197010040283e-01 5.798748731613159180e-01
3.063888847827911377e-01 3.641984164714813232e-01
2.909894287586212158e-01 6.798328757286071777e-01
2.160621434450149536e-01 3.751962780952453613e-01
4.167346656322479248e-01 4.565595984458923340e-01
4.151162207126617432e-01 5.305876135826110840e-01
5.166624188423156738e-01 7.248786687850952148e-01
2.200385630130767822e-01 5.390458703041076660e-01
3.530361354351043701e-01 6.620533466339111328e-01
3.617971837520599365e-01 3.859686553478240967e-01
3.762921392917633057e-01 6.161954402923583984e-01
3.347803354263305664e-01 5.029960870742797852e-01
5.245522856712341309e-01 5.501593947410583496e-01
3.250285983085632324e-01 4.362895488739013672e-01
3.706963658332824707e-01 5.104036331176757812e-01
5.213793516159057617e-01 6.179591417312622070e-01
2.460758090019226074e-01 4.620709419250488281e-01
6.418661475181579590e-01 5.934261679649353027e-01
2.087181955575942993e-01 6.611304283142089844e-01
2.657990753650665283e-01 4.424181580543518066e-01
4.358501732349395752e-01 6.213514804840087891e-01
2.520547509193420410e-01 5.285432338714599609e-01
5.585650205612182617e-01 6.591864824295043945e-01
2.886598408222198486e-01 4.385269880294799805e-01
3.468546569347381592e-01 6.435335874557495117e-01
5.126419067382812500e-01 6.611605286598205566e-01
3.345637321472167969e-01 5.686002373695373535e-01
4.895048737525939941e-01 6.643496751785278320e-01
4.778690040111541748e-01 6.725329756736755371e-01
2.025199979543685913e-01 6.661696434020996094e-01
2.559595108032226562e-01 3.883768320083618164e-01
2.651835381984710693e-01 6.035739779472351074e-01
4.753388762474060059e-01 5.061947107315063477e-01
2.968771159648895264e-01 5.930671691894531250e-01
5.913081169128417969e-01 6.709819436073303223e-01
5.638172626495361328e-01 5.869081616401672363e-01
3.061741888523101807e-01 5.887957811355590820e-01
3.720099031925201416e-01 8.414901494979858398e-01
3.266996741294860840e-01 7.768715620040893555e-01
3.808488249778747559e-01 5.710651278495788574e-01
3.507032096385955811e-01 5.580273866653442383e-01
3.534140288829803467e-01 6.787900924682617188e-01
5.097609162330627441e-01 5.587813854217529297e-01
3.488128483295440674e-01 5.988153815269470215e-01
4.256450235843658447e-01 5.123377442359924316e-01
4.031694233417510986e-01 4.536266028881072998e-01
3.524419963359832764e-01 5.768285989761352539e-01
3.124842047691345215e-01 5.982096791267395020e-01
2.756553590297698975e-01 6.620327830314636230e-01
2.119328081607818604e-01 4.548589885234832764e-01
2.624815404415130615e-01 4.889234304428100586e-01
4.074998497962951660e-01 4.785219430923461914e-01
4.271293580532073975e-01 5.131778120994567871e-01
2.922025918960571289e-01 6.363564133644104004e-01
5.850294232368469238e-01 5.892770886421203613e-01
3.890548348426818848e-01 7.531041502952575684e-01
5.293467044830322266e-01 5.778537988662719727e-01
4.559451043605804443e-01 4.867866933345794678e-01
2.360256314277648926e-01 4.317983388900756836e-01
4.149169325828552246e-01 6.330688595771789551e-01
4.267202913761138916e-01 6.675340533256530762e-01
5.724953413009643555e-01 5.881922841072082520e-01
4.940618574619293213e-01 6.464540958404541016e-01
5.230911374092102051e-01 7.473009228706359863e-01
2.839230000972747803e-01 5.754402875900268555e-01
2.633613646030426025e-01 4.763866662979125977e-01
5.275973677635192871e-01 4.449725151062011719e-01
4.318076670169830322e-01 4.941964447498321533e-01
5.600264668464660645e-01 6.324027776718139648e-01
5.414107441902160645e-01 5.793146491050720215e-01
3.672121763229370117e-01 4.622386693954467773e-01
2.235735207796096802e-01 6.747188568115234375e-01
4.947391748428344727e-01 5.159314870834350586e-01
2.130773216485977173e-01 4.493371248245239258e-01
3.010104298591613770e-01 5.478241443634033203e-01
3.310065865516662598e-01 6.146384477615356445e-01
7.016550898551940918e-01 5.176214575767517090e-01
1.788839846849441528e-01 5.004191994667053223e-01
2.567868828773498535e-01 5.701615810394287109e-01
2.477611452341079712e-01 7.310720086097717285e-01
5.838243365287780762e-01 5.286304354667663574e-01
1.828223019838333130e-01 5.707188844680786133e-01
6.154299974441528320e-01 6.163496971130371094e-01
4.715154469013214111e-01 5.434424281120300293e-01
3.353889882564544678e-01 5.309789776802062988e-01
3.701956272125244141e-01 6.201233267784118652e-01
4.484792351722717285e-01 6.185321807861328125e-01
2.064623385667800903e-01 4.984590709209442139e-01
4.739840030670166016e-01 8.570589423179626465e-01
4.191571474075317383e-01 6.132329702377319336e-01
1.960660219192504883e-01 6.507497429847717285e-01
5.865116715431213379e-01 6.044066548347473145e-01
2.099958956241607666e-01 4.719173908233642578e-01
2.264484763145446777e-01 3.852038681507110596e-01
3.285768330097198486e-01 6.555633544921875000e-01
5.080620646476745605e-01 6.971305608749389648e-01
2.239066511392593384e-01 6.357616186141967773e-01
4.652904570102691650e-01 4.940865337848663330e-01
5.585911870002746582e-01 5.939308404922485352e-01
1.848022639751434326e-01 6.123180389404296875e-01
2.496256232261657715e-01 5.879415869712829590e-01
2.844830155372619629e-01 4.050659835338592529e-01
3.208501636981964111e-01 7.630802989006042480e-01
3.019728362560272217e-01 4.281127154827117920e-01
4.598753452301025391e-01 6.121473908424377441e-01
1.768547743558883667e-01 6.356384158134460449e-01
5.654711723327636719e-01 5.510745048522949219e-01
4.752148687839508057e-01 6.269596815109252930e-01
4.214264154434204102e-01 6.710882186889648438e-01
4.607745409011840820e-01 7.577685117721557617e-01
5.582898855209350586e-01 5.610757470130920410e-01
6.394606232643127441e-01 6.141370534896850586e-01
4.680556058883666992e-01 6.923722624778747559e-01
3.577512800693511963e-01 4.681938290596008301e-01
3.996236920356750488e-01 6.947231292724609375e-01
2.931373417377471924e-01 3.866620063781738281e-01
2.448507547378540039e-01 5.354038476943969727e-01
4.318476915359497070e-01 4.592591822147369385e-01
3.067774474620819092e-01 6.642253994941711426e-01
5.482057929039001465e-01 7.069024443626403809e-01
3.657850921154022217e-01 6.257140636444091797e-01
4.979598522186279297e-01 7.003936171531677246e-01
4.940885305404663086e-01 4.617847502231597900e-01
3.656173646450042725e-01 6.408676505088806152e-01
5.334267020225524902e-01 6.563262343406677246e-01
3.773522078990936279e-01 5.067813396453857422e-01
5.104193091392517090e-01 6.070790886878967285e-01
4.530383050441741943e-01 4.808714389801025391e-01
2.908207774162292480e-01 5.185548067092895508e-01
5.253350138664245605e-01 5.998704433441162109e-01
3.183158338069915771e-01 4.830122292041778564e-01
5.144863128662109375e-01 5.884612798690795898e-01
6.313832998275756836e-01 6.255504488945007324e-01
4.826132655143737793e-01 6.968022584915161133e-01
2.064530849456787109e-01 3.973309993743896484e-01
4.386625289916992188e-01 4.504286646842956543e-01
2.466377317905426025e-01 6.474298834800720215e-01
4.695770442485809326e-01 6.086204051971435547e-01
6.336195468902587891e-01 5.863999724388122559e-01
5.351246595382690430e-01 5.939093828201293945e-01
3.981406390666961670e-01 5.649389028549194336e-01
3.768572211265563965e-01 4.469377994537353516e-01
3.298466503620147705e-01 4.342074394226074219e-01
4.130721688270568848e-01 4.985694885253906250e-01
3.633087277412414551e-01 8.040713667869567871e-01
4.811019599437713623e-01 5.494641065597534180e-01
2.363632023334503174e-01 3.734306693077087402e-01
6.372217535972595215e-01 6.142025589942932129e-01
4.148673117160797119e-01 5.174697637557983398e-01
3.232648670673370361e-01 5.749109387397766113e-01
3.228140175342559814e-01 5.553811192512512207e-01
3.341316878795623779e-01 5.366339087486267090e-01
3.044186532497406006e-01 5.076174139976501465e-01
6.760243177413940430e-01 6.901560425758361816e-01
4.411208033561706543e-01 8.329625129699707031e-01
3.622188866138458252e-01 6.161646842956542969e-01
3.356645703315734863e-01 5.479891896247863770e-01
3.640730381011962891e-01 7.383996248245239258e-01
5.203125476837158203e-01 5.954217910766601562e-01
3.465044200420379639e-01 6.156862378120422363e-01
3.400105237960815430e-01 5.282483696937561035e-01
2.898473739624023438e-01 4.416096210479736328e-01
4.604760408401489258e-01 5.429755449295043945e-01
7.183527350425720215e-01 6.177527904510498047e-01
3.392633199691772461e-01 7.365416884422302246e-01
3.238094449043273926e-01 6.016659140586853027e-01
2.874385118484497070e-01 3.602646589279174805e-01
3.757132589817047119e-01 4.806937873363494873e-01
4.270382821559906006e-01 4.455835819244384766e-01
3.540996611118316650e-01 5.495015978813171387e-01
2.976630330085754395e-01 5.032664537429809570e-01
4.494350552558898926e-01 6.281512379646301270e-01
2.276819199323654175e-01 4.736240804195404053e-01
3.985345363616943359e-01 7.293678522109985352e-01
2.191312462091445923e-01 5.475947260856628418e-01
2.644237875938415527e-01 6.339142322540283203e-01
4.846395552158355713e-01 5.897812247276306152e-01
6.191796660423278809e-01 6.153723597526550293e-01
3.541209995746612549e-01 6.812623143196105957e-01
2.358311563730239868e-01 6.599193811416625977e-01
4.565507769584655762e-01 5.930348634719848633e-01
3.812745511531829834e-01 4.961415231227874756e-01
1.955949515104293823e-01 3.680096566677093506e-01
3.924457132816314697e-01 5.632838010787963867e-01
4.579041898250579834e-01 5.508809089660644531e-01
4.490783214569091797e-01 5.015251636505126953e-01
3.259977996349334717e-01 4.313123524188995361e-01
4.766217470169067383e-01 5.331295728683471680e-01
5.422208905220031738e-01 7.678286433219909668e-01
2.597246766090393066e-01 4.730620384216308594e-01
3.724513947963714600e-01 4.358582198619842529e-01
3.250790834426879883e-01 4.150871038436889648e-01
3.866457641124725342e-01 5.541330575942993164e-01
3.687542974948883057e-01 5.570605397224426270e-01
2.358903735876083374e-01 4.876565933227539062e-01
5.088963508605957031e-01 5.468622446060180664e-01
6.566959023475646973e-01 7.528235912322998047e-01
4.584970772266387939e-01 6.225399374961853027e-01
3.955371975898742676e-01 6.406482458114624023e-01
5.321095585823059082e-01 5.744290351867675781e-01
3.937247991561889648e-01 5.495903491973876953e-01
2.483221888542175293e-01 4.831977188587188721e-01
4.806896150112152100e-01 5.010888576507568359e-01
1.667362153530120850e-01 3.672191202640533447e-01
6.878804564476013184e-01 6.425553560256958008e-01
6.095330715179443359e-01 6.225477457046508789e-01
3.003359436988830566e-01 6.653680205345153809e-01
3.322730660438537598e-01 5.579375624656677246e-01
4.171381592750549316e-01 5.943241119384765625e-01
3.154632449150085449e-01 5.406138896942138672e-01
6.355221867561340332e-01 5.569631457328796387e-01
2.465577572584152222e-01 6.743100285530090332e-01
4.562288522720336914e-01 5.102488994598388672e-01
6.555035710334777832e-01 5.508977174758911133e-01
2.539636492729187012e-01 3.056106269359588623e-01
3.043178915977478027e-01 4.752475321292877197e-01
2.990502715110778809e-01 5.564429759979248047e-01
2.825227975845336914e-01 6.846904158592224121e-01
2.936532199382781982e-01 6.399335861206054688e-01
5.446903705596923828e-01 5.212087035179138184e-01
3.530721664428710938e-01 4.750080108642578125e-01
2.509651482105255127e-01 3.853572607040405273e-01
4.634756147861480713e-01 6.629189252853393555e-01
2.992433011531829834e-01 5.954687595367431641e-01
3.966675996780395508e-01 6.314614415168762207e-01
5.054211616516113281e-01 5.091561675071716309e-01
4.274947345256805420e-01 4.889123737812042236e-01
2.990652918815612793e-01 7.673100829124450684e-01
4.024580419063568115e-01 5.275965929031372070e-01
2.250262349843978882e-01 4.574692547321319580e-01
2.563501000404357910e-01 5.242676138877868652e-01
4.272238910198211670e-01 5.199689865112304688e-01
3.214601278305053711e-01 5.233857631683349609e-01
5.274162292480468750e-01 6.810554265975952148e-01
4.032506942749023438e-01 6.116970181465148926e-01
5.640248060226440430e-01 5.337321162223815918e-01
3.036344945430755615e-01 5.087723731994628906e-01
3.209250569343566895e-01 7.265924811363220215e-01
4.551900625228881836e-01 5.490282177925109863e-01
2.835905551910400391e-01 6.423268914222717285e-01
3.584670126438140869e-01 5.943827629089355469e-01
2.567694187164306641e-01 4.262342154979705811e-01
5.018237829208374023e-01 5.380876660346984863e-01
5.757565498352050781e-01 5.923087000846862793e-01
4.125117659568786621e-01 6.148468255996704102e-01
4.427574276924133301e-01 5.893982052803039551e-01
4.308360815048217773e-01 4.679322242736816406e-01
3.354005515575408936e-01 6.291327476501464844e-01
3.467117249965667725e-01 5.619257092475891113e-01
4.056141972541809082e-01 6.365571022033691406e-01
3.653363585472106934e-01 5.160477161407470703e-01
4.631465673446655273e-01 5.910112261772155762e-01
3.508227467536926270e-01 5.877553820610046387e-01
4.447009563446044922e-01 5.411625504493713379e-01
2.756193578243255615e-01 3.748113214969635010e-01
4.384408295154571533e-01 5.922712683677673340e-01
4.160245358943939209e-01 7.630208730697631836e-01
3.117344379425048828e-01 5.681470632553100586e-01
3.491570353507995605e-01 4.806948900222778320e-01
3.531962931156158447e-01 5.329704880714416504e-01
4.598568081855773926e-01 5.501197576522827148e-01
5.001877546310424805e-01 6.658460497856140137e-01
3.324269056320190430e-01 3.885401785373687744e-01
4.166794717311859131e-01 5.378521680831909180e-01
3.134407401084899902e-01 4.041968286037445068e-01
4.492465555667877197e-01 7.071727514266967773e-01
2.303937822580337524e-01 5.824214816093444824e-01
5.026437640190124512e-01 6.334639191627502441e-01
4.425486624240875244e-01 5.375572443008422852e-01
3.986641466617584229e-01 7.902246713638305664e-01
4.296757578849792480e-01 6.116985678672790527e-01
3.674603104591369629e-01 5.312804579734802246e-01
3.288481235504150391e-01 4.210873842239379883e-01
2.260128408670425415e-01 5.397360920906066895e-01
2.851516902446746826e-01 6.025025844573974609e-01
3.460820913314819336e-01 3.949495553970336914e-01
3.660282790660858154e-01 5.526198744773864746e-01
5.229677557945251465e-01 5.930252075195312500e-01
3.772051632404327393e-01 5.102391242980957031e-01
2.312241643667221069e-01 6.224869489669799805e-01
4.861720502376556396e-01 5.487909913063049316e-01
2.651766538619995117e-01 6.482007503509521484e-01
1.517336815595626831e-01 4.002647399902343750e-01
5.375807881355285645e-01 5.075684785842895508e-01
2.399860024452209473e-01 5.913262963294982910e-01
4.775279462337493896e-01 4.829477965831756592e-01
4.734294116497039795e-01 5.916863679885864258e-01
2.483057677745819092e-01 5.498527884483337402e-01
2.733332812786102295e-01 5.470467805862426758e-01
1.650991439819335938e-01 3.028780519962310791e-01
2.388685494661331177e-01 5.238229036331176758e-01
1.810332238674163818e-01 4.520985186100006104e-01
4.283963143825531006e-01 5.379498004913330078e-01
5.223545432090759277e-01 6.153836846351623535e-01
4.583236873149871826e-01 5.012642145156860352e-01
3.444502353668212891e-01 6.252105236053466797e-01
4.398501217365264893e-01 7.231109738349914551e-01
5.562120676040649414e-01 6.521899700164794922e-01
6.429539918899536133e-01 5.292056798934936523e-01
2.453830689191818237e-01 4.059950709342956543e-01
3.920333683490753174e-01 6.982221603393554688e-01
5.575065016746520996e-01 5.930284261703491211e-01
3.282116651535034180e-01 5.084522962570190430e-01
2.884450256824493408e-01 4.798307418823242188e-01
3.362973034381866455e-01 4.124249219894409180e-01
3.474476933479309082e-01 4.641083180904388428e-01
4.570775330066680908e-01 4.969039559364318848e-01
3.376467525959014893e-01 4.983212053775787354e-01
2.855214476585388184e-01 4.868393540382385254e-01
2.966375052928924561e-01 6.209197640419006348e-01
3.286791145801544189e-01 4.822618067264556885e-01
3.092142343521118164e-01 5.586556196212768555e-01
1.511116325855255127e-01 5.892108678817749023e-01
5.057408809661865234e-01 7.001678943634033203e-01
3.292069435119628906e-01 5.523697137832641602e-01
3.687960505485534668e-01 4.541195929050445557e-01
3.144838213920593262e-01 7.017088532447814941e-01
6.019252538681030273e-01 5.705376267433166504e-01
4.273666441440582275e-01 5.611267089843750000e-01
2.395416498184204102e-01 6.000041365623474121e-01
4.838443696498870850e-01 6.403722763061523438e-01
3.588915467262268066e-01 4.338216483592987061e-01
6.041321158409118652e-01 7.558988332748413086e-01
4.306534826755523682e-01 6.894821524620056152e-01
4.084602296352386475e-01 7.283835411071777344e-01
3.970491588115692139e-01 5.127777457237243652e-01
6.748422384262084961e-01 6.535510420799255371e-01
3.374523520469665527e-01 4.471516609191894531e-01
4.964181482791900635e-01 5.669185519218444824e-01
3.110954165458679199e-01 5.761204361915588379e-01
4.113496541976928711e-01 7.297301292419433594e-01
4.754243195056915283e-01 4.522622823715209961e-01
4.495615661144256592e-01 6.089451909065246582e-01
4.079994261264801025e-01 4.668360352516174316e-01
3.266668617725372314e-01 3.815884292125701904e-01
2.358516007661819458e-01 3.784210979938507080e-01
6.256157159805297852e-01 6.380072236061096191e-01
2.773146033287048340e-01 4.162380695343017578e-01
4.689677655696868896e-01 5.129953026771545410e-01
4.967144429683685303e-01 5.513036847114562988e-01
5.791552066802978516e-01 4.852469861507415771e-01
3.933517336845397949e-01 5.246421694755554199e-01
5.727345943450927734e-01 5.425444841384887695e-01
1.453728228807449341e-01 4.565203785896301270e-01
4.471429288387298584e-01 6.047227382659912109e-01
3.372952938079833984e-01 4.454900026321411133e-01
2.140054851770401001e-01 6.838670969009399414e-01
2.488731741905212402e-01 3.954087495803833008e-01
3.565331101417541504e-01 5.504946708679199219e-01
5.984804630279541016e-01 6.969978213310241699e-01
4.607366621494293213e-01 6.342897415161132812e-01
4.346088171005249023e-01 3.914596736431121826e-01
4.283452928066253662e-01 4.236417412757873535e-01
3.668523728847503662e-01 5.899587273597717285e-01
2.922374308109283447e-01 5.938928723335266113e-01
4.158173799514770508e-01 4.636943936347961426e-01
5.896183848381042480e-01 7.202327847480773926e-01
6.469867229461669922e-01 6.489955186843872070e-01
1.587412506341934204e-01 6.229019761085510254e-01
4.400196969509124756e-01 6.748979091644287109e-01
6.950389742851257324e-01 6.237816214561462402e-01
4.066746532917022705e-01 5.313062667846679688e-01
4.663992524147033691e-01 7.193521857261657715e-01
6.102504134178161621e-01 5.742287635803222656e-01
5.683699250221252441e-01 5.832264423370361328e-01
4.689567089080810547e-01 5.143997669219970703e-01
3.915728032588958740e-01 5.450416207313537598e-01
1.670870333909988403e-01 4.084187448024749756e-01
3.269596099853515625e-01 6.214987635612487793e-01
4.931783378124237061e-01 6.994596719741821289e-01
2.223904430866241455e-01 5.525722503662109375e-01
2.595736086368560791e-01 4.034791290760040283e-01
4.064930081367492676e-01 4.563315808773040771e-01
4.201087653636932373e-01 7.093258500099182129e-01
2.971465885639190674e-01 5.716675519943237305e-01
4.068381786346435547e-01 4.729775488376617432e-01
4.059382081031799316e-01 5.952081084251403809e-01
3.238054513931274414e-01 4.123032093048095703e-01
4.020294249057769775e-01 7.145557999610900879e-01
2.985152900218963623e-01 7.237718105316162109e-01
3.841694891452789307e-01 6.007515192031860352e-01
4.731881022453308105e-01 6.391151547431945801e-01
3.745543360710144043e-01 8.167285919189453125e-01
3.713333606719970703e-01 7.009530663490295410e-01
4.411261975765228271e-01 5.869387984275817871e-01
1.574458926916122437e-01 6.331846117973327637e-01
5.087962150573730469e-01 5.220839381217956543e-01
5.014123916625976562e-01 6.136577129364013672e-01
3.385425209999084473e-01 7.810873985290527344e-01
3.751520216464996338e-01 4.217899143695831299e-01
3.460013270378112793e-01 6.046719551086425781e-01
4.717718958854675293e-01 4.709531366825103760e-01
3.370348215103149414e-01 7.052338123321533203e-01
4.324011504650115967e-01 5.765169262886047363e-01
4.943405985832214355e-01 5.881536602973937988e-01
6.284032464027404785e-01 5.498050451278686523e-01
4.094053208827972412e-01 4.904192984104156494e-01
3.296582996845245361e-01 6.468884944915771484e-01
3.422490060329437256e-01 7.377474904060363770e-01
3.769203722476959229e-01 5.904762148857116699e-01
1.594863384962081909e-01 5.992051362991333008e-01
3.846121728420257568e-01 6.011236310005187988e-01
4.622197449207305908e-01 5.168833136558532715e-01
3.730234205722808838e-01 4.182820022106170654e-01
2.093318700790405273e-01 5.092145204544067383e-01
6.500256061553955078e-01 5.641191005706787109e-01
3.444238007068634033e-01 5.741609334945678711e-01
5.586120486259460449e-01 5.519604682922363281e-01
5.402418971061706543e-01 5.105720758438110352e-01
3.175674676895141602e-01 7.654692530632019043e-01
6.085286140441894531e-01 6.168627142906188965e-01
2.929409444332122803e-01 6.219927072525024414e-01
5.361740589141845703e-01 7.108005881309509277e-01
2.026367336511611938e-01 5.690966844558715820e-01
3.071157336235046387e-01 5.656643509864807129e-01
5.137113332748413086e-01 4.865884482860565186e-01
6.064293384552001953e-01 5.536445975303649902e-01
5.577358007431030273e-01 5.991758108139038086e-01
2.854303419589996338e-01 4.930585324764251709e-01
2.127943187952041626e-01 5.253213047981262207e-01
5.569334626197814941e-01 5.470238327980041504e-01
2.508373856544494629e-01 6.558024287223815918e-01
2.198203802108764648e-01 6.240711808204650879e-01
7.599353790283203125e-01 5.848770737648010254e-01
3.701786994934082031e-01 4.776579439640045166e-01
5.329923629760742188e-01 6.655438542366027832e-01
3.421315252780914307e-01 4.292879402637481689e-01
2.542331814765930176e-01 5.401114821434020996e-01
5.132606029510498047e-01 5.356399416923522949e-01
7.192595601081848145e-01 5.749641656875610352e-01
4.933070838451385498e-01 5.083134770393371582e-01
5.398996472358703613e-01 4.945532977581024170e-01
6.488664746284484863e-01 6.735260486602783203e-01
4.837688803672790527e-01 4.942257106304168701e-01
5.038972496986389160e-01 4.889251887798309326e-01
3.895832896232604980e-01 6.561363339424133301e-01
4.881608486175537109e-01 5.708700418472290039e-01
4.075710773468017578e-01 6.536094546318054199e-01
4.600283503532409668e-01 4.835926890373229980e-01
5.810484886169433594e-01 5.511473417282104492e-01
5.175216794013977051e-01 5.725457668304443359e-01
2.360715270042419434e-01 4.106621146202087402e-01
3.857517540454864502e-01 4.977045953273773193e-01
2.143030613660812378e-01 6.090948581695556641e-01
5.243691205978393555e-01 5.352001786231994629e-01
2.956184446811676025e-01 4.890525043010711670e-01
5.957751274108886719e-01 6.546724438667297363e-01
2.907291352748870850e-01 6.366676092147827148e-01
3.337042927742004395e-01 6.817523837089538574e-01
5.758971571922302246e-01 5.416497588157653809e-01
4.446153044700622559e-01 7.572646737098693848e-01
4.394190013408660889e-01 4.836518168449401855e-01
3.186342120170593262e-01 5.726082921028137207e-01
4.200358092784881592e-01 5.201069712638854980e-01
5.849704742431640625e-01 5.628886818885803223e-01
4.333768188953399658e-01 4.721225500106811523e-01
4.841006100177764893e-01 6.018316745758056641e-01
3.996853828430175781e-01 5.633373856544494629e-01
4.404361844062805176e-01 5.019505023956298828e-01
3.600164651870727539e-01 6.304758191108703613e-01
2.374853640794754028e-01 6.490355134010314941e-01
4.607259631156921387e-01 7.505568265914916992e-01
5.419279336929321289e-01 6.326581835746765137e-01
5.342670083045959473e-01 6.395002603530883789e-01
1.788852661848068237e-01 2.466098517179489136e-01
5.507506132125854492e-01 7.217230200767517090e-01
6.891085505485534668e-01 5.884409546852111816e-01
4.172486960887908936e-01 8.130449056625366211e-01
4.805371463298797607e-01 5.094907283782958984e-01
5.625913143157958984e-01 5.557293891906738281e-01
5.578009486198425293e-01 5.876994132995605469e-01
4.277914762496948242e-01 5.764833688735961914e-01
3.509610891342163086e-01 6.166954636573791504e-01
6.313155889511108398e-01 6.663385033607482910e-01
5.346297621726989746e-01 7.233421802520751953e-01
3.319527804851531982e-01 4.811829924583435059e-01
4.049206078052520752e-01 6.290220022201538086e-01
3.978056013584136963e-01 7.094183564186096191e-01
3.226940929889678955e-01 4.541801512241363525e-01
3.969914317131042480e-01 4.589086472988128662e-01
4.776623547077178955e-01 6.095233559608459473e-01
3.673063516616821289e-01 4.156668186187744141e-01
3.053445518016815186e-01 5.189856290817260742e-01
2.211863100528717041e-01 4.305406808853149414e-01
5.394222140312194824e-01 7.583152055740356445e-01
3.481419086456298828e-01 5.452068448066711426e-01
3.010637164115905762e-01 4.680378735065460205e-01
1.979616880416870117e-01 4.636253714561462402e-01
2.707546353340148926e-01 3.979254662990570068e-01
2.096925228834152222e-01 5.698939561843872070e-01
7.873446941375732422e-01 5.686905384063720703e-01
4.844110012054443359e-01 4.861784279346466064e-01
1.715656667947769165e-01 4.959977269172668457e-01
6.868239045143127441e-01 5.922399759292602539e-01
4.881744086742401123e-01 5.961135029792785645e-01
4.177205562591552734e-01 5.385971069335937500e-01
3.098417818546295166e-01 6.813241243362426758e-01
3.909769654273986816e-01 4.196485877037048340e-01
6.870672106742858887e-01 5.231183171272277832e-01
4.612546265125274658e-01 6.178424358367919922e-01
3.468894064426422119e-01 6.758140921592712402e-01
6.888362169265747070e-01 7.013773918151855469e-01
4.202084541320800781e-01 4.518845379352569580e-01
5.097729563713073730e-01 6.181814670562744141e-01
5.750068426132202148e-01 6.696726083755493164e-01
5.011104941368103027e-01 7.177943587303161621e-01
3.146072626113891602e-01 6.643595695495605469e-01
4.443119168281555176e-01 5.242407321929931641e-01
5.797914266586303711e-01 5.808328390121459961e-01
3.900213241577148438e-01 6.832411289215087891e-01
4.692399501800537109e-01 5.714203715324401855e-01
4.575885832309722900e-01 4.817768335342407227e-01
4.266606271266937256e-01 7.773540616035461426e-01
5.256253480911254883e-01 6.097788214683532715e-01
4.805904626846313477e-01 5.528178811073303223e-01
2.506036162376403809e-01 3.579503893852233887e-01
4.473855197429656982e-01 4.294646978378295898e-01
6.288185119628906250e-01 5.919769406318664551e-01
2.919152975082397461e-01 5.106685161590576172e-01
3.783973753452301025e-01 4.602966606616973877e-01
3.175943791866302490e-01 5.922721624374389648e-01
5.294481515884399414e-01 4.690541028976440430e-01
6.344919204711914062e-01 6.222305297851562500e-01
4.430280029773712158e-01 4.929147958755493164e-01
5.284252762794494629e-01 5.531113743782043457e-01
3.438210189342498779e-01 5.358196496963500977e-01
4.564135968685150146e-01 4.766551852226257324e-01
6.475387215614318848e-01 5.819127559661865234e-01
6.515908837318420410e-01 5.594820976257324219e-01
3.532576560974121094e-01 3.807588815689086914e-01
3.325821459293365479e-01 5.030974149703979492e-01
3.122828006744384766e-01 5.318120718002319336e-01
4.018441438674926758e-01 6.394004225730895996e-01
3.017737567424774170e-01 5.115530490875244141e-01
4.031267464160919189e-01 6.136264204978942871e-01
3.805580139160156250e-01 6.015745997428894043e-01
4.369902908802032471e-01 4.678741693496704102e-01
3.049719035625457764e-01 5.890183448791503906e-01
3.406709134578704834e-01 3.930890560150146484e-01
5.495940446853637695e-01 5.900570750236511230e-01
5.935607552528381348e-01 6.238900423049926758e-01
4.529444575309753418e-01 5.101463198661804199e-01
3.095070719718933105e-01 5.716683864593505859e-01
3.515646159648895264e-01 5.805026292800903320e-01
2.186908870935440063e-01 5.964733958244323730e-01
2.809150218963623047e-01 4.744417369365692139e-01
4.776967763900756836e-01 5.753845572471618652e-01
2.933263182640075684e-01 3.796096742153167725e-01
2.282567471265792847e-01 4.699270725250244141e-01
5.086777210235595703e-01 4.893613755702972412e-01
4.442844986915588379e-01 5.677832365036010742e-01
3.275435268878936768e-01 7.057743072509765625e-01
3.107555210590362549e-01 5.310582518577575684e-01
4.728655815124511719e-01 5.428506135940551758e-01
5.601989626884460449e-01 6.702804565429687500e-01
3.089527785778045654e-01 5.236350893974304199e-01
4.712346494197845459e-01 8.086761236190795898e-01
6.651437878608703613e-01 5.234206914901733398e-01
4.298541247844696045e-01 5.277927517890930176e-01
5.012392997741699219e-01 6.376842260360717773e-01
4.628815054893493652e-01 4.633980989456176758e-01
5.509568452835083008e-01 6.337295770645141602e-01
2.812063395977020264e-01 5.957975983619689941e-01
4.938997030258178711e-01 7.305777072906494141e-01
5.001972317695617676e-01 6.434947848320007324e-01
5.973696112632751465e-01 5.104979276657104492e-01
5.462942719459533691e-01 5.056409835815429688e-01
4.865502715110778809e-01 5.825371742248535156e-01
3.727503716945648193e-01 5.393097400665283203e-01
5.308358073234558105e-01 5.240548849105834961e-01
3.374796211719512939e-01 4.889332056045532227e-01
3.646795153617858887e-01 4.061480760574340820e-01
2.007870376110076904e-01 6.600967645645141602e-01
5.352784991264343262e-01 5.393441915512084961e-01
4.373302161693572998e-01 5.091038346290588379e-01
5.454321503639221191e-01 4.993327260017395020e-01
5.195220708847045898e-01 5.515910387039184570e-01
2.575269639492034912e-01 3.878734409809112549e-01
3.572947978973388672e-01 4.835201501846313477e-01
2.909027934074401855e-01 3.817547559738159180e-01
3.961841464042663574e-01 7.496745586395263672e-01
2.300945520401000977e-01 5.970910787582397461e-01
6.049499511718750000e-01 5.271908640861511230e-01
4.175857305526733398e-01 7.328425049781799316e-01
4.023415744304656982e-01 5.529817938804626465e-01
5.904029607772827148e-01 5.586562752723693848e-01
4.636829495429992676e-01 5.507332086563110352e-01
4.482646882534027100e-01 6.613280773162841797e-01
4.402227997779846191e-01 5.476443171501159668e-01
2.513228952884674072e-01 3.993424475193023682e-01
5.086621642112731934e-01 4.949530363082885742e-01
4.918724894523620605e-01 6.154409646987915039e-01
6.041643619537353516e-01 6.835506558418273926e-01
3.212795257568359375e-01 7.144294381141662598e-01
6.128516197204589844e-01 5.452268123626708984e-01
3.222550153732299805e-01 6.417127251625061035e-01
4.048923254013061523e-01 5.530490875244140625e-01
1.742023676633834839e-01 5.324515700340270996e-01
5.102231502532958984e-01 5.484476685523986816e-01
5.766740441322326660e-01 5.202881693840026855e-01
3.171781599521636963e-01 4.082480370998382568e-01
4.694704115390777588e-01 4.935185611248016357e-01
2.584985792636871338e-01 4.023637473583221436e-01
5.714953541755676270e-01 6.077802777290344238e-01
5.137692093849182129e-01 4.672233760356903076e-01
4.126842021942138672e-01 6.722251176834106445e-01
6.579688787460327148e-01 6.305427551269531250e-01
6.414358615875244141e-01 6.861515641212463379e-01
5.052217245101928711e-01 5.560740232467651367e-01
4.753732979297637939e-01 5.713409185409545898e-01
7.629457116127014160e-01 6.000087261199951172e-01
7.608586549758911133e-01 6.397433280944824219e-01
2.299934774637222290e-01 6.926657557487487793e-01
4.551333189010620117e-01 5.278137922286987305e-01
3.739754557609558105e-01 4.557628631591796875e-01
3.683061301708221436e-01 6.885657906532287598e-01
7.647296786308288574e-01 4.868500530719757080e-01
2.991981208324432373e-01 3.336284756660461426e-01
2.433327734470367432e-01 4.637568593025207520e-01
4.397962689399719238e-01 5.299463868141174316e-01
6.765634417533874512e-01 6.308792829513549805e-01
2.786767482757568359e-01 6.251271367073059082e-01
2.490577399730682373e-01 4.572347402572631836e-01
4.996776580810546875e-01 6.232838034629821777e-01
2.565577030181884766e-01 4.535360038280487061e-01
3.765341937541961670e-01 4.277586340904235840e-01
7.009861469268798828e-01 6.951052546501159668e-01
7.221872210502624512e-01 6.086239814758300781e-01
2.331723272800445557e-01 5.638189315795898438e-01
3.828821182250976562e-01 6.002853512763977051e-01
3.500000536441802979e-01 7.628279328346252441e-01
4.080528318881988525e-01 5.883246064186096191e-01
4.317049384117126465e-01 5.047780871391296387e-01
4.164693653583526611e-01 6.674025058746337891e-01
4.287175536155700684e-01 4.887390136718750000e-01
4.129053354263305664e-01 7.094463109970092773e-01
3.893828392028808594e-01 5.265994071960449219e-01
5.129558444023132324e-01 5.139757990837097168e-01
6.416866183280944824e-01 5.658730864524841309e-01
3.222119212150573730e-01 4.695467054843902588e-01
6.020141839981079102e-01 6.525536179542541504e-01
4.336227476596832275e-01 5.842328667640686035e-01
4.591710865497589111e-01 6.139183640480041504e-01
2.785791456699371338e-01 6.229224801063537598e-01
5.382380485534667969e-01 5.508443117141723633e-01
2.246971279382705688e-01 6.309073567390441895e-01
6.761800050735473633e-01 6.316497325897216797e-01
2.860512733459472656e-01 2.686627805233001709e-01
4.213285744190216064e-01 7.668833136558532715e-01
7.340627312660217285e-01 6.240757107734680176e-01
4.871927797794342041e-01 5.610722303390502930e-01
4.521149694919586182e-01 4.978504478931427002e-01
3.798804581165313721e-01 4.882597923278808594e-01
6.222356557846069336e-01 7.342369556427001953e-01
3.409323692321777344e-01 5.467367172241210938e-01
3.143382370471954346e-01 4.605952799320220947e-01
6.110729575157165527e-01 5.242007374763488770e-01
2.886774539947509766e-01 5.350559949874877930e-01
4.977375268936157227e-01 6.676747202873229980e-01
5.829548239707946777e-01 6.501598358154296875e-01
5.468959808349609375e-01 5.793182253837585449e-01
4.831904470920562744e-01 4.913434982299804688e-01
3.882312178611755371e-01 6.120048165321350098e-01
2.175322175025939941e-01 3.127802908420562744e-01
4.440118372440338135e-01 4.988753199577331543e-01
3.788954913616180420e-01 6.109417676925659180e-01
5.560170412063598633e-01 5.667453408241271973e-01
4.887316226959228516e-01 5.817181468009948730e-01
5.329034328460693359e-01 6.235064864158630371e-01
4.334836006164550781e-01 7.286230921745300293e-01
2.936501502990722656e-01 7.372506260871887207e-01
5.995811820030212402e-01 7.194138765335083008e-01
3.066117763519287109e-01 4.349161684513092041e-01
4.888356029987335205e-01 6.099264025688171387e-01
5.976900458335876465e-01 7.457255721092224121e-01
2.884643673896789551e-01 4.160315096378326416e-01
3.687923848628997803e-01 4.204735159873962402e-01
5.433055162429809570e-01 5.539293885231018066e-01
4.796925187110900879e-01 6.477621197700500488e-01
4.659759104251861572e-01 5.692025423049926758e-01
7.561547756195068359e-01 4.845301508903503418e-01
6.002749204635620117e-01 5.460681915283203125e-01
3.810254633426666260e-01 4.715920388698577881e-01
6.162269711494445801e-01 5.798071026802062988e-01
3.701361417770385742e-01 5.027896165847778320e-01
4.605623781681060791e-01 6.551812291145324707e-01
2.479088306427001953e-01 4.945906400680541992e-01
4.963281452655792236e-01 5.695080757141113281e-01
5.932678580284118652e-01 5.396460890769958496e-01
6.123703718185424805e-01 5.274237990379333496e-01
4.937218129634857178e-01 5.802185535430908203e-01
4.864992201328277588e-01 4.956436157226562500e-01
4.090667068958282471e-01 4.617894589900970459e-01
3.611533045768737793e-01 6.012313961982727051e-01
5.574289560317993164e-01 7.734186649322509766e-01
4.397223293781280518e-01 6.708853244781494141e-01
5.710822343826293945e-01 7.198747992515563965e-01
2.143549621105194092e-01 7.102246880531311035e-01
4.441899657249450684e-01 5.295804738998413086e-01
5.428394079208374023e-01 6.706287860870361328e-01
5.758187174797058105e-01 4.945827424526214600e-01
3.939129710197448730e-01 4.456318318843841553e-01
