6.672821640968322754e-01 7.447022199630737305e-01
6.844422221183776855e-01 7.413387894630432129e-01
5.024073123931884766e-01 6.168357729911804199e-01
7.403292059898376465e-01 7.029138803482055664e-01
7.035480737686157227e-01 5.678668618202209473e-01
6.959956884384155273e-01 6.737380027770996094e-01
7.219838500022888184e-01 6.271437406539916992e-01
5.709611177444458008e-01 6.784970164299011230e-01
6.988373994827270508e-01 6.434468030929565430e-01
5.653998255729675293e-01 5.538036227226257324e-01
8.330580592155456543e-01 6.709319353103637695e-01
5.953210592269897461e-01 6.989756226539611816e-01
6.934494972229003906e-01 5.951251983642578125e-01
5.951039791107177734e-01 6.314685344696044922e-01
7.263564467430114746e-01 5.099262595176696777e-01
7.616380453109741211e-01 5.070257186889648438e-01
6.896165609359741211e-01 7.822355031967163086e-01
7.133566737174987793e-01 5.762977004051208496e-01
6.992344260215759277e-01 7.284703254699707031e-01
7.058534622192382812e-01 5.790820121765136719e-01
6.505066156387329102e-01 8.777325749397277832e-01
5.495270490646362305e-01 7.606214880943298340e-01
6.115826964378356934e-01 6.495019793510437012e-01
6.999982595443725586e-01 7.434883117675781250e-01
6.137210726737976074e-01 6.038094758987426758e-01
8.425397872924804688e-01 5.447740554809570312e-01
5.781653523445129395e-01 5.919954180717468262e-01
4.839069843292236328e-01 5.465217232704162598e-01
6.746902465820312500e-01 5.987867712974548340e-01
7.055981755256652832e-01 5.056546926498413086e-01
7.142102718353271484e-01 5.666021108627319336e-01
6.116948127746582031e-01 6.293683648109436035e-01
4.069601595401763916e-01 7.733972668647766113e-01
6.055179238319396973e-01 6.393947005271911621e-01
4.992518723011016846e-01 7.879500389099121094e-01
5.768521428108215332e-01 6.268535852432250977e-01
6.059494614601135254e-01 6.740459203720092773e-01
7.804230451583862305e-01 5.299212336540222168e-01
5.190186500549316406e-01 6.649628281593322754e-01
6.732590198516845703e-01 6.856886148452758789e-01
7.000946998596191406e-01 6.374590992927551270e-01
7.928547263145446777e-01 7.392948865890502930e-01
6.639750599861145020e-01 6.205652952194213867e-01
7.248196601867675781e-01 5.841900706291198730e-01
7.021294236183166504e-01 6.819000244140625000e-01
6.965965628623962402e-01 6.103076934814453125e-01
5.229333639144897461e-01 8.638005852699279785e-01
7.092176079750061035e-01 6.873802542686462402e-01
4.742839634418487549e-01 6.586517095565795898e-01
4.512705802917480469e-01 8.195070028305053711e-01
6.585363745689392090e-01 7.922933697700500488e-01
6.667036414146423340e-01 5.853492617607116699e-01
5.941289663314819336e-01 6.300812959671020508e-01
6.182366609573364258e-01 6.459465622901916504e-01
5.903559923171997070e-01 6.634352207183837891e-01
6.527125835418701172e-01 5.555290579795837402e-01
5.957558155059814453e-01 5.460281372070312500e-01
5.923556089401245117e-01 7.418887615203857422e-01
4.825020134449005127e-01 7.515410780906677246e-01
4.240607023239135742e-01 7.666574120521545410e-01
6.435326933860778809e-01 6.495593190193176270e-01
7.968839406967163086e-01 6.813987493515014648e-01
5.351312160491943359e-01 6.756522059440612793e-01
6.602155566215515137e-01 4.959727823734283447e-01
6.605023145675659180e-01 8.739445209503173828e-01
5.506522655487060547e-01 5.743088126182556152e-01
6.916881799697875977e-01 6.111760139465332031e-01
6.517298221588134766e-01 6.307931542396545410e-01
6.755772233009338379e-01 7.200295925140380859e-01
5.810602307319641113e-01 7.489643096923828125e-01
5.496084094047546387e-01 6.850349307060241699e-01
5.990626215934753418e-01 7.452855706214904785e-01
6.408807635307312012e-01 5.593195557594299316e-01
7.353218793869018555e-01 7.393410205841064453e-01
5.798931717872619629e-01 7.427648901939392090e-01
5.881811380386352539e-01 7.330654859542846680e-01
7.704324126243591309e-01 6.676444411277770996e-01
5.573353767395019531e-01 7.771465778350830078e-01
5.597408413887023926e-01 6.667581796646118164e-01
7.455520033836364746e-01 5.999233722686767578e-01
5.602967143058776855e-01 7.191309928894042969e-01
8.045066595077514648e-01 5.359485745429992676e-01
7.553879022598266602e-01 4.922497272491455078e-01
7.443603873252868652e-01 5.906543731689453125e-01
5.673370957374572754e-01 7.782686352729797363e-01
4.288284182548522949e-01 8.717924952507019043e-01
5.937066674232482910e-01 5.967108607292175293e-01
6.171628236770629883e-01 7.059000134468078613e-01
6.160157322883605957e-01 6.748474836349487305e-01
7.233861684799194336e-01 7.410932183265686035e-01
6.063796877861022949e-01 6.720010638236999512e-01
6.272386908531188965e-01 6.355320215225219727e-01
7.476873397827148438e-01 6.624990701675415039e-01
4.463210701942443848e-01 7.305449247360229492e-01
6.711437702178955078e-01 6.840575933456420898e-01
5.311729907989501953e-01 5.847973227500915527e-01
4.588972926139831543e-01 4.192822575569152832e-01
5.118719339370727539e-01 4.607494771480560303e-01
5.057358741760253906e-01 5.232820510864257812e-01
5.241229534149169922e-01 6.530030369758605957e-01
4.847504496574401855e-01 5.773439407348632812e-01
6.407271623611450195e-01 6.588839292526245117e-01
5.439151525497436523e-01 7.370271086692810059e-01
5.928021669387817383e-01 5.539746880531311035e-01
6.226232647895812988e-01 7.535569071769714355e-01
5.048477649688720703e-01 7.060787677764892578e-01
6.562099456787109375e-01 7.340049147605895996e-01
6.439774036407470703e-01 8.098725080490112305e-01
6.915619373321533203e-01 5.297830700874328613e-01
5.270237922668457031e-01 6.370069980621337891e-01
4.826132953166961670e-01 6.622170805931091309e-01
7.176945805549621582e-01 6.598016619682312012e-01
6.547067761421203613e-01 6.314585208892822266e-01
7.123647928237915039e-01 5.662753582000732422e-01
7.111123204231262207e-01 7.516326308250427246e-01
6.880012750625610352e-01 5.370590090751647949e-01
4.958232939243316650e-01 7.486949563026428223e-01
5.620115995407104492e-01 6.849911808967590332e-01
6.031325459480285645e-01 5.753250122070312500e-01
6.990634202957153320e-01 6.884896755218505859e-01
7.833384871482849121e-01 6.262726187705993652e-01
6.592171788215637207e-01 6.691556572914123535e-01
6.905794143676757812e-01 5.810790061950683594e-01
7.751941680908203125e-01 6.549910306930541992e-01
6.173750758171081543e-01 6.463276743888854980e-01
6.504038572311401367e-01 6.161836981773376465e-01
7.433111667633056641e-01 6.167770028114318848e-01
5.985497832298278809e-01 4.874731898307800293e-01
5.704259872436523438e-01 6.339390873908996582e-01
5.486896038055419922e-01 7.576854825019836426e-01
7.009696364402770996e-01 5.984029769897460938e-01
6.391514539718627930e-01 6.276891231536865234e-01
5.923606157302856445e-01 6.864424943923950195e-01
6.698231697082519531e-01 6.735636591911315918e-01
6.063869595527648926e-01 8.317736387252807617e-01
7.343338727951049805e-01 7.679810523986816406e-01
4.273762404918670654e-01 6.222765445709228516e-01
7.266891002655029297e-01 6.547050476074218750e-01
6.115453839302062988e-01 4.776464104652404785e-01
5.889421701431274414e-01 6.884173750877380371e-01
5.752232670783996582e-01 5.675862431526184082e-01
6.152695417404174805e-01 8.279182910919189453e-01
4.815501570701599121e-01 5.200024843215942383e-01
5.160479545593261719e-01 8.485059738159179688e-01
5.771933794021606445e-01 8.209893703460693359e-01
5.686393976211547852e-01 6.172904372215270996e-01
6.705501675605773926e-01 5.085012316703796387e-01
4.409033954143524170e-01 7.121183872222900391e-01
4.846698641777038574e-01 8.859720826148986816e-01
5.326455831527709961e-01 6.778391599655151367e-01
7.991815209388732910e-01 7.389614582061767578e-01
7.406368255615234375e-01 6.557156443595886230e-01
5.941287875175476074e-01 5.819771885871887207e-01
6.957952380180358887e-01 5.850725173950195312e-01
4.602832794189453125e-01 5.408474206924438477e-01
5.198130011558532715e-01 7.336409091949462891e-01
5.903707742691040039e-01 7.625085711479187012e-01
8.404768705368041992e-01 5.723650455474853516e-01
5.753929018974304199e-01 6.654883623123168945e-01
7.814911603927612305e-01 6.017249822616577148e-01
7.585142254829406738e-01 7.821288704872131348e-01
6.815901994705200195e-01 6.509470343589782715e-01
6.340081691741943359e-01 6.260029077529907227e-01
7.804173827171325684e-01 6.381587386131286621e-01
4.956702888011932373e-01 6.578170061111450195e-01
5.334907770156860352e-01 7.785117030143737793e-01
5.745071172714233398e-01 4.970880746841430664e-01
5.380828380584716797e-01 4.963895976543426514e-01
4.320506751537322998e-01 5.526745319366455078e-01
7.541230320930480957e-01 6.993675231933593750e-01
5.487520694732666016e-01 6.903469562530517578e-01
4.454820454120635986e-01 6.003688573837280273e-01
6.744940876960754395e-01 6.757601499557495117e-01
8.156011104583740234e-01 5.703456997871398926e-01
7.641277909278869629e-01 7.430288791656494141e-01
5.721490979194641113e-01 6.701815128326416016e-01
7.068047523498535156e-01 7.524569630622863770e-01
4.938223958015441895e-01 7.422683835029602051e-01
6.334791183471679688e-01 6.348915100097656250e-01
4.788954854011535645e-01 5.111541152000427246e-01
8.474630713462829590e-01 5.978766679763793945e-01
6.035088300704956055e-01 5.503921508789062500e-01
6.079919338226318359e-01 6.308621168136596680e-01
6.866288781166076660e-01 7.342587113380432129e-01
6.107450723648071289e-01 7.613425850868225098e-01
5.832252502441406250e-01 7.477235198020935059e-01
7.269377708435058594e-01 5.937443375587463379e-01
7.891986370086669922e-01 6.461961269378662109e-01
6.826453804969787598e-01 7.459606528282165527e-01
5.443943738937377930e-01 7.439254522323608398e-01
6.013345122337341309e-01 5.236154198646545410e-01
8.401629328727722168e-01 6.844752430915832520e-01
5.839132070541381836e-01 8.954196572303771973e-01
5.308743715286254883e-01 5.756364464759826660e-01
5.744613409042358398e-01 6.853764653205871582e-01
7.568800449371337891e-01 5.632147789001464844e-01
6.372261047363281250e-01 8.696083426475524902e-01
5.078677535057067871e-01 5.131543278694152832e-01
5.627826452255249023e-01 5.484059453010559082e-01
7.216900587081909180e-01 8.335925936698913574e-01
6.225453019142150879e-01 6.116713285446166992e-01
7.086352109909057617e-01 7.236489057540893555e-01
5.603508949279785156e-01 5.693262219429016113e-01
6.372431516647338867e-01 7.837342619895935059e-01
5.388311147689819336e-01 5.869631767272949219e-01
5.501717329025268555e-01 8.463146686553955078e-01
5.900255441665649414e-01 5.354806780815124512e-01
5.601060390472412109e-01 5.789681673049926758e-01
6.579791903495788574e-01 8.620738983154296875e-01
6.964700818061828613e-01 6.484810113906860352e-01
5.864340066909790039e-01 7.715975046157836914e-01
5.435482859611511230e-01 7.831982374191284180e-01
7.277639508247375488e-01 6.535808444023132324e-01
4.579774439334869385e-01 4.211044609546661377e-01
5.729943513870239258e-01 6.715991497039794922e-01
6.308061480522155762e-01 6.125758886337280273e-01
7.081169486045837402e-01 8.166585564613342285e-01
7.604855298995971680e-01 7.226327061653137207e-01
7.044406533241271973e-01 6.948304772377014160e-01
4.630624949932098389e-01 5.087852478027343750e-01
6.771954298019409180e-01 6.428372263908386230e-01
5.510799288749694824e-01 6.181273460388183594e-01
6.277151107788085938e-01 8.790380358695983887e-01
4.745540618896484375e-01 4.010804593563079834e-01
6.760941147804260254e-01 5.811775922775268555e-01
5.190296769142150879e-01 6.956104040145874023e-01
5.802116990089416504e-01 6.325901150703430176e-01
5.454269647598266602e-01 4.768127799034118652e-01
6.399054527282714844e-01 6.975082159042358398e-01
6.419705748558044434e-01 8.623796105384826660e-01
5.790937542915344238e-01 6.157436370849609375e-01
5.931785702705383301e-01 5.130239725112915039e-01
7.320411205291748047e-01 6.348158717155456543e-01
5.999270081520080566e-01 6.815630793571472168e-01
6.138947606086730957e-01 6.113229393959045410e-01
8.143964409828186035e-01 6.593982577323913574e-01
6.103213429450988770e-01 8.250658512115478516e-01
6.577731966972351074e-01 7.338049411773681641e-01
5.899729728698730469e-01 6.395866870880126953e-01
7.196010351181030273e-01 5.235030651092529297e-01
5.803695321083068848e-01 6.742017865180969238e-01
4.633818566799163818e-01 6.084200143814086914e-01
5.743172168731689453e-01 6.499839425086975098e-01
6.349684000015258789e-01 8.243433237075805664e-01
6.804251670837402344e-01 6.649825572967529297e-01
7.169296741485595703e-01 6.051581501960754395e-01
6.396895647048950195e-01 6.168817281723022461e-01
5.970728993415832520e-01 8.525592684745788574e-01
6.631320118904113770e-01 6.282495856285095215e-01
7.221506834030151367e-01 6.989956498146057129e-01
5.068786740303039551e-01 5.677247047424316406e-01
8.130199313163757324e-01 6.268907785415649414e-01
8.048834800720214844e-01 6.394976377487182617e-01
5.776907801628112793e-01 4.830273389816284180e-01
6.641458272933959961e-01 6.361719369888305664e-01
4.259743690490722656e-01 7.023389339447021484e-01
7.232385873794555664e-01 5.878477096557617188e-01
5.342823266983032227e-01 9.267995953559875488e-01
6.543204784393310547e-01 8.007650971412658691e-01
5.399832129478454590e-01 7.047811150550842285e-01
6.490567922592163086e-01 6.394466757774353027e-01
5.117418766021728516e-01 5.054807066917419434e-01
5.655183792114257812e-01 5.656574964523315430e-01
5.072790384292602539e-01 7.172482013702392578e-01
7.098649740219116211e-01 7.311879992485046387e-01
6.863638758659362793e-01 6.354302167892456055e-01
6.002324819564819336e-01 6.501815319061279297e-01
6.240869164466857910e-01 6.206703186035156250e-01
6.345793604850769043e-01 6.482840776443481445e-01
5.245824456214904785e-01 7.075909376144409180e-01
7.654258608818054199e-01 7.333943843841552734e-01
5.599194169044494629e-01 6.937248706817626953e-01
8.105707764625549316e-01 5.590167045593261719e-01
5.819726586341857910e-01 7.579947113990783691e-01
5.381097197532653809e-01 6.276666522026062012e-01
5.379221439361572266e-01 7.421373724937438965e-01
7.452791333198547363e-01 6.317960619926452637e-01
6.852544546127319336e-01 6.556310653686523438e-01
6.442609429359436035e-01 8.107274174690246582e-01
6.122896075248718262e-01 5.910878777503967285e-01
6.687776446342468262e-01 6.002152562141418457e-01
6.948431730270385742e-01 7.811855673789978027e-01
7.433793544769287109e-01 7.544218897819519043e-01
5.377815961837768555e-01 5.289342403411865234e-01
6.446753144264221191e-01 6.926274895668029785e-01
5.134143233299255371e-01 7.004539370536804199e-01
6.644393801689147949e-01 5.534051060676574707e-01
6.060117483139038086e-01 8.167265653610229492e-01
7.386900186538696289e-01 8.010375499725341797e-01
6.367627978324890137e-01 5.684325695037841797e-01
4.747830629348754883e-01 7.310708165168762207e-01
6.279423236846923828e-01 8.174935579299926758e-01
6.726119518280029297e-01 5.780928730964660645e-01
6.442377567291259766e-01 7.568469047546386719e-01
6.733853220939636230e-01 7.437563538551330566e-01
6.380541920661926270e-01 8.322716355323791504e-01
4.767115712165832520e-01 8.064940571784973145e-01
5.745890736579895020e-01 9.059485793113708496e-01
7.352403402328491211e-01 7.088612318038940430e-01
5.957948565483093262e-01 5.722039937973022461e-01
5.433182716369628906e-01 6.957310438156127930e-01
6.482715606689453125e-01 7.101702690124511719e-01
7.888166308403015137e-01 6.051592826843261719e-01
5.517721176147460938e-01 7.631019353866577148e-01
5.549664497375488281e-01 7.202138304710388184e-01
6.547557115554809570e-01 6.241077184677124023e-01
6.594108343124389648e-01 7.695838809013366699e-01
7.302430272102355957e-01 7.109555602073669434e-01
6.376507282257080078e-01 7.074363827705383301e-01
5.005214810371398926e-01 7.212514281272888184e-01
5.035049319267272949e-01 4.681172966957092285e-01
7.315024733543395996e-01 7.233430743217468262e-01
7.853769063949584961e-01 6.569262146949768066e-01
7.021341919898986816e-01 6.893680095672607422e-01
7.228372693061828613e-01 7.767764329910278320e-01
5.935344099998474121e-01 5.626285672187805176e-01
5.582023262977600098e-01 6.216806769371032715e-01
6.349511146545410156e-01 7.572903037071228027e-01
7.125880718231201172e-01 7.051831483840942383e-01
7.228824496269226074e-01 7.912235856056213379e-01
6.844859719276428223e-01 6.298192143440246582e-01
5.288675427436828613e-01 6.941011548042297363e-01
5.658802986145019531e-01 6.274475455284118652e-01
4.033873379230499268e-01 8.452156186103820801e-01
4.517107903957366943e-01 4.861599802970886230e-01
8.274937868118286133e-01 5.762862563133239746e-01
5.546697974205017090e-01 6.650855541229248047e-01
7.004818916320800781e-01 6.001577377319335938e-01
7.497543096542358398e-01 6.240946054458618164e-01
7.137635350227355957e-01 6.961588859558105469e-01
7.586962580680847168e-01 7.420432567596435547e-01
5.878809690475463867e-01 7.783703804016113281e-01
6.126289367675781250e-01 5.753650069236755371e-01
6.146055459976196289e-01 6.046473979949951172e-01
7.610049843788146973e-01 7.863317728042602539e-01
7.176461815834045410e-01 6.980080604553222656e-01
6.056557893753051758e-01 6.138656735420227051e-01
6.242021322250366211e-01 7.255330085754394531e-01
6.808307766914367676e-01 5.850411653518676758e-01
6.384630203247070312e-01 5.311560630798339844e-01
6.301528811454772949e-01 5.048053264617919922e-01
5.987139344215393066e-01 5.780908465385437012e-01
7.462538480758666992e-01 8.042913675308227539e-01
6.445170044898986816e-01 5.775057673454284668e-01
5.585157871246337891e-01 4.772884249687194824e-01
4.760649502277374268e-01 5.262414216995239258e-01
6.374610662460327148e-01 7.158623933792114258e-01
4.804137945175170898e-01 5.689646601676940918e-01
4.520431756973266602e-01 5.695437192916870117e-01
6.719999909400939941e-01 7.368271350860595703e-01
5.148145556449890137e-01 8.507784008979797363e-01
6.801332831382751465e-01 7.130261063575744629e-01
7.321324944496154785e-01 7.400600314140319824e-01
6.301943659782409668e-01 7.805640697479248047e-01
4.583866596221923828e-01 7.652395367622375488e-01
5.043788552284240723e-01 6.719087362289428711e-01
5.957946181297302246e-01 8.207466602325439453e-01
5.606486201286315918e-01 7.633556723594665527e-01
5.956590175628662109e-01 7.138430476188659668e-01
4.741120338439941406e-01 8.228965401649475098e-01
3.754532635211944580e-01 6.808656454086303711e-01
7.305678725242614746e-01 8.228665590286254883e-01
4.341040253639221191e-01 6.850061416625976562e-01
6.632249951362609863e-01 7.548649311065673828e-01
6.454772949218750000e-01 7.261010408401489258e-01
7.313303351402282715e-01 7.204639911651611328e-01
6.333283782005310059e-01 5.245783329010009766e-01
7.098729014396667480e-01 7.159883975982666016e-01
4.838318228721618652e-01 4.202683269977569580e-01
5.132822394371032715e-01 6.345508098602294922e-01
5.996264219284057617e-01 6.417445540428161621e-01
4.198302328586578369e-01 7.215088605880737305e-01
5.569241642951965332e-01 6.375238299369812012e-01
5.053198337554931641e-01 8.848349452018737793e-01
5.974000096321105957e-01 8.323994874954223633e-01
5.001674890518188477e-01 8.324348330497741699e-01
5.966445207595825195e-01 7.556645870208740234e-01
6.268641948699951172e-01 7.411243319511413574e-01
6.739535927772521973e-01 7.898570895195007324e-01
6.968153119087219238e-01 6.616396307945251465e-01
6.342198848724365234e-01 6.834306120872497559e-01
6.139647960662841797e-01 6.426563262939453125e-01
5.950152873992919922e-01 5.177060365676879883e-01
7.977015972137451172e-01 6.318355798721313477e-01
8.019714355468750000e-01 6.206033229827880859e-01
6.720130443572998047e-01 7.575650811195373535e-01
6.893761157989501953e-01 8.014170527458190918e-01
5.180971026420593262e-01 6.095862388610839844e-01
6.543101668357849121e-01 6.287364959716796875e-01
5.189822912216186523e-01 8.252177834510803223e-01
6.082039475440979004e-01 5.812506675720214844e-01
6.250099539756774902e-01 6.968473792076110840e-01
7.909131646156311035e-01 6.761114001274108887e-01
8.007356524467468262e-01 7.166136503219604492e-01
6.882400512695312500e-01 5.888653993606567383e-01
5.737078189849853516e-01 5.654151439666748047e-01
5.701221227645874023e-01 9.064768552780151367e-01
4.923281669616699219e-01 5.112077593803405762e-01
5.038775205612182617e-01 6.243606209754943848e-01
4.858567714691162109e-01 5.818331241607666016e-01
4.790489971637725830e-01 7.470159530639648438e-01
6.706646084785461426e-01 5.795632004737854004e-01
7.909801602363586426e-01 6.857655644416809082e-01
6.425392627716064453e-01 7.887970805168151855e-01
3.810517489910125732e-01 8.214497566223144531e-01
6.831847429275512695e-01 7.428805232048034668e-01
5.231997966766357422e-01 7.928338050842285156e-01
6.108017563819885254e-01 5.682700872421264648e-01
7.002066373825073242e-01 6.413127779960632324e-01
6.655031442642211914e-01 8.405414819717407227e-01
6.718958020210266113e-01 6.328603029251098633e-01
6.716441512107849121e-01 8.009597063064575195e-01
6.696332693099975586e-01 6.423519849777221680e-01
6.084910631179809570e-01 6.989912390708923340e-01
5.276337862014770508e-01 5.462106466293334961e-01
6.691652536392211914e-01 6.537712812423706055e-01
5.988871455192565918e-01 6.438006162643432617e-01
5.033048987388610840e-01 6.412742137908935547e-01
4.690813124179840088e-01 8.181859850883483887e-01
6.301295757293701172e-01 8.460866212844848633e-01
6.408070325851440430e-01 8.353958129882812500e-01
6.475359797477722168e-01 6.502429246902465820e-01
5.795307755470275879e-01 5.794543623924255371e-01
5.651921033859252930e-01 6.696770787239074707e-01
5.958066582679748535e-01 5.022469758987426758e-01
6.295489668846130371e-01 6.037592887878417969e-01
5.464344024658203125e-01 7.017959356307983398e-01
6.407551765441894531e-01 6.209153532981872559e-01
5.869272947311401367e-01 6.722859144210815430e-01
6.147783994674682617e-01 5.925916433334350586e-01
5.746901035308837891e-01 7.915557026863098145e-01
6.112152934074401855e-01 7.122573852539062500e-01
5.345308780670166016e-01 6.814876794815063477e-01
5.618601441383361816e-01 6.543045639991760254e-01
6.593276262283325195e-01 6.535668373107910156e-01
5.252469182014465332e-01 5.302522182464599609e-01
4.931605160236358643e-01 6.024126410484313965e-01
4.976097345352172852e-01 8.621764779090881348e-01
6.035124063491821289e-01 7.273529767990112305e-01
7.377989888191223145e-01 7.347786426544189453e-01
4.129876196384429932e-01 6.995241641998291016e-01
7.357880473136901855e-01 6.821377873420715332e-01
5.477349162101745605e-01 4.900505244731903076e-01
6.598482728004455566e-01 6.143134236335754395e-01
7.394070029258728027e-01 7.019085884094238281e-01
6.759219169616699219e-01 6.288096904754638672e-01
6.940500140190124512e-01 6.177996993064880371e-01
7.235901951789855957e-01 6.603622436523437500e-01
6.177577376365661621e-01 7.115533947944641113e-01
6.084422469139099121e-01 6.662038564682006836e-01
4.392568767070770264e-01 8.773918747901916504e-01
6.617987155914306641e-01 6.430661678314208984e-01
6.054508686065673828e-01 8.038780689239501953e-01
6.885527968406677246e-01 7.762278914451599121e-01
6.910402774810791016e-01 6.091327071189880371e-01
7.428602576255798340e-01 6.311590075492858887e-01
6.298159360885620117e-01 8.557149767875671387e-01
6.351300477981567383e-01 6.108990907669067383e-01
6.631168127059936523e-01 7.459806799888610840e-01
4.616427421569824219e-01 6.263957023620605469e-01
5.375760793685913086e-01 5.688472390174865723e-01
5.856354832649230957e-01 5.571188926696777344e-01
6.166725754737854004e-01 6.823249459266662598e-01
5.540725588798522949e-01 6.552084684371948242e-01
5.067286491394042969e-01 6.271188259124755859e-01
5.720870494842529297e-01 8.051003217697143555e-01
6.532776951789855957e-01 5.087279081344604492e-01
6.387897729873657227e-01 7.912387251853942871e-01
6.709518432617187500e-01 7.021220922470092773e-01
5.945363640785217285e-01 8.613229393959045410e-01
5.722147226333618164e-01 7.531708478927612305e-01
5.547289848327636719e-01 8.420307040214538574e-01
5.490674972534179688e-01 6.680690646171569824e-01
6.134603619575500488e-01 6.338526606559753418e-01
6.907078027725219727e-01 6.517008543014526367e-01
7.256052494049072266e-01 6.745071411132812500e-01
5.270904898643493652e-01 9.059568047523498535e-01
5.264512896537780762e-01 7.658166885375976562e-01
6.889187097549438477e-01 7.781329154968261719e-01
7.360200881958007812e-01 6.556759476661682129e-01
6.654761433601379395e-01 7.590125799179077148e-01
5.004596710205078125e-01 7.943094968795776367e-01
3.568997681140899658e-01 7.699706554412841797e-01
6.237207055091857910e-01 6.923874020576477051e-01
5.319137573242187500e-01 7.071374058723449707e-01
5.775236487388610840e-01 8.763079643249511719e-01
6.290476322174072266e-01 8.343433141708374023e-01
6.415585875511169434e-01 7.668160200119018555e-01
4.559482932090759277e-01 7.068038582801818848e-01
7.629651427268981934e-01 6.451736092567443848e-01
5.124107003211975098e-01 7.440444827079772949e-01
5.576941370964050293e-01 7.520051598548889160e-01
7.816059589385986328e-01 6.211841702461242676e-01
5.423673391342163086e-01 8.773922324180603027e-01
6.910076141357421875e-01 5.420626997947692871e-01
6.309609413146972656e-01 5.842459797859191895e-01
5.113155841827392578e-01 7.504935264587402344e-01
6.911816000938415527e-01 5.800251960754394531e-01
4.471769928932189941e-01 7.362347245216369629e-01
6.527934670448303223e-01 6.082704663276672363e-01
7.469577193260192871e-01 7.663320899009704590e-01
5.516741871833801270e-01 8.351805806159973145e-01
5.866831541061401367e-01 7.011756896972656250e-01
6.103235483169555664e-01 6.434080600738525391e-01
6.870154738426208496e-01 8.363015651702880859e-01
7.277535200119018555e-01 5.840643644332885742e-01
4.541434347629547119e-01 8.972521424293518066e-01
7.208569049835205078e-01 7.350202202796936035e-01
5.412338376045227051e-01 6.348263621330261230e-01
6.769853830337524414e-01 5.679726004600524902e-01
5.398766398429870605e-01 7.442027330398559570e-01
5.183020830154418945e-01 7.202302217483520508e-01
7.450060248374938965e-01 7.526823878288269043e-01
6.176897287368774414e-01 8.861872553825378418e-01
6.249133944511413574e-01 8.981929421424865723e-01
7.249712347984313965e-01 6.630114912986755371e-01
5.918265581130981445e-01 7.343893647193908691e-01
6.499443054199218750e-01 7.548333406448364258e-01
6.757990717887878418e-01 6.957026124000549316e-01
6.340090036392211914e-01 7.570312023162841797e-01
5.332285761833190918e-01 5.619327425956726074e-01
8.338413238525390625e-01 5.714529752731323242e-01
6.012450456619262695e-01 7.792149782180786133e-01
7.405816912651062012e-01 6.827341318130493164e-01
5.216554403305053711e-01 7.468197941780090332e-01
5.701803565025329590e-01 9.006172418594360352e-01
7.597020864486694336e-01 7.866106033325195312e-01
7.307429909706115723e-01 6.524988412857055664e-01
4.188779890537261963e-01 8.066661357879638672e-01
6.538814306259155273e-01 8.051500916481018066e-01
6.766378879547119141e-01 7.152603268623352051e-01
4.015927612781524658e-01 6.714395880699157715e-01
7.162142395973205566e-01 8.128261566162109375e-01
5.539526343345642090e-01 6.003819108009338379e-01
4.384706914424896240e-01 7.649691104888916016e-01
4.697384834289550781e-01 8.418982625007629395e-01
7.700351476669311523e-01 6.432902812957763672e-01
6.720275282859802246e-01 6.535285115242004395e-01
6.333470344543457031e-01 6.357886195182800293e-01
4.908987879753112793e-01 8.279829621315002441e-01
5.717316865921020508e-01 5.433145165443420410e-01
5.134977102279663086e-01 6.247085332870483398e-01
7.022847533226013184e-01 6.113309264183044434e-01
6.982209682464599609e-01 7.253531217575073242e-01
6.662103533744812012e-01 8.359038233757019043e-01
6.428551673889160156e-01 5.836387276649475098e-01
7.989591956138610840e-01 6.490575075149536133e-01
5.637969374656677246e-01 6.796658039093017578e-01
5.008571743965148926e-01 5.470184683799743652e-01
6.268019080162048340e-01 7.087379693984985352e-01
6.972463726997375488e-01 5.953792929649353027e-01
6.571355462074279785e-01 6.258603334426879883e-01
5.452090501785278320e-01 5.334423184394836426e-01
6.371235251426696777e-01 7.368821501731872559e-01
5.263087749481201172e-01 7.703569531440734863e-01
6.706851720809936523e-01 6.815683245658874512e-01
6.896271705627441406e-01 7.173078060150146484e-01
4.769465327262878418e-01 8.207726478576660156e-01
6.647662520408630371e-01 8.677730560302734375e-01
4.857912957668304443e-01 8.524625301361083984e-01
4.170712530612945557e-01 9.011672735214233398e-01
4.646894633769989014e-01 3.995716869831085205e-01
6.803312897682189941e-01 7.016532421112060547e-01
5.588868260383605957e-01 6.970600485801696777e-01
6.084388494491577148e-01 7.658700942993164062e-01
4.732252955436706543e-01 5.868456959724426270e-01
6.214833855628967285e-01 5.478441715240478516e-01
7.550199627876281738e-01 5.354788899421691895e-01
3.938408493995666504e-01 7.152378559112548828e-01
4.370186924934387207e-01 7.009163498878479004e-01
5.635521411895751953e-01 9.076580405235290527e-01
5.281925201416015625e-01 8.371041417121887207e-01
7.493373751640319824e-01 7.208447456359863281e-01
7.742110490798950195e-01 6.244531869888305664e-01
6.367291212081909180e-01 6.751052141189575195e-01
7.102848291397094727e-01 6.983679533004760742e-01
7.226917743682861328e-01 8.036974668502807617e-01
5.581634044647216797e-01 8.852933049201965332e-01
7.892733812332153320e-01 5.161364674568176270e-01
7.044706344604492188e-01 5.959761738777160645e-01
6.329096555709838867e-01 8.275758624076843262e-01
6.817671656608581543e-01 6.232163310050964355e-01
6.701073646545410156e-01 7.354385256767272949e-01
4.694758951663970947e-01 6.700571775436401367e-01
7.237831950187683105e-01 7.003891468048095703e-01
4.360038638114929199e-01 5.471857786178588867e-01
6.430599093437194824e-01 6.061652898788452148e-01
6.606141924858093262e-01 5.961806774139404297e-01
7.929893732070922852e-01 7.047984600067138672e-01
5.321347713470458984e-01 8.446583151817321777e-01
6.579421162605285645e-01 6.121557950973510742e-01
6.350005269050598145e-01 7.966999411582946777e-01
7.408370375633239746e-01 8.129867315292358398e-01
5.427385568618774414e-01 7.595829367637634277e-01
6.385948657989501953e-01 6.071270704269409180e-01
5.978188514709472656e-01 6.137724518775939941e-01
7.821750640869140625e-01 6.128212809562683105e-01
5.137113332748413086e-01 7.031774520874023438e-01
6.053392887115478516e-01 8.372377157211303711e-01
5.857515335083007812e-01 8.335323333740234375e-01
6.246701478958129883e-01 7.672909498214721680e-01
7.086681127548217773e-01 6.815356016159057617e-01
7.002980709075927734e-01 8.679637908935546875e-01
5.929601192474365234e-01 6.295037865638732910e-01
5.095334649085998535e-01 7.824299335479736328e-01
6.904966831207275391e-01 7.008256912231445312e-01
4.197551012039184570e-01 6.758460998535156250e-01
5.371915698051452637e-01 7.296599149703979492e-01
6.023673415184020996e-01 7.585694193840026855e-01
6.665493845939636230e-01 6.037925481796264648e-01
5.357163548469543457e-01 5.889849662780761719e-01
7.422863841056823730e-01 6.163178682327270508e-01
5.227433443069458008e-01 6.029751300811767578e-01
5.091041922569274902e-01 7.981405854225158691e-01
5.756143927574157715e-01 7.414106130599975586e-01
6.662862896919250488e-01 5.875666737556457520e-01
6.233255863189697266e-01 6.808037757873535156e-01
7.416554689407348633e-01 5.667743682861328125e-01
4.210493266582489014e-01 7.850911617279052734e-01
7.247195839881896973e-01 8.021454215049743652e-01
6.626192927360534668e-01 7.482684850692749023e-01
6.219906806945800781e-01 7.538444995880126953e-01
5.117903351783752441e-01 9.097674489021301270e-01
5.137994885444641113e-01 5.077138543128967285e-01
5.831022858619689941e-01 7.546022534370422363e-01
5.760171413421630859e-01 7.294721007347106934e-01
7.061374187469482422e-01 6.802079081535339355e-01
7.722769975662231445e-01 5.964453816413879395e-01
6.890866756439208984e-01 6.656672954559326172e-01
6.338058710098266602e-01 5.787839889526367188e-01
6.444244384765625000e-01 6.730616688728332520e-01
5.830977559089660645e-01 6.152225136756896973e-01
7.304080128669738770e-01 6.778067350387573242e-01
6.713746786117553711e-01 7.829939723014831543e-01
5.897558927536010742e-01 7.092015743255615234e-01
6.924195289611816406e-01 7.539560794830322266e-01
7.194332480430603027e-01 6.759983301162719727e-01
6.869416832923889160e-01 5.321990847587585449e-01
6.548659801483154297e-01 5.741868019104003906e-01
5.421068072319030762e-01 7.342810034751892090e-01
5.532487034797668457e-01 5.379187464714050293e-01
6.421726942062377930e-01 5.410537719726562500e-01
5.991457104682922363e-01 7.984296083450317383e-01
7.246988415718078613e-01 7.315952181816101074e-01
3.578063249588012695e-01 7.097752094268798828e-01
6.230010390281677246e-01 7.873658537864685059e-01
6.501305699348449707e-01 6.967604160308837891e-01
6.079853773117065430e-01 7.304644584655761719e-01
4.608223438262939453e-01 7.089990973472595215e-01
6.799616813659667969e-01 7.748609185218811035e-01
6.025404930114746094e-01 5.630276203155517578e-01
6.952830553054809570e-01 6.101725697517395020e-01
6.289443373680114746e-01 5.209001898765563965e-01
4.346536397933959961e-01 7.651920914649963379e-01
6.750861406326293945e-01 6.911477446556091309e-01
5.957204699516296387e-01 8.531045317649841309e-01
6.355500221252441406e-01 8.470453023910522461e-01
7.538294792175292969e-01 7.008157372474670410e-01
5.732159018516540527e-01 5.401433110237121582e-01
6.244721412658691406e-01 6.749484539031982422e-01
6.206290125846862793e-01 5.529007911682128906e-01
6.474424004554748535e-01 6.962551474571228027e-01
5.609191656112670898e-01 5.929177999496459961e-01
6.673156619071960449e-01 7.776001691818237305e-01
5.834054350852966309e-01 5.334737896919250488e-01
5.766197443008422852e-01 6.382727622985839844e-01
5.979092717170715332e-01 7.206935286521911621e-01
5.921102166175842285e-01 5.550794601440429688e-01
6.680786609649658203e-01 6.393538713455200195e-01
6.748569011688232422e-01 8.313406109809875488e-01
6.865313649177551270e-01 7.323262095451354980e-01
4.507748484611511230e-01 7.168914675712585449e-01
6.034598350524902344e-01 4.805422425270080566e-01
7.125967144966125488e-01 5.629699826240539551e-01
5.922302007675170898e-01 8.460616469383239746e-01
5.249680280685424805e-01 6.768844127655029297e-01
5.752735137939453125e-01 7.976158261299133301e-01
5.103233456611633301e-01 7.470160722732543945e-01
6.701894998550415039e-01 5.905225872993469238e-01
7.368753552436828613e-01 6.007212996482849121e-01
5.722676515579223633e-01 5.702512264251708984e-01
7.046819329261779785e-01 7.488190531730651855e-01
7.067269086837768555e-01 6.879337430000305176e-01
5.568014383316040039e-01 9.056798219680786133e-01
4.406169056892395020e-01 7.461993694305419922e-01
7.223675847053527832e-01 7.791880369186401367e-01
5.454421639442443848e-01 6.279771327972412109e-01
8.194432258605957031e-01 6.716758608818054199e-01
5.810526609420776367e-01 8.690541386604309082e-01
5.858130455017089844e-01 8.825262188911437988e-01
5.267857909202575684e-01 6.042211651802062988e-01
6.981507539749145508e-01 5.400856733322143555e-01
5.410938858985900879e-01 7.409031987190246582e-01
7.122506499290466309e-01 5.781772136688232422e-01
6.420757174491882324e-01 7.865764498710632324e-01
6.595596075057983398e-01 6.032561659812927246e-01
5.957647562026977539e-01 7.777070403099060059e-01
5.549383759498596191e-01 6.782384514808654785e-01
7.212579250335693359e-01 6.559089422225952148e-01
6.282036900520324707e-01 7.255587577819824219e-01
7.022930383682250977e-01 6.494498252868652344e-01
6.233740448951721191e-01 6.424428820610046387e-01
6.569598317146301270e-01 7.863920927047729492e-01
5.208950042724609375e-01 8.754215836524963379e-01
5.461053848266601562e-01 7.701672911643981934e-01
7.152784466743469238e-01 8.237563967704772949e-01
6.846083402633666992e-01 6.751015782356262207e-01
6.093665361404418945e-01 7.247525453567504883e-01
6.646826863288879395e-01 5.999071002006530762e-01
6.530913710594177246e-01 7.230975627899169922e-01
5.756378769874572754e-01 6.902095675468444824e-01
4.664483070373535156e-01 7.290532588958740234e-01
4.161511361598968506e-01 7.698829770088195801e-01
7.356567978858947754e-01 7.282975316047668457e-01
6.996210813522338867e-01 6.474570035934448242e-01
5.527279376983642578e-01 7.300336360931396484e-01
6.910329461097717285e-01 8.064772486686706543e-01
7.566751241683959961e-01 6.844876408576965332e-01
5.053774118423461914e-01 4.420491456985473633e-01
4.892323911190032959e-01 4.722114801406860352e-01
4.041320383548736572e-01 8.007105588912963867e-01
6.586316823959350586e-01 5.399274230003356934e-01
6.711022257804870605e-01 6.526291370391845703e-01
5.093532204627990723e-01 7.315649986267089844e-01
5.756056308746337891e-01 7.491711378097534180e-01
7.762773633003234863e-01 7.157531976699829102e-01
6.528816819190979004e-01 7.823449969291687012e-01
5.574231147766113281e-01 5.844926834106445312e-01
4.977470040321350098e-01 8.893128037452697754e-01
7.648234963417053223e-01 7.968901395797729492e-01
4.108548164367675781e-01 7.942271828651428223e-01
5.013442039489746094e-01 8.465472459793090820e-01
5.719065666198730469e-01 5.733407139778137207e-01
6.879706382751464844e-01 6.332151293754577637e-01
6.440466046333312988e-01 6.293413639068603516e-01
5.930306911468505859e-01 7.133613228797912598e-01
6.294342279434204102e-01 6.069679856300354004e-01
6.697146892547607422e-01 7.134793400764465332e-01
6.230370402336120605e-01 6.810246109962463379e-01
5.558267831802368164e-01 8.107192516326904297e-01
5.797752141952514648e-01 6.898984313011169434e-01
7.179658412933349609e-01 7.452263832092285156e-01
5.722883343696594238e-01 7.405955791473388672e-01
7.239173054695129395e-01 5.682675838470458984e-01
5.949194431304931641e-01 6.946074366569519043e-01
6.045718789100646973e-01 7.103756666183471680e-01
7.923758625984191895e-01 5.962825417518615723e-01
6.604146361351013184e-01 7.087199687957763672e-01
6.040502190589904785e-01 5.175871849060058594e-01
3.376604020595550537e-01 8.210953474044799805e-01
6.673261523246765137e-01 7.055540084838867188e-01
4.293635487556457520e-01 7.623723149299621582e-01
7.179579138755798340e-01 7.167539596557617188e-01
6.102157235145568848e-01 6.994717717170715332e-01
6.453506350517272949e-01 6.639725565910339355e-01
5.368612408638000488e-01 5.375236272811889648e-01
5.471747517585754395e-01 4.564942419528961182e-01
6.167257428169250488e-01 6.516273617744445801e-01
6.456019878387451172e-01 6.382263302803039551e-01
5.828440785408020020e-01 6.385916471481323242e-01
6.651881933212280273e-01 7.233543395996093750e-01
5.213230848312377930e-01 7.756523489952087402e-01
6.462330818176269531e-01 7.224276661872863770e-01
6.814909577369689941e-01 7.206895947456359863e-01
5.593779683113098145e-01 8.171974420547485352e-01
7.543253898620605469e-01 5.378146767616271973e-01
4.508181214332580566e-01 5.161624550819396973e-01
5.618391633033752441e-01 6.116418242454528809e-01
6.704833507537841797e-01 8.165454268455505371e-01
6.482567191123962402e-01 7.991812825202941895e-01
5.453478097915649414e-01 8.558501601219177246e-01
5.108382701873779297e-01 5.294268727302551270e-01
5.294637084007263184e-01 5.814648270606994629e-01
8.037870526313781738e-01 6.991094946861267090e-01
6.955082416534423828e-01 7.728714942932128906e-01
6.369263529777526855e-01 6.516969799995422363e-01
4.803481400012969971e-01 7.813637852668762207e-01
5.409545302391052246e-01 8.278502821922302246e-01
6.439712047576904297e-01 7.365738153457641602e-01
5.750281810760498047e-01 5.297101736068725586e-01
6.203412413597106934e-01 5.706064105033874512e-01
6.894091963768005371e-01 6.545657515525817871e-01
4.526173770427703857e-01 4.395926594734191895e-01
5.885855555534362793e-01 5.032858252525329590e-01
7.749545574188232422e-01 6.616177558898925781e-01
5.459495782852172852e-01 6.767062544822692871e-01
8.216486573219299316e-01 5.081444978713989258e-01
7.671681046485900879e-01 6.257891058921813965e-01
3.656947612762451172e-01 8.717021346092224121e-01
7.201435565948486328e-01 5.754505395889282227e-01
6.318815946578979492e-01 6.509196162223815918e-01
7.480060458183288574e-01 7.501016259193420410e-01
6.557098627090454102e-01 6.011570692062377930e-01
5.822945237159729004e-01 6.167551279067993164e-01
4.602234065532684326e-01 6.620599031448364258e-01
6.101735830307006836e-01 6.088024973869323730e-01
6.467294692993164062e-01 6.321732997894287109e-01
4.556241929531097412e-01 7.359191775321960449e-01
5.404883623123168945e-01 6.561312675476074219e-01
4.032098650932312012e-01 6.088609099388122559e-01
4.394294321537017822e-01 7.856157422065734863e-01
6.521656513214111328e-01 8.083598613739013672e-01
6.268683671951293945e-01 5.261986851692199707e-01
6.522831916809082031e-01 5.435045957565307617e-01
6.566044688224792480e-01 7.903071641921997070e-01
6.365648508071899414e-01 6.901898384094238281e-01
6.883713006973266602e-01 7.373048663139343262e-01
6.166676878929138184e-01 7.240103483200073242e-01
7.484586834907531738e-01 6.842882633209228516e-01
4.844411611557006836e-01 5.851587653160095215e-01
7.673318386077880859e-01 7.794867753982543945e-01
4.651234149932861328e-01 7.847609519958496094e-01
7.456638813018798828e-01 7.900881767272949219e-01
4.372645020484924316e-01 6.341129541397094727e-01
6.987358331680297852e-01 6.621207594871520996e-01
5.705623030662536621e-01 7.035267949104309082e-01
6.412823796272277832e-01 6.762923598289489746e-01
6.502945423126220703e-01 6.988195180892944336e-01
5.097939968109130859e-01 8.023300766944885254e-01
5.853494405746459961e-01 7.789445519447326660e-01
4.694113433361053467e-01 8.352013826370239258e-01
6.908423900604248047e-01 8.230783343315124512e-01
5.916830301284790039e-01 6.923027634620666504e-01
4.866440594196319580e-01 8.694375753402709961e-01
6.774029135704040527e-01 7.060975432395935059e-01
7.561810016632080078e-01 7.279424071311950684e-01
5.559157729148864746e-01 5.905758142471313477e-01
7.950623035430908203e-01 6.611959338188171387e-01
7.205918431282043457e-01 7.082046866416931152e-01
6.007987856864929199e-01 6.765564084053039551e-01
6.902726292610168457e-01 6.595464944839477539e-01
7.057813405990600586e-01 7.503542900085449219e-01
5.708720684051513672e-01 6.051545739173889160e-01
5.451538562774658203e-01 7.219356894493103027e-01
5.941621065139770508e-01 6.372643709182739258e-01
5.717275142669677734e-01 8.217300176620483398e-01
7.162292003631591797e-01 6.984791159629821777e-01
5.744163393974304199e-01 5.851603746414184570e-01
6.432697772979736328e-01 7.003201842308044434e-01
4.557203948497772217e-01 7.046521306037902832e-01
6.138595938682556152e-01 7.673586606979370117e-01
7.487733960151672363e-01 6.767390370368957520e-01
4.442446827888488770e-01 7.921617031097412109e-01
5.665024518966674805e-01 7.998206615447998047e-01
5.049172043800354004e-01 7.016987204551696777e-01
5.917436480522155762e-01 7.799659967422485352e-01
6.820625066757202148e-01 7.420324683189392090e-01
6.689680814743041992e-01 6.871536970138549805e-01
6.550397872924804688e-01 6.477822065353393555e-01
6.266587972640991211e-01 8.281467556953430176e-01
5.362843275070190430e-01 7.857579588890075684e-01
6.486890316009521484e-01 5.718663930892944336e-01
5.142691731452941895e-01 7.144036293029785156e-01
6.258898377418518066e-01 8.876943588256835938e-01
6.561877131462097168e-01 5.998198390007019043e-01
5.491957068443298340e-01 7.098300457000732422e-01
5.239719152450561523e-01 8.222362399101257324e-01
6.488102674484252930e-01 6.991299390792846680e-01
4.809143543243408203e-01 8.553671240806579590e-01
5.365307331085205078e-01 6.111645698547363281e-01
6.854534149169921875e-01 6.250330209732055664e-01
4.658731520175933838e-01 6.537899374961853027e-01
6.760364174842834473e-01 6.627160906791687012e-01
6.908687353134155273e-01 6.219989061355590820e-01
6.659954786300659180e-01 7.790785431861877441e-01
5.864908695220947266e-01 8.114803433418273926e-01
6.346100568771362305e-01 7.735249400138854980e-01
4.978862106800079346e-01 5.877195000648498535e-01
6.883150935173034668e-01 6.357386112213134766e-01
6.485248208045959473e-01 5.828942060470581055e-01
3.634915649890899658e-01 7.215402722358703613e-01
4.480018913745880127e-01 8.307862281799316406e-01
6.144844889640808105e-01 5.485116839408874512e-01
6.334520578384399414e-01 7.336475849151611328e-01
5.463386774063110352e-01 7.534645199775695801e-01
7.311645746231079102e-01 8.164160847663879395e-01
6.174153685569763184e-01 6.311802864074707031e-01
5.662343502044677734e-01 8.666255474090576172e-01
6.761139631271362305e-01 5.842403769493103027e-01
7.208327651023864746e-01 8.335275053977966309e-01
5.397928357124328613e-01 5.946107506752014160e-01
5.520969033241271973e-01 6.937199831008911133e-01
4.709776639938354492e-01 8.858643174171447754e-01
7.457600235939025879e-01 5.953946709632873535e-01
5.183454155921936035e-01 6.734961867332458496e-01
6.352549791336059570e-01 8.407515883445739746e-01
4.638979434967041016e-01 6.459012031555175781e-01
5.206868052482604980e-01 7.818542718887329102e-01
5.801076292991638184e-01 4.769566059112548828e-01
6.182856559753417969e-01 6.897595524787902832e-01
6.004943251609802246e-01 8.225083947181701660e-01
5.965265631675720215e-01 5.948076248168945312e-01
7.165559530258178711e-01 7.939067482948303223e-01
5.273914933204650879e-01 4.749138653278350830e-01
6.644109487533569336e-01 7.942926287651062012e-01
6.884885430335998535e-01 5.883193016052246094e-01
8.043365478515625000e-01 6.280521750450134277e-01
4.399543106555938721e-01 5.703557133674621582e-01
4.997998178005218506e-01 8.446169495582580566e-01
7.362735867500305176e-01 5.363935828208923340e-01
5.437177419662475586e-01 7.638213634490966797e-01
6.384127736091613770e-01 7.242411971092224121e-01
6.972848176956176758e-01 5.992435216903686523e-01
6.489250659942626953e-01 7.900807261466979980e-01
5.760730504989624023e-01 8.068847656250000000e-01
8.062730431556701660e-01 6.018080711364746094e-01
7.013259530067443848e-01 5.966615676879882812e-01
4.593321084976196289e-01 8.242883682250976562e-01
5.819475054740905762e-01 6.433435082435607910e-01
5.971950292587280273e-01 5.911925435066223145e-01
4.528473317623138428e-01 8.381866812705993652e-01
6.462292075157165527e-01 7.955613136291503906e-01
6.760944724082946777e-01 6.326366066932678223e-01
6.711990237236022949e-01 7.576568126678466797e-01
6.502713561058044434e-01 8.670986294746398926e-01
5.679707527160644531e-01 7.191274762153625488e-01
4.410739243030548096e-01 6.890400648117065430e-01
5.269404649734497070e-01 6.737225651741027832e-01
7.686457037925720215e-01 5.827926397323608398e-01
7.040559649467468262e-01 6.980049610137939453e-01
5.220314860343933105e-01 8.462970852851867676e-01
7.130814194679260254e-01 8.459469676017761230e-01
7.534008622169494629e-01 7.941133975982666016e-01
6.704032421112060547e-01 6.690739989280700684e-01
6.888926625251770020e-01 7.449010610580444336e-01
7.072868943214416504e-01 7.941645979881286621e-01
4.304355382919311523e-01 7.199234366416931152e-01
8.345773220062255859e-01 6.511597633361816406e-01
5.261952280998229980e-01 5.498376488685607910e-01
4.828327000141143799e-01 7.329404950141906738e-01
6.238962411880493164e-01 7.154683470726013184e-01
6.914938092231750488e-01 7.931812405586242676e-01
7.380554080009460449e-01 7.753030657768249512e-01
4.616169333457946777e-01 5.251973271369934082e-01
6.169860363006591797e-01 6.427444815635681152e-01
7.521988153457641602e-01 6.593241691589355469e-01
5.731994509696960449e-01 7.232784628868103027e-01
7.566030621528625488e-01 6.338849663734436035e-01
5.868275165557861328e-01 5.762388706207275391e-01
4.276303946971893311e-01 7.063353657722473145e-01
7.714411020278930664e-01 7.001944184303283691e-01
6.654571890830993652e-01 7.570494413375854492e-01
6.202386617660522461e-01 7.262187004089355469e-01
6.012774705886840820e-01 5.686002373695373535e-01
5.687281489372253418e-01 6.139967441558837891e-01
5.312258005142211914e-01 7.502322196960449219e-01
4.816676080226898193e-01 8.551501631736755371e-01
4.445951879024505615e-01 7.247532606124877930e-01
7.406211495399475098e-01 6.969658136367797852e-01
7.001944184303283691e-01 7.203693985939025879e-01
6.319940686225891113e-01 7.759789228439331055e-01
4.930526316165924072e-01 8.152871727943420410e-01
5.711216330528259277e-01 6.342378854751586914e-01
8.039568662643432617e-01 6.841551661491394043e-01
6.254053711891174316e-01 7.120180130004882812e-01
5.265904664993286133e-01 4.769351184368133545e-01
5.778509974479675293e-01 8.347820639610290527e-01
4.509521424770355225e-01 7.245966196060180664e-01
5.685544610023498535e-01 8.829553723335266113e-01
6.295163035392761230e-01 7.291107773780822754e-01
5.059809088706970215e-01 7.049420475959777832e-01
6.138243675231933594e-01 6.107255220413208008e-01
6.937562823295593262e-01 7.232699990272521973e-01
5.969868302345275879e-01 7.929880023002624512e-01
4.005802869796752930e-01 7.118601202964782715e-01
6.835706233978271484e-01 8.162443041801452637e-01
5.487768054008483887e-01 6.527132391929626465e-01
6.009644865989685059e-01 7.027712464332580566e-01
7.880713939666748047e-01 6.986111402511596680e-01
6.514063477516174316e-01 6.987653374671936035e-01
6.749930977821350098e-01 5.951211452484130859e-01
6.156629323959350586e-01 8.105655908584594727e-01
6.305073499679565430e-01 7.007895112037658691e-01
5.368671417236328125e-01 7.668371796607971191e-01
5.012987256050109863e-01 7.439302802085876465e-01
7.069808840751647949e-01 6.818347573280334473e-01
5.044382810592651367e-01 7.372362017631530762e-01
5.986491441726684570e-01 6.312902569770812988e-01
7.434858679771423340e-01 6.937015652656555176e-01
6.263290643692016602e-01 6.655721068382263184e-01
7.158674597740173340e-01 6.217036247253417969e-01
6.356597542762756348e-01 6.709862351417541504e-01
4.869773685932159424e-01 7.493475675582885742e-01
4.191680848598480225e-01 5.788261890411376953e-01
7.506446838378906250e-01 7.801829576492309570e-01
7.550401091575622559e-01 7.293143868446350098e-01
5.797433853149414062e-01 7.580148577690124512e-01
5.617857575416564941e-01 5.818555355072021484e-01
5.048065781593322754e-01 7.322766184806823730e-01
5.873484015464782715e-01 8.192281126976013184e-01
6.480870246887207031e-01 8.009302616119384766e-01
7.628176212310791016e-01 7.303624749183654785e-01
