5.891107320785522461e-01 5.100166201591491699e-01
4.527392983436584473e-01 7.363582253456115723e-01
7.700766921043395996e-01 4.944624006748199463e-01
7.080305218696594238e-01 6.465126276016235352e-01
8.084709644317626953e-01 4.483742713928222656e-01
3.919626772403717041e-01 3.630099594593048096e-01
8.108056783676147461e-01 4.227246940135955811e-01
6.364158987998962402e-01 5.721107125282287598e-01
5.640071034431457520e-01 4.311155974864959717e-01
8.858026266098022461e-01 4.091566503047943115e-01
5.919234752655029297e-01 5.408360958099365234e-01
5.628013610839843750e-01 3.883700072765350342e-01
4.621815681457519531e-01 5.610969662666320801e-01
6.480686068534851074e-01 6.460757255554199219e-01
7.300987839698791504e-01 5.472462773323059082e-01
6.551411747932434082e-01 4.597623348236083984e-01
8.768245577812194824e-01 3.254337012767791748e-01
7.753959894180297852e-01 4.726321101188659668e-01
7.265712022781372070e-01 7.730112671852111816e-01
4.912244081497192383e-01 5.896420478820800781e-01
6.138885617256164551e-01 6.952993273735046387e-01
5.524037480354309082e-01 6.141871809959411621e-01
8.572501540184020996e-01 7.030494809150695801e-01
6.132205128669738770e-01 6.205453872680664062e-01
5.576121211051940918e-01 3.852401971817016602e-01
7.494792938232421875e-01 4.191943109035491943e-01
6.640817523002624512e-01 5.288169384002685547e-01
5.652397871017456055e-01 5.999661087989807129e-01
5.143679380416870117e-01 6.442461013793945312e-01
6.715435385704040527e-01 6.013912558555603027e-01
4.793561398983001709e-01 5.778031945228576660e-01
7.231818437576293945e-01 6.959053874015808105e-01
7.448587417602539062e-01 5.381194949150085449e-01
8.737142682075500488e-01 3.849917054176330566e-01
5.169693231582641602e-01 3.629794120788574219e-01
5.563256740570068359e-01 5.372726321220397949e-01
6.221360564231872559e-01 6.696040630340576172e-01
7.011156678199768066e-01 7.185840606689453125e-01
5.434149503707885742e-01 7.137777209281921387e-01
7.672967910766601562e-01 4.764769971370697021e-01
8.192114830017089844e-01 4.586454927921295166e-01
7.482092380523681641e-01 4.705982208251953125e-01
8.401712179183959961e-01 4.357458949089050293e-01
5.583125948905944824e-01 6.097089648246765137e-01
7.203899621963500977e-01 5.972164869308471680e-01
8.437575697898864746e-01 3.656622767448425293e-01
5.658413767814636230e-01 4.019494950771331787e-01
8.715950250625610352e-01 3.176313042640686035e-01
6.130130887031555176e-01 6.886536478996276855e-01
7.436617612838745117e-01 7.221003770828247070e-01
6.183406114578247070e-01 4.614588618278503418e-01
8.274970054626464844e-01 4.219613969326019287e-01
6.447410583496093750e-01 4.156883656978607178e-01
7.159768939018249512e-01 4.610677361488342285e-01
6.666025519371032715e-01 5.614095926284790039e-01
5.949019193649291992e-01 5.856695175170898438e-01
7.472696900367736816e-01 4.765418171882629395e-01
7.380634546279907227e-01 5.509600043296813965e-01
6.063470244407653809e-01 4.014195799827575684e-01
7.102305293083190918e-01 4.124226570129394531e-01
5.358880758285522461e-01 3.765070736408233643e-01
7.361281514167785645e-01 4.889844059944152832e-01
5.254575014114379883e-01 4.886073470115661621e-01
7.905889153480529785e-01 5.171195864677429199e-01
7.102131247520446777e-01 5.403120517730712891e-01
7.252082228660583496e-01 5.426088571548461914e-01
7.817339897155761719e-01 7.000854015350341797e-01
5.563442111015319824e-01 4.068224132061004639e-01
5.089532136917114258e-01 5.738908648490905762e-01
4.699985384941101074e-01 5.836032032966613770e-01
7.159457802772521973e-01 5.623620152473449707e-01
6.896411180496215820e-01 5.658607482910156250e-01
7.194080948829650879e-01 6.196437478065490723e-01
7.838454246520996094e-01 4.174267947673797607e-01
7.186256647109985352e-01 8.192814588546752930e-01
6.317132711410522461e-01 5.210602283477783203e-01
7.932261824607849121e-01 3.373913168907165527e-01
7.972809076309204102e-01 5.917765498161315918e-01
7.445600628852844238e-01 4.907948076725006104e-01
5.554267764091491699e-01 5.745685696601867676e-01
8.143817186355590820e-01 6.115564703941345215e-01
8.020746707916259766e-01 4.335519969463348389e-01
8.756650090217590332e-01 5.389779806137084961e-01
5.523800253868103027e-01 5.003744363784790039e-01
7.940711379051208496e-01 4.725245535373687744e-01
8.966557383537292480e-01 4.909290969371795654e-01
6.466913223266601562e-01 5.055736899375915527e-01
8.531490564346313477e-01 4.450322687625885010e-01
6.069583892822265625e-01 7.359837889671325684e-01
4.281442165374755859e-01 6.354351043701171875e-01
7.616412639617919922e-01 4.864468574523925781e-01
7.011188864707946777e-01 3.941437900066375732e-01
5.198762416839599609e-01 4.521239697933197021e-01
7.239595055580139160e-01 4.725026786327362061e-01
6.220386624336242676e-01 4.930950403213500977e-01
5.683008432388305664e-01 4.781174063682556152e-01
7.399741411209106445e-01 4.155731797218322754e-01
7.330842018127441406e-01 5.031137466430664062e-01
6.775369048118591309e-01 4.987308681011199951e-01
8.323374986648559570e-01 3.456369042396545410e-01
9.084830880165100098e-01 5.913689732551574707e-01
6.601629257202148438e-01 6.870464086532592773e-01
8.382065296173095703e-01 5.217598676681518555e-01
5.998846888542175293e-01 7.240102291107177734e-01
8.606876134872436523e-01 5.536655187606811523e-01
8.425921797752380371e-01 6.285549998283386230e-01
6.401463747024536133e-01 6.603205204010009766e-01
6.470516920089721680e-01 5.722545385360717773e-01
6.461080908775329590e-01 4.712345302104949951e-01
6.584505438804626465e-01 4.657534062862396240e-01
6.678614616394042969e-01 6.580290198326110840e-01
6.043801307678222656e-01 5.078606009483337402e-01
6.008744239807128906e-01 6.349369883537292480e-01
8.408854603767395020e-01 2.906109094619750977e-01
5.672951340675354004e-01 5.061476826667785645e-01
8.004553318023681641e-01 4.565309286117553711e-01
8.694361448287963867e-01 6.054501533508300781e-01
6.508895754814147949e-01 5.007041096687316895e-01
5.722444057464599609e-01 6.102551221847534180e-01
5.037183165550231934e-01 6.135432720184326172e-01
6.512824892997741699e-01 5.012013316154479980e-01
6.505426168441772461e-01 4.875946342945098877e-01
6.154769659042358398e-01 6.353693604469299316e-01
7.430281043052673340e-01 7.009418606758117676e-01
7.144106030464172363e-01 6.917563676834106445e-01
7.792769074440002441e-01 5.079397559165954590e-01
7.289708256721496582e-01 4.724456965923309326e-01
7.616838216781616211e-01 4.373946189880371094e-01
5.677579641342163086e-01 6.977583765983581543e-01
5.814785361289978027e-01 5.030372142791748047e-01
6.810971498489379883e-01 4.813174009323120117e-01
8.036347031593322754e-01 4.681819081306457520e-01
6.513518691062927246e-01 4.927109479904174805e-01
6.063224077224731445e-01 5.017562508583068848e-01
6.088474988937377930e-01 5.201386809349060059e-01
7.096078395843505859e-01 5.217186212539672852e-01
7.629528045654296875e-01 6.621325612068176270e-01
5.224026441574096680e-01 6.201641559600830078e-01
6.882475614547729492e-01 4.870466887950897217e-01
7.819685339927673340e-01 3.548512160778045654e-01
4.138677418231964111e-01 3.185997009277343750e-01
8.257947564125061035e-01 4.317487478256225586e-01
5.599001049995422363e-01 6.533993482589721680e-01
7.718687057495117188e-01 4.954709410667419434e-01
6.192893981933593750e-01 5.509774088859558105e-01
5.134257674217224121e-01 4.971841871738433838e-01
6.631481051445007324e-01 6.618452072143554688e-01
7.250512242317199707e-01 8.265098929405212402e-01
6.080410480499267578e-01 5.332072377204895020e-01
7.048082947731018066e-01 3.703360557556152344e-01
7.317164540290832520e-01 5.005883574485778809e-01
6.106691956520080566e-01 4.399394392967224121e-01
6.719666719436645508e-01 5.303741693496704102e-01
5.905793309211730957e-01 6.420230269432067871e-01
8.251091837882995605e-01 5.913594365119934082e-01
8.274504542350769043e-01 5.226724147796630859e-01
7.303168773651123047e-01 5.441958904266357422e-01
8.409745097160339355e-01 4.121144115924835205e-01
6.481971740722656250e-01 5.791687965393066406e-01
8.581020236015319824e-01 4.458239674568176270e-01
6.490967273712158203e-01 6.478731632232666016e-01
7.648730278015136719e-01 3.795470595359802246e-01
5.529952049255371094e-01 6.668047904968261719e-01
4.732937216758728027e-01 3.767159581184387207e-01
7.238044738769531250e-01 6.633870601654052734e-01
5.854128003120422363e-01 5.055265426635742188e-01
7.318775653839111328e-01 5.456522703170776367e-01
6.053114533424377441e-01 4.033820629119873047e-01
5.793889760971069336e-01 3.955796957015991211e-01
6.128469109535217285e-01 4.609272480010986328e-01
6.431074738502502441e-01 3.923951387405395508e-01
8.067852854728698730e-01 3.774019777774810791e-01
8.291684985160827637e-01 4.214276373386383057e-01
6.722995042800903320e-01 5.106483101844787598e-01
7.953132987022399902e-01 5.689210891723632812e-01
7.549002170562744141e-01 4.444384276866912842e-01
8.104946613311767578e-01 5.078806877136230469e-01
7.866783142089843750e-01 6.628289818763732910e-01
9.014516472816467285e-01 4.353801012039184570e-01
6.923227310180664062e-01 6.083531379699707031e-01
6.686590313911437988e-01 4.239545762538909912e-01
6.937793493270874023e-01 6.791058778762817383e-01
8.046033978462219238e-01 5.124931335449218750e-01
7.275041937828063965e-01 5.058215856552124023e-01
5.851569771766662598e-01 6.720986962318420410e-01
6.982602477073669434e-01 4.334892630577087402e-01
6.291962862014770508e-01 4.521263837814331055e-01
7.801046967506408691e-01 5.298576354980468750e-01
7.062826752662658691e-01 7.284899950027465820e-01
7.702543139457702637e-01 4.681190550327301025e-01
7.940841317176818848e-01 5.489625930786132812e-01
7.634127736091613770e-01 4.038901329040527344e-01
8.594403266906738281e-01 5.778256058692932129e-01
6.469978690147399902e-01 6.212869286537170410e-01
7.712628841400146484e-01 5.392777323722839355e-01
6.950658559799194336e-01 5.884346365928649902e-01
6.856766343116760254e-01 5.015895366668701172e-01
5.454283952713012695e-01 3.822848498821258545e-01
6.309078931808471680e-01 4.981554150581359863e-01
7.220518589019775391e-01 6.630932092666625977e-01
7.188931107521057129e-01 5.763047933578491211e-01
4.764288663864135742e-01 5.501722097396850586e-01
8.530319333076477051e-01 6.741505861282348633e-01
7.771163582801818848e-01 5.983704924583435059e-01
5.355454087257385254e-01 6.648731827735900879e-01
5.795905590057373047e-01 7.012741565704345703e-01
6.573933362960815430e-01 8.034225106239318848e-01
4.737092852592468262e-01 3.683025240898132324e-01
8.045777082443237305e-01 7.140859365463256836e-01
6.382790207862854004e-01 4.502638578414916992e-01
6.633325219154357910e-01 4.610078930854797363e-01
6.990786194801330566e-01 5.629525184631347656e-01
6.737698912620544434e-01 4.951075017452239990e-01
6.994779109954833984e-01 6.573551297187805176e-01
7.062447071075439453e-01 4.425966143608093262e-01
6.207280755043029785e-01 5.768793225288391113e-01
6.922158598899841309e-01 5.863437652587890625e-01
7.386254668235778809e-01 3.834496438503265381e-01
7.189449071884155273e-01 5.182268619537353516e-01
6.187699437141418457e-01 4.591943323612213135e-01
7.215518951416015625e-01 5.802833437919616699e-01
7.371733784675598145e-01 4.108839929103851318e-01
8.839809894561767578e-01 4.041877686977386475e-01
5.742086768150329590e-01 3.373788893222808838e-01
5.163704752922058105e-01 4.089368581771850586e-01
7.972925901412963867e-01 7.094600796699523926e-01
4.298655092716217041e-01 4.019345045089721680e-01
7.445591688156127930e-01 6.108857393264770508e-01
5.922600030899047852e-01 4.419193863868713379e-01
6.745142936706542969e-01 5.580087900161743164e-01
6.092969179153442383e-01 4.584088623523712158e-01
5.588021874427795410e-01 4.202677607536315918e-01
8.624842166900634766e-01 4.199508130550384521e-01
5.823040604591369629e-01 6.549931168556213379e-01
7.703210711479187012e-01 4.563339650630950928e-01
8.574150204658508301e-01 4.838401377201080322e-01
8.099928498268127441e-01 4.489580988883972168e-01
5.373979210853576660e-01 3.945550322532653809e-01
4.955555200576782227e-01 6.948866248130798340e-01
6.542337536811828613e-01 3.813788890838623047e-01
6.809061765670776367e-01 4.175131320953369141e-01
6.441072225570678711e-01 4.709397554397583008e-01
9.156629443168640137e-01 4.519065916538238525e-01
7.509012818336486816e-01 5.354620218276977539e-01
7.615919709205627441e-01 4.061316549777984619e-01
7.071856260299682617e-01 4.476729929447174072e-01
7.930932044982910156e-01 6.063966155052185059e-01
7.134655714035034180e-01 4.970159828662872314e-01
7.639870047569274902e-01 3.848895728588104248e-01
7.686558365821838379e-01 5.000680088996887207e-01
6.098982095718383789e-01 4.376445412635803223e-01
5.956492424011230469e-01 5.945751667022705078e-01
6.810480952262878418e-01 4.696059525012969971e-01
6.753614544868469238e-01 4.412872195243835449e-01
6.234907507896423340e-01 5.168753266334533691e-01
8.737743496894836426e-01 4.087548255920410156e-01
8.349584341049194336e-01 4.911811947822570801e-01
5.527306199073791504e-01 3.663305044174194336e-01
5.249512195587158203e-01 6.423215270042419434e-01
7.520053386688232422e-01 4.265600144863128662e-01
8.682013750076293945e-01 4.833260774612426758e-01
6.501427888870239258e-01 4.619132280349731445e-01
6.938716769218444824e-01 6.403018236160278320e-01
6.509267687797546387e-01 4.444795846939086914e-01
5.008528232574462891e-01 5.267254710197448730e-01
5.538654327392578125e-01 5.911458730697631836e-01
5.935633182525634766e-01 5.780985355377197266e-01
5.357012748718261719e-01 6.159968376159667969e-01
6.673367619514465332e-01 6.105343103408813477e-01
7.808483839035034180e-01 5.122553706169128418e-01
8.772771954536437988e-01 4.149401485919952393e-01
7.476384639739990234e-01 6.496249437332153320e-01
7.175502777099609375e-01 4.775829613208770752e-01
8.245476484298706055e-01 4.551307857036590576e-01
6.542869210243225098e-01 6.773327589035034180e-01
6.257996559143066406e-01 4.059431254863739014e-01
7.017538547515869141e-01 3.640081882476806641e-01
8.179611563682556152e-01 7.473350763320922852e-01
8.903086781501770020e-01 4.897861182689666748e-01
8.894827365875244141e-01 3.239952325820922852e-01
7.644072175025939941e-01 5.543821454048156738e-01
6.320206522941589355e-01 4.287760555744171143e-01
5.501685738563537598e-01 4.360842406749725342e-01
8.558803200721740723e-01 5.850701332092285156e-01
7.144365906715393066e-01 6.410695910453796387e-01
8.518994450569152832e-01 5.340940952301025391e-01
7.060645818710327148e-01 5.995483398437500000e-01
5.774201154708862305e-01 4.811012446880340576e-01
7.282053232192993164e-01 7.037429213523864746e-01
6.245772838592529297e-01 5.506712794303894043e-01
6.765729188919067383e-01 7.594241499900817871e-01
7.284730672836303711e-01 4.577170312404632568e-01
6.717509031295776367e-01 5.340445041656494141e-01
6.290701627731323242e-01 6.016891002655029297e-01
8.341544866561889648e-01 5.175844430923461914e-01
6.929358839988708496e-01 4.142198860645294189e-01
4.959528744220733643e-01 4.415634572505950928e-01
6.657708883285522461e-01 7.857197523117065430e-01
7.046825289726257324e-01 6.822217106819152832e-01
5.021888017654418945e-01 6.219076514244079590e-01
8.678282499313354492e-01 4.240466356277465820e-01
5.315410494804382324e-01 6.570513248443603516e-01
6.911122798919677734e-01 5.695644617080688477e-01
6.097915172576904297e-01 4.100280404090881348e-01
7.268228530883789062e-01 4.498707652091979980e-01
9.294365644454956055e-01 4.855723679065704346e-01
7.264830470085144043e-01 3.888321518898010254e-01
8.218590021133422852e-01 5.140171051025390625e-01
5.593347549438476562e-01 6.823224425315856934e-01
8.417478799819946289e-01 3.553561866283416748e-01
7.243753671646118164e-01 4.571810364723205566e-01
6.695350408554077148e-01 7.530886530876159668e-01
6.594282984733581543e-01 8.127997517585754395e-01
7.889359593391418457e-01 5.748710036277770996e-01
6.431162953376770020e-01 4.335201382637023926e-01
7.893753647804260254e-01 6.175785660743713379e-01
5.275573134422302246e-01 6.994953751564025879e-01
8.932688236236572266e-01 3.864924609661102295e-01
7.812234759330749512e-01 7.015435099601745605e-01
8.995262980461120605e-01 5.008685588836669922e-01
6.542580723762512207e-01 4.491455554962158203e-01
7.415028810501098633e-01 7.849023342132568359e-01
6.285783648490905762e-01 4.647601246833801270e-01
8.038581013679504395e-01 4.610056877136230469e-01
7.325997352600097656e-01 5.434541702270507812e-01
5.018746852874755859e-01 3.805717527866363525e-01
5.609878897666931152e-01 4.136618971824645996e-01
4.280686676502227783e-01 7.370648980140686035e-01
5.326926112174987793e-01 3.639000654220581055e-01
6.746953725814819336e-01 4.921039044857025146e-01
8.282671570777893066e-01 5.418424010276794434e-01
5.008506774902343750e-01 3.495932221412658691e-01
6.703683733940124512e-01 7.510460019111633301e-01
7.144587635993957520e-01 5.239918828010559082e-01
4.662638902664184570e-01 4.294046759605407715e-01
8.384411334991455078e-01 4.156795740127563477e-01
5.692133307456970215e-01 6.381684541702270508e-01
7.849794626235961914e-01 4.310141503810882568e-01
6.332671046257019043e-01 4.317241013050079346e-01
7.506215572357177734e-01 5.871505737304687500e-01
6.555184125900268555e-01 5.189217329025268555e-01
7.188336253166198730e-01 4.541163742542266846e-01
5.429037809371948242e-01 5.739783048629760742e-01
6.377621293067932129e-01 5.896350145339965820e-01
5.934445261955261230e-01 6.530458927154541016e-01
8.610162734985351562e-01 5.823554992675781250e-01
7.815057039260864258e-01 4.379788339138031006e-01
7.253385782241821289e-01 5.951336026191711426e-01
6.816906332969665527e-01 7.035762667655944824e-01
6.079081892967224121e-01 6.077014207839965820e-01
8.082730770111083984e-01 5.363655686378479004e-01
6.264858841896057129e-01 3.765951097011566162e-01
8.690662384033203125e-01 3.897012770175933838e-01
6.989946365356445312e-01 5.585875511169433594e-01
6.537636518478393555e-01 4.368304610252380371e-01
6.394602060317993164e-01 5.822979211807250977e-01
4.828265607357025146e-01 5.040938854217529297e-01
8.689051270484924316e-01 6.368255019187927246e-01
7.118870019912719727e-01 4.380561709403991699e-01
6.712459325790405273e-01 4.215892255306243896e-01
6.206333041191101074e-01 7.054440975189208984e-01
7.913424968719482422e-01 6.955025196075439453e-01
8.028745055198669434e-01 7.664477825164794922e-01
4.728894233703613281e-01 6.339975595474243164e-01
7.102084159851074219e-01 3.876163065433502197e-01
5.154680609703063965e-01 4.245714843273162842e-01
6.551785469055175781e-01 5.916152596473693848e-01
5.913571715354919434e-01 4.292369782924652100e-01
8.631945252418518066e-01 4.871594309806823730e-01
6.320029497146606445e-01 3.726547062397003174e-01
5.694255232810974121e-01 4.362366497516632080e-01
5.423313975334167480e-01 6.240884065628051758e-01
7.756141424179077148e-01 5.127227902412414551e-01
6.926354169845581055e-01 5.136364698410034180e-01
8.151683807373046875e-01 4.520389139652252197e-01
6.472892761230468750e-01 4.648707807064056396e-01
8.104217052459716797e-01 6.689268350601196289e-01
6.814621686935424805e-01 5.524232387542724609e-01
7.544668912887573242e-01 5.289497971534729004e-01
7.532003521919250488e-01 4.798870682716369629e-01
7.269079685211181641e-01 6.545513272285461426e-01
7.048258185386657715e-01 4.487038552761077881e-01
7.023569941520690918e-01 5.344473719596862793e-01
8.510504364967346191e-01 5.745489597320556641e-01
5.865656137466430664e-01 5.703049302101135254e-01
7.972787618637084961e-01 7.159878015518188477e-01
7.890245914459228516e-01 6.953746080398559570e-01
9.174215197563171387e-01 5.548853278160095215e-01
8.678820133209228516e-01 5.208488702774047852e-01
5.675611495971679688e-01 6.131884455680847168e-01
5.959655046463012695e-01 6.328036785125732422e-01
8.470392823219299316e-01 4.789214730262756348e-01
7.180765867233276367e-01 5.080750584602355957e-01
7.309570908546447754e-01 6.523274779319763184e-01
6.845161914825439453e-01 5.194176435470581055e-01
6.608990430831909180e-01 5.113909244537353516e-01
7.708711624145507812e-01 4.171781539916992188e-01
6.845926642417907715e-01 5.010010004043579102e-01
7.229384779930114746e-01 6.593687534332275391e-01
7.933478355407714844e-01 3.946743309497833252e-01
6.321191787719726562e-01 7.672427296638488770e-01
6.356210708618164062e-01 6.630326509475708008e-01
6.044800877571105957e-01 4.084868431091308594e-01
6.627784371376037598e-01 5.672461986541748047e-01
7.724490761756896973e-01 4.710549116134643555e-01
6.770222187042236328e-01 7.041922211647033691e-01
6.234165430068969727e-01 4.480002820491790771e-01
6.858210563659667969e-01 6.503631472587585449e-01
5.844185948371887207e-01 4.502237439155578613e-01
6.125615835189819336e-01 6.455711126327514648e-01
9.084073305130004883e-01 4.269677400588989258e-01
7.322197556495666504e-01 5.690693259239196777e-01
8.643006682395935059e-01 6.498749256134033203e-01
5.938536524772644043e-01 3.647749722003936768e-01
6.817172765731811523e-01 5.535372495651245117e-01
7.934423685073852539e-01 6.345648169517517090e-01
7.668726444244384766e-01 5.267261266708374023e-01
8.446988463401794434e-01 4.961397647857666016e-01
5.897565484046936035e-01 4.455435276031494141e-01
7.021328210830688477e-01 6.272899508476257324e-01
7.111575007438659668e-01 6.800999641418457031e-01
6.964783072471618652e-01 7.780641913414001465e-01
7.370989322662353516e-01 4.599797725677490234e-01
7.166569232940673828e-01 4.716055691242218018e-01
5.274013876914978027e-01 4.086252152919769287e-01
5.622990131378173828e-01 7.376375198364257812e-01
5.553741455078125000e-01 5.736039876937866211e-01
5.953170657157897949e-01 7.548320293426513672e-01
8.490378856658935547e-01 4.729335904121398926e-01
8.347512483596801758e-01 6.034096479415893555e-01
7.272638678550720215e-01 6.334295868873596191e-01
5.290515422821044922e-01 6.118240356445312500e-01
7.234225273132324219e-01 5.290982723236083984e-01
7.471302151679992676e-01 7.139866948127746582e-01
5.340108275413513184e-01 4.825819134712219238e-01
8.366729021072387695e-01 5.984575748443603516e-01
5.339990854263305664e-01 4.325717687606811523e-01
7.174114584922790527e-01 4.910387992858886719e-01
6.492627859115600586e-01 6.841489076614379883e-01
6.324818134307861328e-01 5.510460734367370605e-01
5.242054462432861328e-01 3.596867620944976807e-01
7.183794379234313965e-01 7.067786455154418945e-01
6.767225861549377441e-01 7.000305056571960449e-01
7.721467614173889160e-01 7.164140343666076660e-01
7.277179360389709473e-01 5.047882199287414551e-01
8.203855752944946289e-01 7.170134186744689941e-01
5.270179510116577148e-01 5.116227269172668457e-01
8.785187005996704102e-01 3.521680831909179688e-01
7.153463959693908691e-01 5.230853557586669922e-01
6.825976967811584473e-01 4.150660932064056396e-01
8.717643618583679199e-01 4.790026545524597168e-01
8.786191940307617188e-01 5.843871831893920898e-01
7.881641387939453125e-01 5.736390948295593262e-01
5.736109614372253418e-01 4.057753682136535645e-01
6.042087078094482422e-01 4.658493101596832275e-01
5.469621419906616211e-01 6.207113862037658691e-01
8.216926455497741699e-01 7.053899765014648438e-01
7.051809430122375488e-01 6.034117937088012695e-01
7.106472253799438477e-01 5.336614847183227539e-01
7.065321803092956543e-01 7.625331282615661621e-01
7.622466087341308594e-01 6.832163333892822266e-01
6.800920367240905762e-01 5.687991976737976074e-01
7.280213236808776855e-01 5.832619667053222656e-01
7.689381241798400879e-01 5.362712740898132324e-01
6.847580075263977051e-01 4.524050354957580566e-01
7.971829175949096680e-01 6.233036518096923828e-01
6.482469439506530762e-01 4.551052153110504150e-01
8.396505713462829590e-01 5.492112040519714355e-01
7.392167448997497559e-01 4.711619019508361816e-01
7.070533633232116699e-01 5.912764072418212891e-01
7.829804420471191406e-01 6.467930674552917480e-01
7.956434488296508789e-01 6.769650578498840332e-01
8.900081515312194824e-01 4.798476696014404297e-01
7.978952527046203613e-01 5.699784159660339355e-01
8.188334703445434570e-01 3.853333294391632080e-01
6.993179917335510254e-01 6.282365918159484863e-01
6.642567515373229980e-01 5.079196691513061523e-01
7.572462558746337891e-01 6.731889843940734863e-01
7.193126082420349121e-01 7.497190833091735840e-01
7.583221793174743652e-01 6.545082330703735352e-01
7.397091388702392578e-01 4.430780410766601562e-01
8.477616906166076660e-01 3.713473081588745117e-01
7.640530467033386230e-01 5.245775580406188965e-01
8.237314820289611816e-01 5.585029721260070801e-01
7.141486406326293945e-01 5.742549896240234375e-01
4.945850670337677002e-01 3.318266570568084717e-01
8.025886416435241699e-01 4.775921106338500977e-01
7.398735880851745605e-01 6.058752536773681641e-01
6.849527955055236816e-01 5.482876896858215332e-01
6.845344901084899902e-01 5.469884872436523438e-01
5.837215781211853027e-01 5.682494044303894043e-01
8.429728746414184570e-01 5.457234978675842285e-01
6.220939159393310547e-01 6.666768193244934082e-01
6.868929266929626465e-01 4.064086973667144775e-01
5.807528495788574219e-01 5.235376358032226562e-01
6.851300001144409180e-01 5.706796646118164062e-01
6.612549424171447754e-01 4.064296782016754150e-01
4.422329664230346680e-01 6.327031850814819336e-01
6.285298466682434082e-01 6.703690886497497559e-01
7.783427834510803223e-01 4.963588118553161621e-01
7.960417270660400391e-01 5.148972868919372559e-01
5.648095011711120605e-01 6.420745253562927246e-01
7.493806481361389160e-01 5.917935371398925781e-01
7.724586129188537598e-01 5.195564031600952148e-01
7.023174762725830078e-01 6.738888621330261230e-01
8.262442946434020996e-01 4.328433871269226074e-01
8.347870111465454102e-01 5.470600724220275879e-01
7.372249364852905273e-01 4.344272613525390625e-01
5.630000829696655273e-01 4.274159371852874756e-01
7.798007726669311523e-01 5.436042547225952148e-01
7.247152328491210938e-01 5.243080854415893555e-01
8.216280341148376465e-01 6.723967194557189941e-01
6.254272460937500000e-01 4.451461434364318848e-01
8.396320939064025879e-01 7.025572061538696289e-01
8.789148926734924316e-01 6.364143490791320801e-01
7.319636344909667969e-01 6.462259292602539062e-01
6.024981141090393066e-01 4.424585402011871338e-01
7.357528805732727051e-01 7.463186979293823242e-01
7.815918922424316406e-01 4.148936867713928223e-01
7.706627845764160156e-01 5.906962752342224121e-01
7.997375726699829102e-01 4.665327370166778564e-01
7.786119580268859863e-01 6.640629172325134277e-01
7.817081809043884277e-01 3.877579271793365479e-01
9.142831563949584961e-01 5.500178933143615723e-01
8.076611757278442383e-01 5.805942416191101074e-01
8.027134537696838379e-01 5.760661959648132324e-01
7.534791827201843262e-01 4.448686838150024414e-01
7.425988316535949707e-01 5.485249757766723633e-01
7.070297002792358398e-01 5.664244294166564941e-01
6.000764966011047363e-01 7.224148511886596680e-01
7.616710066795349121e-01 5.022037029266357422e-01
7.475954890251159668e-01 6.926299929618835449e-01
8.665363788604736328e-01 5.412065982818603516e-01
7.052427530288696289e-01 6.327360868453979492e-01
6.323243975639343262e-01 4.958361089229583740e-01
9.108471274375915527e-01 4.760734438896179199e-01
7.253342270851135254e-01 5.328739881515502930e-01
6.044059395790100098e-01 5.745038986206054688e-01
8.235874176025390625e-01 7.813149094581604004e-01
6.184620857238769531e-01 5.831522345542907715e-01
5.664208531379699707e-01 7.949697375297546387e-01
4.544197916984558105e-01 6.966645717620849609e-01
9.308505654335021973e-01 5.352847576141357422e-01
6.381225585937500000e-01 4.511142969131469727e-01
7.844672799110412598e-01 6.263127326965332031e-01
6.913672089576721191e-01 5.786791443824768066e-01
8.615963459014892578e-01 5.896345973014831543e-01
7.919227480888366699e-01 5.510696172714233398e-01
8.253824710845947266e-01 5.082750916481018066e-01
6.238696575164794922e-01 7.502403259277343750e-01
7.268738150596618652e-01 4.398425221443176270e-01
6.167746186256408691e-01 6.152558326721191406e-01
6.259613037109375000e-01 6.086863875389099121e-01
7.283394932746887207e-01 4.964649677276611328e-01
7.588425278663635254e-01 4.159664213657379150e-01
8.340081572532653809e-01 6.425103545188903809e-01
7.931556105613708496e-01 6.467530131340026855e-01
6.301348209381103516e-01 4.601750075817108154e-01
5.811553597450256348e-01 4.335441291332244873e-01
6.984164714813232422e-01 4.308213591575622559e-01
6.423133611679077148e-01 4.264792501926422119e-01
7.782389521598815918e-01 5.912633538246154785e-01
7.685089111328125000e-01 5.372510552406311035e-01
6.169000864028930664e-01 7.865917086601257324e-01
7.516111135482788086e-01 5.513591766357421875e-01
7.224152684211730957e-01 5.555657744407653809e-01
6.828332543373107910e-01 6.629853844642639160e-01
6.114231348037719727e-01 7.049107551574707031e-01
7.810511589050292969e-01 5.031216740608215332e-01
6.707455515861511230e-01 5.131323337554931641e-01
8.026329874992370605e-01 6.906024217605590820e-01
6.158027052879333496e-01 5.349816679954528809e-01
8.606164455413818359e-01 5.739321112632751465e-01
7.597123980522155762e-01 4.413512051105499268e-01
5.771151185035705566e-01 7.456182241439819336e-01
6.609094142913818359e-01 7.266576886177062988e-01
6.376565098762512207e-01 7.281255722045898438e-01
4.857440888881683350e-01 3.478664159774780273e-01
7.637597918510437012e-01 6.882548928260803223e-01
5.853536725044250488e-01 5.831369757652282715e-01
6.224775314331054688e-01 7.655875086784362793e-01
6.971387267112731934e-01 4.546374678611755371e-01
6.572354435920715332e-01 4.252762198448181152e-01
5.372717380523681641e-01 5.824113488197326660e-01
8.292090296745300293e-01 7.190319299697875977e-01
7.642102837562561035e-01 5.773348808288574219e-01
7.399364709854125977e-01 4.237153232097625732e-01
8.461859822273254395e-01 5.661662817001342773e-01
8.084242343902587891e-01 4.482423365116119385e-01
6.064196228981018066e-01 7.202478051185607910e-01
8.460422754287719727e-01 4.578652083873748779e-01
6.072556376457214355e-01 5.878121852874755859e-01
8.828718066215515137e-01 6.521118879318237305e-01
8.036884665489196777e-01 4.584451019763946533e-01
7.736253738403320312e-01 6.891187429428100586e-01
8.884016871452331543e-01 4.594717025756835938e-01
5.268380641937255859e-01 7.218049168586730957e-01
7.520940303802490234e-01 5.471074581146240234e-01
6.709761619567871094e-01 5.060290098190307617e-01
9.057085514068603516e-01 6.025299429893493652e-01
6.833469271659851074e-01 7.221788763999938965e-01
8.679783940315246582e-01 6.650076508522033691e-01
8.425890207290649414e-01 5.522561669349670410e-01
8.580740094184875488e-01 6.576883196830749512e-01
8.852791190147399902e-01 4.834934771060943604e-01
6.770448088645935059e-01 6.786306500434875488e-01
8.137336373329162598e-01 5.127328634262084961e-01
6.247581243515014648e-01 5.377685427665710449e-01
8.760597705841064453e-01 5.487200617790222168e-01
7.237917780876159668e-01 7.472053766250610352e-01
6.109528541564941406e-01 4.426273405551910400e-01
7.576355338096618652e-01 4.821450114250183105e-01
7.326386570930480957e-01 4.308849871158599854e-01
4.903795123100280762e-01 4.046113789081573486e-01
6.660568714141845703e-01 5.490122437477111816e-01
8.040094375610351562e-01 5.866812467575073242e-01
5.985421538352966309e-01 5.252885222434997559e-01
8.769323825836181641e-01 6.910536885261535645e-01
7.143553495407104492e-01 5.098128318786621094e-01
5.706312060356140137e-01 4.677457511425018311e-01
8.789751529693603516e-01 6.515351533889770508e-01
6.257324218750000000e-01 7.744373083114624023e-01
6.162487864494323730e-01 4.822450280189514160e-01
7.316646575927734375e-01 5.226754546165466309e-01
8.972964882850646973e-01 4.546186327934265137e-01
6.060575842857360840e-01 5.905803442001342773e-01
6.673542261123657227e-01 6.469621658325195312e-01
6.606214046478271484e-01 5.876026749610900879e-01
7.061115503311157227e-01 6.342970132827758789e-01
8.291530013084411621e-01 7.052314281463623047e-01
7.750112414360046387e-01 6.462142467498779297e-01
6.306684613227844238e-01 4.679317176342010498e-01
5.861722826957702637e-01 5.648497939109802246e-01
7.039605379104614258e-01 7.738450169563293457e-01
7.369967699050903320e-01 4.890300631523132324e-01
7.185348868370056152e-01 8.398706316947937012e-01
6.543653011322021484e-01 7.015488147735595703e-01
7.705124020576477051e-01 5.857138633728027344e-01
7.683678865432739258e-01 4.701586365699768066e-01
6.926473975181579590e-01 5.661054253578186035e-01
8.849177360534667969e-01 4.642117321491241455e-01
8.489575982093811035e-01 4.713239073753356934e-01
7.852499485015869141e-01 4.104125499725341797e-01
8.121311664581298828e-01 6.387599706649780273e-01
7.143353819847106934e-01 5.099490880966186523e-01
6.819487214088439941e-01 6.645978689193725586e-01
7.868036627769470215e-01 6.079587936401367188e-01
8.854999542236328125e-01 3.380343616008758545e-01
7.284217476844787598e-01 5.574527382850646973e-01
7.725803256034851074e-01 6.978667378425598145e-01
8.100227713584899902e-01 6.123740077018737793e-01
6.366921663284301758e-01 4.401052296161651611e-01
7.473624944686889648e-01 6.142454147338867188e-01
7.609061002731323242e-01 6.370192170143127441e-01
5.693086385726928711e-01 3.888687491416931152e-01
5.871315002441406250e-01 6.208595633506774902e-01
8.499220013618469238e-01 6.687245965003967285e-01
8.753712773323059082e-01 4.356800615787506104e-01
7.919213175773620605e-01 6.470125317573547363e-01
7.590804100036621094e-01 5.386027693748474121e-01
7.525167465209960938e-01 5.417855978012084961e-01
8.451004028320312500e-01 5.469858050346374512e-01
8.191298246383666992e-01 6.202662587165832520e-01
8.379512429237365723e-01 7.203739285469055176e-01
5.380130410194396973e-01 6.767752766609191895e-01
7.434782981872558594e-01 4.182241261005401611e-01
8.482257723808288574e-01 6.868795156478881836e-01
6.623872518539428711e-01 6.282048225402832031e-01
6.999194622039794922e-01 7.571489214897155762e-01
7.675389051437377930e-01 6.657131910324096680e-01
6.892213821411132812e-01 5.543282032012939453e-01
7.658399939537048340e-01 6.273047924041748047e-01
8.423000574111938477e-01 4.994740188121795654e-01
8.391209840774536133e-01 4.312827885150909424e-01
6.743473410606384277e-01 5.161448121070861816e-01
5.683668255805969238e-01 7.093350291252136230e-01
8.167898058891296387e-01 4.762804508209228516e-01
5.626538991928100586e-01 7.400912046432495117e-01
8.806931972503662109e-01 4.552999138832092285e-01
8.958743810653686523e-01 6.592312455177307129e-01
6.388794183731079102e-01 6.109360456466674805e-01
7.247149944305419922e-01 7.047271728515625000e-01
7.937831282615661621e-01 7.501975297927856445e-01
6.558657884597778320e-01 6.586010456085205078e-01
8.387012481689453125e-01 6.154586672782897949e-01
8.461807966232299805e-01 5.666102766990661621e-01
5.721384286880493164e-01 6.482928991317749023e-01
6.708449125289916992e-01 8.169648051261901855e-01
6.757938265800476074e-01 4.087200462818145752e-01
8.554638028144836426e-01 3.902044594287872314e-01
8.338573575019836426e-01 7.169146537780761719e-01
5.811006426811218262e-01 4.067583084106445312e-01
7.963714599609375000e-01 5.603092908859252930e-01
8.073204159736633301e-01 6.183012723922729492e-01
6.479343771934509277e-01 5.289116501808166504e-01
6.871742010116577148e-01 4.811778366565704346e-01
8.705552220344543457e-01 4.640337228775024414e-01
8.033042550086975098e-01 6.844786405563354492e-01
7.549954056739807129e-01 4.657196998596191406e-01
5.748399496078491211e-01 7.898599505424499512e-01
7.209636569023132324e-01 6.270876526832580566e-01
8.969153761863708496e-01 4.446704685688018799e-01
8.680549263954162598e-01 4.359337091445922852e-01
5.482190251350402832e-01 7.228143811225891113e-01
6.141175627708435059e-01 7.017345428466796875e-01
8.644382953643798828e-01 4.915316402912139893e-01
6.318439841270446777e-01 3.901751637458801270e-01
6.670113205909729004e-01 4.500413239002227783e-01
8.093734383583068848e-01 5.556193590164184570e-01
6.362294554710388184e-01 7.042327523231506348e-01
7.997989654541015625e-01 5.338646769523620605e-01
8.622118234634399414e-01 6.796423792839050293e-01
7.788869738578796387e-01 7.282321453094482422e-01
8.029634952545166016e-01 6.534424424171447754e-01
7.459473013877868652e-01 6.854982376098632812e-01
8.133997321128845215e-01 4.736368060111999512e-01
6.499386429786682129e-01 5.430024266242980957e-01
8.246927857398986816e-01 7.367549538612365723e-01
6.595847010612487793e-01 5.790144205093383789e-01
7.673668265342712402e-01 4.352561831474304199e-01
6.356620192527770996e-01 5.084016919136047363e-01
6.895511746406555176e-01 4.960462152957916260e-01
7.147024273872375488e-01 4.831699430942535400e-01
6.169757246971130371e-01 4.410390257835388184e-01
6.527528166770935059e-01 5.456410646438598633e-01
5.065537095069885254e-01 6.650803685188293457e-01
8.779586553573608398e-01 7.164830565452575684e-01
8.251166939735412598e-01 4.984533786773681641e-01
5.923069715499877930e-01 6.783097982406616211e-01
6.952680349349975586e-01 5.256022214889526367e-01
6.702874898910522461e-01 7.498380541801452637e-01
8.031305670738220215e-01 6.106911301612854004e-01
8.835119605064392090e-01 4.750387668609619141e-01
8.942546844482421875e-01 5.740379691123962402e-01
8.169258832931518555e-01 6.422627568244934082e-01
7.255881428718566895e-01 7.249608635902404785e-01
6.305259466171264648e-01 4.808227717876434326e-01
7.833622694015502930e-01 4.697211980819702148e-01
7.874887585639953613e-01 7.872285842895507812e-01
6.741588115692138672e-01 5.397231578826904297e-01
7.096969485282897949e-01 5.641174912452697754e-01
7.689246535301208496e-01 5.168364644050598145e-01
7.218295335769653320e-01 4.914118647575378418e-01
6.338688135147094727e-01 6.313037276268005371e-01
7.795257568359375000e-01 6.362856030464172363e-01
5.670061111450195312e-01 4.485685229301452637e-01
8.139678239822387695e-01 6.364758014678955078e-01
6.696603298187255859e-01 4.757740497589111328e-01
7.789158821105957031e-01 5.824893116950988770e-01
6.172493696212768555e-01 6.143438816070556641e-01
6.977705359458923340e-01 4.785597920417785645e-01
6.450536847114562988e-01 6.857759356498718262e-01
8.616032004356384277e-01 4.511140882968902588e-01
7.889166474342346191e-01 5.182617902755737305e-01
8.297514915466308594e-01 7.103475332260131836e-01
7.987731099128723145e-01 5.731230378150939941e-01
7.842330336570739746e-01 5.595210194587707520e-01
6.165054440498352051e-01 5.990033149719238281e-01
9.027497172355651855e-01 5.695891976356506348e-01
7.976338863372802734e-01 4.683779776096343994e-01
8.632251024246215820e-01 7.102505564689636230e-01
5.029875040054321289e-01 6.603467464447021484e-01
8.261303901672363281e-01 4.690266549587249756e-01
7.904019951820373535e-01 5.918385982513427734e-01
6.382564306259155273e-01 5.693404674530029297e-01
8.638959527015686035e-01 7.372771501541137695e-01
8.865290284156799316e-01 5.112280249595642090e-01
6.717647910118103027e-01 5.874761939048767090e-01
6.765961647033691406e-01 5.632575154304504395e-01
7.317720055580139160e-01 6.746931076049804688e-01
7.678541541099548340e-01 8.232876062393188477e-01
6.736568212509155273e-01 5.718245506286621094e-01
8.359290957450866699e-01 6.486029028892517090e-01
8.025034070014953613e-01 7.288553118705749512e-01
7.931883931159973145e-01 4.361103773117065430e-01
8.542637825012207031e-01 4.724543094635009766e-01
7.987960577011108398e-01 6.987487077713012695e-01
7.503946423530578613e-01 5.526825785636901855e-01
8.325814604759216309e-01 4.931599497795104980e-01
6.145845651626586914e-01 4.851325452327728271e-01
7.740023136138916016e-01 3.968285322189331055e-01
7.860308885574340820e-01 5.940384864807128906e-01
8.170115351676940918e-01 4.488479495048522949e-01
8.898836374282836914e-01 5.740823149681091309e-01
4.713697433471679688e-01 5.514790415763854980e-01
7.280580997467041016e-01 7.674972414970397949e-01
8.465329408645629883e-01 7.670652270317077637e-01
6.237699389457702637e-01 7.507689595222473145e-01
7.043226361274719238e-01 7.793846130371093750e-01
7.879178524017333984e-01 6.940515637397766113e-01
8.323960900306701660e-01 5.563521385192871094e-01
7.539845108985900879e-01 6.114708781242370605e-01
7.041211724281311035e-01 6.027892231941223145e-01
8.140220642089843750e-01 6.149086952209472656e-01
7.346494793891906738e-01 7.631742954254150391e-01
7.188004255294799805e-01 6.058546900749206543e-01
7.423496246337890625e-01 6.306071877479553223e-01
6.245126128196716309e-01 5.337661504745483398e-01
7.619003653526306152e-01 6.380751132965087891e-01
7.524990439414978027e-01 6.650073528289794922e-01
8.430618047714233398e-01 5.438272356986999512e-01
8.137238025665283203e-01 6.054906845092773438e-01
6.623299121856689453e-01 5.452191233634948730e-01
5.849930644035339355e-01 7.557169198989868164e-01
7.670631408691406250e-01 6.697016358375549316e-01
7.714684605598449707e-01 6.853702664375305176e-01
7.297726869583129883e-01 4.393313229084014893e-01
7.343844771385192871e-01 5.920784473419189453e-01
6.500220298767089844e-01 5.910204648971557617e-01
7.098889350891113281e-01 4.340983033180236816e-01
5.388512611389160156e-01 5.199905633926391602e-01
8.015356659889221191e-01 5.180130004882812500e-01
6.733633875846862793e-01 6.163532137870788574e-01
7.613857388496398926e-01 5.508964061737060547e-01
7.615299820899963379e-01 7.978751659393310547e-01
7.324940562248229980e-01 6.072210669517517090e-01
7.410574555397033691e-01 7.903873920440673828e-01
6.688038110733032227e-01 4.454821050167083740e-01
7.488659024238586426e-01 5.879599452018737793e-01
6.077841520309448242e-01 6.391884684562683105e-01
8.075824379920959473e-01 4.692040681838989258e-01
6.763586997985839844e-01 4.412459433078765869e-01
4.516946375370025635e-01 4.185822308063507080e-01
6.435198783874511719e-01 5.807302594184875488e-01
7.010487914085388184e-01 7.258394956588745117e-01
8.417063355445861816e-01 3.671061098575592041e-01
6.173323988914489746e-01 4.637992680072784424e-01
6.936599016189575195e-01 6.407086849212646484e-01
7.347950339317321777e-01 5.016127824783325195e-01
8.367947936058044434e-01 6.718562245368957520e-01
6.061187982559204102e-01 4.684895277023315430e-01
7.492412924766540527e-01 5.849702358245849609e-01
8.367500305175781250e-01 5.444715023040771484e-01
6.832674145698547363e-01 6.072248816490173340e-01
6.936988830566406250e-01 5.192807316780090332e-01
7.273502945899963379e-01 4.844450056552886963e-01
8.197600841522216797e-01 5.564668178558349609e-01
6.399312019348144531e-01 5.817995667457580566e-01
6.888723373413085938e-01 6.658458709716796875e-01
6.493321061134338379e-01 4.336940348148345947e-01
7.872585058212280273e-01 4.582190513610839844e-01
7.175709009170532227e-01 5.267049074172973633e-01
7.935922741889953613e-01 7.448210120201110840e-01
5.918831825256347656e-01 5.872112512588500977e-01
6.156948804855346680e-01 6.103916764259338379e-01
6.433531641960144043e-01 5.569763779640197754e-01
6.524978876113891602e-01 7.566253542900085449e-01
6.228531599044799805e-01 6.730000972747802734e-01
7.106375098228454590e-01 6.647135615348815918e-01
7.447077631950378418e-01 6.000381112098693848e-01
8.297300338745117188e-01 6.539664268493652344e-01
6.795829534530639648e-01 4.141011536121368408e-01
7.987883090972900391e-01 8.202288150787353516e-01
7.044792771339416504e-01 7.621507644653320312e-01
6.414408087730407715e-01 6.059457063674926758e-01
7.786910533905029297e-01 5.252338647842407227e-01
5.082107782363891602e-01 4.353036284446716309e-01
7.908933162689208984e-01 6.849185824394226074e-01
7.040347456932067871e-01 6.374332308769226074e-01
8.469883799552917480e-01 6.247048377990722656e-01
6.560186147689819336e-01 6.362749338150024414e-01
8.131804466247558594e-01 4.180779159069061279e-01
4.959710836410522461e-01 4.769417941570281982e-01
8.866124153137207031e-01 5.235169529914855957e-01
8.068929910659790039e-01 4.936258792877197266e-01
7.769882082939147949e-01 6.601498723030090332e-01
8.336887955665588379e-01 5.402422547340393066e-01
5.788658261299133301e-01 4.906292259693145752e-01
6.581083536148071289e-01 6.735178232192993164e-01
7.534700036048889160e-01 8.161332011222839355e-01
8.646327257156372070e-01 5.179562568664550781e-01
8.363927602767944336e-01 4.208107590675354004e-01
7.699648141860961914e-01 6.115142703056335449e-01
7.769874334335327148e-01 5.940499901771545410e-01
7.436285018920898438e-01 5.080114006996154785e-01
9.000303745269775391e-01 5.083051323890686035e-01
6.484603881835937500e-01 7.184004187583923340e-01
6.864073276519775391e-01 6.534217596054077148e-01
5.185844898223876953e-01 4.946465790271759033e-01
7.536760568618774414e-01 5.013295412063598633e-01
7.571730613708496094e-01 6.316096186637878418e-01
8.698119521141052246e-01 6.031424403190612793e-01
7.829935550689697266e-01 5.072402358055114746e-01
6.565417051315307617e-01 6.058556437492370605e-01
9.104756116867065430e-01 5.844254493713378906e-01
7.676969766616821289e-01 8.053898215293884277e-01
8.735703825950622559e-01 4.988647699356079102e-01
7.980523705482482910e-01 5.882300138473510742e-01
6.778473258018493652e-01 5.901818871498107910e-01
6.988898515701293945e-01 5.279744863510131836e-01
7.926121950149536133e-01 5.429645776748657227e-01
8.189475536346435547e-01 5.558105111122131348e-01
8.066114187240600586e-01 5.303813219070434570e-01
7.053780555725097656e-01 7.657680511474609375e-01
7.675833702087402344e-01 5.367574691772460938e-01
7.549793720245361328e-01 7.565391063690185547e-01
6.111652255058288574e-01 7.465209960937500000e-01
8.252938389778137207e-01 7.181033492088317871e-01
7.868906259536743164e-01 7.200527787208557129e-01
7.898020744323730469e-01 5.215355753898620605e-01
7.960098385810852051e-01 6.219504475593566895e-01
5.870349407196044922e-01 4.210095703601837158e-01
7.240779995918273926e-01 4.634332060813903809e-01
6.694077253341674805e-01 7.299246191978454590e-01
8.211770653724670410e-01 7.177352309226989746e-01
7.580624222755432129e-01 6.978873610496520996e-01
7.743636369705200195e-01 6.158532500267028809e-01
5.064197778701782227e-01 7.149615883827209473e-01
6.424665451049804688e-01 6.941237449645996094e-01
6.352460384368896484e-01 5.694977641105651855e-01
8.363128900527954102e-01 5.082809329032897949e-01
7.187451720237731934e-01 4.704542160034179688e-01
7.680678963661193848e-01 5.435032248497009277e-01
7.816408872604370117e-01 5.716766715049743652e-01
7.279381752014160156e-01 8.108655810356140137e-01
8.404377698898315430e-01 4.507995545864105225e-01
7.570809125900268555e-01 7.130091190338134766e-01
7.940894961357116699e-01 5.924128890037536621e-01
5.828943252563476562e-01 7.932130098342895508e-01
6.954753994941711426e-01 7.111378908157348633e-01
8.396595120429992676e-01 6.313751935958862305e-01
7.625899910926818848e-01 6.261443495750427246e-01
8.930472135543823242e-01 4.519854784011840820e-01
8.299091458320617676e-01 7.409116029739379883e-01
5.640267133712768555e-01 4.820085763931274414e-01
7.278054952621459961e-01 5.861046910285949707e-01
6.334447264671325684e-01 8.015244603157043457e-01
6.988727450370788574e-01 5.409545898437500000e-01
6.683163046836853027e-01 7.495366930961608887e-01
7.230975031852722168e-01 7.051252126693725586e-01
8.435336947441101074e-01 4.277392923831939697e-01
7.157468199729919434e-01 7.276617288589477539e-01
7.737389802932739258e-01 5.474886894226074219e-01
7.083526253700256348e-01 5.728916525840759277e-01
7.892602682113647461e-01 5.053067207336425781e-01
7.213135957717895508e-01 6.091242432594299316e-01
6.919237375259399414e-01 5.637174844741821289e-01
5.586104989051818848e-01 4.222429990768432617e-01
7.039000988006591797e-01 4.963056445121765137e-01
8.608266115188598633e-01 4.710623621940612793e-01
7.840305566787719727e-01 7.108677029609680176e-01
7.473328709602355957e-01 6.639944314956665039e-01
7.260512709617614746e-01 6.586803793907165527e-01
8.296272754669189453e-01 5.007752180099487305e-01
7.545219063758850098e-01 5.979522466659545898e-01
7.479891777038574219e-01 5.955749154090881348e-01
6.450281739234924316e-01 5.878005623817443848e-01
8.902676105499267578e-01 5.758852958679199219e-01
8.499732017517089844e-01 5.100187063217163086e-01
7.537872791290283203e-01 6.250673532485961914e-01
6.018294095993041992e-01 5.612078905105590820e-01
7.528647184371948242e-01 4.465216994285583496e-01
6.745548248291015625e-01 4.991272091865539551e-01
7.292897701263427734e-01 6.696461439132690430e-01
8.881782293319702148e-01 6.793759465217590332e-01
7.780600786209106445e-01 6.550594568252563477e-01
7.339779138565063477e-01 6.001315116882324219e-01
7.093790769577026367e-01 5.484158992767333984e-01
6.620976328849792480e-01 5.301578640937805176e-01
8.242377042770385742e-01 4.762172698974609375e-01
8.475065231323242188e-01 5.328622460365295410e-01
8.291720747947692871e-01 5.036528110504150391e-01
6.232005953788757324e-01 7.817022204399108887e-01
6.067994236946105957e-01 5.104489922523498535e-01
8.651133179664611816e-01 6.724002361297607422e-01
5.015359520912170410e-01 6.033000349998474121e-01
6.240360140800476074e-01 5.662886500358581543e-01
8.282122611999511719e-01 5.415955185890197754e-01
7.114329338073730469e-01 6.385822892189025879e-01
7.946415543556213379e-01 5.188568830490112305e-01
8.343359231948852539e-01 6.926599740982055664e-01
8.078089952468872070e-01 5.276018381118774414e-01
7.310253381729125977e-01 5.250108242034912109e-01
5.005755424499511719e-01 4.274752140045166016e-01
8.630889058113098145e-01 4.356905221939086914e-01
6.818460226058959961e-01 5.325525403022766113e-01
6.808243393898010254e-01 5.075368881225585938e-01
8.450089097023010254e-01 7.386419773101806641e-01
4.503114819526672363e-01 6.784604191780090332e-01
8.053445219993591309e-01 5.542886853218078613e-01
8.452730178833007812e-01 6.193525195121765137e-01
8.655945658683776855e-01 6.710673570632934570e-01
8.777639865875244141e-01 5.885814428329467773e-01
7.734387516975402832e-01 6.669684648513793945e-01
9.291187524795532227e-01 6.112670898437500000e-01
7.610039710998535156e-01 6.229852437973022461e-01
8.351310491561889648e-01 4.908937215805053711e-01
8.436206579208374023e-01 7.370921969413757324e-01
6.101182103157043457e-01 6.228816509246826172e-01
8.777842521667480469e-01 4.426226615905761719e-01
8.378325700759887695e-01 6.150092482566833496e-01
6.956974864006042480e-01 5.557284355163574219e-01
