-4.539663195610046387e-01 6.591349840164184570e-02
1.136504411697387695e-01 -3.715031743049621582e-01
-1.204870343208312988e-01 4.631202816963195801e-01
-3.906952142715454102e-01 4.321618676185607910e-01
2.807194590568542480e-01 2.611667513847351074e-01
-4.910398721694946289e-01 -3.514789938926696777e-01
-3.362040519714355469e-01 -4.281404614448547363e-01
-1.286954879760742188e-01 1.899856925010681152e-01
-2.171179652214050293e-01 4.603255391120910645e-01
4.010385274887084961e-01 3.739421963691711426e-01
2.418344616889953613e-01 -9.935718774795532227e-02
-2.811529636383056641e-01 1.957798600196838379e-01
9.317350387573242188e-02 3.913736343383789062e-02
-1.640027165412902832e-01 -3.616030812263488770e-01
-1.788243055343627930e-01 -3.571380376815795898e-01
4.636804461479187012e-01 1.926742196083068848e-01
4.723442196846008301e-01 4.981941580772399902e-01
-1.504033803939819336e-01 -1.398247480392456055e-01
1.696064472198486328e-01 -3.007742166519165039e-01
4.415358304977416992e-01 2.083820700645446777e-01
2.325672507286071777e-01 2.475278377532958984e-01
4.508169889450073242e-01 -4.082485437393188477e-01
-4.776507616043090820e-02 -1.749771833419799805e-02
-9.438234567642211914e-02 3.501553535461425781e-01
2.059068679809570312e-01 -3.515863418579101562e-01
1.877826452255249023e-01 -4.558721780776977539e-01
3.184739351272583008e-01 4.577412009239196777e-01
1.898831129074096680e-02 1.669213771820068359e-01
2.710499763488769531e-01 -4.952687025070190430e-02
-2.897534370422363281e-01 1.444695591926574707e-01
-2.495143413543701172e-01 9.353017807006835938e-02
2.588544487953186035e-01 2.981510758399963379e-01
9.623026847839355469e-02 -1.096405982971191406e-01
-2.883025407791137695e-01 3.712679147720336914e-01
-4.349586963653564453e-01 2.394588589668273926e-01
3.785334825515747070e-01 -3.875271081924438477e-01
4.392305612564086914e-01 2.282403111457824707e-01
6.640064716339111328e-02 3.888326883316040039e-02
-1.657470464706420898e-01 1.712928414344787598e-01
3.991444706916809082e-01 -3.648260235786437988e-01
-1.341144442558288574e-01 2.386438250541687012e-01
6.907939910888671875e-02 2.486823201179504395e-01
1.840357184410095215e-01 2.327651381492614746e-01
1.000738143920898438e-01 -3.164309859275817871e-01
-4.955258965492248535e-01 3.070355057716369629e-01
-2.012966871261596680e-01 -3.896086812019348145e-01
-3.176610469818115234e-01 -1.855600476264953613e-01
-3.493756055831909180e-01 -2.652471065521240234e-01
2.655276656150817871e-01 1.849430203437805176e-01
4.789721965789794922e-01 -1.854636073112487793e-01
1.487416028976440430e-01 1.965283155441284180e-01
-4.124386310577392578e-01 3.206682205200195312e-02
-3.723633885383605957e-01 -2.303844094276428223e-01
3.804687857627868652e-01 -2.158820629119873047e-03
1.131423115730285645e-01 -2.895459532737731934e-01
3.061874508857727051e-01 -1.366263628005981445e-01
-1.086143851280212402e-01 -4.831314086914062500e-01
2.066662907600402832e-01 -2.085865139961242676e-01
1.952574849128723145e-01 -3.678295612335205078e-01
4.512639045715332031e-01 3.578832149505615234e-01
4.351194500923156738e-01 3.540419340133666992e-01
-3.052486777305603027e-01 -3.706789016723632812e-02
-2.699416875839233398e-02 -4.643052816390991211e-02
-8.541423082351684570e-02 -2.539955377578735352e-01
9.727162122726440430e-02 -4.521930217742919922e-01
-3.656947612762451172e-01 -4.360974431037902832e-01
-4.340674877166748047e-01 -1.058181524276733398e-01
-3.279144167900085449e-01 -2.396388649940490723e-01
3.474206924438476562e-01 -4.822754263877868652e-01
1.596839427947998047e-01 -5.155116319656372070e-02
-4.952326416969299316e-01 -8.360034227371215820e-02
-1.996225118637084961e-01 -1.378220319747924805e-02
-9.628963470458984375e-02 2.652328610420227051e-01
-1.320787072181701660e-01 -4.384545087814331055e-01
3.771588802337646484e-01 -7.725059986114501953e-03
-4.294097423553466797e-02 1.742749810218811035e-01
-3.510095477104187012e-01 4.801231622695922852e-01
8.651244640350341797e-02 -4.895370006561279297e-01
6.128340959548950195e-02 2.398752570152282715e-01
2.187906503677368164e-01 8.516538143157958984e-02
9.517544507980346680e-02 -1.439961791038513184e-01
9.228008985519409180e-02 4.680287837982177734e-02
3.997260332107543945e-02 -3.826270103454589844e-01
-1.864235401153564453e-01 -1.387034058570861816e-01
3.213540911674499512e-01 8.893030881881713867e-02
1.449818015098571777e-01 -7.721418142318725586e-02
1.906951665878295898e-01 2.687239646911621094e-01
3.695052862167358398e-02 -1.614415645599365234e-01
3.198391199111938477e-02 -1.087087392807006836e-02
2.448535561561584473e-01 8.327955007553100586e-02
-3.003703951835632324e-01 7.727360725402832031e-02
-4.254819154739379883e-01 -3.169664144515991211e-01
1.537613272666931152e-01 -4.546540975570678711e-01
5.878072977066040039e-02 -1.929184198379516602e-01
-3.175942301750183105e-01 -3.402751684188842773e-02
3.065634369850158691e-01 3.277332782745361328e-01
2.023492455482482910e-01 -4.894236922264099121e-01
4.062984585762023926e-01 -1.006194949150085449e-01
-1.187483668327331543e-01 -2.848237752914428711e-02
-1.295167207717895508e-02 3.721894621849060059e-01
-2.364501357078552246e-01 2.814642786979675293e-01
-2.285532951354980469e-01 1.509978771209716797e-01
2.812091112136840820e-01 -1.817761063575744629e-01
-4.183928966522216797e-01 1.513029932975769043e-01
-1.983222365379333496e-01 -2.591844797134399414e-01
2.599133253097534180e-01 4.903697967529296875e-02
4.937261343002319336e-01 -4.280836582183837891e-01
-3.647422194480895996e-01 1.327082514762878418e-01
-1.479351520538330078e-01 -4.846199154853820801e-01
4.305908679962158203e-01 3.362258672714233398e-01
-2.698540091514587402e-01 2.433848381042480469e-02
4.128541350364685059e-01 -4.598162770271301270e-01
-2.385837435722351074e-01 -3.395463824272155762e-01
-2.936975359916687012e-01 2.762770056724548340e-01
4.959602355957031250e-01 5.947685241699218750e-02
1.117730736732482910e-01 -4.627081751823425293e-01
-3.126103281974792480e-01 4.943528175354003906e-01
-1.764591336250305176e-01 3.432102799415588379e-01
-1.000801920890808105e-01 -3.424808979034423828e-01
-1.500505805015563965e-01 4.076678752899169922e-01
1.550257802009582520e-01 -1.012808680534362793e-01
-4.595881700515747070e-02 2.175955176353454590e-01
-1.850780248641967773e-01 3.743612170219421387e-01
2.628920674324035645e-01 2.347047924995422363e-01
2.241334319114685059e-01 -1.383076906204223633e-01
-1.077958345413208008e-01 4.924917817115783691e-01
-4.160550832748413086e-01 -2.734557390213012695e-01
-6.711429357528686523e-02 -3.434671163558959961e-01
2.501232028007507324e-01 -2.651128768920898438e-01
3.242030739784240723e-01 -1.127516627311706543e-01
-2.991296052932739258e-01 4.167482852935791016e-01
9.064233303070068359e-02 -2.867472767829895020e-01
2.637636065483093262e-01 1.529569625854492188e-01
1.283479928970336914e-01 -3.215907812118530273e-01
4.803577065467834473e-01 1.942339539527893066e-01
-3.152000904083251953e-02 -2.248214483261108398e-01
-9.552788734436035156e-02 3.484898805618286133e-01
-1.422441005706787109e-01 -4.421163201332092285e-01
2.496047616004943848e-01 4.909127950668334961e-01
3.431558609008789062e-02 -2.123284339904785156e-02
4.845752716064453125e-01 2.085817456245422363e-01
2.997143268585205078e-01 2.459479570388793945e-01
-2.681965231895446777e-01 8.083623647689819336e-02
-6.300342082977294922e-02 4.362047910690307617e-01
-3.700982928276062012e-01 -4.659307003021240234e-02
3.139442801475524902e-01 -3.122320175170898438e-01
2.417768836021423340e-01 3.454647660255432129e-01
3.656433224678039551e-01 3.763422966003417969e-01
1.734352111816406250e-01 -3.608819842338562012e-01
-3.716562986373901367e-01 2.430023550987243652e-01
3.818680644035339355e-01 -1.923505067825317383e-01
-3.447235226631164551e-01 -1.356682181358337402e-01
9.999334812164306641e-03 9.776556491851806641e-02
-2.483125925064086914e-01 2.422572374343872070e-01
4.165660738945007324e-01 -4.366476535797119141e-01
-1.621924638748168945e-01 2.549487352371215820e-02
-4.457795023918151855e-01 1.463414430618286133e-01
-2.854334712028503418e-01 2.729350328445434570e-01
-4.978214502334594727e-01 -3.583598136901855469e-01
-2.267773747444152832e-01 -4.571532011032104492e-01
-3.587970137596130371e-01 2.647693157196044922e-01
-9.468621015548706055e-02 -3.809958100318908691e-01
-6.530129909515380859e-02 -2.955171465873718262e-01
-1.402251720428466797e-01 3.058686256408691406e-01
-3.457229137420654297e-01 4.598057270050048828e-02
6.589996814727783203e-02 3.295724987983703613e-01
-3.854691982269287109e-02 2.078004479408264160e-01
-2.540048956871032715e-01 -3.429635763168334961e-01
-2.719262838363647461e-01 8.636134862899780273e-02
3.891593217849731445e-01 3.986209034919738770e-01
-2.264331579208374023e-01 -4.629510641098022461e-01
1.445326209068298340e-01 -1.954625844955444336e-01
-3.311892747879028320e-01 4.551725387573242188e-01
7.496786117553710938e-02 -4.764311909675598145e-01
-1.346625685691833496e-01 3.526730537414550781e-01
-4.688787460327148438e-01 1.070123910903930664e-01
2.350275516510009766e-01 1.118980646133422852e-01
4.812583327293395996e-01 -8.882492780685424805e-02
-2.491908669471740723e-01 3.019819259643554688e-01
-3.493750095367431641e-02 1.215266585350036621e-01
-7.049083709716796875e-03 3.646460175514221191e-01
-1.623785495758056641e-01 -3.390965461730957031e-01
1.635694503784179688e-01 6.911635398864746094e-03
3.813412785530090332e-01 1.836944222450256348e-01
-2.305241227149963379e-01 4.359177947044372559e-01
3.245636224746704102e-01 2.045490741729736328e-01
4.748263359069824219e-01 1.850672960281372070e-01
3.914289474487304688e-01 -2.964286208152770996e-01
-2.528221607208251953e-01 4.556563496589660645e-01
-3.072198033332824707e-01 -3.325971364974975586e-01
3.072875142097473145e-01 -3.956912159919738770e-01
4.312530755996704102e-01 -3.567506074905395508e-01
1.973608136177062988e-01 1.268659830093383789e-01
2.196664810180664062e-01 -4.473795890808105469e-01
2.072741985321044922e-01 1.032766103744506836e-01
-3.524968624114990234e-01 -2.458741664886474609e-01
-3.568909764289855957e-01 2.099837064743041992e-01
4.504182338714599609e-01 9.146773815155029297e-02
1.674897670745849609e-01 -3.190932869911193848e-01
-3.310766220092773438e-01 -2.333825230598449707e-01
4.635244607925415039e-02 2.632407546043395996e-01
-2.035742402076721191e-01 3.546064496040344238e-01
1.606596112251281738e-01 -1.647878289222717285e-01
-4.130804538726806641e-02 -3.049679398536682129e-01
3.111155629158020020e-01 4.215979576110839844e-01
-3.047421574592590332e-01 -4.064886569976806641e-01
-1.955076456069946289e-01 2.535600662231445312e-01
-1.620117425918579102e-01 -2.485298514366149902e-01
-4.256074428558349609e-01 -9.719002246856689453e-02
-4.454880952835083008e-01 -4.525083303451538086e-02
8.684426546096801758e-02 -4.542608261108398438e-01
4.215264320373535156e-02 -1.975292563438415527e-01
-1.718258857727050781e-02 -8.397954702377319336e-02
1.285117864608764648e-02 3.608487248420715332e-01
8.625084161758422852e-02 4.031000137329101562e-01
2.498744726181030273e-01 -1.083278656005859375e-02
-1.227735280990600586e-01 -3.680067062377929688e-01
3.781542181968688965e-01 4.414894580841064453e-01
-3.784871697425842285e-01 -4.349271655082702637e-01
-3.873642683029174805e-01 -3.104575872421264648e-01
4.203349351882934570e-02 9.343636035919189453e-02
3.521089553833007812e-01 3.944263458251953125e-01
-1.956481933593750000e-01 8.828741312026977539e-02
3.982886672019958496e-01 -2.691059708595275879e-01
-4.493712782859802246e-01 2.752554416656494141e-02
3.304030299186706543e-01 1.325080990791320801e-01
2.480328083038330078e-03 -2.768648266792297363e-01
-2.359532713890075684e-01 2.738707661628723145e-01
3.441946506500244141e-01 -4.770161509513854980e-01
4.463548660278320312e-01 1.742839813232421875e-04
1.228710412979125977e-01 -3.545761108398437500e-01
-3.594195842742919922e-01 1.453850865364074707e-01
2.356598377227783203e-01 4.404721856117248535e-01
1.532416343688964844e-01 3.574338555335998535e-01
-3.559865951538085938e-01 3.906824588775634766e-01
-2.802500128746032715e-01 3.050746917724609375e-01
-4.784330725669860840e-01 -2.276644110679626465e-01
-2.076407074928283691e-01 6.031483411788940430e-02
-2.522865533828735352e-01 -3.091785311698913574e-01
5.324065685272216797e-03 1.875713467597961426e-01
6.924581527709960938e-02 -1.515096426010131836e-02
3.485149145126342773e-02 9.236377477645874023e-02
-3.410162329673767090e-01 -2.258422374725341797e-01
-4.636334776878356934e-01 -3.791366219520568848e-01
1.508068442344665527e-01 4.170451164245605469e-01
3.456294536590576172e-03 3.588074445724487305e-02
2.157268524169921875e-01 3.362327218055725098e-01
-3.754369616508483887e-01 6.653493642807006836e-02
4.802946448326110840e-01 2.833398580551147461e-01
-2.036178112030029297e-02 -1.861487030982971191e-01
-7.957005500793457031e-02 -3.699824810028076172e-01
-3.604977726936340332e-01 7.025033235549926758e-02
-1.011893749237060547e-01 -2.912537455558776855e-01
4.843249320983886719e-01 2.787535190582275391e-01
-1.217907667160034180e-02 -2.995921373367309570e-01
-4.446443319320678711e-01 3.070318102836608887e-01
-7.271575927734375000e-02 3.501705527305603027e-01
1.679141521453857422e-01 1.554481983184814453e-01
4.351680278778076172e-01 -2.550786733627319336e-01
-2.184110283851623535e-01 1.670342087745666504e-01
-4.643952846527099609e-02 2.135338187217712402e-01
-4.977887272834777832e-01 1.858343482017517090e-01
-1.387817263603210449e-01 -7.384151220321655273e-02
-3.689859509468078613e-01 4.093548059463500977e-01
-1.376842260360717773e-01 1.164168119430541992e-02
3.044263124465942383e-01 -4.207949638366699219e-01
4.085601568222045898e-01 4.171670079231262207e-01
4.422222375869750977e-01 -3.056321740150451660e-01
1.578841209411621094e-01 -4.989125132560729980e-01
-1.468849182128906250e-01 -2.011384367942810059e-01
-4.139869213104248047e-01 -1.371099352836608887e-01
3.527072072029113770e-01 4.015799164772033691e-01
1.468060612678527832e-01 -2.967894077301025391e-02
-3.242716789245605469e-01 4.056769609451293945e-01
2.973293066024780273e-01 -4.755175113677978516e-01
2.155988216400146484e-01 3.993303775787353516e-01
1.293370127677917480e-01 -3.984234929084777832e-01
3.756409287452697754e-01 3.958177566528320312e-01
3.579400777816772461e-01 -3.186235427856445312e-01
1.425838470458984375e-01 4.530073404312133789e-01
-4.184198379516601562e-01 2.879567146301269531e-01
4.588750004768371582e-01 -2.918929457664489746e-01
-2.723244428634643555e-01 -1.811470985412597656e-01
-3.466594815254211426e-01 3.901187777519226074e-01
2.572364807128906250e-01 -1.566895842552185059e-01
-2.669982910156250000e-01 -2.584559917449951172e-01
-1.245790719985961914e-02 2.898284792900085449e-01
-3.970783352851867676e-01 -5.126035213470458984e-02
4.541927576065063477e-01 -1.874716877937316895e-01
2.091172933578491211e-01 7.822549343109130859e-02
1.971079111099243164e-01 -2.401770353317260742e-01
-1.562775969505310059e-01 2.748107314109802246e-01
-3.367031216621398926e-01 -3.341506719589233398e-01
1.516290903091430664e-01 3.581784367561340332e-01
-2.701690793037414551e-01 3.233487010002136230e-01
4.468834400177001953e-02 2.907181382179260254e-01
4.315152764320373535e-01 -9.375929832458496094e-03
-4.472718834877014160e-01 4.966533184051513672e-02
-1.827325224876403809e-01 4.363313317298889160e-01
7.851725816726684570e-02 -3.454965949058532715e-01
2.435163259506225586e-01 9.315282106399536133e-02
-4.661693572998046875e-01 -4.662560224533081055e-01
-1.649304032325744629e-01 1.248812675476074219e-02
6.331992149353027344e-02 9.560078382492065430e-02
4.596673250198364258e-01 3.241201639175415039e-01
-3.039768934249877930e-01 5.890387296676635742e-02
-4.575318098068237305e-01 3.993754386901855469e-01
-3.271623849868774414e-01 3.996664881706237793e-01
4.020341038703918457e-01 -4.425179958343505859e-02
4.824773073196411133e-01 7.284295558929443359e-02
-1.432989835739135742e-01 -2.771896123886108398e-01
2.331897616386413574e-01 -4.281563758850097656e-01
1.138659715652465820e-01 -3.202756047248840332e-01
4.873982667922973633e-01 -4.208961725234985352e-01
-4.661031365394592285e-01 -3.621788024902343750e-01
-1.700805425643920898e-01 -8.115565776824951172e-02
-4.615150094032287598e-01 3.469370007514953613e-01
-1.750912666320800781e-01 -4.381094574928283691e-01
-1.683962941169738770e-01 -4.360210895538330078e-01
-3.339729905128479004e-01 8.455967903137207031e-02
4.025185704231262207e-01 2.149466872215270996e-01
3.357300162315368652e-01 1.631981730461120605e-01
2.777732014656066895e-01 4.749433398246765137e-01
1.432043313980102539e-02 1.802601814270019531e-01
-4.190146923065185547e-01 -3.981688022613525391e-01
4.827581048011779785e-01 -3.833615183830261230e-01
2.792495489120483398e-01 -3.806596398353576660e-01
2.155379652976989746e-01 -1.802541613578796387e-01
1.428754925727844238e-01 2.763540744781494141e-01
-4.879325628280639648e-01 -3.952005505561828613e-01
3.343443274497985840e-01 -2.451705932617187500e-01
1.720291972160339355e-01 -3.204585909843444824e-01
-2.543948888778686523e-01 3.868794441223144531e-01
3.691012263298034668e-01 -2.540380954742431641e-01
-2.285606265068054199e-01 -8.582001924514770508e-02
4.052435755729675293e-01 -4.617343544960021973e-01
-1.114097833633422852e-01 2.394875288009643555e-01
-3.541504144668579102e-01 -4.009574651718139648e-02
-3.964939713478088379e-01 -3.833143711090087891e-01
-3.015016317367553711e-01 3.789545893669128418e-01
-1.275855302810668945e-02 -3.273653984069824219e-02
3.905474543571472168e-01 1.278663873672485352e-01
4.617351889610290527e-01 -3.796728253364562988e-01
-2.376025319099426270e-01 3.915835618972778320e-01
-4.152586460113525391e-01 -3.866311311721801758e-01
-8.284097909927368164e-02 -4.543262720108032227e-01
-4.794726967811584473e-01 7.242214679718017578e-02
-3.883682489395141602e-01 -3.858419656753540039e-01
4.280506372451782227e-01 4.425912499427795410e-01
-6.318271160125732422e-03 -3.896492123603820801e-01
4.865818023681640625e-01 3.991305828094482422e-01
1.362730264663696289e-01 3.671373724937438965e-01
-2.241027951240539551e-01 1.669720411300659180e-01
-4.874917268753051758e-01 -4.401903152465820312e-01
-4.844624400138854980e-01 -5.881154537200927734e-02
-2.281190752983093262e-01 -7.479310035705566406e-02
-4.631633758544921875e-01 2.808678150177001953e-01
-1.611244082450866699e-01 -3.471115231513977051e-01
-4.172751903533935547e-01 -2.659204602241516113e-01
2.065912485122680664e-01 -4.588983654975891113e-01
-3.173247575759887695e-01 -1.421867012977600098e-01
4.729294776916503906e-02 2.133404612541198730e-01
2.101338505744934082e-01 -1.412828564643859863e-01
-4.519482254981994629e-01 2.053541541099548340e-01
-2.172478437423706055e-01 -4.429063200950622559e-01
4.197344183921813965e-01 -4.895012378692626953e-01
-1.589976549148559570e-01 -1.170568466186523438e-01
2.358927130699157715e-01 -4.593581557273864746e-01
3.965903520584106445e-01 1.374340057373046875e-02
-5.216431617736816406e-02 1.852608919143676758e-01
3.523894548416137695e-01 1.954317092895507812e-03
2.637437582015991211e-01 -3.260161876678466797e-01
4.122478961944580078e-01 -3.194034099578857422e-01
-1.872807145118713379e-01 2.593935132026672363e-01
-4.687100648880004883e-01 -1.916721463203430176e-01
1.874497532844543457e-01 1.602396368980407715e-01
1.961745619773864746e-01 4.117922782897949219e-01
8.052283525466918945e-02 -2.565028071403503418e-01
-2.813977599143981934e-01 6.440812349319458008e-02
3.910089731216430664e-01 3.345794677734375000e-01
-2.451123595237731934e-01 -4.366618990898132324e-01
-1.519173383712768555e-02 -2.045246362686157227e-01
2.860688567161560059e-01 6.567078828811645508e-02
2.331489324569702148e-01 4.039936661720275879e-01
3.025345206260681152e-01 4.331263899803161621e-01
3.989195823669433594e-02 -8.974236249923706055e-02
3.085700273513793945e-01 -3.675861358642578125e-01
-4.552489519119262695e-02 3.370080590248107910e-01
1.335768103599548340e-01 -2.270565032958984375e-01
3.145116567611694336e-01 -2.494271397590637207e-01
-3.761522769927978516e-01 -3.956921696662902832e-01
-2.596788406372070312e-01 -4.119133949279785156e-02
1.044110059738159180e-01 -1.155643463134765625e-01
-4.525970816612243652e-01 -9.465068578720092773e-02
-1.539126634597778320e-01 4.244642853736877441e-01
3.999134898185729980e-01 4.187856912612915039e-01
-2.229285836219787598e-01 -4.490536451339721680e-01
-3.045114278793334961e-01 -3.949934244155883789e-01
1.317492127418518066e-01 -2.568686008453369141e-02
2.083265781402587891e-01 -3.489190340042114258e-02
3.995537161827087402e-01 -1.870995163917541504e-01
1.245256066322326660e-01 -4.218730926513671875e-01
-4.669059514999389648e-01 -9.498810768127441406e-02
-4.002428054809570312e-02 -2.466639876365661621e-01
4.723733663558959961e-02 -3.590718507766723633e-01
-4.968973994255065918e-01 -3.285689353942871094e-01
2.952632308006286621e-01 -4.662851095199584961e-01
-3.133677244186401367e-01 2.528387904167175293e-01
4.037108421325683594e-01 -2.204284667968750000e-01
-1.836583018302917480e-01 4.405251741409301758e-01
3.451995849609375000e-01 4.865380525588989258e-01
-3.404746651649475098e-01 -7.542252540588378906e-03
-4.169526100158691406e-01 -4.167633056640625000e-01
4.482232928276062012e-01 -4.522407054901123047e-02
-4.004474282264709473e-01 -1.975592970848083496e-01
4.020704030990600586e-01 -1.469193696975708008e-01
2.378856539726257324e-01 2.886610627174377441e-01
4.593093395233154297e-01 -4.512478709220886230e-01
-2.549261450767517090e-01 -2.680780291557312012e-01
-3.797860741615295410e-01 -4.241213202476501465e-01
-3.117065429687500000e-01 3.719679117202758789e-01
3.851910829544067383e-01 4.051395654678344727e-01
3.229504823684692383e-02 -1.253843307495117188e-03
1.858571767807006836e-01 -1.724814176559448242e-01
8.177679777145385742e-02 -4.649742841720581055e-01
-2.323794960975646973e-01 1.641795039176940918e-01
-4.961563944816589355e-01 -6.712257862091064453e-02
-3.152128458023071289e-01 1.972587108612060547e-01
-1.628278493881225586e-01 -2.065825462341308594e-01
2.051100134849548340e-01 -1.695128083229064941e-01
5.139076709747314453e-02 -3.750830888748168945e-02
8.508515357971191406e-02 -2.096703648567199707e-01
-2.538086175918579102e-01 9.179961681365966797e-02
4.555162787437438965e-01 2.016854882240295410e-01
-2.965130209922790527e-01 -2.778784036636352539e-01
-3.989481925964355469e-01 -3.252154588699340820e-02
-1.975097656250000000e-01 2.843298912048339844e-01
2.805625796318054199e-01 -2.544035911560058594e-01
-4.699854254722595215e-01 2.331364154815673828e-01
2.563401460647583008e-01 -1.786086559295654297e-01
1.392259001731872559e-01 1.558601260185241699e-01
-3.126312494277954102e-01 -4.653548002243041992e-01
-3.332899212837219238e-01 -3.698828816413879395e-01
2.324175834655761719e-02 4.102202057838439941e-01
1.911284327507019043e-01 -1.507004499435424805e-01
-4.422680139541625977e-01 -3.401477336883544922e-01
3.656059503555297852e-02 -3.601017594337463379e-01
-1.346148252487182617e-01 -1.857159137725830078e-01
5.156743526458740234e-02 -1.313534379005432129e-01
4.758002161979675293e-01 -4.707249999046325684e-01
1.720467805862426758e-01 3.913584351539611816e-01
3.014562129974365234e-01 -1.138108968734741211e-01
-4.719717502593994141e-01 -4.802427291870117188e-01
2.161464095115661621e-01 -2.231559157371520996e-01
1.193803548812866211e-01 -6.521224975585937500e-03
1.328279972076416016e-01 -3.990265130996704102e-01
-2.054715752601623535e-01 -2.877744436264038086e-01
2.751320600509643555e-01 3.012540936470031738e-01
-1.464272141456604004e-01 3.655746579170227051e-01
-3.532648086547851562e-02 3.895425796508789062e-02
2.836697101593017578e-01 5.901223421096801758e-02
-3.278073668479919434e-01 3.805689811706542969e-01
2.390227317810058594e-01 -1.453310847282409668e-01
-3.752000331878662109e-01 1.181346178054809570e-01
-1.192619204521179199e-01 1.963284611701965332e-01
3.794813752174377441e-01 -2.110671997070312500e-02
2.115970849990844727e-02 -4.078623056411743164e-01
1.454092860221862793e-01 -4.386825561523437500e-01
2.659583687782287598e-01 1.105822324752807617e-01
-3.767069578170776367e-01 -4.882669448852539062e-01
-2.963976860046386719e-01 -4.777408838272094727e-01
-2.207631468772888184e-01 -1.726546287536621094e-01
2.152028083801269531e-01 -4.259074330329895020e-01
2.411013245582580566e-01 3.634053468704223633e-01
-2.110416889190673828e-01 2.757677435874938965e-01
1.195057630538940430e-01 -5.129104852676391602e-02
4.278313517570495605e-01 -2.268012762069702148e-01
-4.058420658111572266e-02 7.843375205993652344e-04
6.226414442062377930e-02 -1.736471056938171387e-01
-3.212447166442871094e-01 -9.415227174758911133e-02
-3.995221257209777832e-01 -3.685064911842346191e-01
4.926348328590393066e-01 -1.700760126113891602e-01
9.476125240325927734e-03 3.208229541778564453e-01
2.737309932708740234e-01 3.307976722717285156e-01
2.590641975402832031e-01 -1.242491006851196289e-01
1.890650987625122070e-01 3.800022602081298828e-02
1.142907738685607910e-01 -1.715846061706542969e-01
-5.379396677017211914e-02 -3.689029812812805176e-01
-4.240952730178833008e-01 4.661425948143005371e-01
-4.081614613533020020e-01 -4.132250547409057617e-01
-1.154873967170715332e-01 2.134895324707031250e-02
8.784359693527221680e-02 -8.934140205383300781e-03
-4.312190413475036621e-01 -1.401114463806152344e-01
1.236815452575683594e-01 3.609557151794433594e-01
2.229207158088684082e-01 3.538595438003540039e-01
-3.749821186065673828e-01 -2.918332815170288086e-02
-2.583907246589660645e-01 1.495384573936462402e-01
1.164541244506835938e-01 2.388286590576171875e-02
1.589024662971496582e-01 2.519019842147827148e-01
-1.572582125663757324e-01 -2.436459660530090332e-01
-3.455853462219238281e-02 3.869321942329406738e-01
-4.082077741622924805e-02 3.344208598136901855e-01
-4.442399740219116211e-01 -3.524500131607055664e-01
-2.956978678703308105e-01 2.418289780616760254e-01
-1.655173301696777344e-02 -2.164896130561828613e-01
-4.215978384017944336e-01 -4.308511614799499512e-01
6.435900926589965820e-02 -2.133332490921020508e-01
1.962907314300537109e-01 4.195361733436584473e-01
-2.489107847213745117e-01 2.501050829887390137e-01
9.908342361450195312e-02 3.972294330596923828e-01
2.493994832038879395e-01 2.275449633598327637e-01
-2.858668565750122070e-01 -4.063294529914855957e-01
-2.322366237640380859e-01 7.903599739074707031e-02
-1.439617276191711426e-01 1.367145776748657227e-02
2.227591276168823242e-01 5.334776639938354492e-02
-1.580308675765991211e-01 2.944857478141784668e-01
-2.819650769233703613e-01 -2.967041134834289551e-01
-2.637123465538024902e-01 1.738722324371337891e-01
-3.755811452865600586e-01 -4.221095442771911621e-01
4.671564698219299316e-01 -2.930788993835449219e-01
-1.386688947677612305e-01 4.809348583221435547e-01
-4.138910174369812012e-01 -4.371646642684936523e-01
2.290663719177246094e-01 -2.310925722122192383e-01
-1.352019309997558594e-01 3.969562053680419922e-01
4.064357280731201172e-01 1.251268386840820312e-02
-9.077966213226318359e-02 2.716329097747802734e-01
-8.014607429504394531e-02 -2.999498844146728516e-01
-1.729392409324645996e-01 -3.539722561836242676e-01
-3.705396056175231934e-01 3.126300573348999023e-01
-1.469883918762207031e-01 3.648607730865478516e-01
3.417738080024719238e-01 -1.408379077911376953e-01
2.035351991653442383e-01 2.238690853118896484e-03
1.211541891098022461e-01 -2.625078558921813965e-01
-3.288385868072509766e-01 -5.088269710540771484e-02
7.711458206176757812e-02 2.217648625373840332e-01
-2.405041456222534180e-02 -3.315500617027282715e-01
-1.012315750122070312e-01 -3.753858804702758789e-02
-1.002969145774841309e-01 9.820950031280517578e-02
-1.255410313606262207e-01 4.959224462509155273e-01
4.520168304443359375e-01 -4.838407039642333984e-03
-3.277224302291870117e-01 2.042495608329772949e-01
4.195290803909301758e-01 3.759198188781738281e-01
-2.345214486122131348e-01 4.517099261283874512e-01
-2.978416085243225098e-01 -2.882418632507324219e-01
4.275799989700317383e-01 1.391253471374511719e-01
-2.771675586700439453e-03 -3.598060011863708496e-01
4.061513543128967285e-01 -3.395650982856750488e-01
7.638126611709594727e-02 3.347256183624267578e-01
-6.512701511383056641e-03 4.412037730216979980e-01
-2.887666225433349609e-02 -3.889011740684509277e-01
7.240396738052368164e-02 1.947851181030273438e-01
-2.683258056640625000e-01 2.679459452629089355e-01
2.734534144401550293e-01 -3.414815068244934082e-01
1.492196917533874512e-01 2.769535183906555176e-01
-8.593130111694335938e-02 -1.709861159324645996e-01
4.397193193435668945e-01 2.336913347244262695e-02
-3.273465037345886230e-01 4.214138388633728027e-01
3.246706724166870117e-01 2.906348705291748047e-01
2.498251199722290039e-02 -2.212795615196228027e-01
-2.322437763214111328e-01 -1.631762385368347168e-01
4.208611249923706055e-01 -3.591377139091491699e-01
2.371351718902587891e-01 1.995652914047241211e-01
-2.984682321548461914e-01 -3.678537607192993164e-01
2.385115027427673340e-01 4.368986487388610840e-01
4.784952998161315918e-01 -4.810307621955871582e-01
3.469824790954589844e-01 2.793865203857421875e-01
3.031781911849975586e-01 -3.261874318122863770e-01
-3.866100907325744629e-01 -1.965783834457397461e-01
-1.270234584808349609e-03 -2.431319355964660645e-01
-2.673469781875610352e-01 3.308279514312744141e-01
3.674764037132263184e-01 6.298369169235229492e-02
-3.121942281723022461e-02 -2.330328822135925293e-01
-3.517945408821105957e-01 4.989141225814819336e-01
-3.368608355522155762e-01 -4.316048622131347656e-01
-1.798334717750549316e-01 4.718281626701354980e-01
-4.474034309387207031e-01 4.372739195823669434e-01
-2.029877901077270508e-02 -7.928651571273803711e-02
2.936129570007324219e-01 -2.215046882629394531e-01
3.392507433891296387e-01 -2.467314600944519043e-01
5.711078643798828125e-03 -1.544240117073059082e-01
3.704304099082946777e-01 -2.643677592277526855e-01
1.899845004081726074e-01 1.466524600982666016e-01
4.350513219833374023e-01 1.906675100326538086e-02
4.355820417404174805e-01 -2.133511900901794434e-01
-6.774055957794189453e-02 2.377998232841491699e-01
-2.974486351013183594e-02 1.320579051971435547e-01
4.670593738555908203e-01 3.278388977050781250e-01
-4.925938844680786133e-01 -4.690525531768798828e-01
4.310857057571411133e-01 -3.662387728691101074e-01
3.816317319869995117e-01 -2.499135136604309082e-01
4.039320945739746094e-01 -1.801699995994567871e-01
-1.741791367530822754e-01 2.533620595932006836e-01
1.192424297332763672e-01 -3.934962749481201172e-01
-2.026438713073730469e-02 3.645513057708740234e-01
-2.694182991981506348e-01 -4.126718640327453613e-01
1.103773713111877441e-01 -4.862218499183654785e-01
-1.153767108917236328e-02 1.401127576828002930e-01
4.643701910972595215e-01 -3.202236294746398926e-01
3.011135458946228027e-01 1.891041994094848633e-01
-3.827023506164550781e-02 -4.197954535484313965e-01
6.411504745483398438e-02 1.382543444633483887e-01
2.784965634346008301e-01 4.601286053657531738e-01
2.268332242965698242e-02 2.530357837677001953e-01
-2.109061479568481445e-01 -4.566121101379394531e-01
3.065175414085388184e-01 -1.058723926544189453e-01
-3.751834630966186523e-01 -4.934102296829223633e-02
1.118398308753967285e-01 3.600095510482788086e-01
4.925285577774047852e-01 -4.427960515022277832e-01
1.873650550842285156e-01 -4.611293077468872070e-01
-3.922794461250305176e-01 -3.493282198905944824e-01
2.327065467834472656e-01 2.062519192695617676e-01
-4.124659299850463867e-01 4.126850962638854980e-01
-1.811594963073730469e-01 -3.729522228240966797e-03
-5.856871604919433594e-02 2.081002593040466309e-01
4.710953235626220703e-01 3.315000534057617188e-01
4.674172401428222656e-01 -4.963764548301696777e-01
4.523621201515197754e-01 1.000728607177734375e-01
1.673873662948608398e-01 -3.059937953948974609e-01
-4.075559377670288086e-01 3.555009961128234863e-01
-5.349749326705932617e-02 1.327810883522033691e-01
-1.196545362472534180e-01 -4.168409109115600586e-02
3.979411125183105469e-01 -3.638723492622375488e-01
4.270094633102416992e-02 -6.081777811050415039e-02
4.396088719367980957e-01 -6.028270721435546875e-02
2.139210700988769531e-03 2.063274383544921875e-02
-4.996639490127563477e-01 -2.264154553413391113e-01
-8.468526601791381836e-02 1.860492229461669922e-01
-2.339404821395874023e-01 7.218879461288452148e-02
-9.672963619232177734e-02 2.664027214050292969e-01
1.330857872962951660e-01 -3.640127778053283691e-01
2.433416843414306641e-01 -1.692669987678527832e-01
3.791547417640686035e-01 -8.804976940155029297e-02
8.861732482910156250e-02 6.269574165344238281e-02
-2.443222999572753906e-01 -2.942990064620971680e-01
-3.430109024047851562e-01 -3.736324906349182129e-01
4.483029842376708984e-01 -3.804207444190979004e-01
-3.067255020141601562e-01 -4.786908626556396484e-01
3.281093239784240723e-01 2.225953340530395508e-02
-3.216434121131896973e-01 1.032682061195373535e-01
3.827756643295288086e-02 -4.577460885047912598e-01
4.364652037620544434e-01 -1.071689724922180176e-01
-3.044456839561462402e-01 2.666373848915100098e-01
3.698081374168395996e-01 -1.118925809860229492e-01
4.772900938987731934e-01 5.442529916763305664e-02
-3.894453048706054688e-01 4.572945833206176758e-02
-4.129480719566345215e-01 -3.952231407165527344e-01
-2.308894395828247070e-01 3.805094957351684570e-01
3.227381706237792969e-01 3.018753528594970703e-01
-1.437125205993652344e-01 -4.182464480400085449e-01
6.708526611328125000e-02 -3.685248494148254395e-01
-2.170825004577636719e-01 -1.208049058914184570e-01
4.068397283554077148e-01 -4.203940629959106445e-01
-2.824119925498962402e-01 -1.376171708106994629e-01
-3.150522112846374512e-01 2.303963899612426758e-01
-7.752037048339843750e-02 1.914306879043579102e-01
3.352098464965820312e-01 -4.411464929580688477e-02
3.583710193634033203e-01 7.053989171981811523e-02
-1.582258939743041992e-01 -3.118451237678527832e-01
-2.644714713096618652e-01 2.997668385505676270e-01
2.612055540084838867e-01 3.745902776718139648e-01
1.917122006416320801e-01 -3.269412517547607422e-01
-4.887795448303222656e-02 9.157395362854003906e-02
-8.763325214385986328e-02 -1.565856933593750000e-01
5.542594194412231445e-02 3.110558986663818359e-01
-1.991837620735168457e-01 -1.737834811210632324e-01
3.356015086174011230e-01 2.264694571495056152e-01
-4.707745909690856934e-01 -1.869633197784423828e-01
1.369607448577880859e-01 2.510450482368469238e-01
-1.716192364692687988e-01 -1.382519006729125977e-01
6.524276733398437500e-02 8.130604028701782227e-02
1.899719834327697754e-01 -3.613121509552001953e-01
-2.539988756179809570e-01 -2.882798910140991211e-01
4.603443145751953125e-01 -4.652142524719238281e-02
1.869514584541320801e-01 -3.050762414932250977e-01
2.857592701911926270e-01 3.771404027938842773e-01
-3.828473687171936035e-01 -2.702388167381286621e-01
-4.561867713928222656e-01 -2.423971295356750488e-01
-4.672398567199707031e-01 4.814246892929077148e-01
-9.044253826141357422e-02 1.149662733078002930e-01
4.491193890571594238e-01 -8.379244804382324219e-02
3.424782156944274902e-01 2.653135061264038086e-01
3.617659807205200195e-01 -2.037658095359802246e-01
2.290730476379394531e-01 1.711177825927734375e-01
-4.182071685791015625e-01 5.192780494689941406e-02
4.053472280502319336e-01 3.268800377845764160e-01
1.786630153656005859e-01 -3.416163921356201172e-01
3.837741613388061523e-01 -1.821852326393127441e-01
4.273805022239685059e-01 4.649666547775268555e-01
2.437127232551574707e-01 4.890686273574829102e-02
2.800024151802062988e-01 2.413213849067687988e-01
-2.667920589447021484e-01 4.730511903762817383e-01
3.675770759582519531e-01 6.817549467086791992e-02
-1.127258539199829102e-01 -2.311885952949523926e-01
-2.828516364097595215e-01 -4.655429124832153320e-01
-4.421263337135314941e-01 -2.926303744316101074e-01
-1.550292968750000000e-02 -5.528974533081054688e-02
-1.620691418647766113e-01 -6.079787015914916992e-02
2.130154371261596680e-01 2.406726479530334473e-01
-8.144205808639526367e-02 -2.319566011428833008e-01
-1.491501331329345703e-01 4.577014446258544922e-01
-1.777364611625671387e-01 2.853754758834838867e-01
4.011995792388916016e-01 1.173794269561767578e-02
1.133816838264465332e-01 4.576853513717651367e-01
1.906615495681762695e-01 4.591800570487976074e-01
-2.937194108963012695e-01 8.747935295104980469e-03
-1.508498191833496094e-01 1.643645763397216797e-01
-3.333008885383605957e-01 3.830349445343017578e-01
2.137421965599060059e-01 -1.062464714050292969e-01
4.572282433509826660e-01 8.812731504440307617e-02
-9.952831268310546875e-02 -4.925960898399353027e-01
-9.379476308822631836e-02 4.569107294082641602e-02
3.420760035514831543e-01 -1.376617550849914551e-01
2.471342682838439941e-01 4.542422294616699219e-01
-1.906518340110778809e-01 -3.881260752677917480e-01
2.541013956069946289e-01 -4.041757583618164062e-01
2.133969068527221680e-01 4.624460935592651367e-01
-4.033446311950683594e-03 3.823710083961486816e-01
-3.020891547203063965e-01 4.581151008605957031e-01
3.747177124023437500e-02 -2.434505224227905273e-01
-3.744667172431945801e-01 -4.331537485122680664e-01
4.659895300865173340e-01 6.595677137374877930e-02
-1.486997008323669434e-01 -3.086714148521423340e-01
-4.113479852676391602e-01 1.852068901062011719e-01
-1.242345571517944336e-01 -2.281693220138549805e-01
-7.571011781692504883e-02 -4.776667952537536621e-01
-4.962084293365478516e-01 -3.788293004035949707e-01
2.071234583854675293e-01 -4.076946973800659180e-01
3.231779932975769043e-01 -4.635953903198242188e-02
4.113740921020507812e-01 1.519806385040283203e-01
4.341606497764587402e-01 1.130248904228210449e-01
1.885768175125122070e-01 7.489776611328125000e-02
-4.466111660003662109e-01 7.518607378005981445e-02
1.599860191345214844e-02 4.847127199172973633e-02
3.723793029785156250e-01 1.339668035507202148e-02
1.783756017684936523e-01 1.097180843353271484e-01
-2.048791646957397461e-01 3.008319139480590820e-01
-3.627347946166992188e-02 2.568104863166809082e-01
2.677289843559265137e-01 -4.638884663581848145e-01
-1.171817779541015625e-01 -4.284689426422119141e-01
2.982496023178100586e-01 -4.838865399360656738e-01
3.653151392936706543e-01 -4.281589388847351074e-01
-4.350608587265014648e-01 -3.410196900367736816e-01
2.361049652099609375e-01 -6.388229131698608398e-02
-1.398568153381347656e-01 3.518492579460144043e-01
-9.273380041122436523e-02 4.834568500518798828e-01
-3.567372560501098633e-01 1.528688073158264160e-01
-3.939886689186096191e-01 2.725988626480102539e-02
1.488931775093078613e-01 4.049986600875854492e-02
-1.434613466262817383e-01 4.465718269348144531e-01
3.926935791969299316e-01 3.395569324493408203e-01
2.127957344055175781e-01 -2.297784090042114258e-01
-3.408932685852050781e-02 -2.352102398872375488e-01
-3.150042891502380371e-01 -2.542186975479125977e-01
1.469103693962097168e-01 2.668750286102294922e-01
1.907841563224792480e-01 2.340843677520751953e-01
3.119172453880310059e-01 2.866884469985961914e-01
-6.075030565261840820e-02 1.096830368041992188e-01
3.293623924255371094e-01 1.959960460662841797e-01
-3.358436226844787598e-01 -2.151451110839843750e-01
4.758365154266357422e-01 1.282552480697631836e-01
3.759142160415649414e-01 1.820889711380004883e-01
-5.251526832580566406e-03 4.297397732734680176e-01
2.037228345870971680e-01 -8.571708202362060547e-02
2.850949764251708984e-01 -1.721889972686767578e-01
-3.344416022300720215e-01 -2.378013730049133301e-01
2.396626472473144531e-01 -2.504032850265502930e-01
3.317657113075256348e-01 -1.523938775062561035e-01
4.170001745223999023e-01 -4.983544349670410156e-01
1.734292507171630859e-02 -2.930727005004882812e-01
2.437084317207336426e-01 4.138932228088378906e-01
1.368137598037719727e-01 -1.415458321571350098e-01
2.996105551719665527e-01 2.568517923355102539e-01
2.318032383918762207e-01 -3.755534887313842773e-01
-1.298308968544006348e-01 4.699606299400329590e-01
4.738847017288208008e-01 -2.476119995117187500e-01
1.619111299514770508e-01 -4.968428611755371094e-02
3.601503968238830566e-01 -4.389262199401855469e-01
5.836164951324462891e-02 1.951239109039306641e-01
2.219886183738708496e-01 -7.375550270080566406e-02
-1.869632005691528320e-01 4.391491413116455078e-01
-3.249675035476684570e-01 4.288302659988403320e-01
-2.049897313117980957e-01 -1.248570680618286133e-01
-4.342737793922424316e-01 3.594338297843933105e-01
4.717415571212768555e-01 4.698612689971923828e-01
2.606880664825439453e-02 -1.542667150497436523e-01
-4.580239653587341309e-01 -1.634294986724853516e-01
1.356623172760009766e-01 -2.108289003372192383e-01
-1.190304756164550781e-04 2.116938233375549316e-01
4.821453094482421875e-01 -4.612690806388854980e-01
4.422085285186767578e-01 -1.612254977226257324e-01
-2.811947464942932129e-01 -4.293010234832763672e-01
6.609153747558593750e-02 -1.191082000732421875e-01
-8.115333318710327148e-02 -1.143661141395568848e-01
1.622751951217651367e-01 4.811980128288269043e-01
1.417230367660522461e-01 9.153306484222412109e-03
1.898443698883056641e-01 -2.929413318634033203e-02
-4.792141914367675781e-02 1.824132204055786133e-01
-1.271141171455383301e-01 -2.014164924621582031e-01
2.183705568313598633e-02 -2.589901089668273926e-01
-5.954027175903320312e-02 -1.754902601242065430e-01
3.340432047843933105e-01 2.419679164886474609e-01
3.504112958908081055e-01 -1.384251117706298828e-01
3.262642621994018555e-01 1.636182665824890137e-01
-3.772818446159362793e-01 -6.572830677032470703e-02
1.255832314491271973e-01 -1.928864717483520508e-01
-4.707444310188293457e-01 2.879205346107482910e-01
-4.506565332412719727e-01 2.426013350486755371e-01
-3.527382612228393555e-01 2.889882922172546387e-01
-3.279964923858642578e-01 3.268389701843261719e-01
1.990322470664978027e-01 -3.555669188499450684e-01
-2.227569222450256348e-01 -1.943222284317016602e-01
4.041516780853271484e-01 1.454041600227355957e-01
3.725763559341430664e-01 -3.041904568672180176e-01
-1.471453309059143066e-01 -4.381027817726135254e-01
4.264504313468933105e-01 2.993441820144653320e-01
3.354508280754089355e-01 -1.337908506393432617e-01
9.044998884201049805e-02 -2.521478533744812012e-01
3.258513808250427246e-01 4.297921061515808105e-01
3.077006340026855469e-02 -3.627936840057373047e-01
-4.672818779945373535e-01 -3.662874102592468262e-01
-3.560201525688171387e-01 4.769901037216186523e-01
7.088220119476318359e-02 3.290582895278930664e-01
-3.503730893135070801e-01 -4.256238341331481934e-01
-4.461790323257446289e-01 -1.768929958343505859e-01
-1.541703343391418457e-01 3.811953067779541016e-01
4.664821624755859375e-01 -4.867242574691772461e-01
6.935733556747436523e-02 3.956088423728942871e-01
-2.542532086372375488e-01 2.954480648040771484e-01
1.502166390419006348e-01 -2.794677019119262695e-01
2.581443786621093750e-01 3.878655433654785156e-01
3.046190142631530762e-01 -4.319222569465637207e-01
-4.520280361175537109e-01 8.970558643341064453e-02
-4.720985889434814453e-02 2.834189534187316895e-01
-4.281473159790039062e-02 -2.023131847381591797e-01
3.353927731513977051e-01 3.692569136619567871e-01
3.167323470115661621e-01 -4.898416399955749512e-01
-4.101769328117370605e-01 4.801523089408874512e-01
-3.809502124786376953e-01 4.865761399269104004e-01
1.326865553855895996e-01 -5.011230707168579102e-02
-4.891847968101501465e-01 1.724135279655456543e-01
4.780735969543457031e-01 4.960124492645263672e-01
6.369781494140625000e-02 3.633630275726318359e-02
-2.818638086318969727e-01 -1.371507048606872559e-01
1.462879776954650879e-01 3.238659501075744629e-01
-5.202054977416992188e-03 -3.629283905029296875e-01
3.289252519607543945e-01 2.428889274597167969e-02
-1.727565526962280273e-01 4.702503085136413574e-01
1.446256041526794434e-01 1.441525220870971680e-01
3.270747065544128418e-01 -3.597351908683776855e-01
-4.251252412796020508e-01 -4.383623600006103516e-03
4.977305531501770020e-01 -2.207757234573364258e-01
1.328715085983276367e-01 -4.393916130065917969e-01
-1.037747859954833984e-01 3.727357387542724609e-01
-4.528107643127441406e-01 3.632363677024841309e-01
-2.305638194084167480e-01 4.449105858802795410e-01
2.694574594497680664e-01 -1.071415543556213379e-01
4.595940709114074707e-01 2.674765586853027344e-01
3.470790386199951172e-01 3.412720561027526855e-01
3.463950157165527344e-01 4.428395032882690430e-01
3.398449420928955078e-01 -3.454613685607910156e-02
-3.619498014450073242e-01 -4.923437833786010742e-01
-1.969846487045288086e-01 -6.899178028106689453e-02
-3.723722696304321289e-01 3.453327417373657227e-01
-2.124017477035522461e-01 -2.070401310920715332e-01
1.198973655700683594e-01 7.359695434570312500e-02
1.321544051170349121e-01 3.346344828605651855e-01
-4.712412357330322266e-01 -4.125410914421081543e-01
2.257264852523803711e-01 4.718515872955322266e-01
7.532250881195068359e-02 -2.109175920486450195e-01
-2.273042798042297363e-01 4.023540019989013672e-02
-2.154127955436706543e-01 1.679204106330871582e-01
-1.930488348007202148e-01 1.281038522720336914e-01
4.320420026779174805e-01 -2.480152249336242676e-01
-2.329608798027038574e-01 1.399981379508972168e-01
-1.245252490043640137e-01 2.856330871582031250e-01
2.492194175720214844e-01 1.826126575469970703e-01
-4.058138728141784668e-01 1.185880899429321289e-01
-2.546712756156921387e-01 -1.687978506088256836e-01
-3.359959125518798828e-01 -3.282238245010375977e-01
-3.287603259086608887e-01 -1.823288202285766602e-01
2.770680785179138184e-01 3.722980022430419922e-01
-2.635057568550109863e-01 4.040760993957519531e-01
-3.345417380332946777e-01 -2.195400595664978027e-01
-3.330821990966796875e-01 4.947064518928527832e-01
4.529952406883239746e-01 4.793124794960021973e-01
-2.042607069015502930e-01 -4.138930439949035645e-01
1.133651137351989746e-01 3.269822597503662109e-01
-1.505792140960693359e-01 -4.661281108856201172e-01
-4.181973934173583984e-01 -3.746311664581298828e-01
-2.133134007453918457e-01 2.439104914665222168e-01
2.139747142791748047e-01 -2.704232931137084961e-02
-4.439309835433959961e-01 -5.956947803497314453e-02
-2.219961881637573242e-01 -4.330552816390991211e-01
-4.516266584396362305e-01 1.381355524063110352e-02
7.195854187011718750e-02 -2.519374489784240723e-01
-2.892451286315917969e-01 -8.632320165634155273e-02
4.140586256980895996e-01 3.315615653991699219e-01
-2.281524538993835449e-01 -4.022322893142700195e-01
-6.548166275024414062e-04 -1.474165320396423340e-01
1.205783486366271973e-01 1.131189465522766113e-01
-8.298695087432861328e-02 8.997738361358642578e-02
-1.940143108367919922e-01 2.235239744186401367e-02
-2.842999100685119629e-01 -2.959811687469482422e-02
-3.904370069503784180e-01 3.898702263832092285e-01
-8.795499801635742188e-02 -4.850570559501647949e-01
1.404192447662353516e-01 4.874813556671142578e-02
1.543045043945312500e-01 6.878626346588134766e-02
-1.285291314125061035e-01 2.993391752243041992e-01
-2.471143007278442383e-02 -3.213165402412414551e-01
1.583365201950073242e-01 9.594523906707763672e-02
4.125235676765441895e-01 2.059869170188903809e-01
-2.737826108932495117e-02 -4.092713594436645508e-01
-4.630037546157836914e-01 1.662573218345642090e-01
-2.909349799156188965e-01 -4.706611037254333496e-01
-4.059299230575561523e-01 -2.292644977569580078e-02
-3.505367040634155273e-02 -2.190330028533935547e-01
2.741200327873229980e-01 3.875797390937805176e-01
6.263554096221923828e-02 4.269276261329650879e-01
1.880202889442443848e-01 7.559728622436523438e-02
2.263367772102355957e-01 -4.427033066749572754e-01
-7.713019847869873047e-02 -1.604022979736328125e-01
2.678428292274475098e-01 3.170961141586303711e-01
-3.329910039901733398e-01 -4.613811373710632324e-01
-2.523671984672546387e-01 2.010478377342224121e-01
-7.574319839477539062e-03 -4.028949141502380371e-01
2.217266559600830078e-01 5.383694171905517578e-02
-4.035415053367614746e-01 -4.309436678886413574e-01
3.740336298942565918e-01 4.562675952911376953e-02
2.365259528160095215e-01 3.529765009880065918e-01
-2.821721434593200684e-01 -4.347106814384460449e-01
-8.716434240341186523e-02 1.101199388504028320e-01
-2.293087244033813477e-01 -2.193829417228698730e-01
-4.209362268447875977e-01 2.355122566223144531e-02
-4.204965233802795410e-01 -2.922857403755187988e-01
4.859742522239685059e-01 -2.308421134948730469e-01
1.716812849044799805e-01 -1.527225971221923828e-02
-4.986795783042907715e-01 -4.393664002418518066e-01
-1.986088752746582031e-01 6.903469562530517578e-03
-1.763985753059387207e-01 6.129282712936401367e-02
-6.957769393920898438e-03 -3.746641874313354492e-01
-1.414234638214111328e-01 -4.948127269744873047e-01
3.891572356224060059e-01 -2.665469646453857422e-01
3.698366880416870117e-02 -8.340466022491455078e-02
8.299911022186279297e-02 -2.120697498321533203e-02
-2.454006075859069824e-01 -3.147675395011901855e-01
4.132128953933715820e-01 -2.257765531539916992e-01
-2.174307107925415039e-01 -3.461135625839233398e-01
-4.377892613410949707e-01 3.546329736709594727e-01
3.160045146942138672e-01 -1.885504126548767090e-01
1.323658227920532227e-02 -1.338662505149841309e-01
3.950945138931274414e-01 -1.043717861175537109e-01
4.552150964736938477e-01 -1.975085735321044922e-01
4.647157788276672363e-01 -3.581554293632507324e-01
1.570474505424499512e-01 3.242586851119995117e-01
-3.385159373283386230e-01 -3.037853837013244629e-01
4.330461025238037109e-01 1.234377622604370117e-01
-1.189033985137939453e-01 2.874202132225036621e-01
4.341507554054260254e-01 2.664296627044677734e-01
1.197944283485412598e-01 2.409703731536865234e-01
3.531357049942016602e-01 4.833039641380310059e-01
2.960340976715087891e-01 -3.865076899528503418e-01
-1.895467638969421387e-01 2.309387922286987305e-01
9.519207477569580078e-02 -1.789359450340270996e-01
1.856566071510314941e-01 2.820453047752380371e-01
3.414804339408874512e-01 -2.289860844612121582e-01
-4.842556118965148926e-01 -2.825146913528442383e-02
3.826301693916320801e-01 -4.211179018020629883e-01
3.319365382194519043e-01 -2.082272171974182129e-01
-3.802806735038757324e-01 -1.933456659317016602e-01
-2.246600389480590820e-02 -4.110262393951416016e-01
-6.104886531829833984e-03 4.285756349563598633e-01
2.503368854522705078e-01 -5.599373579025268555e-02
-3.909019827842712402e-01 3.428359031677246094e-01
-1.103399991989135742e-01 -4.396212100982666016e-01
-1.752312779426574707e-01 -4.950695037841796875e-01
2.483260631561279297e-02 -4.980388879776000977e-01
-4.485031962394714355e-01 3.817905187606811523e-01
1.765686273574829102e-01 -4.944666028022766113e-01
3.718594312667846680e-01 -2.574211359024047852e-02
-5.125701427459716797e-03 -4.538810253143310547e-02
-4.519452452659606934e-01 -6.470882892608642578e-02
1.744482517242431641e-01 3.054562807083129883e-01
2.096575498580932617e-02 1.423865556716918945e-01
4.337952136993408203e-01 -4.987642765045166016e-01
7.332384586334228516e-03 3.087677955627441406e-01
-3.831152915954589844e-01 -1.086011528968811035e-01
-2.670049667358398438e-03 2.988586425781250000e-01
-4.224694371223449707e-01 -4.177598953247070312e-01
-2.397525310516357422e-01 2.521162629127502441e-01
1.318738460540771484e-01 -3.303112387657165527e-01
-3.595114946365356445e-01 2.180223464965820312e-01
1.053321361541748047e-01 -3.258414864540100098e-01
