6.576105952262878418e-01 5.948992371559143066e-01
5.460202693939208984e-01 4.588690698146820068e-01
5.354436635971069336e-01 6.030125617980957031e-01
6.262695193290710449e-01 5.399817824363708496e-01
4.367363750934600830e-01 4.875535368919372559e-01
5.172790884971618652e-01 3.424666523933410645e-01
5.513644814491271973e-01 7.233322262763977051e-01
6.896603703498840332e-01 4.276977181434631348e-01
5.026888847351074219e-01 4.233431220054626465e-01
7.530303001403808594e-01 6.316017508506774902e-01
6.413400769233703613e-01 5.427538752555847168e-01
6.322395801544189453e-01 5.014097690582275391e-01
6.229748725891113281e-01 5.334773063659667969e-01
6.724169850349426270e-01 5.023080110549926758e-01
4.346304535865783691e-01 3.512371778488159180e-01
5.610780715942382812e-01 4.220366775989532471e-01
5.531476736068725586e-01 5.700199604034423828e-01
5.315395593643188477e-01 3.628684580326080322e-01
4.390803575515747070e-01 5.741944313049316406e-01
6.549488306045532227e-01 6.355522871017456055e-01
6.357447504997253418e-01 7.772541642189025879e-01
5.379599928855895996e-01 7.089681625366210938e-01
6.205413937568664551e-01 7.246220707893371582e-01
4.114088118076324463e-01 3.548223972320556641e-01
6.045232415199279785e-01 3.753553330898284912e-01
6.628165841102600098e-01 5.683476924896240234e-01
6.182061433792114258e-01 4.908412694931030273e-01
3.605986237525939941e-01 5.496788620948791504e-01
7.544897794723510742e-01 5.900293588638305664e-01
4.533760547637939453e-01 4.012731909751892090e-01
6.387780308723449707e-01 5.332908630371093750e-01
3.965098857879638672e-01 4.136577248573303223e-01
6.747989654541015625e-01 6.290821433067321777e-01
6.963221430778503418e-01 4.500796198844909668e-01
3.951783478260040283e-01 6.620216369628906250e-01
6.317883133888244629e-01 6.234475970268249512e-01
6.116869449615478516e-01 6.145505309104919434e-01
5.743660330772399902e-01 6.311929821968078613e-01
7.061594128608703613e-01 5.485049486160278320e-01
5.214384794235229492e-01 3.942893147468566895e-01
4.993655383586883545e-01 3.851796686649322510e-01
5.087566971778869629e-01 4.282885193824768066e-01
5.521342754364013672e-01 4.105453491210937500e-01
6.754596233367919922e-01 6.084768176078796387e-01
4.318273067474365234e-01 3.806102871894836426e-01
6.950890421867370605e-01 5.721433162689208984e-01
7.466529607772827148e-01 5.426580905914306641e-01
5.411708950996398926e-01 4.209491312503814697e-01
3.928829431533813477e-01 3.675962388515472412e-01
4.571391940116882324e-01 6.607495546340942383e-01
6.269763112068176270e-01 6.402356028556823730e-01
5.690412521362304688e-01 4.357757568359375000e-01
6.416029930114746094e-01 4.953674376010894775e-01
5.371359586715698242e-01 4.952346086502075195e-01
5.851634740829467773e-01 4.452081322669982910e-01
5.864521861076354980e-01 8.096790909767150879e-01
5.057145953178405762e-01 5.290867090225219727e-01
7.179083824157714844e-01 5.516895651817321777e-01
4.724283814430236816e-01 6.762667298316955566e-01
4.038480818271636963e-01 3.471711575984954834e-01
4.718833267688751221e-01 4.237796068191528320e-01
5.098140835762023926e-01 5.505338907241821289e-01
6.483971476554870605e-01 5.363461375236511230e-01
6.352820396423339844e-01 5.626578330993652344e-01
4.064562320709228516e-01 5.513702630996704102e-01
4.231952130794525146e-01 3.804076910018920898e-01
5.076191425323486328e-01 5.494260787963867188e-01
4.519085288047790527e-01 5.951666235923767090e-01
5.780207514762878418e-01 5.214179754257202148e-01
3.803148269653320312e-01 3.338943719863891602e-01
6.909582614898681641e-01 4.929290115833282471e-01
5.856173038482666016e-01 7.460894584655761719e-01
6.287313699722290039e-01 5.605401396751403809e-01
4.467794001102447510e-01 5.890110135078430176e-01
3.702940046787261963e-01 4.462548792362213135e-01
7.191898822784423828e-01 6.686438918113708496e-01
6.539728641510009766e-01 4.108236730098724365e-01
3.902275562286376953e-01 3.066476881504058838e-01
5.949720740318298340e-01 4.780777990818023682e-01
4.846265017986297607e-01 4.454415142536163330e-01
6.041955351829528809e-01 3.934250175952911377e-01
5.623663663864135742e-01 7.078725099563598633e-01
3.312280774116516113e-01 3.840489089488983154e-01
4.386698603630065918e-01 4.006993174552917480e-01
4.859521985054016113e-01 6.314377188682556152e-01
5.127611160278320312e-01 4.239201247692108154e-01
6.317978501319885254e-01 6.253399252891540527e-01
4.627886414527893066e-01 4.925062656402587891e-01
4.305511116981506348e-01 4.387319386005401611e-01
6.387922763824462891e-01 5.531474351882934570e-01
4.207457005977630615e-01 4.607105851173400879e-01
6.182706952095031738e-01 6.087079048156738281e-01
7.001414895057678223e-01 5.297489166259765625e-01
4.825045168399810791e-01 7.769367098808288574e-01
5.305361747741699219e-01 4.203931391239166260e-01
7.083887457847595215e-01 5.096588730812072754e-01
6.285284757614135742e-01 6.321318149566650391e-01
4.564340710639953613e-01 4.091335535049438477e-01
6.446708440780639648e-01 5.527595281600952148e-01
5.445650815963745117e-01 6.135149002075195312e-01
4.555974900722503662e-01 4.065434634685516357e-01
4.441051185131072998e-01 4.596734642982482910e-01
6.953036189079284668e-01 6.160983443260192871e-01
4.776242673397064209e-01 6.306710243225097656e-01
7.119241952896118164e-01 5.256335139274597168e-01
6.997431516647338867e-01 5.615499615669250488e-01
5.242509245872497559e-01 3.770585954189300537e-01
3.990122377872467041e-01 5.562488436698913574e-01
6.419052481651306152e-01 5.076615214347839355e-01
5.142490267753601074e-01 4.584388136863708496e-01
7.550898194313049316e-01 6.356383562088012695e-01
4.535095691680908203e-01 3.954395651817321777e-01
5.576926469802856445e-01 4.638003110885620117e-01
6.292592287063598633e-01 6.482256650924682617e-01
4.173023998737335205e-01 6.367085576057434082e-01
4.402375519275665283e-01 4.075406789779663086e-01
4.309195578098297119e-01 5.389784574508666992e-01
5.230329632759094238e-01 5.641559958457946777e-01
4.344519078731536865e-01 4.262736737728118896e-01
6.497065424919128418e-01 5.618907809257507324e-01
3.720482885837554932e-01 4.443749189376831055e-01
6.421608328819274902e-01 5.235449075698852539e-01
4.686237573623657227e-01 3.661409914493560791e-01
5.665544271469116211e-01 3.763104677200317383e-01
4.618459343910217285e-01 5.569736957550048828e-01
6.042703986167907715e-01 5.409615635871887207e-01
5.680618286132812500e-01 7.738338112831115723e-01
5.153660774230957031e-01 5.113788843154907227e-01
7.499623894691467285e-01 4.725067913532257080e-01
6.901280879974365234e-01 6.222260594367980957e-01
6.251524686813354492e-01 6.082639694213867188e-01
3.770290315151214600e-01 5.255785584449768066e-01
5.503479242324829102e-01 3.829623758792877197e-01
6.447870135307312012e-01 6.316011548042297363e-01
7.227967381477355957e-01 4.704817533493041992e-01
4.720439314842224121e-01 4.456352591514587402e-01
6.202988028526306152e-01 5.303046703338623047e-01
5.026677846908569336e-01 6.986427307128906250e-01
5.461093187332153320e-01 4.201855659484863281e-01
5.764876008033752441e-01 4.441631734371185303e-01
5.417305827140808105e-01 4.141405820846557617e-01
6.483196020126342773e-01 3.859099745750427246e-01
6.620738506317138672e-01 6.751777529716491699e-01
5.734106302261352539e-01 6.127210259437561035e-01
4.394187927246093750e-01 6.059853434562683105e-01
6.030243039131164551e-01 4.570416212081909180e-01
6.355140805244445801e-01 4.732893407344818115e-01
4.501358568668365479e-01 6.165193915367126465e-01
6.405709385871887207e-01 4.016850292682647705e-01
7.028270959854125977e-01 6.472983956336975098e-01
6.108477711677551270e-01 8.060712218284606934e-01
5.250210762023925781e-01 4.708191752433776855e-01
5.040045976638793945e-01 5.229234695434570312e-01
3.588938415050506592e-01 4.265592694282531738e-01
6.862725019454956055e-01 6.989318728446960449e-01
4.529262185096740723e-01 5.100749135017395020e-01
4.631771147251129150e-01 3.644661307334899902e-01
3.514521121978759766e-01 6.115840673446655273e-01
5.986716747283935547e-01 4.782313704490661621e-01
5.389023423194885254e-01 4.801948368549346924e-01
3.883136510848999023e-01 4.370695352554321289e-01
5.894102454185485840e-01 4.964207112789154053e-01
7.045820951461791992e-01 7.386150956153869629e-01
4.567358493804931641e-01 4.075712263584136963e-01
6.781685352325439453e-01 4.777013957500457764e-01
5.008524060249328613e-01 4.557884335517883301e-01
6.650378704071044922e-01 6.202479004859924316e-01
6.625052690505981445e-01 4.331282675266265869e-01
7.153585553169250488e-01 5.325078964233398438e-01
6.625382900238037109e-01 4.322327375411987305e-01
6.203876137733459473e-01 5.947173833847045898e-01
5.402308702468872070e-01 4.801103770732879639e-01
4.217502772808074951e-01 3.826394081115722656e-01
6.917133331298828125e-01 6.901747584342956543e-01
7.608006000518798828e-01 4.165680408477783203e-01
5.823072195053100586e-01 6.725943088531494141e-01
6.116713881492614746e-01 6.498661637306213379e-01
6.254969835281372070e-01 4.863735437393188477e-01
5.224863290786743164e-01 5.245273709297180176e-01
4.096342325210571289e-01 4.250714182853698730e-01
6.440724730491638184e-01 5.011432766914367676e-01
5.063809156417846680e-01 4.962328672409057617e-01
6.006327867507934570e-01 6.291713118553161621e-01
7.372043132781982422e-01 6.437467932701110840e-01
6.322714090347290039e-01 4.847592711448669434e-01
4.015544652938842773e-01 3.957655727863311768e-01
7.587833404541015625e-01 5.814367532730102539e-01
5.444253087043762207e-01 4.260643422603607178e-01
3.788294494152069092e-01 5.876406431198120117e-01
5.012917518615722656e-01 6.807411313056945801e-01
6.226673722267150879e-01 5.822437405586242676e-01
6.174886226654052734e-01 6.391860842704772949e-01
5.326740145683288574e-01 6.229555606842041016e-01
4.515391290187835693e-01 5.566093921661376953e-01
6.085475087165832520e-01 6.545959115028381348e-01
3.821317851543426514e-01 3.505415916442871094e-01
5.917486548423767090e-01 5.830419659614562988e-01
5.481787919998168945e-01 5.278847217559814453e-01
4.890118241310119629e-01 3.312166929244995117e-01
4.552522003650665283e-01 6.398844718933105469e-01
5.425565838813781738e-01 4.528821706771850586e-01
4.820336103439331055e-01 7.711826562881469727e-01
5.805996656417846680e-01 5.396851897239685059e-01
6.458522677421569824e-01 5.574331879615783691e-01
6.886012554168701172e-01 4.480765163898468018e-01
7.250115275382995605e-01 6.557259559631347656e-01
6.317039728164672852e-01 3.609286844730377197e-01
7.127937674522399902e-01 5.766107439994812012e-01
6.107932925224304199e-01 7.467845082283020020e-01
7.847079634666442871e-01 4.546667635440826416e-01
5.939711332321166992e-01 4.329524040222167969e-01
5.226905345916748047e-01 4.692468941211700439e-01
7.453739643096923828e-01 3.814922571182250977e-01
4.413347840309143066e-01 5.920736193656921387e-01
4.387142360210418701e-01 4.969681501388549805e-01
7.073760628700256348e-01 5.880770683288574219e-01
3.797411918640136719e-01 3.162531554698944092e-01
7.360020875930786133e-01 5.772734284400939941e-01
6.518481969833374023e-01 4.937200248241424561e-01
5.729233622550964355e-01 4.869886934757232666e-01
4.353029429912567139e-01 6.469834446907043457e-01
6.310946941375732422e-01 7.622625827789306641e-01
3.971227705478668213e-01 7.243717312812805176e-01
4.592065215110778809e-01 3.593994081020355225e-01
7.008201479911804199e-01 3.877644836902618408e-01
3.397443592548370361e-01 4.143640697002410889e-01
4.274248480796813965e-01 6.249476671218872070e-01
4.251971244812011719e-01 4.513738155364990234e-01
5.164952874183654785e-01 6.285281181335449219e-01
6.257834434509277344e-01 3.930280506610870361e-01
6.034856438636779785e-01 5.502094626426696777e-01
4.691444933414459229e-01 4.642736911773681641e-01
4.444135427474975586e-01 7.048903703689575195e-01
5.619083642959594727e-01 6.358105540275573730e-01
5.161114335060119629e-01 4.684036970138549805e-01
3.554925620555877686e-01 3.281399309635162354e-01
3.972465097904205322e-01 4.041830599308013916e-01
5.657527446746826172e-01 4.147216081619262695e-01
4.268013834953308105e-01 3.621397912502288818e-01
5.605348944664001465e-01 4.751675128936767578e-01
7.637221813201904297e-01 4.213657975196838379e-01
5.724567174911499023e-01 6.412668228149414062e-01
4.120305478572845459e-01 4.079126715660095215e-01
4.868039488792419434e-01 6.394749283790588379e-01
5.273004174232482910e-01 4.449059069156646729e-01
6.218727827072143555e-01 6.274233460426330566e-01
4.853517711162567139e-01 4.352728724479675293e-01
5.051369071006774902e-01 6.390312910079956055e-01
6.846898794174194336e-01 7.071006298065185547e-01
3.538202941417694092e-01 3.394089341163635254e-01
6.662971973419189453e-01 4.823863208293914795e-01
6.915158629417419434e-01 5.212982296943664551e-01
5.733305811882019043e-01 5.233043432235717773e-01
6.504830121994018555e-01 5.724143981933593750e-01
5.147807598114013672e-01 4.904642403125762939e-01
4.895893931388854980e-01 7.307587265968322754e-01
3.893193602561950684e-01 3.790864050388336182e-01
5.213708877563476562e-01 5.745032429695129395e-01
3.447365462779998779e-01 3.177374601364135742e-01
5.964974761009216309e-01 6.620810627937316895e-01
4.771248996257781982e-01 4.833641052246093750e-01
3.882116079330444336e-01 3.640257120132446289e-01
6.396136879920959473e-01 5.221955776214599609e-01
4.584888815879821777e-01 6.084626913070678711e-01
5.596480369567871094e-01 5.715360045433044434e-01
6.178762912750244141e-01 7.131764888763427734e-01
3.669009804725646973e-01 4.046144783496856689e-01
5.790128707885742188e-01 5.108563303947448730e-01
5.359363555908203125e-01 5.755946636199951172e-01
5.688742399215698242e-01 4.146675467491149902e-01
4.919131100177764893e-01 6.850011348724365234e-01
6.753030419349670410e-01 6.142508983612060547e-01
5.561116933822631836e-01 5.083416104316711426e-01
7.316163778305053711e-01 5.047888159751892090e-01
4.166118800640106201e-01 3.095877468585968018e-01
6.917210817337036133e-01 7.179343104362487793e-01
3.638457953929901123e-01 4.550940096378326416e-01
5.335632562637329102e-01 3.586491048336029053e-01
4.073663949966430664e-01 5.483505725860595703e-01
4.404403865337371826e-01 3.740403652191162109e-01
6.982977390289306641e-01 5.630993247032165527e-01
5.717676877975463867e-01 5.208133459091186523e-01
4.385326504707336426e-01 4.751581549644470215e-01
4.664114713668823242e-01 6.514536738395690918e-01
3.947892487049102783e-01 3.036909997463226318e-01
5.507124662399291992e-01 4.448630213737487793e-01
5.234007835388183594e-01 6.234943866729736328e-01
3.739517629146575928e-01 2.681559324264526367e-01
5.915804505348205566e-01 5.885378122329711914e-01
4.342347085475921631e-01 5.169236660003662109e-01
4.678212702274322510e-01 5.299029946327209473e-01
6.112373471260070801e-01 7.059170603752136230e-01
3.909811377525329590e-01 4.392065107822418213e-01
6.095769405364990234e-01 6.290712952613830566e-01
5.675334334373474121e-01 5.959665775299072266e-01
5.829667448997497559e-01 6.910822391510009766e-01
4.812117218971252441e-01 4.929115474224090576e-01
6.028688549995422363e-01 6.180940866470336914e-01
5.658227205276489258e-01 5.260227322578430176e-01
7.367451786994934082e-01 4.788204729557037354e-01
3.972357511520385742e-01 4.195209741592407227e-01
6.088851094245910645e-01 4.288266599178314209e-01
5.740619301795959473e-01 4.858064353466033936e-01
6.071554422378540039e-01 6.093577146530151367e-01
6.100534796714782715e-01 5.368523597717285156e-01
4.848661422729492188e-01 4.962284862995147705e-01
3.417821824550628662e-01 3.527779281139373779e-01
5.807695984840393066e-01 5.995044112205505371e-01
5.292063951492309570e-01 4.147151112556457520e-01
6.263251900672912598e-01 5.289391279220581055e-01
4.273438751697540283e-01 6.881907582283020020e-01
6.022011637687683105e-01 4.665973782539367676e-01
5.422148108482360840e-01 5.822153091430664062e-01
5.909656286239624023e-01 4.229084551334381104e-01
6.505421400070190430e-01 6.407916545867919922e-01
5.074374079704284668e-01 6.615067124366760254e-01
4.653044641017913818e-01 6.799597740173339844e-01
6.693460345268249512e-01 5.060995221138000488e-01
5.956367254257202148e-01 7.492992281913757324e-01
5.097944736480712891e-01 3.565139770507812500e-01
5.993530750274658203e-01 3.990586698055267334e-01
6.532483100891113281e-01 5.614840388298034668e-01
4.326545596122741699e-01 4.773764908313751221e-01
6.875079870223999023e-01 4.911766648292541504e-01
5.141032934188842773e-01 4.963942468166351318e-01
7.386346459388732910e-01 6.046957969665527344e-01
5.632463693618774414e-01 4.663186073303222656e-01
5.620287060737609863e-01 5.463482141494750977e-01
6.525083780288696289e-01 5.048571228981018066e-01
5.944119691848754883e-01 5.074206590652465820e-01
6.583398580551147461e-01 4.681699275970458984e-01
5.516752004623413086e-01 4.564716517925262451e-01
5.395470857620239258e-01 3.969269692897796631e-01
5.877048373222351074e-01 4.644011855125427246e-01
3.620892465114593506e-01 5.587092638015747070e-01
5.739340782165527344e-01 4.750431180000305176e-01
4.565612971782684326e-01 4.824307262897491455e-01
4.921314418315887451e-01 4.476202130317687988e-01
4.900144934654235840e-01 5.138993859291076660e-01
6.775686740875244141e-01 4.119262695312500000e-01
3.979469537734985352e-01 3.845251798629760742e-01
4.259172379970550537e-01 3.921060562133789062e-01
6.460964083671569824e-01 6.847275495529174805e-01
7.258517742156982422e-01 4.038800895214080811e-01
5.157948732376098633e-01 5.612407922744750977e-01
7.787660360336303711e-01 5.138883590698242188e-01
5.105464458465576172e-01 5.043274164199829102e-01
4.191831946372985840e-01 6.132172942161560059e-01
4.192539453506469727e-01 3.826437294483184814e-01
4.298664927482604980e-01 3.152198493480682373e-01
5.051354169845581055e-01 5.548962950706481934e-01
6.337097287178039551e-01 5.069559216499328613e-01
5.639607906341552734e-01 4.284808933734893799e-01
7.065911889076232910e-01 5.159103274345397949e-01
4.967197775840759277e-01 6.878118515014648438e-01
6.764772534370422363e-01 6.438832283020019531e-01
5.639660358428955078e-01 5.958513021469116211e-01
5.171622633934020996e-01 3.862898945808410645e-01
4.899311661720275879e-01 3.970240950584411621e-01
5.792344808578491211e-01 4.248386025428771973e-01
6.567601561546325684e-01 8.092591166496276855e-01
3.734109401702880859e-01 5.185379981994628906e-01
7.481343746185302734e-01 6.406359672546386719e-01
3.721494078636169434e-01 2.874051332473754883e-01
3.999304771423339844e-01 3.567542731761932373e-01
6.472018957138061523e-01 6.368517279624938965e-01
4.502864181995391846e-01 5.905370712280273438e-01
6.612881422042846680e-01 6.942209601402282715e-01
4.919647574424743652e-01 5.510727763175964355e-01
5.623240470886230469e-01 7.488628029823303223e-01
5.077380537986755371e-01 5.918104052543640137e-01
5.477673411369323730e-01 4.257919192314147949e-01
5.770345330238342285e-01 4.700348675251007080e-01
7.287430763244628906e-01 5.592025518417358398e-01
4.837228953838348389e-01 5.209785699844360352e-01
6.542541384696960449e-01 5.947706103324890137e-01
5.801908373832702637e-01 5.352609753608703613e-01
5.031790733337402344e-01 5.731801986694335938e-01
4.708344340324401855e-01 5.165234804153442383e-01
5.829151272773742676e-01 4.652402997016906738e-01
4.758219718933105469e-01 4.666489958763122559e-01
6.677470803260803223e-01 5.817377567291259766e-01
3.974344134330749512e-01 4.646401703357696533e-01
5.342608690261840820e-01 4.337919950485229492e-01
4.650314152240753174e-01 5.790776610374450684e-01
6.061645746231079102e-01 4.981398880481719971e-01
4.087018966674804688e-01 4.507410526275634766e-01
3.627696931362152100e-01 4.733358919620513916e-01
5.518248081207275391e-01 5.909869670867919922e-01
3.514086306095123291e-01 3.050020635128021240e-01
5.089889168739318848e-01 3.571833074092864990e-01
4.911496639251708984e-01 3.434166610240936279e-01
5.307992696762084961e-01 4.698534309864044189e-01
6.130492687225341797e-01 5.169271230697631836e-01
4.454650878906250000e-01 4.881008267402648926e-01
6.150991320610046387e-01 5.700826048851013184e-01
5.486804842948913574e-01 4.931089282035827637e-01
5.132350325584411621e-01 5.930940508842468262e-01
5.095048546791076660e-01 5.381327867507934570e-01
4.606334865093231201e-01 6.793229579925537109e-01
4.939482510089874268e-01 7.185460329055786133e-01
6.055999398231506348e-01 5.396204590797424316e-01
6.250538825988769531e-01 5.882173776626586914e-01
5.305620431900024414e-01 3.610737621784210205e-01
6.183893680572509766e-01 5.601267814636230469e-01
4.845569133758544922e-01 5.970377326011657715e-01
6.829845309257507324e-01 5.332530736923217773e-01
6.885933279991149902e-01 5.993826985359191895e-01
4.961006939411163330e-01 4.965557754039764404e-01
5.538985133171081543e-01 5.684047341346740723e-01
5.510007739067077637e-01 4.608865380287170410e-01
7.481479048728942871e-01 4.202698469161987305e-01
5.516327619552612305e-01 4.542924463748931885e-01
4.709680378437042236e-01 5.519040822982788086e-01
4.869703650474548340e-01 3.842507600784301758e-01
5.792192816734313965e-01 5.420360565185546875e-01
4.211208522319793701e-01 6.695724129676818848e-01
5.728251934051513672e-01 4.265823364257812500e-01
5.067561268806457520e-01 4.245880842208862305e-01
5.345732569694519043e-01 4.311298131942749023e-01
4.211391210556030273e-01 5.653246641159057617e-01
5.511811375617980957e-01 4.657340347766876221e-01
4.099938571453094482e-01 3.578868210315704346e-01
4.643751084804534912e-01 3.604673147201538086e-01
6.220561265945434570e-01 5.782808065414428711e-01
4.815228581428527832e-01 5.200909376144409180e-01
6.478062272071838379e-01 4.771167933940887451e-01
3.851398527622222900e-01 5.136762261390686035e-01
4.083063602447509766e-01 3.827972114086151123e-01
6.918703317642211914e-01 4.143813550472259521e-01
5.896826386451721191e-01 6.216894984245300293e-01
4.224397838115692139e-01 3.546090126037597656e-01
7.393063306808471680e-01 5.797005891799926758e-01
6.674218177795410156e-01 4.456156194210052490e-01
4.182654917240142822e-01 4.641293883323669434e-01
6.436943411827087402e-01 8.314807415008544922e-01
4.491712152957916260e-01 6.430105566978454590e-01
5.580934882164001465e-01 4.020540714263916016e-01
4.288987815380096436e-01 4.198901355266571045e-01
4.284629225730895996e-01 5.738964676856994629e-01
5.632640719413757324e-01 4.824954569339752197e-01
5.628906488418579102e-01 4.530936181545257568e-01
5.178449153900146484e-01 4.808335900306701660e-01
3.862183094024658203e-01 3.966875672340393066e-01
4.436751902103424072e-01 4.873339533805847168e-01
5.262331962585449219e-01 5.007876157760620117e-01
5.955182313919067383e-01 7.470362782478332520e-01
4.900040030479431152e-01 3.655738532543182373e-01
5.886524319648742676e-01 6.113535165786743164e-01
6.938366293907165527e-01 5.518428087234497070e-01
4.129532575607299805e-01 4.218755960464477539e-01
5.917124152183532715e-01 5.283981561660766602e-01
5.790308713912963867e-01 7.795126438140869141e-01
5.177195072174072266e-01 7.284129858016967773e-01
4.323597848415374756e-01 4.401607215404510498e-01
5.610048770904541016e-01 5.857202410697937012e-01
5.401130318641662598e-01 4.756863713264465332e-01
4.608564078807830811e-01 3.794162869453430176e-01
6.135715842247009277e-01 5.056090354919433594e-01
4.993731677532196045e-01 4.985130131244659424e-01
5.266767740249633789e-01 5.636393427848815918e-01
5.692616701126098633e-01 4.258867800235748291e-01
5.230216979980468750e-01 7.213186025619506836e-01
4.521027505397796631e-01 3.351531624794006348e-01
5.633263587951660156e-01 4.788218438625335693e-01
5.599516034126281738e-01 4.186137616634368896e-01
6.132572293281555176e-01 6.237809062004089355e-01
4.142346978187561035e-01 5.024024844169616699e-01
4.830583930015563965e-01 3.229081630706787109e-01
5.495567917823791504e-01 4.080480635166168213e-01
5.055596232414245605e-01 7.540151476860046387e-01
5.764063596725463867e-01 5.102046728134155273e-01
7.905170917510986328e-01 5.845425128936767578e-01
6.233793497085571289e-01 6.104341745376586914e-01
3.817509710788726807e-01 3.200452029705047607e-01
6.222423911094665527e-01 4.147340953350067139e-01
4.787836670875549316e-01 4.822677373886108398e-01
5.369358658790588379e-01 4.075804352760314941e-01
5.533226728439331055e-01 6.752994656562805176e-01
3.430323898792266846e-01 4.392069280147552490e-01
6.745359897613525391e-01 5.166368484497070312e-01
5.677630305290222168e-01 5.306747555732727051e-01
5.043843388557434082e-01 5.090152025222778320e-01
7.120196223258972168e-01 5.988192558288574219e-01
3.677696585655212402e-01 4.049268662929534912e-01
5.749569535255432129e-01 5.931837558746337891e-01
5.099455118179321289e-01 4.927169680595397949e-01
4.571070075035095215e-01 5.928495526313781738e-01
6.133032441139221191e-01 4.501832425594329834e-01
3.807144463062286377e-01 3.695912063121795654e-01
4.863289594650268555e-01 5.721457600593566895e-01
5.668253898620605469e-01 4.449056684970855713e-01
5.403568744659423828e-01 4.684518873691558838e-01
6.237540841102600098e-01 4.107302129268646240e-01
5.951136350631713867e-01 7.518734335899353027e-01
6.721710562705993652e-01 4.200143516063690186e-01
6.317017078399658203e-01 4.528150260448455811e-01
5.706627368927001953e-01 6.000061631202697754e-01
4.523984789848327637e-01 4.205642342567443848e-01
6.487302780151367188e-01 5.229066014289855957e-01
7.140122652053833008e-01 4.245892167091369629e-01
4.318218529224395752e-01 6.840587854385375977e-01
5.566394329071044922e-01 4.816812872886657715e-01
6.972828507423400879e-01 5.406635403633117676e-01
5.553352832794189453e-01 5.074541568756103516e-01
5.747715234756469727e-01 4.896396696567535400e-01
6.895158290863037109e-01 3.885860741138458252e-01
4.751706719398498535e-01 5.480999946594238281e-01
5.712281465530395508e-01 5.374596118927001953e-01
4.918736219406127930e-01 3.673885762691497803e-01
6.416965723037719727e-01 4.947941005229949951e-01
4.988165795803070068e-01 3.688221275806427002e-01
6.097660064697265625e-01 4.260671138763427734e-01
6.867106556892395020e-01 5.668827295303344727e-01
4.027484655380249023e-01 6.064811944961547852e-01
7.046977281570434570e-01 5.808446407318115234e-01
5.615494251251220703e-01 7.109637260437011719e-01
6.848882436752319336e-01 3.693970441818237305e-01
4.811138808727264404e-01 6.077352166175842285e-01
6.424083709716796875e-01 3.809012472629547119e-01
6.695877313613891602e-01 5.648665428161621094e-01
5.314897894859313965e-01 3.674277067184448242e-01
6.136196255683898926e-01 5.090525746345520020e-01
4.090556800365447998e-01 3.533676266670227051e-01
5.842356085777282715e-01 4.542879462242126465e-01
5.313885807991027832e-01 4.842258989810943604e-01
4.689205884933471680e-01 5.068262219429016113e-01
7.143624424934387207e-01 5.557232499122619629e-01
3.954307734966278076e-01 6.484436988830566406e-01
6.160717606544494629e-01 5.895583629608154297e-01
4.895171523094177246e-01 6.130265593528747559e-01
4.529852569103240967e-01 5.105345249176025391e-01
5.322817564010620117e-01 4.101772606372833252e-01
5.577441453933715820e-01 5.094874501228332520e-01
4.256321787834167480e-01 6.467798948287963867e-01
5.419467687606811523e-01 4.035097658634185791e-01
6.154313087463378906e-01 5.418297052383422852e-01
5.518808960914611816e-01 5.484951734542846680e-01
4.872370958328247070e-01 5.013458132743835449e-01
6.893095374107360840e-01 7.197113633155822754e-01
4.954547584056854248e-01 3.815655410289764404e-01
3.840906918048858643e-01 3.375812172889709473e-01
6.331840157508850098e-01 5.970228314399719238e-01
6.989265084266662598e-01 5.589709281921386719e-01
6.186439990997314453e-01 5.476465821266174316e-01
6.357864737510681152e-01 4.360883235931396484e-01
5.671529769897460938e-01 4.801088571548461914e-01
3.576562404632568359e-01 5.891510844230651855e-01
6.853806972503662109e-01 7.121169567108154297e-01
6.598458886146545410e-01 6.029640436172485352e-01
6.732663512229919434e-01 5.365759134292602539e-01
6.516445875167846680e-01 6.116255521774291992e-01
5.080453157424926758e-01 4.519937038421630859e-01
5.079005956649780273e-01 7.007719278335571289e-01
3.607780635356903076e-01 3.536813855171203613e-01
4.686621725559234619e-01 4.013736546039581299e-01
3.819697201251983643e-01 3.829996883869171143e-01
5.635261535644531250e-01 4.167210459709167480e-01
5.142248868942260742e-01 5.339430570602416992e-01
3.537659049034118652e-01 3.918102383613586426e-01
5.698047280311584473e-01 4.468618333339691162e-01
5.965837240219116211e-01 7.125964164733886719e-01
4.414412677288055420e-01 5.510554909706115723e-01
4.437107443809509277e-01 4.573096632957458496e-01
5.292292833328247070e-01 4.490054249763488770e-01
7.483544945716857910e-01 4.763299822807312012e-01
6.421371698379516602e-01 5.350383520126342773e-01
5.415588617324829102e-01 4.546144902706146240e-01
5.109737515449523926e-01 6.322531104087829590e-01
6.085713505744934082e-01 5.831812024116516113e-01
4.248510003089904785e-01 4.893957674503326416e-01
6.089347004890441895e-01 3.975234627723693848e-01
5.799528360366821289e-01 5.798768997192382812e-01
6.317886114120483398e-01 5.292557477951049805e-01
4.035699069499969482e-01 2.704105675220489502e-01
6.689038276672363281e-01 4.750922322273254395e-01
6.126765608787536621e-01 4.051953256130218506e-01
6.857384443283081055e-01 7.381578683853149414e-01
6.868183016777038574e-01 4.590752124786376953e-01
6.008557081222534180e-01 4.951891005039215088e-01
5.517916679382324219e-01 4.734153151512145996e-01
5.762517452239990234e-01 6.175082325935363770e-01
5.541098117828369141e-01 5.844587683677673340e-01
7.161264419555664062e-01 5.682272315025329590e-01
6.010312438011169434e-01 4.746903181076049805e-01
5.452519059181213379e-01 4.825069904327392578e-01
6.888038516044616699e-01 5.498694777488708496e-01
5.896625518798828125e-01 6.829463839530944824e-01
5.555197000503540039e-01 4.766271710395812988e-01
6.068731546401977539e-01 6.589227318763732910e-01
5.824331045150756836e-01 5.843986868858337402e-01
6.272098422050476074e-01 8.090250492095947266e-01
4.881178438663482666e-01 5.125019550323486328e-01
5.113700032234191895e-01 5.719621777534484863e-01
6.000719070434570312e-01 7.288616895675659180e-01
5.330263376235961914e-01 5.212325453758239746e-01
5.414127111434936523e-01 7.983671426773071289e-01
4.685873091220855713e-01 4.803295135498046875e-01
5.818679928779602051e-01 3.798990845680236816e-01
6.950354576110839844e-01 4.657885432243347168e-01
4.195439219474792480e-01 5.049202442169189453e-01
4.970884025096893311e-01 5.180020332336425781e-01
5.177694559097290039e-01 4.126200675964355469e-01
4.491151571273803711e-01 5.028848648071289062e-01
4.109636545181274414e-01 5.343917012214660645e-01
4.984264075756072998e-01 4.876110255718231201e-01
6.038519144058227539e-01 5.014610290527343750e-01
4.668746888637542725e-01 3.351421058177947998e-01
6.246591210365295410e-01 4.108803868293762207e-01
5.589707493782043457e-01 5.171037912368774414e-01
3.681937158107757568e-01 6.754844784736633301e-01
3.818583190441131592e-01 4.772151112556457520e-01
5.003654360771179199e-01 4.514201581478118896e-01
5.410393476486206055e-01 4.772079885005950928e-01
6.736819744110107422e-01 5.583962202072143555e-01
4.681371152400970459e-01 4.495196938514709473e-01
4.909478724002838135e-01 5.642663240432739258e-01
5.028154253959655762e-01 5.638025403022766113e-01
6.838319301605224609e-01 6.725304722785949707e-01
6.099501252174377441e-01 4.534260332584381104e-01
5.428178906440734863e-01 4.985629916191101074e-01
3.802495598793029785e-01 3.133318722248077393e-01
5.721657276153564453e-01 5.664794445037841797e-01
5.545288324356079102e-01 4.648994505405426025e-01
5.925439596176147461e-01 6.533674597740173340e-01
6.321016550064086914e-01 4.969742000102996826e-01
7.109206914901733398e-01 4.182969033718109131e-01
6.954801082611083984e-01 6.053313612937927246e-01
4.687386155128479004e-01 6.233115196228027344e-01
5.769302248954772949e-01 5.705031156539916992e-01
4.500670433044433594e-01 4.533869624137878418e-01
7.022795677185058594e-01 5.751960873603820801e-01
4.620589017868041992e-01 4.492091238498687744e-01
4.721154868602752686e-01 4.077774882316589355e-01
5.032441616058349609e-01 4.937319755554199219e-01
5.283250808715820312e-01 5.195420384407043457e-01
5.125205516815185547e-01 4.565809071063995361e-01
5.869600772857666016e-01 5.718134641647338867e-01
5.607459545135498047e-01 3.696436285972595215e-01
6.352875232696533203e-01 6.214043498039245605e-01
5.639922618865966797e-01 5.044039487838745117e-01
6.061583757400512695e-01 4.842045009136199951e-01
5.791129469871520996e-01 4.159693717956542969e-01
5.918170809745788574e-01 4.806788861751556396e-01
7.320269942283630371e-01 4.948261678218841553e-01
5.703990459442138672e-01 4.082593619823455811e-01
6.107218265533447266e-01 5.140779614448547363e-01
6.561311483383178711e-01 4.516198337078094482e-01
4.797515273094177246e-01 6.349408030509948730e-01
6.419937014579772949e-01 4.648466110229492188e-01
5.490962266921997070e-01 4.279343783855438232e-01
5.431591272354125977e-01 5.913465619087219238e-01
7.392855286598205566e-01 6.126137971878051758e-01
5.183047652244567871e-01 3.774099349975585938e-01
4.737674295902252197e-01 5.440091490745544434e-01
4.407121241092681885e-01 4.600386917591094971e-01
6.701649427413940430e-01 7.328987717628479004e-01
6.407222151756286621e-01 7.732023596763610840e-01
5.824463367462158203e-01 5.667223334312438965e-01
5.387081503868103027e-01 6.148577928543090820e-01
6.035183072090148926e-01 6.098517179489135742e-01
6.706435084342956543e-01 4.207006692886352539e-01
7.259482741355895996e-01 3.714448809623718262e-01
6.620419621467590332e-01 4.828371107578277588e-01
5.780143737792968750e-01 5.734083652496337891e-01
6.276987195014953613e-01 6.109343767166137695e-01
6.152530908584594727e-01 5.971913933753967285e-01
5.473082661628723145e-01 7.108158469200134277e-01
5.336861014366149902e-01 5.452752113342285156e-01
7.078884840011596680e-01 5.240792036056518555e-01
5.900457501411437988e-01 5.202664732933044434e-01
4.794562757015228271e-01 5.579075813293457031e-01
6.380752921104431152e-01 5.627449154853820801e-01
4.805879294872283936e-01 6.603996753692626953e-01
7.706043720245361328e-01 4.849582016468048096e-01
6.441601514816284180e-01 5.831536054611206055e-01
6.713107228279113770e-01 4.056411981582641602e-01
4.744242727756500244e-01 4.208594262599945068e-01
6.454192996025085449e-01 4.011055529117584229e-01
6.233887672424316406e-01 5.412929654121398926e-01
6.452445983886718750e-01 5.104091167449951172e-01
6.316511631011962891e-01 4.929879009723663330e-01
6.919495463371276855e-01 6.194065213203430176e-01
3.729154765605926514e-01 6.741449236869812012e-01
7.186138033866882324e-01 6.643835902214050293e-01
5.480749607086181641e-01 5.139251947402954102e-01
6.222146749496459961e-01 6.419854164123535156e-01
5.308656692504882812e-01 3.894777297973632812e-01
5.422813892364501953e-01 5.974736809730529785e-01
3.944009244441986084e-01 4.428963065147399902e-01
6.537185311317443848e-01 5.900752544403076172e-01
5.116605758666992188e-01 3.931787312030792236e-01
4.356729388236999512e-01 4.380610287189483643e-01
5.599043369293212891e-01 5.525553822517395020e-01
5.879893302917480469e-01 4.101974368095397949e-01
6.760882139205932617e-01 3.754354715347290039e-01
3.642622530460357666e-01 3.611046373844146729e-01
5.332412719726562500e-01 4.170427918434143066e-01
6.320037245750427246e-01 5.020756125450134277e-01
6.906513571739196777e-01 6.414029002189636230e-01
4.925752580165863037e-01 4.028835892677307129e-01
3.914724588394165039e-01 5.552838444709777832e-01
7.613087892532348633e-01 6.425396203994750977e-01
6.540679931640625000e-01 7.303937077522277832e-01
5.089227557182312012e-01 5.242029428482055664e-01
6.018869280815124512e-01 4.794471561908721924e-01
5.339097976684570312e-01 5.491129755973815918e-01
6.039004921913146973e-01 4.489741623401641846e-01
4.645939171314239502e-01 4.569445550441741943e-01
5.863698720932006836e-01 4.790382385253906250e-01
5.081549286842346191e-01 5.681117773056030273e-01
6.929709911346435547e-01 5.031582117080688477e-01
4.474371373653411865e-01 3.566429913043975830e-01
4.164340496063232422e-01 4.618621766567230225e-01
6.572102308273315430e-01 5.560103058815002441e-01
7.387156486511230469e-01 6.916031837463378906e-01
7.085499167442321777e-01 5.088987946510314941e-01
6.938472986221313477e-01 7.569496035575866699e-01
7.005552053451538086e-01 4.075347483158111572e-01
4.063470959663391113e-01 4.089108705520629883e-01
6.535282731056213379e-01 6.003296971321105957e-01
4.785770177841186523e-01 4.287320077419281006e-01
4.775130152702331543e-01 7.713118791580200195e-01
6.289236545562744141e-01 4.401606619358062744e-01
4.359118044376373291e-01 3.038648962974548340e-01
4.628592729568481445e-01 5.147604942321777344e-01
3.507911264896392822e-01 2.543423175811767578e-01
4.534607827663421631e-01 4.367207884788513184e-01
5.093036293983459473e-01 5.045419931411743164e-01
5.545903444290161133e-01 4.750422835350036621e-01
6.429172158241271973e-01 6.310554146766662598e-01
4.542946219444274902e-01 4.208700954914093018e-01
5.745552182197570801e-01 6.472671031951904297e-01
6.043336987495422363e-01 3.890548348426818848e-01
5.163388848304748535e-01 4.845312535762786865e-01
4.290451109409332275e-01 5.864958763122558594e-01
5.360325574874877930e-01 6.070113778114318848e-01
6.765826344490051270e-01 3.961235880851745605e-01
5.617849826812744141e-01 4.830425083637237549e-01
5.238507390022277832e-01 4.519350230693817139e-01
5.704498887062072754e-01 4.897409975528717041e-01
5.714488625526428223e-01 5.757187008857727051e-01
4.096363782882690430e-01 4.806966185569763184e-01
6.083123683929443359e-01 4.961371421813964844e-01
4.879811704158782959e-01 4.812580943107604980e-01
4.893766045570373535e-01 5.271368026733398438e-01
6.047232747077941895e-01 5.770653486251831055e-01
4.581817984580993652e-01 4.010591804981231689e-01
6.094970703125000000e-01 8.498014807701110840e-01
6.395657062530517578e-01 4.983262717723846436e-01
4.679172635078430176e-01 4.013781845569610596e-01
6.158469319343566895e-01 6.244710087776184082e-01
6.171101927757263184e-01 6.181650757789611816e-01
3.986740410327911377e-01 3.353954255580902100e-01
4.670744240283966064e-01 4.786162078380584717e-01
4.707554578781127930e-01 4.168209135532379150e-01
5.133441686630249023e-01 6.305899620056152344e-01
7.248909473419189453e-01 6.658018827438354492e-01
6.107425093650817871e-01 6.372790932655334473e-01
4.058874845504760742e-01 6.345772147178649902e-01
5.475252270698547363e-01 5.106790065765380859e-01
6.329284310340881348e-01 6.251184940338134766e-01
4.181575775146484375e-01 3.902742564678192139e-01
5.410487055778503418e-01 4.268745183944702148e-01
4.220188558101654053e-01 4.226941168308258057e-01
5.674465894699096680e-01 5.857828259468078613e-01
6.862116456031799316e-01 5.388078689575195312e-01
5.740765333175659180e-01 8.199735283851623535e-01
3.823755383491516113e-01 6.085233688354492188e-01
6.124898791313171387e-01 5.024731755256652832e-01
5.785054564476013184e-01 3.890241682529449463e-01
6.933042407035827637e-01 4.975875616073608398e-01
4.753306508064270020e-01 4.586419165134429932e-01
4.926857650279998779e-01 5.092016458511352539e-01
6.293631196022033691e-01 5.487870573997497559e-01
7.359063029289245605e-01 4.888916313648223877e-01
4.797978699207305908e-01 4.363333582878112793e-01
5.772815942764282227e-01 5.724323987960815430e-01
6.602632403373718262e-01 7.061321735382080078e-01
6.029262542724609375e-01 4.784092605113983154e-01
6.301807761192321777e-01 6.488304734230041504e-01
7.786540389060974121e-01 5.135394334793090820e-01
4.742816984653472900e-01 5.972778797149658203e-01
4.537516236305236816e-01 3.282456994056701660e-01
4.322887063026428223e-01 4.585610330104827881e-01
6.470282673835754395e-01 5.436979532241821289e-01
4.707463979721069336e-01 7.023681402206420898e-01
7.151421308517456055e-01 6.773878335952758789e-01
4.832138717174530029e-01 5.580629110336303711e-01
6.387200951576232910e-01 4.101398885250091553e-01
6.435876488685607910e-01 4.568717181682586670e-01
6.140621304512023926e-01 5.101393461227416992e-01
4.278255701065063477e-01 3.214695155620574951e-01
7.691293358802795410e-01 4.926957488059997559e-01
4.687676727771759033e-01 4.037771821022033691e-01
6.096336841583251953e-01 7.362422943115234375e-01
5.559925436973571777e-01 4.563362300395965576e-01
4.273301661014556885e-01 5.582621693611145020e-01
6.711051464080810547e-01 4.937482476234436035e-01
6.360769867897033691e-01 5.233678221702575684e-01
5.752239823341369629e-01 7.969049811363220215e-01
6.933004260063171387e-01 4.608284831047058105e-01
6.066326498985290527e-01 5.231583714485168457e-01
4.427945911884307861e-01 3.828856647014617920e-01
6.483749747276306152e-01 6.255722045898437500e-01
5.519756078720092773e-01 6.766514778137207031e-01
6.384409666061401367e-01 4.320311844348907471e-01
6.711326241493225098e-01 6.718649864196777344e-01
6.015583276748657227e-01 4.701733887195587158e-01
6.417295336723327637e-01 4.975483119487762451e-01
5.120334029197692871e-01 5.109195113182067871e-01
5.337616205215454102e-01 4.825248420238494873e-01
4.896335899829864502e-01 5.894889235496520996e-01
6.746692061424255371e-01 7.096926569938659668e-01
3.997082412242889404e-01 3.590544760227203369e-01
5.992582440376281738e-01 5.045562982559204102e-01
5.425915718078613281e-01 3.493925929069519043e-01
5.991210937500000000e-01 5.387989878654479980e-01
4.303206205368041992e-01 6.654578447341918945e-01
5.051432847976684570e-01 5.758082270622253418e-01
5.015616416931152344e-01 5.073716640472412109e-01
5.229195952415466309e-01 7.843159437179565430e-01
4.868143200874328613e-01 5.004649162292480469e-01
6.623623371124267578e-01 3.971838951110839844e-01
5.488716959953308105e-01 5.988969802856445312e-01
7.436156272888183594e-01 5.958538055419921875e-01
5.876971483230590820e-01 5.479354858398437500e-01
6.481975913047790527e-01 5.706323981285095215e-01
5.247405171394348145e-01 3.956775665283203125e-01
6.239422559738159180e-01 4.110428690910339355e-01
4.925784766674041748e-01 6.123362779617309570e-01
7.054575681686401367e-01 4.863701164722442627e-01
6.079216003417968750e-01 8.102132081985473633e-01
6.605436205863952637e-01 4.661194086074829102e-01
6.054295897483825684e-01 6.303896903991699219e-01
6.727101206779479980e-01 6.423864960670471191e-01
5.208910703659057617e-01 4.554015696048736572e-01
6.387150287628173828e-01 5.756660103797912598e-01
4.980603158473968506e-01 3.734558522701263428e-01
7.163281440734863281e-01 6.193148493766784668e-01
4.319389462471008301e-01 3.917585611343383789e-01
6.715081334114074707e-01 6.017584800720214844e-01
6.583182215690612793e-01 5.119228363037109375e-01
4.914344847202301025e-01 7.502479553222656250e-01
5.988805294036865234e-01 4.181134998798370361e-01
5.048350095748901367e-01 6.949717402458190918e-01
5.353094339370727539e-01 3.770502805709838867e-01
4.951097965240478516e-01 3.206808865070343018e-01
6.765106320381164551e-01 5.052278637886047363e-01
6.259040832519531250e-01 6.255154013633728027e-01
4.625215232372283936e-01 3.981584012508392334e-01
5.181056261062622070e-01 5.986058712005615234e-01
5.678042173385620117e-01 7.579768896102905273e-01
6.088516116142272949e-01 5.534781813621520996e-01
7.045364975929260254e-01 5.597535967826843262e-01
7.265693545341491699e-01 3.788253664970397949e-01
6.950609683990478516e-01 5.044878125190734863e-01
5.157381892204284668e-01 3.493273854255676270e-01
5.912622809410095215e-01 4.658897519111633301e-01
6.877047419548034668e-01 5.667432546615600586e-01
5.930693149566650391e-01 4.976588189601898193e-01
3.960534334182739258e-01 3.409044444561004639e-01
4.718807637691497803e-01 4.435454308986663818e-01
4.191812574863433838e-01 6.925945878028869629e-01
7.378855943679809570e-01 5.640575885772705078e-01
6.143003702163696289e-01 4.987872540950775146e-01
5.965677499771118164e-01 5.269350409507751465e-01
5.454297065734863281e-01 4.205896854400634766e-01
4.766853451728820801e-01 5.903967022895812988e-01
4.538667798042297363e-01 4.129274785518646240e-01
7.567424178123474121e-01 6.043058037757873535e-01
6.840297579765319824e-01 4.289763867855072021e-01
6.366422176361083984e-01 4.853870272636413574e-01
5.462965369224548340e-01 4.011226296424865723e-01
5.151492953300476074e-01 3.717546761035919189e-01
5.726107954978942871e-01 6.843713521957397461e-01
3.505805730819702148e-01 6.475640535354614258e-01
5.115115046501159668e-01 5.631138682365417480e-01
5.321658849716186523e-01 6.610156893730163574e-01
4.501526653766632080e-01 5.227462649345397949e-01
4.188928604125976562e-01 2.762622535228729248e-01
6.786990165710449219e-01 3.869182169437408447e-01
7.362232804298400879e-01 5.254072546958923340e-01
4.127042591571807861e-01 4.863249659538269043e-01
4.898149073123931885e-01 3.314816057682037354e-01
6.005787253379821777e-01 4.227263927459716797e-01
4.762379825115203857e-01 4.497449696063995361e-01
5.803954005241394043e-01 4.925360679626464844e-01
7.242572307586669922e-01 4.706144332885742188e-01
6.154628396034240723e-01 5.354241132736206055e-01
7.622341513633728027e-01 5.413064360618591309e-01
6.348537802696228027e-01 5.898806452751159668e-01
6.250321865081787109e-01 5.872126817703247070e-01
6.634290218353271484e-01 6.470484733581542969e-01
6.040710806846618652e-01 5.740115046501159668e-01
5.051491856575012207e-01 6.106624007225036621e-01
6.337231993675231934e-01 4.928717315196990967e-01
4.918540418148040771e-01 7.031134366989135742e-01
5.294430851936340332e-01 4.431881904602050781e-01
7.503426671028137207e-01 3.909263610839843750e-01
5.529664754867553711e-01 6.402371525764465332e-01
7.055025100708007812e-01 5.289103388786315918e-01
4.714082777500152588e-01 5.545321106910705566e-01
5.164678692817687988e-01 3.718363344669342041e-01
3.955654501914978027e-01 4.097082316875457764e-01
6.844727993011474609e-01 8.010962009429931641e-01
4.982640743255615234e-01 3.484529852867126465e-01
5.067567825317382812e-01 5.175700187683105469e-01
5.104802250862121582e-01 6.192701458930969238e-01
4.801574647426605225e-01 4.878001809120178223e-01
5.924800634384155273e-01 3.707770705223083496e-01
5.874581336975097656e-01 4.826141297817230225e-01
4.999903440475463867e-01 4.615342915058135986e-01
6.185334920883178711e-01 7.265139222145080566e-01
7.114903926849365234e-01 5.743229985237121582e-01
5.158244371414184570e-01 6.881146430969238281e-01
6.932807564735412598e-01 4.501672983169555664e-01
4.859552085399627686e-01 6.240289211273193359e-01
5.928707122802734375e-01 7.209143638610839844e-01
5.066318511962890625e-01 6.641937494277954102e-01
6.526740193367004395e-01 6.464920043945312500e-01
5.486946702003479004e-01 4.199925363063812256e-01
5.459034442901611328e-01 3.619864583015441895e-01
6.187462806701660156e-01 5.917527079582214355e-01
7.440550327301025391e-01 5.030247569084167480e-01
6.337908506393432617e-01 6.472814083099365234e-01
4.352518320083618164e-01 3.235219419002532959e-01
5.687136054039001465e-01 4.128325879573822021e-01
3.876055181026458740e-01 5.045313835144042969e-01
6.673921346664428711e-01 6.986895203590393066e-01
4.412865936756134033e-01 3.757112920284271240e-01
6.007900238037109375e-01 4.673908948898315430e-01
6.067162752151489258e-01 7.423012852668762207e-01
7.274663448333740234e-01 5.354461073875427246e-01
5.517682433128356934e-01 5.881867408752441406e-01
6.322395205497741699e-01 4.972703754901885986e-01
7.343401312828063965e-01 6.747513413429260254e-01
4.228082299232482910e-01 4.244883656501770020e-01
6.024032831192016602e-01 8.349038362503051758e-01
6.535407900810241699e-01 4.997461140155792236e-01
6.213150620460510254e-01 7.845156788825988770e-01
5.626976490020751953e-01 3.772781789302825928e-01
5.192821621894836426e-01 3.744115233421325684e-01
7.325663566589355469e-01 4.253179728984832764e-01
6.395281553268432617e-01 6.367987394332885742e-01
4.743252992630004883e-01 5.660862922668457031e-01
4.787400364875793457e-01 3.840812146663665771e-01
5.676289200782775879e-01 3.583955466747283936e-01
5.509021878242492676e-01 7.160378098487854004e-01
6.171821951866149902e-01 6.187615990638732910e-01
5.630105137825012207e-01 5.280014276504516602e-01
5.523337125778198242e-01 4.316967725753784180e-01
5.425553917884826660e-01 5.217164158821105957e-01
4.168859124183654785e-01 4.981126785278320312e-01
6.967370510101318359e-01 5.471584200859069824e-01
4.232150912284851074e-01 5.498263835906982422e-01
4.467537105083465576e-01 4.381363689899444580e-01
5.154664516448974609e-01 5.818994045257568359e-01
6.129125356674194336e-01 4.560776352882385254e-01
4.301674365997314453e-01 4.698006808757781982e-01
5.207506418228149414e-01 5.276961922645568848e-01
5.927841663360595703e-01 4.682720899581909180e-01
3.656762838363647461e-01 3.720923364162445068e-01
7.154399752616882324e-01 3.947657048702239990e-01
5.779944062232971191e-01 7.193741798400878906e-01
4.925481677055358887e-01 4.105608165264129639e-01
5.086662173271179199e-01 3.965837061405181885e-01
7.183291316032409668e-01 6.458296775817871094e-01
4.685610234737396240e-01 4.361310601234436035e-01
4.719955325126647949e-01 6.014580130577087402e-01
4.487185478210449219e-01 7.002210021018981934e-01
5.738959312438964844e-01 5.565919876098632812e-01
4.986971318721771240e-01 5.455242395401000977e-01
4.936341643333435059e-01 4.471769928932189941e-01
4.992017745971679688e-01 5.464748144149780273e-01
6.006659865379333496e-01 5.880144834518432617e-01
5.380468368530273438e-01 6.139143109321594238e-01
5.870417952537536621e-01 3.853800594806671143e-01
6.956981420516967773e-01 4.034245312213897705e-01
5.361510515213012695e-01 5.832993388175964355e-01
6.089804768562316895e-01 5.693310499191284180e-01
7.595429420471191406e-01 6.503807306289672852e-01
5.192758440971374512e-01 7.800891399383544922e-01
4.711553156375885010e-01 6.038482785224914551e-01
6.179911494255065918e-01 5.857075452804565430e-01
5.214587450027465820e-01 7.594768404960632324e-01
5.873740911483764648e-01 4.868225455284118652e-01
4.862520694732666016e-01 5.147531628608703613e-01
7.928103804588317871e-01 6.729359626770019531e-01
6.603578329086303711e-01 7.269501090049743652e-01
7.276327013969421387e-01 6.013534069061279297e-01
6.817508339881896973e-01 6.242237687110900879e-01
